531.84045 1104.2211 1005.3519 2157.6846 0.9085464
76.86624 1234.0051 126.08629 161.10616 0.06628321
621.3616 1123.6715 744.7863 1198.2888 0.03641031
601.8951 1130.3344 819.16504 1496.2616 0.035660025
628.0921 1140.5505 729.98694 1260.319 0.034304615
647.89307 1086.5154 728.84064 1526.2416 0.032685623
598.2079 1223.7946 830.79456 1544.0623 0.03236692
650.53827 1039.0532 715.23303 1376.1387 0.030785615
602.8508 974.4833 816.67615 1318.2617 0.029787201
638.03827 1279.1804 734.2884 1380.4939 0.029531026
532.6628 1103.6036 1000.05914 2154.2483 0.02621426
586.1915 1365.7285 879.68066 1539.1882 0.021780673
632.7393 1344.8761 748.0488 1414.3914 0.020246087
578.1206 1535.4995 904.82526 1250.7463 0.019992746
652.8691 1178.6776 735.3994 1727.5405 0.019946218
628.49634 1411.5619 759.15955 1132.8486 0.019107483
624.2766 885.9965 777.874 1149.1265 0.018111564
600.9435 855.44006 836.28827 1172.41 0.01772807
578.23645 1653.6307 905.2881 1032.4152 0.017557321
540.11084 1666.2573 978.9967 1028.6438 0.017325975
605.75244 1396.0603 814.36084 1127.9454 0.016134908
624.7363 1402.9299 769.6593 1078.1157 0.015795536
649.61334 1000.5823 661.13226 795.60205 0.014945471
630.9206 1388.8278 756.87354 1060.7771 0.01474821
630.43463 1236.2234 694.00964 1227.6082 0.014606848
637.1453 979.7708 618.70795 779.98553 0.014502925
603.91974 1162.3296 760.1106 1198.0851 0.013714661
608.56714 1148.1621 653.35236 1384.9861 0.013638337
583.66565 904.762 870.31104 1405.7241 0.013339901
633.1101 997.348 602.08 903.6482 0.013028257
578.2954 717.11755 903.7195 1291.819 0.012530675
651.20166 1024.8497 672.48425 899.35254 0.011764398
649.09503 865.7168 735.8407 1119.253 0.011489959
670.09875 939.7062 695.3237 1227.5452 0.0113220615
667.2149 1257.4482 599.77386 1430.2081 0.011071498
520.9053 1514.07 132.23935 144.40166 0.0101460265
658.6076 1230.4911 632.11475 889.03455 0.010109476
656.3162 1151.7522 632.97003 860.3163 0.010101852
582.75824 1149.9993 857.745 889.08905 0.009988662
637.68005 1323.691 611.3496 1388.3483 0.009549698
927.7691 393.41046 195.32777 107.07872 0.009446497
625.57135 1529.5459 775.9697 828.1642 0.009365282
614.8856 1601.9368 812.7206 798.437 0.00931931
660.9429 1013.1443 656.6373 1165.974 0.008952907
526.5228 1636.926 1005.89453 1085.2046 0.008634972
613.2087 1384.9065 792.4704 836.6634 0.008455596
648.9833 1086.3759 614.15845 590.3147 0.008453217
630.6961 1645.7339 777.34863 896.60724 0.008433062
516.0568 1504.1401 105.2189 105.9734 0.008416057
713.91565 1250.2817 586.94556 1332.3754 0.008411005
652.9943 1285.6172 683.23883 811.3589 0.0083718505
645.00714 834.21704 741.5325 992.42163 0.008180834
584.6036 1000.3975 510.22308 644.1682 0.008034784
653.35034 1207.6576 594.3947 829.75024 0.007836835
679.3171 1412.3318 593.3656 1356.1323 0.007817587
643.3543 1083.9999 579.2915 545.01465 0.0078059705
662.7585 762.46436 708.516 910.8034 0.0075966646
649.74426 1372.7864 700.4613 830.0577 0.0075115375
648.52264 957.5567 703.0111 805.3601 0.0074224016
711.03485 1433.4077 604.4599 1191.1993 0.0074221245
637.0201 1577.1627 757.5698 643.39746 0.007392401
626.81177 1020.7837 429.36078 862.63495 0.007330693
377.4367 1647.0931 687.7321 977.1295 0.0072852657
693.9325 1150.3818 609.98975 916.2087 0.0072848033
644.1908 1754.7299 764.7999 831.8116 0.0072119287
553.3506 989.6897 752.85516 1006.5033 0.007154892
659.5021 1359.4751 603.67065 1558.7098 0.0070810197
704.48145 891.73596 494.5102 611.0032 0.007072115
632.4873 1823.5396 789.57556 717.7797 0.0070526465
526.48956 1561.1669 176.3475 228.43399 0.0069756834
684.9899 967.04596 626.7092 1272.8768 0.006918772
664.1612 775.2198 714.11053 918.2613 0.00687267
570.9673 1127.998 527.1651 790.4471 0.0068107047
492.94498 1226.2284 643.29364 1254.7024 0.006810411
701.6291 1708.473 620.3958 605.5561 0.0067991316
538.7259 943.1284 714.7604 886.0327 0.006760475
680.7054 879.62366 633.83 707.6885 0.0067056986
643.99744 886.0465 721.4433 733.71765 0.0066947346
694.04333 1205.8474 626.9998 1020.3082 0.006680271
750.7414 860.00696 533.20624 1007.1831 0.006649618
720.1977 1657.387 605.6779 889.02423 0.00664958
714.121 1024.7861 564.36017 819.01117 0.0066430755
708.52057 1107.4192 590.7525 1034.4927 0.0066375653
694.11505 1451.7341 650.2211 1395.1914 0.0066263815
594.2247 1058.2604 453.70892 1071.2648 0.0066216034
693.2468 772.2215 533.20465 649.1096 0.006593085
676.29816 1039.848 303.96103 285.42413 0.0065893596
585.77026 1363.8228 856.862 791.82263 0.0065524527
729.7411 1251.2206 558.5384 1073.2416 0.0065363664
641.1519 1586.6685 747.6437 674.2748 0.006535508
595.6544 548.3616 857.7199 1040.0015 0.006528441
640.58374 822.6094 380.23874 424.01816 0.006527516
635.5454 968.45886 356.87833 407.0914 0.006520599
681.63837 972.80035 657.56506 990.27313 0.006512909
543.0864 996.3258 916.46124 784.7392 0.0065049687
619.81036 745.5046 801.33685 1073.042 0.0064987997
528.2924 1527.4368 998.6772 1300.354 0.00648771
842.377 1306.3657 164.61748 123.79251 0.0064717536
564.8083 928.93164 662.79224 744.5951 0.006430107
715.8323 1662.176 589.2399 544.64526 0.0064198487
109.42081 1311.9237 192.427 338.19235 0.006305533
674.2899 1462.1495 667.33594 698.2158 0.0062972293
581.35016 905.7753 507.9346 618.58875 0.0062906654
558.97943 750.8865 928.17676 1096.9528 0.0062857755
99.8959 1158.2615 173.62262 330.71283 0.006284599
112.35276 1235.8331 192.45952 203.8543 0.0062369164
192.06036 1676.642 355.8569 1015.545 0.006229145
666.33435 1391.6938 625.2999 1513.5992 0.006190414
583.2862 1784.2719 896.77966 794.4328 0.006131626
749.58026 1015.3593 519.6424 1238.0198 0.006102621
596.5882 634.2052 852.931 828.60736 0.006091915
680.17834 812.12463 280.22934 337.58423 0.006077649
444.32004 1696.9547 424.773 556.4476 0.006015482
494.79755 948.22125 357.66025 633.527 0.005999949
712.6819 1075.2766 490.5797 608.90955 0.005995665
469.32654 1554.0485 290.6487 302.0503 0.0059856363
108.14918 1191.3976 187.15717 266.6806 0.0059838234
285.49356 1669.4729 531.72797 1003.5725 0.005968555
508.4474 1093.4363 646.2167 1344.7555 0.0059327423
842.95264 1306.7759 191.24023 138.89989 0.0059212516
592.40405 1162.6403 814.7905 574.1113 0.005894524
511.11725 986.22076 615.33716 795.4352 0.0058731455
278.8853 1569.2146 509.34146 806.5072 0.0058655194
598.357 1813.0165 865.4762 736.65546 0.0058270465
723.5807 1047.2823 573.11194 962.1952 0.005815092
458.17404 981.9865 497.96823 767.101 0.005771596
432.5805 875.59973 791.90924 950.07117 0.00572598
795.0483 1079.3519 467.56433 1512.3914 0.005708705
733.6867 1356.1554 564.47925 821.4248 0.005680747
736.74115 1194.7063 525.79724 1087.8107 0.005672296
521.81946 643.2916 1001.14014 1234.5435 0.00566682
759.6401 1022.2239 442.77148 648.3314 0.005625006
900.2595 494.15686 244.84253 325.12207 0.005618678
721.2896 1423.5486 551.5661 686.49524 0.0056076483
936.2405 257.54428 182.25856 116.74305 0.0055911895
308.8314 1135.5422 256.47543 382.3277 0.005561369
727.5225 1363.739 528.429 807.8388 0.005539403
360.58792 1133.534 281.56042 384.03662 0.0055167954
669.12823 847.2148 288.04416 346.3293 0.005514185
728.69147 1879.1771 602.8937 564.86597 0.005511077
897.5456 796.6918 247.51558 328.00037 0.005492032
668.3538 1626.108 659.0991 572.7825 0.0054588476
852.1456 544.4402 333.55835 411.02213 0.0054430556
395.81357 1204.1208 391.42813 518.7517 0.0054368484
410.80182 1668.2567 344.7158 466.31213 0.005419698
384.3604 886.4735 699.80133 888.9808 0.0053978455
583.4687 744.39276 867.3121 852.2119 0.005373792
507.74063 1143.6367 375.96988 458.11908 0.0053601656
373.65192 1672.5382 690.7691 996.43243 0.005359222
741.00055 1131.0907 437.1662 462.2089 0.005358013
493.64938 1102.618 321.3129 363.52255 0.0053446298
848.53033 1203.8857 290.64673 316.2049 0.0052976115
745.5715 1093.7913 386.44232 404.97653 0.005286035
149.67212 1419.0745 268.32358 539.0059 0.0052732886
733.8493 974.58716 563.26984 1258.8839 0.005267124
739.8925 1092.8177 430.26233 689.1092 0.0052455724
385.5732 1087.1094 128.48471 281.27295 0.0052432865
727.5546 455.4854 580.02234 456.2853 0.0052364366
647.0866 1501.5881 656.3739 522.0444 0.00523029
712.2509 1087.4066 586.97473 871.002 0.005220777
323.26685 1538.3705 177.80641 239.50978 0.005207436
648.7311 1851.6522 748.3543 658.1059 0.0052042627
828.9756 1631.9259 388.54352 384.39423 0.005197508
733.72253 1258.4714 558.3412 854.159 0.005192291
445.74896 1252.7896 624.28436 1340.9412 0.0051582307
744.23114 1280.1069 530.4707 1283.9639 0.005151584
771.6246 672.67 380.31467 537.6545 0.005146574
671.7883 1598.9557 546.8664 427.46252 0.005135858
409.12247 1096.8303 172.4705 294.98557 0.0051307874
742.70807 1162.1716 508.73456 582.4419 0.005128709
920.1687 411.32794 217.63596 235.71422 0.005122572
632.3245 1369.4987 414.06958 1275.6692 0.0051152357
174.59344 1153.6368 322.18185 375.3963 0.0051015555
548.59766 466.3214 952.4592 900.84576 0.005099073
410.446 1675.5431 568.6075 815.54095 0.0050776564
759.2423 1030.9404 489.2997 1228.0615 0.0050703892
727.2564 424.26385 371.54953 326.11942 0.0050354134
838.6632 1672.8646 172.22876 193.89543 0.0050351196
821.9844 778.60297 281.59918 380.53973 0.0050333426
552.1492 1559.6536 659.81647 792.8247 0.0050179944
818.53577 1789.2943 427.11163 696.766 0.004972335
762.2672 1324.0504 497.79855 872.57733 0.0049636182
734.2881 1436.6027 516.09015 734.0043 0.0049570496
804.7045 1592.8918 437.45462 651.6694 0.004944794
650.0446 1358.5023 396.61383 989.8775 0.0049357833
758.22437 1939.7388 552.14636 469.58374 0.0049352236
589.31274 1053.0071 502.52408 427.67352 0.004934189
796.9758 1467.8207 437.59625 602.4862 0.0049318713
462.05093 1747.5443 602.15045 813.44934 0.00492692
523.18787 987.973 989.0244 805.21814 0.004926265
213.03001 1745.9608 400.12067 891.5751 0.0049246717
543.27936 1260.1709 906.52765 713.41077 0.004906516
747.37427 1260.4697 531.7974 783.2547 0.004899783
717.68146 651.30646 600.39996 774.458 0.0048897075
460.08777 1182.4453 682.4135 1422.6682 0.004888049
868.4127 1670.7084 254.1062 237.95755 0.004882002
693.6821 1604.3047 567.722 519.1199 0.0048692813
707.9833 1009.62604 185.01163 204.70308 0.004853945
430.4831 1305.3696 544.0484 1539.9894 0.004850742
889.71295 757.24506 272.34067 465.22968 0.0048199086
800.03925 1127.939 443.26596 1240.885 0.0048000896
447.30356 1055.7024 472.99924 620.00323 0.004786396
558.23834 1152.7877 506.93765 530.1978 0.004780256
811.0489 1612.0833 433.79584 699.2859 0.0047789174
705.3204 428.35922 247.2105 243.52742 0.0047776634
793.6301 1524.8649 442.7206 551.20734 0.0047770087
720.3369 956.14166 471.55487 558.09674 0.0047766278
858.7375 1962.7023 346.8863 422.42075 0.004773263
854.62885 506.88834 324.47693 351.24448 0.0047620176
105.69221 1080.5835 184.77434 473.76242 0.0047582225
673.3965 827.45435 208.79929 238.57666 0.004742829
770.7872 1581.649 254.20184 342.4025 0.0047372906
897.1695 644.81604 261.60727 624.28613 0.004735969
741.6176 1986.4933 579.2407 387.23584 0.0047296374
753.1275 1230.3198 512.0452 757.36176 0.0047258097
869.87726 661.5162 313.69843 644.2718 0.0047227824
516.58765 1212.86 637.35297 794.08954 0.0047106817
738.65735 1279.7858 539.25934 1226.757 0.0047101583
775.93365 1495.1401 495.90506 831.95557 0.004707356
841.2425 1742.0938 380.3952 678.12445 0.0046926807
882.077 1930.9406 279.51782 317.83713 0.0046662674
754.5139 1373.9614 523.85297 944.0825 0.0046565263
763.2518 1049.1313 403.16025 946.8887 0.004599593
643.6329 1365.7084 293.24493 269.6435 0.0045911735
768.4006 1208.2067 499.07434 1294.9972 0.0045667794
79.10354 1229.9321 119.89082 157.48828 0.004560926
548.5721 1743.8074 266.3065 351.9177 0.004558757
573.28394 1539.1753 460.71478 1137.8818 0.004546099
500.1113 937.8597 338.30713 501.15543 0.004526571
778.8567 1550.0399 274.60892 313.9049 0.0045243367
433.84177 994.47064 473.54733 687.8876 0.0045085964
886.8952 531.5485 195.89221 227.23892 0.004492245
650.5734 1633.4738 679.9794 741.5066 0.004486689
517.8647 670.53235 991.86536 1292.1997 0.004483404
533.9343 1737.9882 367.6947 581.22363 0.0044806297
816.317 1087.0988 285.39084 373.39383 0.0044790683
500.01697 1645.6432 316.97354 392.85144 0.004459958
814.84766 643.42017 417.5324 723.5743 0.004449064
680.4389 1183.7681 621.6044 948.0647 0.0044419393
643.7793 1348.6093 569.5566 609.6923 0.004428212
726.6186 1439.9154 312.40952 355.41718 0.004427676
731.5136 1524.1241 536.2856 505.53683 0.0044221743
398.9628 1445.9009 355.47174 385.55017 0.0044194
640.19727 1280.1396 578.0133 649.9064 0.0043963064
425.60828 1154.508 456.60562 489.06946 0.0043858583
389.1393 1277.1808 509.33112 1131.6993 0.0043803127
572.84607 1117.0934 458.42944 428.2162 0.0043762885
597.1547 813.8093 418.9289 399.23627 0.0043723886
323.03772 1076.537 376.43222 623.4695 0.004366259
759.03534 1665.3037 260.84732 287.32635 0.0043610153
269.79865 959.24554 493.28745 735.1336 0.0043446873
411.22684 1073.4674 156.01936 241.20671 0.004324417
753.8279 1371.5101 454.2078 633.4074 0.0043059373
771.0867 1621.1656 460.10938 746.9104 0.004291039
681.70905 1552.978 335.72754 600.47205 0.0042621084
520.6688 1484.3342 433.67102 785.6649 0.004261718
825.57806 858.1616 367.24417 582.47644 0.004258002
502.14438 782.7146 394.40845 404.03845 0.004255191
858.9914 1404.2516 278.3819 325.58054 0.0042541507
861.01086 857.394 159.01645 196.83823 0.0042458265
534.832 1156.6377 907.4486 485.30292 0.004234367
351.52634 796.4703 300.6487 382.17526 0.00422996
839.0137 1164.4174 365.10345 493.41742 0.0042282576
816.42566 967.62067 404.1962 741.34424 0.0042218
784.82635 1463.0212 289.05667 316.2863 0.004213559
364.01425 1478.202 462.0748 964.16724 0.004204228
676.153 1400.5338 187.35223 226.54344 0.004204044
408.21332 1211.4369 472.68954 777.6488 0.0041953116
570.22705 995.8786 714.78546 1250.8192 0.0041899784
511.80505 998.65265 306.44406 396.84302 0.004184431
784.90936 2027.1843 496.35062 315.60626 0.004177391
185.44827 1102.7747 340.6078 463.52356 0.004175886
611.26697 1035.0037 183.61612 222.08354 0.0041716625
865.76105 1861.3842 323.0409 460.2823 0.0041698404
847.5326 1390.1676 259.81577 321.69186 0.004149915
574.4632 1792.808 203.53989 255.3414 0.0041464483
876.9711 806.069 231.06956 308.19385 0.004134294
663.648 942.007 686.57904 635.78925 0.0041260114
719.1163 1803.9154 262.59473 345.50906 0.004123941
832.4591 1156.8049 410.54782 2001.1658 0.0041088345
210.39346 1410.5294 379.53915 527.9157 0.0041062385
356.62717 1190.1779 639.9645 1397.6678 0.0041039106
418.27405 1128.5045 495.86935 813.59503 0.0040931865
734.77167 1891.969 258.34802 280.91647 0.0040923604
773.79156 1205.7565 479.68134 1052.7417 0.004055006
418.25284 1421.0271 206.24593 209.5921 0.0040524323
908.7706 1186.6703 254.88684 1930.2091 0.004051251
556.2636 1053.8557 232.47218 273.95627 0.004040416
428.88266 1765.8761 190.68803 275.57437 0.0040379874
366.20877 1081.4663 678.23474 1435.8337 0.004010158
760.4368 1586.6406 485.25626 358.05148 0.0040087164
190.55713 958.0239 351.18155 711.2954 0.004006941
596.0564 1211.4816 779.08636 440.5185 0.003995501
527.3237 1522.329 540.2242 570.7522 0.003995127
727.8703 856.08075 556.94543 865.40497 0.0039915578
547.117 757.48157 295.24356 294.99655 0.0039872243
205.53523 1331.2546 370.84708 376.32523 0.0039680987
543.41675 1524.2643 330.58075 347.542 0.0039678277
64.516525 1731.8695 122.1958 932.051 0.0039489297
143.7983 1081.0862 259.15396 489.51648 0.0039476487
783.5928 1525.1968 497.67484 1258.0941 0.003947508
350.26312 1201.2704 460.35712 977.0297 0.0039459486
500.75586 1781.7203 417.02762 649.66125 0.003936301
579.4929 910.9901 213.59624 280.1744 0.003927326
104.1941 957.6668 191.86528 720.75586 0.003916613
802.31195 1711.3728 419.14926 702.3224 0.00390818
800.47705 1475.5455 213.94218 253.19196 0.003901429
473.21515 1093.541 248.49663 288.21964 0.0038898417
221.28317 1470.0973 409.76233 645.7724 0.0038894946
765.3845 1478.2445 518.02905 1341.1592 0.003883532
587.4059 1750.7026 289.7245 618.6095 0.0038760058
725.52936 1512.5339 520.20825 1279.6392 0.0038732544
771.698 1300.1243 496.18814 1266.1549 0.0038657975
526.04004 1454.3196 1004.3519 629.74664 0.0038630147
250.45627 1385.4153 232.47308 325.42902 0.0038601975
589.52484 1950.237 202.92017 239.2674 0.0038595505
530.5509 1940.5468 205.54999 233.32996 0.003852484
467.9481 1393.2762 192.97464 217.4228 0.0038486577
631.8121 1525.273 284.89294 361.03955 0.003838835
531.49255 1105.6012 1000.2805 2153.0837 0.0038349475
811.3457 1409.1195 174.39583 219.45284 0.0038309782
578.01105 849.88965 860.9978 803.4291 0.0038302743
572.62665 758.5374 891.2757 1056.3003 0.0038300487
331.79498 1273.7643 613.7843 1716.2539 0.0038206994
511.97714 687.80457 719.20624 914.3926 0.0038178202
674.3318 1315.2135 454.8039 441.07938 0.003816943
848.7607 790.8661 363.45105 1012.25946 0.0038103433
617.8708 1949.172 379.4763 382.5421 0.0037865634
525.4486 1663.609 918.7764 999.6435 0.0037839832
345.76846 1265.6041 629.3358 1618.8917 0.0037787328
201.6499 1037.8696 371.1544 588.8994 0.0037714716
620.48553 1540.5798 761.8675 665.47186 0.0037708413
540.14606 1031.6448 183.09444 221.19168 0.0037641886
740.56195 1628.0287 540.9046 1041.1135 0.003747359
485.9758 1831.5836 227.89775 297.86813 0.0037454793
577.86725 1112.3025 595.462 1063.1074 0.0037406054
915.9419 1943.4053 225.40877 301.52393 0.0037258517
448.81012 1398.7003 405.3503 666.5793 0.0037217492
337.8337 1690.1017 233.60011 311.15967 0.0037213992
565.43524 1694.5277 407.59448 633.9506 0.0037206851
626.107 1828.4503 274.23685 439.9741 0.003706057
167.86824 1893.3661 322.7994 603.089 0.0036913867
390.50742 1672.2213 418.72626 669.70514 0.0036749542
569.9951 1708.7028 228.76202 275.98123 0.0036679807
637.90106 1973.4645 224.56595 239.74185 0.0036612917
299.4866 1542.2819 555.3995 771.8571 0.0036509947
716.5539 1469.0536 360.51016 540.2194 0.0036497253
557.41187 1910.5651 947.7379 557.7831 0.0036437719
277.45416 754.5856 523.22705 1135.2726 0.0036430452
656.99817 1806.1727 193.99261 253.70125 0.003601696
507.27512 1148.3646 325.3861 728.82996 0.0035978
589.10657 1992.3351 220.71143 220.50467 0.0035972258
742.8473 1342.1194 409.49454 807.9003 0.0035905903
690.2027 1701.3362 237.49135 315.6325 0.0035675787
687.20654 1333.656 356.92545 357.53653 0.0035659738
138.08081 1153.3196 246.43097 347.19162 0.0035636805
328.26486 1296.6521 599.1348 1252.62 0.0035611214
814.57947 1666.6432 434.14343 964.6272 0.0035586637
610.7499 445.46964 291.8901 273.17462 0.003555834
479.95837 1095.9194 187.50218 231.01967 0.0035520312
343.51993 788.63666 199.71265 262.4334 0.0035360039
921.6978 1981.9817 212.86696 221.73741 0.0035171742
671.35547 1596.6409 540.0178 355.17154 0.0035148084
761.4389 1948.7902 311.7515 408.78546 0.0035116868
522.82355 1889.7267 195.21625 254.13612 0.003509038
607.0138 1543.1218 239.75958 276.84546 0.0034928536
408.3658 1648.4169 759.45013 1057.6102 0.0034809557
477.9096 1587.6698 448.8979 614.5364 0.0034770854
611.04346 1931.4033 206.5025 251.42488 0.0034760796
829.3761 1192.9086 302.47168 303.23807 0.0034718371
90.24719 942.05786 167.6005 759.0783 0.0034566757
433.94907 1812.3179 217.80042 291.7086 0.0034518007
927.06335 1499.6725 210.75168 434.93784 0.0034512482
445.16595 1304.1581 611.3315 1539.496 0.0034417443
732.538 1471.7969 185.50926 217.23027 0.0034380746
251.27231 1246.061 468.36844 1830.4205 0.0034214468
361.36432 1142.8799 607.657 1121.8563 0.0034202975
138.33372 1560.5521 255.31009 848.41785 0.0034124851
325.84247 1021.5656 597.90625 1142.1614 0.003407015
791.8968 1313.6119 450.07022 839.59106 0.0034067526
603.8803 1264.6835 226.26462 237.79822 0.0034011896
445.25665 1165.087 619.59546 1505.4055 0.0034000794
477.48007 1927.6107 196.59094 233.95392 0.0033956391
586.7157 496.67065 420.838 393.8796 0.0033897043
413.39835 1263.0881 421.06097 644.2126 0.0033824937
864.2156 2066.36 336.75235 230.38586 0.0033773554
389.0686 1240.6284 334.6116 296.02838 0.0033753032
327.33817 1239.4297 610.4352 1519.4882 0.0033669726
589.25653 1141.8363 267.41193 298.62744 0.0033630736
284.18112 1468.8145 166.6226 187.3044 0.0033630736
598.9047 1383.7574 736.4665 1391.9519 0.0033613418
461.0673 1149.1809 410.32898 921.48456 0.0033570696
329.25632 1414.0668 413.5761 1063.4598 0.0033515843
119.9759 1055.5751 211.70462 522.3862 0.0033494697
643.2172 2021.626 217.40614 207.4541 0.0033434199
896.32153 885.9484 266.52353 672.03485 0.003341792
820.5061 1347.3611 338.87134 397.29944 0.0033404739
268.91605 839.29987 491.0161 918.55817 0.0033311124
602.7873 1376.2078 697.6842 1269.6412 0.00332946
425.8329 1456.9297 154.58473 167.92772 0.0033187477
863.47473 1391.7614 335.15164 789.4472 0.0033012577
72.24823 2014.5986 137.67105 372.15268 0.0032850916
832.4075 465.5755 389.54242 516.381 0.0032828706
822.30585 1275.7836 389.66663 464.55463 0.003281741
763.7315 862.66583 493.0391 1065.8413 0.0032751549
626.2882 2020.2577 208.35443 222.30974 0.0032651424
203.60316 1154.7968 373.92944 467.69855 0.003263262
467.35608 1120.0963 222.94423 299.0501 0.0032573864
905.6787 201.83278 218.69043 238.98987 0.003236488
383.92444 1325.309 490.03583 1086.0907 0.0032356465
701.2338 1206.9438 208.678 259.47873 0.0032340672
689.4406 1211.939 417.84628 343.0178 0.003232194
850.68176 783.5748 158.37921 236.49234 0.003226998
500.32196 1387.5664 163.9723 211.81784 0.0032206115
372.42554 1507.4736 705.4807 1233.6168 0.0032196275
383.04382 1087.087 162.96149 233.98212 0.003217871
428.51935 1462.1263 287.31256 277.72888 0.0032167304
241.74532 1282.34 442.09073 1053.3279 0.0032127697
347.12164 1559.0872 442.4452 1117.8685 0.0032119744
815.992 1967.1254 162.47029 174.73555 0.0031922918
632.67413 907.8975 207.73274 229.53873 0.0031897924
567.2841 1426.0713 143.28847 159.22574 0.003186054
743.3076 1327.4313 322.0686 500.9926 0.0031638069
226.74687 1882.9668 415.2454 615.4057 0.0031599037
596.0819 2000.9869 865.3459 387.9887 0.0031497274
550.30273 2008.2206 198.12509 326.22763 0.0031472654
421.95212 1901.1677 366.664 538.7338 0.0031452675
170.4209 1015.1927 301.45438 592.8165 0.0031421357
121.82102 1659.5071 227.79797 1076.2428 0.0031313805
125.7306 2060.7957 228.1702 275.03217 0.0031108267
137.84296 1001.25104 247.45682 638.0569 0.0031097992
498.1411 1897.8916 256.77448 268.05493 0.0031087114
740.6261 1202.5103 186.56435 246.93927 0.0031058502
820.9364 1765.1857 280.87177 366.25204 0.0031055124
705.17865 1522.1467 381.68744 849.6318 0.003104547
610.1534 1342.715 298.86417 385.53168 0.003100136
802.0916 1550.2975 447.31503 1255.9872 0.0030994818
769.4044 2116.886 706.1687 188.43896 0.0030988292
153.0676 1599.4259 274.77753 898.1848 0.0030964687
397.959 1460.2515 363.68445 552.1991 0.003089197
349.47614 1444.1665 655.28577 1093.2069 0.0030872035
650.8111 1250.3059 183.43214 214.76398 0.0030776777
421.02502 1562.2723 648.5209 786.8634 0.0030774567
715.6663 1030.9368 135.36586 173.88445 0.00307443
607.04895 1163.3125 560.0249 398.92624 0.0030705945
755.74286 1646.5695 292.6556 514.1983 0.0030643211
490.00797 1229.8254 207.47702 207.68292 0.003060996
226.75395 1828.1857 403.67255 686.2548 0.003045573
202.6642 1621.847 380.90216 1144.0377 0.0030447852
716.6499 1224.1292 361.29776 497.914 0.0030436188
509.12964 1971.6335 178.12337 187.58153 0.003036761
524.67004 1500.8903 241.23416 416.35785 0.003034442
924.35443 482.00314 186.58307 261.2759 0.0030297688
864.69366 2061.9548 317.19235 224.25159 0.003026055
642.0353 1445.2611 260.61304 336.72894 0.003025458
828.5724 1766.4739 405.67432 823.90265 0.0030247949
795.59326 1639.1324 313.09338 254.24811 0.0030080301
720.97095 864.0602 212.29991 238.87015 0.0030070422
803.2773 1336.8486 445.72226 1272.3365 0.0030066776
859.8319 956.7701 332.91467 860.54114 0.0030060788
897.60974 989.18475 272.59894 1363.1443 0.0029863236
271.28104 1192.4011 492.21313 557.6231 0.0029526367
553.2821 1765.172 196.59927 254.43109 0.0029460785
774.3238 1190.5726 460.72302 1113.749 0.0029457354
612.49976 1958.1609 121.25234 155.10638 0.0029424978
806.2862 1164.8999 419.1612 1269.0685 0.0029322724
721.63617 640.6923 518.8582 524.3163 0.002931857
114.8453 1926.1853 206.13835 339.86722 0.0029162476
188.33537 821.659 349.5485 1015.8295 0.002914141
530.68646 1545.984 1003.07153 1263.5338 0.0029131866
510.29755 1953.7012 195.05356 193.8706 0.0029129758
534.01764 1692.4043 201.41078 214.57599 0.002910343
531.46454 920.5849 459.2307 498.9824 0.0029073323
944.0965 156.10313 187.47421 273.99796 0.0028731823
847.1408 1698.0874 373.135 941.54016 0.0028677068
663.3881 1746.8444 216.91519 278.70526 0.0028627967
314.2204 1265.6602 562.0916 358.24564 0.0028529344
139.76945 2032.6615 235.9303 334.9787 0.0028497442
727.6724 1519.3964 213.32504 385.8121 0.002846766
696.1082 1828.3783 267.92566 272.26624 0.0028370437
834.6021 2074.0847 339.68338 211.02196 0.002836929
817.4412 1530.5662 408.6738 821.34247 0.0028363315
875.0269 1399.6232 215.13715 231.37279 0.00283222
747.85974 1672.5544 155.32175 188.92432 0.0028246415
878.9168 1992.8062 227.0368 256.44592 0.0028086703
375.9371 1488.671 720.82043 1389.2417 0.0028047345
357.38242 1015.8021 666.0841 881.7574 0.002794358
773.24524 2107.8838 676.13654 203.57066 0.002793715
463.28375 1774.361 564.67804 765.7767 0.0027889113
859.7433 1702.7244 347.77698 954.28986 0.0027886597
809.9843 1824.4097 294.43274 519.2369 0.0027778205
934.5103 1679.0917 180.62611 202.23495 0.002771834
908.4007 634.6092 255.60648 862.8333 0.0027716153
559.2764 1025.576 132.60268 157.77055 0.002759729
75.74286 1161.7633 130.22574 327.22498 0.0027558422
754.20166 1588.8202 157.23833 195.68195 0.0027549407
763.29724 1132.8171 472.14178 784.94354 0.0027490975
139.47931 1814.3827 243.59595 364.61267 0.0027477408
722.71826 1432.5858 424.44067 1265.7482 0.0027453222
327.21716 819.3435 163.57697 217.1184 0.0027438877
164.03296 944.2018 287.88358 744.07245 0.0027421294
716.4845 1173.451 297.7995 296.6576 0.0027398327
664.58405 772.41223 700.1989 1064.9473 0.0027362718
560.2681 1409.0548 129.90251 156.5105 0.00273606
791.98114 1675.186 164.5907 165.88284 0.002735758
805.4551 1553.96 488.21686 1043.1188 0.002730093
105.71623 1352.5867 177.67856 404.32468 0.0027166978
953.4591 1924.5554 157.73665 327.25427 0.0027066448
112.82537 467.68555 216.89168 533.76605 0.0027023004
1007.31067 271.34637 58.322674 124.99207 0.0026940603
379.51785 1980.3293 320.03012 346.8329 0.0026922955
929.0203 1783.9987 206.04445 452.30392 0.0026901928
603.2515 541.63354 840.3945 667.8082 0.002688241
273.8659 1324.6433 514.003 1570.378 0.0026874575
765.4045 1788.8229 205.91348 250.87645 0.0026854274
519.5619 282.96204 1023.7572 554.4896 0.0026847548
446.17917 541.7478 710.7035 978.9773 0.0026845848
612.29224 1990.7476 854.50397 409.9873 0.0026770283
419.82217 522.88104 300.8587 341.7319 0.0026709107
400.27484 1663.6195 455.1743 746.3878 0.002668549
898.6154 1097.4165 251.88583 427.27463 0.002666361
334.5781 801.24817 639.07153 1054.9232 0.0026648906
552.3394 457.01315 266.6189 281.83157 0.002660662
732.4625 2070.9526 594.9372 246.0134 0.002656381
941.5284 2123.8262 185.10413 134.41756 0.002650492
351.99722 1849.9204 369.41284 540.0332 0.0026478271
484.13324 2032.8877 254.30461 254.73486 0.0026425475
859.5054 1930.796 170.85857 192.79346 0.0026395142
679.5932 1672.2338 249.53212 269.01117 0.002637509
872.6845 2152.9705 324.50003 92.128716 0.0026329698
221.20549 1838.5104 295.57703 282.28067 0.0026272945
858.44147 1128.099 356.11673 2054.878 0.0026266996
548.1536 1760.412 238.63249 297.5196 0.00262665
871.0681 1560.0376 182.34494 243.97214 0.0026094178
236.19933 1949.1329 456.162 490.58453 0.0026049775
947.59937 1532.9908 177.34122 576.5071 0.0026017148
427.48557 1900.6041 416.38275 480.5473 0.002601132
892.95306 1117.5739 265.85092 415.78162 0.002600995
383.21588 1415.325 232.89903 203.45424 0.0025891475
932.22894 1172.6039 194.28528 325.6644 0.0025886365
808.1478 1331.9218 411.31805 853.878 0.0025838688
555.7909 1451.8259 186.87721 206.3256 0.0025786588
711.7253 2087.493 217.14008 164.65897 0.0025763493
131.03658 1683.8138 210.87091 278.1144 0.0025690298
442.64743 1551.9497 484.3121 779.4284 0.0025670792
862.3219 1258.891 332.73083 999.86304 0.0025619185
864.61334 1336.0244 325.72604 608.5605 0.00255394
73.908485 2126.3667 144.57513 147.5156 0.0025503882
445.5797 1376.2511 474.6968 424.05707 0.0025491803
972.2809 1984.882 126.09656 359.8632 0.0025479016
138.28366 2120.018 267.6014 161.14513 0.00254434
826.62823 1695.576 142.51794 186.68285 0.0025424059
341.49265 1474.7454 413.89075 1002.4538 0.0025423104
569.54047 2059.0613 250.70784 202.70543 0.0025355888
507.20633 238.43279 182.31686 186.80727 0.0025262283
430.52008 1523.4528 483.04672 477.47046 0.0025246139
703.10443 1767.9135 156.8509 210.75273 0.0025218956
875.61365 1324.5013 286.31192 226.36491 0.0025183535
745.4586 2108.6052 642.4828 172.08641 0.0025150555
460.7985 456.71445 418.83755 456.56705 0.0025114373
690.1036 1605.7844 190.0515 274.64575 0.002510784
482.3705 623.4042 627.1599 699.7505 0.00250856
420.09457 1605.7646 447.39926 542.44916 0.0025083274
620.88635 1776.7758 157.47318 187.8009 0.0025046293
959.72687 489.35974 153.07303 510.045 0.0024938069
576.21844 921.92413 156.91116 164.81535 0.0024927917
712.49915 1194.1965 141.07494 170.6142 0.0024853058
899.8584 1182.7631 265.8282 1536.7456 0.0024838687
960.0821 2084.5984 148.28345 203.14597 0.0024795437
561.22266 1702.9321 134.27647 162.06305 0.0024793798
733.52075 2055.942 253.966 232.30473 0.002475497
577.7369 1535.881 201.58347 213.90714 0.0024742985
725.9167 1846.1581 169.93199 194.93922 0.002472221
231.54713 1981.282 454.8065 430.30106 0.002464363
386.52942 2088.724 215.05276 161.59145 0.0024546061
202.62662 1027.3418 350.30814 584.9189 0.0024453404
339.04642 277.85217 305.6423 294.2883 0.0024451215
701.24664 1780.4718 203.56024 211.90031 0.0024368914
400.63443 1550.2727 748.376 1264.7074 0.0024217614
851.6547 1140.0383 361.57825 1446.5547 0.0024216338
442.40152 1367.2184 171.03119 183.96625 0.002418842
950.1923 1061.3568 170.46404 303.00806 0.002414214
820.82886 1283.664 171.43716 151.99696 0.0024128798
103.233025 698.4732 197.6384 1242.5164 0.0024113273
965.57654 2036.3243 126.48673 272.94025 0.0024002427
696.0225 2077.6575 297.0828 194.9455 0.0023970662
706.5756 1566.0226 261.9358 766.9287 0.0023955659
634.25385 1933.5929 205.90164 199.59421 0.0023933426
840.16925 1872.6521 331.374 558.97986 0.0023931796
900.0657 737.345 158.41013 175.05391 0.0023930364
594.63947 2078.3496 218.04286 192.32898 0.002391748
951.2627 1865.152 158.36125 222.58853 0.0023885805
886.62244 1354.2793 288.037 875.69525 0.002388042
109.7072 2144.9038 220.94174 104.55948 0.0023880329
540.3131 1161.8263 214.74385 222.06485 0.0023850198
958.28186 1684.3608 152.59137 255.53268 0.0023842847
971.6556 2103.1418 124.51097 151.65665 0.0023780763
671.6663 1285.1646 309.3616 808.75934 0.0023739429
288.44547 1962.2793 386.21802 435.54437 0.002371884
341.08676 1914.4066 391.1521 483.8134 0.0023694343
771.711 1568.7957 314.28635 409.06638 0.0023687729
676.21576 1494.471 138.3685 165.46564 0.0023685677
351.33304 1412.2496 565.8513 656.01697 0.0023655929
961.2984 1495.8214 142.91248 259.55 0.0023648627
514.6198 2114.7346 1010.0768 168.09549 0.00235035
561.2081 775.33234 910.04517 979.94904 0.0023502
500.15796 1450.4935 237.04185 220.63838 0.0023467378
128.07045 575.9288 237.78494 535.4288 0.0023446733
963.4688 2117.7512 142.82281 140.44073 0.0023417417
794.82526 1393.6113 166.69762 186.12772 0.0023411736
661.5764 1152.201 731.722 1883.9406 0.0023370185
940.75287 1991.503 191.43636 373.57846 0.0023363826
836.64905 1400.2902 353.68585 1352.3772 0.002332062
379.37936 1913.4468 555.1801 553.34064 0.0023309449
828.9849 1112.5074 216.01418 345.023 0.0023307921
431.2948 2002.8016 255.53276 223.95871 0.002325811
410.0155 1380.4688 529.1788 539.9093 0.0023138588
920.2621 1722.6406 166.28409 179.75946 0.0023065195
436.72452 1145.8535 427.88098 360.0592 0.0023055014
763.4818 1441.2228 165.86519 203.73633 0.0023028487
230.386 1176.5836 388.54922 444.34464 0.0023003696
898.5416 1349.8976 261.9718 404.43033 0.0022975577
157.06377 2022.792 250.18823 336.94818 0.0022906307
946.4286 1104.8965 165.4086 241.18594 0.0022846283
473.11383 1997.3157 277.03476 272.46686 0.0022818649
679.2802 1034.7639 357.8964 254.03163 0.0022788285
135.40923 1465.468 221.5448 464.7905 0.002277737
86.631454 770.0366 162.10388 658.90027 0.0022750306
794.56274 1590.9089 149.7179 168.31842 0.0022696091
918.3161 995.0745 231.68596 715.2216 0.0022646615
337.68362 1322.3917 488.7966 1586.5396 0.0022559403
717.36194 1867.0056 183.43025 190.06879 0.0022544414
808.8715 1673.2338 392.4513 818.95966 0.0022520572
457.44595 1055.0134 238.05699 392.10147 0.0022519897
785.02106 1105.2443 161.59256 156.45856 0.0022514414
774.96747 1952.4357 163.82674 174.96883 0.00225006
549.4948 1923.8905 282.47342 267.80573 0.0022453633
957.2219 1120.4346 160.7208 339.1907 0.0022345101
594.26917 2091.3806 880.52496 216.8331 0.0022333814
923.5335 1981.5099 148.27051 171.68858 0.0022236598
702.0056 2043.7006 557.13855 427.0279 0.0022230453
150.66344 2164.6 302.3058 74.78636 0.002218828
810.47015 1978.9628 533.1752 279.45667 0.002213203
269.4895 269.0446 367.04126 307.33325 0.0022096564
825.9374 2148.172 423.38446 101.02867 0.0022057162
316.00754 2059.6086 223.97865 243.58432 0.0021987464
99.18469 964.06323 173.1471 385.7919 0.0021966572
521.0111 170.29266 1001.739 342.66287 0.0021857375
82.178505 2166.3801 161.97623 69.40718 0.002183431
452.43008 2096.7961 197.7735 164.85861 0.0021802753
87.77957 941.8481 168.97285 794.2814 0.0021744033
433.73495 158.10243 319.4347 253.66252 0.0021739295
836.0483 1622.1101 154.17714 187.26154 0.002171348
309.80087 1966.1002 614.4975 460.6445 0.002167919
690.28613 1505.4491 285.58704 1008.4455 0.002165109
805.2275 1195.6233 425.5028 1123.1051 0.0021593752
954.30585 1270.0018 146.729 179.40164 0.0021523486
725.1736 1413.6663 137.06264 167.59352 0.0021514967
155.0149 1291.4343 233.72789 325.90338 0.0021497286
955.4576 788.0153 146.04457 296.92838 0.0021491977
918.14 1174.458 241.37527 1948.8114 0.0021474487
408.01456 1988.044 247.76099 232.87796 0.002141275
956.5429 1139.6259 161.51404 456.433 0.0021151728
956.5169 1802.487 144.7801 201.27876 0.0021134838
610.7374 2089.6958 272.2161 178.65858 0.0021120613
832.91895 2114.5317 299.133 138.09216 0.002109273
361.35367 113.91413 252.13033 170.37105 0.0021020162
189.82292 2157.832 379.92447 91.113976 0.0020969752
821.8675 2101.4177 159.17294 147.08858 0.0020898608
520.40515 161.8133 1019.04095 312.80484 0.002087429
582.54865 144.55583 212.18808 189.53572 0.0020871507
871.2873 1819.3732 299.6901 708.55145 0.0020835458
858.1068 1890.697 164.44638 178.7677 0.0020823008
671.08203 1500.1274 475.9672 264.27136 0.0020776757
688.56274 2077.874 254.55753 199.51584 0.0020706838
41.07101 2160.793 84.4538 78.603386 0.0020673934
807.96497 1613.2174 166.08174 231.80219 0.0020596401
101.38336 2173.5466 208.27321 49.82781 0.002058009
965.8497 2034.295 130.63832 297.38727 0.0020523544
936.1207 876.81354 190.74133 416.24988 0.0020517732
599.82385 333.30136 197.1881 201.66994 0.0020505514
579.3757 1590.94 278.1158 794.744 0.0020423497
910.9287 1829.6356 182.66133 195.13579 0.0020390004
750.9612 1947.3457 594.0352 192.49411 0.0020358213
403.75537 374.18515 153.23378 167.40407 0.002026628
53.820225 508.14948 103.553276 746.39886 0.0020225141
967.27734 1566.7137 137.85706 430.1428 0.0020199749
95.484535 537.7061 181.83415 823.64813 0.0020190543
693.8928 2093.498 187.28174 149.02141 0.0020172142
362.7437 2099.0344 235.797 187.2325 0.0020154514
105.68728 311.27234 198.18542 376.99893 0.002012131
841.3203 2012.6901 149.0022 133.42583 0.0020094125
464.55777 483.93362 671.59064 753.83466 0.0020055387
532.3682 1103.8374 1000.1891 2147.0554 0.0020023487
485.45282 1326.933 242.32195 230.07535 0.0020018134
912.989 2114.476 229.5959 125.01686 0.001995888
335.5832 482.2658 636.5611 870.66547 0.0019947384
660.97015 1389.8962 390.06284 723.81104 0.0019922024
497.04648 1654.9227 261.5301 309.51126 0.0019902182
620.0971 1480.7632 329.85382 499.62378 0.0019850696
936.4212 1647.7322 187.34782 662.3091 0.0019845418
946.1652 2125.598 170.65459 128.61703 0.001983249
960.7465 754.21857 147.42612 503.50452 0.0019790903
968.42816 784.7138 129.12233 303.40152 0.0019779603
451.05783 66.84181 215.03609 125.0324 0.0019725498
922.38043 2134.4644 209.48882 87.35747 0.001961543
690.42084 854.51245 580.64746 1002.97064 0.0019458845
933.8406 1466.434 194.19121 494.35953 0.0019427051
403.86417 128.48758 206.3567 161.79344 0.0019421773
803.4535 2061.1216 139.84943 139.08554 0.0019404847
918.9859 2130.518 224.77504 94.78509 0.0019236818
867.72797 2129.5076 270.94864 116.83786 0.0019133704
986.9743 2168.7014 101.21833 56.383274 0.0019061392
965.9367 978.8877 143.84598 453.17447 0.0019041653
833.50256 1314.2985 100.216225 92.413795 0.0019033634
532.7905 1104.4067 996.3741 2137.5432 0.0018961537
649.4511 2010.2474 734.77637 454.04553 0.0018927339
1000.2531 2108.5532 96.74411 131.4523 0.001887121
805.8602 2145.2102 465.5229 103.57571 0.0018840691
103.099075 1233.2906 194.21262 1838.9719 0.0018780385
778.8665 2112.1895 191.12839 118.04902 0.0018768634
784.11237 2105.3188 180.68929 132.09692 0.0018741604
83.8794 669.0555 163.75009 1281.2354 0.0018616768
109.566 250.91747 191.84378 270.60577 0.0018595257
825.1873 2113.3037 177.0814 120.11825 0.001858794
80.180405 779.9794 148.49355 745.3966 0.001855836
165.92519 2141.2754 316.55103 117.32403 0.0018522375
812.0518 1990.5228 152.6595 139.42912 0.0018434883
908.2417 1400.1185 244.2605 1086.4261 0.0018371659
652.127 2113.7754 247.08047 147.53818 0.0018345602
517.7661 97.95151 1023.95624 192.17316 0.0018344825
216.76234 2139.0278 412.41455 123.86276 0.0018295462
883.5642 2095.523 126.84603 148.76347 0.0018159351
568.0306 1835.9331 269.35526 667.1768 0.0018101835
41.95531 280.5583 82.85103 413.83026 0.001806447
918.89343 1026.2405 222.76367 807.4599 0.0018062923
729.24243 1451.3463 358.46286 288.14664 0.0018036771
166.69034 175.95787 310.8084 285.98734 0.0017937954
910.886 1119.902 235.1481 1307.008 0.0017827725
941.9009 2135.803 187.50949 99.91598 0.001780426
950.2113 1159.0612 177.14809 2000.3104 0.0017693064
977.46735 1044.3757 121.67006 245.2699 0.0017654174
974.139 1834.7781 117.02025 526.00977 0.0017602921
928.6215 1028.3605 207.62393 542.6098 0.0017582614
935.8479 2166.0059 198.80537 65.6985 0.0017455949
959.18756 1695.1606 147.12137 175.1531 0.0017305318
745.9923 1386.3107 390.9093 345.5555 0.0017238894
830.8058 1978.4087 455.83807 304.38477 0.0017196948
99.068596 1083.0371 158.26097 206.8312 0.001717419
861.6291 2183.882 356.76758 33.12622 0.0017147543
97.591644 1236.9305 174.2632 210.38356 0.0017119859
960.6292 1547.4216 156.65231 261.17554 0.0017114809
717.33685 2185.4595 795.65704 47.52532 0.0016931122
967.3962 1946.2334 174.0442 469.3581 0.0016873209
503.97803 2183.6973 964.37646 39.5557 0.0016716914
972.57715 2066.0854 128.35124 162.45772 0.0016644512
202.69775 2157.5652 395.97684 99.55944 0.001660366
793.9679 1235.163 423.45587 1612.4308 0.0016461327
968.69446 1996.1627 133.55644 153.7846 0.0016390091
283.94052 48.56509 206.23041 82.09977 0.0016373378
972.45734 1567.2393 132.6811 361.03983 0.0016319335
917.99146 135.7992 226.93959 232.97562 0.0016308407
982.2987 1107.5479 111.66524 255.83163 0.0016238196
981.10144 2073.8606 101.47238 170.29155 0.0016215445
598.2442 1173.461 902.1921 2076.5298 0.0016102056
960.3709 1242.3333 159.42892 245.05676 0.0016045369
954.92615 1255.6226 166.81502 1130.7717 0.0015905065
710.5855 1193.2261 455.933 899.6402 0.001589203
479.67035 2131.9043 313.14813 137.99347 0.0015737406
562.74286 2100.5688 436.5852 191.55391 0.0015728973
972.4971 1201.047 124.06199 276.24527 0.0015702702
763.0838 2118.682 535.3067 167.14352 0.0015684398
580.76556 2125.2932 855.52484 322.9138 0.0015671806
584.4939 2071.0513 221.94763 286.5131 0.0015665592
371.03406 44.16079 712.09 84.44394 0.0015634603
1009.2485 340.00198 59.01224 276.8792 0.0015533417
755.1883 2131.1516 206.87433 117.68843 0.0015486941
976.0165 1484.378 118.65688 530.1951 0.0015474447
949.3734 2086.5544 181.05013 148.39992 0.0015450846
999.90967 1710.7838 70.81645 207.18561 0.0015424672
919.9666 2167.2385 257.96616 72.24749 0.0015259839
873.53986 1090.5107 271.93896 634.95825 0.001525371
754.3359 2126.8445 188.70346 104.931854 0.0015203629
967.11633 1619.9225 139.03996 1111.9784 0.0015192457
217.28241 165.92085 420.69406 293.9451 0.0015171358
981.2488 1964.3903 95.08655 257.005 0.0015143134
975.57715 1213.4463 119.96421 376.13693 0.0015134168
704.0217 1168.6042 414.15173 1226.4808 0.0015008149
228.39127 53.171528 332.85828 100.353004 0.0014963811
829.102 2143.7668 180.277 78.476494 0.0014960136
982.30054 1585.661 102.609535 202.384 0.0014901316
821.7432 1559.8159 418.50027 1199.9637 0.0014745782
994.4956 1929.5763 66.41863 288.52625 0.0014486387
987.99664 2056.2317 97.79219 201.24179 0.0014437607
271.20807 121.718094 524.2899 235.00244 0.001439777
728.6454 1781.0156 244.84851 766.6846 0.0014379853
463.74796 1283.3365 449.27774 1236.2388 0.001434303
620.0391 2155.8274 225.92865 86.56017 0.0014322277
998.8645 1942.8276 62.754883 306.6176 0.0014286899
978.7662 2134.9238 110.41845 107.61144 0.0014258471
960.3859 44.87007 143.33096 77.56327 0.001419049
277.98917 2188.6301 534.77106 37.403248 0.0014186747
979.7484 1269.9075 104.89679 484.68542 0.001407656
640.91034 1095.8109 384.14264 508.6057 0.0014054037
313.47043 2179.6375 621.41125 49.240273 0.0013942437
568.10486 1903.4338 297.33118 550.6407 0.0013809215
606.5084 2049.3179 589.76373 157.42746 0.0013771448
980.96747 1070.3077 111.57781 486.46494 0.0013528952
958.7001 2152.583 147.61333 65.5369 0.0013308998
989.97076 2080.365 110.09879 162.36125 0.0013306234
30.432621 1424.6901 69.85932 1555.253 0.0013272832
784.35004 2146.4395 539.18414 124.77277 0.0013150232
796.1257 995.16125 431.35776 989.9783 0.0013121894
710.8058 1034.4094 474.8114 983.67236 0.0012837173
999.47144 128.51208 72.07121 225.92918 0.0012783635
990.71094 1170.2849 95.37192 2007.2487 0.001275718
993.62537 1229.5676 82.41151 466.72168 0.0012587119
983.8333 1994.0339 110.39065 168.55586 0.0012555819
667.59406 1408.1559 233.45499 529.72217 0.0012430163
986.7327 2014.564 82.65153 166.39996 0.0012320869
729.1597 1097.2931 387.8297 782.5075 0.0012253493
953.0621 2164.2683 153.54657 72.92245 0.0012044533
994.0562 1789.138 105.71595 207.79353 0.0011886491
1001.2128 791.59924 72.1882 294.2916 0.0011854103
570.70526 812.5606 766.028 813.13165 0.0011805648
743.52576 1261.4208 382.6819 917.76526 0.00117653
994.39075 2053.9631 71.93034 152.65442 0.0011726018
1006.39746 1739.0072 58.927155 316.59006 0.0011696161
996.38947 1945.8159 86.658615 223.67998 0.001163121
998.5433 2124.222 85.98092 99.42261 0.0011582904
803.4952 2175.4458 179.56284 78.16907 0.001144251
1012.2238 2168.6472 49.88713 58.455147 0.0011389285
896.3961 2177.2183 282.32202 63.075195 0.0011360218
999.81665 841.42566 76.55105 670.5567 0.0011236994
1003.72845 1200.7858 68.44516 689.73096 0.0011223524
608.3741 1623.144 430.5019 330.4799 0.0011197985
690.8708 1002.25964 498.9422 976.1693 0.0011188138
656.2991 2195.4338 715.1017 18.379198 0.0010961092
793.87164 1549.8533 394.57904 1075.2687 0.0010934476
706.05884 1253.4698 374.07632 573.6893 0.0010672219
1008.3705 1103.8494 65.00049 258.1702 0.001051976
488.58496 1745.9952 236.6366 777.72107 0.0010268809
997.15375 2027.3433 78.31919 129.08458 0.0009756488
1012.64545 2135.1492 43.96217 98.70517 0.0009682296
996.58844 2159.7544 90.10601 60.116283 0.0009661075
448.62323 979.44904 371.5251 556.3142 0.00096420303
691.0046 2110.2456 567.047 225.65259 0.00096417736
725.501 901.4676 462.87326 900.38934 0.0009619944
1000.02765 2157.6973 77.90131 78.19402 0.0009506906
1005.12994 2138.9927 76.79692 90.50795 0.0009487311
1019.3519 2089.366 35.36333 183.67303 0.0009470621
541.7259 1813.7794 734.3187 564.9004 0.0009437699
385.4006 1368.8662 226.41496 487.86685 0.0009351613
797.9459 1163.3812 389.48776 775.84186 0.00093509577
521.9224 1360.3046 849.9929 643.28015 0.0009316808
843.8706 1768.6122 461.70676 827.1054 0.0009278632
608.2264 2084.5688 784.4942 149.96625 0.0009176571
771.00183 2110.1936 438.13193 169.98174 0.00091207476
1009.9242 2133.2974 68.747765 92.23239 0.0009064232
1014.4904 2106.7788 58.6623 144.55844 0.00089019793
431.96533 2196.952 170.17169 14.415023 0.000878093
800.9468 1040.7822 400.9388 877.8794 0.0008685924
1014.1535 1246.6814 52.41178 1494.2565 0.0008663268
536.984 1230.818 263.77026 817.3616 0.0008603045
711.2319 2166.3408 743.7339 74.14914 0.0008430993
838.0819 1019.96686 417.6506 850.20483 0.00083745056
1024.9412 1639.55 27.528164 288.0715 0.0008330469
1004.8848 2151.5884 79.5803 76.70573 0.0008316724
754.07965 1287.952 352.32864 957.3166 0.0008205558
612.4412 1743.0066 333.25095 508.88052 0.00080444803
795.1907 1849.431 268.24866 349.80878 0.00079836545
650.0759 1576.1093 614.9881 369.86417 0.00079610344
1026.2783 1126.1621 24.874342 323.8977 0.0007837005
757.60004 888.1508 464.72153 967.53485 0.0007810348
446.62894 987.3942 252.58139 1033.0914 0.0007711213
1028.4186 1098.8611 21.126202 272.1484 0.0007672087
648.2542 1627.3041 400.5762 364.19153 0.00073825964
832.915 1883.2516 261.342 617.33936 0.0007372055
553.97235 2180.7983 658.87286 65.05198 0.00072636426
1027.695 1980.6088 21.399872 179.748 0.0007126796
1031.6875 2043.4344 14.456837 264.735 0.00071171136
1027.299 446.16272 21.192133 188.73326 0.0007113259
536.175 1651.4894 349.9338 980.7531 0.0007045053
690.48254 933.2944 533.27466 980.17773 0.00069331104
1029.6127 1296.1577 19.082365 321.90167 0.0006918075
1027.1984 2169.27 33.721172 64.88841 0.000680759
1032.7776 1092.4211 12.663778 316.31845 0.00067596557
1030.5295 2116.1648 16.381144 142.1446 0.00064182054
903.9685 1265.3193 344.76373 833.71576 0.0006390894
500.04404 1442.5935 388.41187 740.7477 0.00062320626
845.62305 2194.6023 475.47897 20.639795 0.0006066279
1033.9438 2031.9066 11.5599785 154.1408 0.00058331795
786.94635 2185.3071 557.8985 36.418674 0.00056613924
656.835 2026.9993 348.30545 237.5123 0.0005608653
730.47125 2178.689 640.3748 60.076477 0.00054965756
944.98737 2147.7046 200.48888 109.92555 0.0005485493
851.0601 2167.281 445.5437 107.77249 0.0005116991
859.66345 2201.367 216.70163 7.7889056 0.00049770996
616.2689 1372.2759 369.17358 498.71237 0.00049253646
980.0686 2163.0227 205.6119 69.84406 0.00049184373
