623.67615 1124.2576 1076.2783 2155.506 0.8781058
487.87625 1285.2571 734.86383 1284.1058 0.12514389
496.21313 1223.0942 787.9809 1433.8281 0.090540096
608.47174 1201.4441 914.37915 1425.7379 0.060367487
519.8138 1293.3829 646.1924 1224.787 0.059878103
145.4386 1202.6467 115.03317 200.18848 0.053401124
904.23566 1776.6548 514.08167 791.64764 0.0473418
617.6772 1279.8824 837.09656 1298.498 0.041879084
627.99774 1214.9766 939.69 1440.4354 0.036123056
626.1263 1300.7892 894.58905 1257.8223 0.03381412
623.57056 1122.6292 1074.3402 2151.265 0.027867736
660.09357 1358.6849 93.339775 84.71271 0.024131287
509.71017 1198.4055 656.18066 1003.5948 0.024096815
495.10095 1482.4025 699.17377 885.72546 0.022089848
659.97076 1243.0254 819.67645 1463.8484 0.021044739
637.7318 1169.5009 790.9734 1285.2837 0.020208087
625.87213 1037.7771 921.3573 1236.7051 0.019743001
543.5855 1224.7908 543.3934 931.7338 0.019436626
580.1081 1063.6897 809.9252 1163.3945 0.019300977
630.4795 1428.9313 1016.3956 1423.3987 0.019083783
654.826 1422.9973 826.2254 1202.3185 0.018545635
624.38666 1035.3578 980.9762 1127.5597 0.018297631
561.35474 1223.3649 859.26416 1439.8457 0.017830199
615.5798 1067.79 778.70416 1157.6897 0.01750964
491.02692 1595.5424 691.4644 669.534 0.016888425
209.65256 1380.8386 164.34734 108.10627 0.016037866
625.83435 982.28046 966.9601 1032.2474 0.014438676
586.1283 995.78235 752.0388 998.3043 0.014205435
628.93866 1622.0752 1051.728 1132.1992 0.014072376
622.517 1357.6708 190.90471 104.66576 0.013850532
634.95605 1081.2021 744.0262 1165.7012 0.013835
586.416 1006.6587 755.4827 1045.8695 0.013728891
635.1531 1751.5289 1043.3416 887.8819 0.013646665
660.9409 1082.36 855.70154 1210.7408 0.013525028
627.2261 1312.0278 1045.7158 1663.1754 0.013421939
517.30096 1096.7462 513.4184 678.83325 0.013293849
451.71066 1302.5437 641.83093 1223.2715 0.013289961
512.4765 1100.5028 652.1529 824.89813 0.012992492
634.57587 1317.1621 826.286 1148.7408 0.012709406
658.1337 1517.5498 881.4511 1223.5986 0.012417743
527.50555 1320.4889 572.90375 801.6305 0.012397853
666.3904 1007.05774 884.44226 1125.9128 0.012280196
625.3379 969.88367 1018.10095 1005.11505 0.0119016515
657.6172 1611.2034 954.2583 1051.3798 0.011869602
190.98499 1200.21 205.87546 213.25446 0.011636783
620.7693 970.3434 733.732 960.86523 0.0116197225
648.9021 1227.077 783.2719 1163.7661 0.011238953
520.6374 1347.201 624.7511 1109.1736 0.010984813
507.4614 917.84644 806.72205 884.34924 0.010940769
746.1408 1131.4105 710.06354 1206.9327 0.010870294
486.66623 1202.283 224.59355 158.56258 0.010816413
837.86816 1246.2046 633.3917 1576.3367 0.01061413
646.2625 1352.1967 678.59564 1524.3468 0.010296394
479.00906 1490.5201 677.77997 857.9446 0.010197439
905.4852 1873.8329 502.57498 477.05923 0.010143149
617.4988 1154.5898 984.03674 942.77985 0.010125377
626.54626 1136.2277 933.7194 888.2257 0.009907461
767.5582 805.84357 406.8191 602.50806 0.009865602
855.8256 951.98517 580.10864 961.1225 0.009823578
571.3011 965.91376 901.6267 1020.8256 0.009819846
575.2592 1260.3676 422.3688 317.80933 0.009736343
651.954 978.6779 654.414 987.885 0.009709127
407.8913 986.39404 166.81532 218.66925 0.0097036185
655.7487 1061.7217 573.16156 958.67145 0.0096928105
527.3782 992.91925 850.4348 1042.6912 0.0096894475
629.542 797.0134 1042.1731 1368.834 0.009684196
900.6601 1351.293 521.0031 1625.5192 0.009544634
803.1241 1784.4106 711.39526 820.1997 0.009519244
903.44574 1124.3717 518.25525 2122.412 0.009505949
614.5506 1493.7377 457.08377 813.7055 0.009269756
506.03146 1652.8225 610.9647 528.50116 0.0091982465
821.5869 1197.3396 660.1692 1478.2769 0.009074384
422.81573 1201.4404 573.9812 988.4655 0.009004782
810.1775 797.5605 481.55942 632.2231 0.0089394245
608.5465 1083.6587 842.85126 757.8804 0.00893719
633.8442 922.23895 641.9594 868.04956 0.008913894
534.96295 1269.1515 545.2078 415.064 0.008873519
557.3084 1232.9524 515.6288 659.82825 0.0087872585
656.274 1206.9886 568.39514 1361.3271 0.008708589
434.39087 1002.1508 610.0971 647.54004 0.008687004
360.84692 987.6678 531.4012 645.99884 0.008679796
566.6464 1374.9937 746.06976 1528.2133 0.008639345
696.7923 1001.9572 852.8933 1141.6691 0.008632512
500.89328 1193.1802 282.81827 221.31612 0.008501121
653.0353 882.9114 605.8192 810.3646 0.008368052
635.51294 1340.7736 615.3721 1229.3027 0.008271062
602.6335 1396.7959 746.9442 1523.0631 0.008226382
551.2616 915.38007 850.6164 899.0398 0.008222453
473.8958 1124.9971 721.27625 1134.564 0.00820568
843.10815 1744.0792 389.42245 698.3666 0.008202336
628.8344 1273.7393 700.5749 1339.7565 0.008162411
853.7108 1216.8286 602.7911 1514.9664 0.008161775
596.8625 1274.7969 437.47586 388.79446 0.008116413
643.13947 1485.9865 752.6416 1287.5281 0.008115472
597.42474 1210.6086 484.3051 837.7708 0.007982223
908.66095 1130.529 504.99072 2099.8557 0.007965408
743.58215 962.05664 779.7555 977.475 0.007956099
459.36472 943.82526 304.15665 378.51257 0.007942246
903.8053 1590.0664 513.84283 1136.3743 0.007935426
512.59375 1177.2487 419.20175 793.6508 0.007922291
642.7097 1398.2352 609.75256 945.97546 0.007892429
467.47513 1265.9872 715.021 373.55737 0.0078798
393.4595 1102.4576 444.8609 649.76416 0.007834318
786.3616 1075.5992 717.59186 1378.4872 0.007761755
758.65063 977.9843 748.4061 1058.3887 0.007760837
557.7007 1585.735 367.96115 357.4547 0.007727366
499.39923 1458.1763 793.1315 1332.2466 0.007717818
506.61377 1412.8939 584.0029 628.40027 0.007697074
539.32574 1654.6378 534.54767 520.28174 0.0076487726
902.3824 1563.0789 516.71246 1223.7073 0.0076470575
645.2765 1352.8763 598.3226 1199.5858 0.007647017
692.56024 1324.9392 192.43288 184.46054 0.00762384
683.1163 1435.6373 614.0203 1254.5016 0.0075111035
799.80975 945.6387 683.7799 976.64874 0.0074470267
626.9414 675.97235 1058.3589 1268.7681 0.0074262144
676.1609 1264.3662 288.24133 304.31244 0.0073935175
660.3775 1183.3225 768.6047 1159.629 0.0073804064
628.3604 655.24457 1050.6884 1201.0138 0.007365306
490.4951 1067.0234 802.2246 1205.8737 0.007323292
630.42914 1343.8489 277.02148 177.2708 0.007218032
858.0461 912.43604 562.0958 871.6838 0.007168814
635.54877 1261.5966 312.0392 300.10693 0.007124413
760.1081 1658.0206 257.4958 511.7711 0.0070662936
632.674 1124.1881 740.43994 1247.5302 0.006974428
308.1625 1005.29285 434.47583 603.3149 0.006952244
590.14496 1305.3044 470.2003 512.7582 0.006903188
859.19104 1199.9138 579.6116 1337.3065 0.0068365475
893.0743 1309.1431 537.5477 1731.1011 0.0068276203
765.5815 1505.0349 651.91327 1164.4082 0.006816532
674.45715 1080.4972 785.5857 1116.0972 0.00679403
662.8379 1038.1792 562.3857 888.4742 0.006738894
690.06354 940.348 578.16705 912.1245 0.006722288
731.6789 629.8866 346.5036 317.362 0.0067183734
622.86554 1761.257 264.93204 291.232 0.006692721
562.12036 1162.9431 828.44525 1607.5195 0.0066901096
698.1328 801.3783 531.6258 684.6608 0.0066337683
903.8988 1518.1736 513.97284 1328.5153 0.006615374
832.49005 538.2479 149.11914 145.60278 0.0065720156
528.2887 1396.8522 397.8317 574.0422 0.00652751
645.6704 1696.6581 770.08984 669.21606 0.0065205162
623.0071 1271.525 446.55154 1168.9197 0.0064914026
666.5221 1576.1134 650.5094 1149.4087 0.0064675948
384.85257 964.44305 298.24362 360.5937 0.00641616
758.1178 588.4972 271.22943 240.5789 0.0064126714
877.27466 1203.3895 572.08984 1938.5588 0.006343125
652.78766 1653.4357 352.4555 515.1582 0.0063328245
632.4268 1160.6653 723.19556 669.70856 0.0062869284
647.4324 1284.3406 428.7188 1231.6907 0.006279048
831.1204 1840.2887 330.54312 408.88852 0.0062745474
836.85596 521.478 111.638664 106.26952 0.0062706755
348.3961 1194.2363 516.3266 234.9236 0.006261652
940.993 1627.6931 428.60046 495.81998 0.0062463097
589.7265 1357.0201 241.82059 114.33501 0.0061958083
447.75003 1641.4496 511.37234 512.62714 0.006191919
754.6689 1776.2313 220.1547 291.94937 0.006177634
617.64417 1679.1313 378.90942 454.8137 0.0061233067
769.20734 1716.4176 734.7512 706.22986 0.00612073
622.47156 925.89417 1054.9222 901.0596 0.0061172186
854.5385 888.2036 431.9355 540.96515 0.0060614278
690.78595 1426.1812 796.13214 966.06757 0.0060560843
373.97055 1026.6128 261.68445 332.7677 0.006023699
628.70056 1003.61816 382.6647 579.0168 0.006018602
612.53784 1345.4521 251.83447 161.26385 0.006017481
773.54364 1741.2472 523.4643 698.488 0.005971331
502.19788 965.41626 197.94182 249.58685 0.0059712324
304.09528 1511.0309 202.78781 203.65936 0.0059376764
355.64493 1293.8586 501.14944 1224.2974 0.0059259715
493.4338 875.7293 500.4168 500.8251 0.0059120352
546.5874 804.57837 779.931 674.411 0.0058757155
901.0159 1810.5999 496.3349 625.15875 0.005870407
878.8392 1549.8741 268.31696 314.90353 0.0058525456
650.28796 435.0343 991.3063 785.6233 0.005838275
677.52716 1478.3815 512.349 863.2412 0.005822562
329.07928 869.75653 354.28424 394.57092 0.0058020535
711.81305 1443.5117 589.88165 1346.0077 0.0057972805
556.7447 1774.1901 323.05255 296.0383 0.005793876
744.59937 1180.3296 410.0663 885.34894 0.0057898755
723.6625 1499.6941 382.21338 818.439 0.0057782815
849.72345 638.6983 267.33362 347.5279 0.0056706583
990.3717 1743.453 344.0235 698.7979 0.0056575336
904.0029 1491.9299 513.56726 1369.812 0.0056445254
494.7336 1264.4661 272.8882 278.02634 0.0056423335
623.75934 1096.1543 663.08997 1143.212 0.0056331917
632.9285 1657.645 350.62677 482.8207 0.0056146537
705.52704 753.4282 749.19464 763.5381 0.005613104
679.76263 1126.4141 430.21622 1310.7141 0.0056073903
911.53094 1720.2095 494.6349 653.9817 0.005605261
453.8056 1579.035 484.7994 658.0142 0.005598121
974.6993 1823.4763 308.5663 309.90527 0.0055622915
631.75244 1701.3591 720.26013 846.72546 0.0055356766
681.4489 1093.2046 547.0225 920.50494 0.0055258307
442.0953 1410.9047 579.07043 492.98685 0.00552504
910.7857 972.4208 473.77737 838.5376 0.005513542
483.53827 1395.091 775.3534 920.2405 0.005497791
772.5432 900.0515 348.70984 381.01367 0.005476261
241.31268 1195.7821 301.8637 226.92943 0.0054687634
308.33423 1528.365 275.00827 310.51758 0.005468346
858.6237 1127.8226 586.99945 1346.4852 0.0054191453
653.582 700.56335 157.47578 157.11278 0.005415638
655.28217 881.2802 207.74243 321.96722 0.0054091387
465.63568 1353.7723 651.18054 219.8722 0.005400355
469.17197 1612.1003 744.1968 1086.3938 0.0053916075
553.60974 899.8965 251.56409 317.38892 0.0053855614
636.62836 1916.8378 1035.1532 585.55115 0.0053803683
243.78604 1513.0536 213.92708 299.0642 0.00537463
890.37634 1849.8595 310.65045 308.98312 0.0053644893
840.9446 774.5232 281.54053 352.9556 0.0053520114
576.6098 856.47614 323.84515 399.37827 0.005351349
144.51074 1199.6884 108.97933 195.68405 0.00533087
560.2498 1185.5826 141.70616 161.46266 0.0053196177
872.8675 1132.4733 570.8754 1439.8468 0.0053136414
648.76495 738.9485 195.49864 241.32336 0.0052845385
310.81714 1106.1305 440.34778 837.7786 0.0052685956
868.8616 903.09375 559.1798 872.9626 0.0052498044
501.22394 1365.5587 307.26022 485.22458 0.005238911
519.42896 1363.9484 393.39493 179.52817 0.005228859
551.82214 1062.5955 314.25104 433.93326 0.005222632
761.25055 959.5359 432.88782 995.53345 0.005200396
514.0347 1717.2157 455.11475 398.86414 0.0051352484
988.10443 1196.3698 331.79477 449.05313 0.005114549
290.96603 1316.8716 399.29446 1213.907 0.005107525
673.70825 650.8001 467.6187 373.14526 0.0050556813
617.3821 1352.2817 145.21706 113.33035 0.0050544655
711.8692 679.47186 442.11908 427.62082 0.005048249
970.639 1819.1244 260.62344 250.34644 0.0050363117
750.8126 1947.3953 220.1325 200.67358 0.0050178324
500.39368 1698.626 781.78375 885.8303 0.0050122696
851.1967 886.4349 587.5965 830.17377 0.0050061783
762.9984 1251.0829 693.4176 1175.6687 0.0050029443
634.4301 1775.0863 464.38416 769.7187 0.0049976725
208.08507 1014.2292 245.84833 586.9689 0.0049707824
896.51306 1836.618 169.03424 183.07594 0.0049662446
610.7266 722.9802 633.74524 522.88904 0.00496265
733.89905 1330.5841 130.18765 140.76459 0.004941332
492.83163 1497.6583 783.3971 1200.4026 0.0049135895
623.2902 562.22186 1060.7446 1041.2056 0.004910636
864.9837 2013.6256 583.2013 377.75458 0.0049086725
906.2424 1365.3577 511.01276 1643.6335 0.004900764
579.78705 1086.6729 297.5172 568.6429 0.0048836977
724.427 984.07513 581.4558 1074.8588 0.004877766
902.98804 1817.755 491.46906 596.8309 0.0048506386
640.31854 1031.4045 621.2829 666.0475 0.0048429132
719.325 1827.3969 251.25885 318.77637 0.004818045
668.3319 1350.3939 322.7526 502.6137 0.00481368
643.00793 1872.6937 493.15863 449.6577 0.0048064557
638.3129 1612.2919 1015.0695 643.106 0.004806189
808.88165 1883.5723 354.2504 495.34616 0.0047941227
981.44556 877.36334 183.11127 222.53598 0.0047501368
858.82214 1081.398 593.39734 1316.8374 0.004738478
989.6559 845.36536 277.3816 393.98953 0.004723742
622.9071 984.8004 592.7464 635.0984 0.004707226
992.4544 850.3295 314.93808 548.3605 0.0047029546
550.1699 1682.672 258.50262 316.43765 0.0046995184
335.59192 1345.9009 299.60623 227.33603 0.0046924446
928.375 1262.5123 460.32138 1475.0461 0.0046666884
819.41907 1732.0348 316.92627 360.3543 0.004657225
886.59546 975.1408 535.2443 1073.8789 0.0046458445
826.1194 1743.5841 311.82703 496.877 0.0046210857
675.9873 717.71686 382.23242 480.59824 0.0046154656
765.60114 908.85223 241.5504 264.1501 0.004615422
934.0216 1814.7218 305.2194 296.2893 0.0046146815
641.302 1388.738 837.3613 719.652 0.004609124
473.37234 1437.5813 549.87494 333.59222 0.004586408
792.68304 872.94336 696.7375 897.9424 0.004583934
578.10236 1401.5642 322.60315 222.60115 0.0045749
616.2896 1490.393 970.3045 754.8666 0.0045703505
651.8123 871.13306 167.44255 200.06671 0.004555599
827.6074 1654.6794 357.82556 656.5019 0.004551041
349.70648 1019.7474 289.1173 352.4677 0.0045468067
987.2762 1826.381 330.7816 570.28326 0.0045340885
681.2491 1950.5438 322.16718 267.88956 0.004526732
670.2438 1307.8362 327.3591 484.3245 0.004525677
700.6354 1894.7368 169.19835 172.93495 0.004510478
895.9519 1196.6786 527.1232 1536.115 0.0044978866
868.51495 1518.7932 529.81415 798.936 0.004491571
617.80725 1668.0232 364.63654 494.62677 0.004485054
382.42703 1789.7704 560.6074 748.8213 0.004475156
835.4293 1139.5277 656.7066 1985.9401 0.0044740494
409.97815 1261.5919 256.3022 214.59618 0.0044508255
884.0334 1078.0308 542.3547 1271.7643 0.0044292356
783.3516 1775.9657 734.56696 847.64496 0.004424232
562.4086 1168.2308 491.36478 452.11838 0.0044193934
776.3862 975.0613 399.92715 827.7736 0.004405468
912.61523 1798.4237 501.20578 644.0945 0.00439533
727.34784 1169.8431 395.97592 552.6922 0.004376272
738.27954 1783.2673 217.68939 263.16702 0.004371994
1004.2733 1551.6791 244.71474 289.2714 0.0043610134
849.7826 951.64624 595.2401 960.3848 0.0043575903
548.1084 1875.7319 516.7048 416.09958 0.004355642
359.4743 1785.8921 520.14325 750.5022 0.004345296
494.22372 1003.57825 206.68987 253.07597 0.0043356353
999.2377 868.23596 154.63852 189.10481 0.004322947
583.7704 1455.0133 282.04324 340.74246 0.004311129
621.5814 783.1952 693.23584 655.57495 0.004308725
925.6363 959.63983 461.61838 1029.827 0.0043063643
606.5582 1655.9567 363.0003 458.45596 0.0042930627
805.21405 1027.1196 359.8602 665.7732 0.004272046
914.49744 886.7564 307.3793 345.06454 0.004269181
852.68274 1487.7573 555.57715 867.38727 0.0042598606
934.9851 1060.975 441.72845 1043.1823 0.00425427
714.1453 473.1709 871.82825 856.13995 0.004249806
933.2903 962.8528 423.78406 724.4309 0.0042365612
215.48111 1163.9468 248.15338 295.65567 0.0042315894
365.05942 1531.666 352.13446 340.91495 0.0042237747
962.1918 889.4086 227.86497 269.22467 0.004218758
725.65533 1816.7694 332.12265 539.3043 0.0041710623
656.8547 1506.3723 339.46732 748.90344 0.004170985
1033.9067 1547.9338 186.67188 266.81738 0.0041537005
663.9378 2020.1104 215.83029 197.96317 0.004150729
980.9968 1099.5195 344.49893 642.8126 0.004121302
472.65186 1762.3126 703.6148 817.30664 0.0041163284
989.85803 965.83466 334.99408 869.0923 0.004109857
815.72906 1552.7205 368.95056 750.65204 0.0041030594
463.25864 1605.2234 272.24442 298.94315 0.0040978934
658.7481 2016.6589 273.3116 252.14384 0.0040833764
924.2984 825.4995 428.46613 554.31946 0.004060797
598.3944 1090.7083 407.04514 1042.0099 0.0040505026
709.15485 741.96265 469.18158 556.8252 0.0040159426
675.9761 1865.6444 382.41266 520.06506 0.0040068245
834.2334 1904.6929 266.26288 241.16388 0.003947645
670.7322 1759.3325 329.75974 639.33167 0.0039225942
654.2969 1796.2811 277.79935 338.6701 0.003905575
946.2433 473.7124 391.64398 507.69556 0.0038970024
731.6825 2045.7001 261.34055 194.23502 0.0038956627
732.4649 1253.4468 376.75198 1267.0137 0.003870957
853.17883 1149.5883 575.4218 734.4508 0.003869391
819.86395 920.5467 652.8859 962.79694 0.0038478882
610.5719 1458.3352 332.91714 336.71603 0.0038459732
1036.9475 1787.5176 177.85023 211.02211 0.0038401042
706.4282 736.78094 263.7603 292.8065 0.0038337598
857.1092 1014.1997 593.71674 1325.0428 0.0038195834
725.63324 1934.1033 204.09764 88.06047 0.0037841685
325.30054 1728.5709 469.826 906.05634 0.0037815503
785.6898 1045.6268 351.88284 358.3523 0.0037771177
367.2166 1270.7472 467.7518 317.98376 0.003770578
837.4494 890.2393 194.49728 222.37994 0.003739378
762.2095 1772.8284 223.8644 273.38937 0.0037071223
410.6376 1037.512 545.4505 1043.5258 0.0037062825
339.56747 1441.8873 398.60352 309.42368 0.003701159
1012.73584 827.9704 232.66675 306.56223 0.0036929846
942.5597 1519.6542 433.7383 1027.8599 0.0036674074
904.8245 1047.3899 500.77884 1207.4802 0.0036640374
751.50543 381.18716 269.0462 228.51515 0.0036562856
671.258 1062.4624 459.87164 834.3548 0.0036500753
910.24243 393.0185 459.63885 425.72552 0.0036468948
694.83075 1544.2264 154.23994 198.4536 0.0036442084
579.4669 1998.4203 173.39905 174.2577 0.0036230297
502.3716 1888.5815 298.27692 386.19394 0.0036131232
639.2308 1237.2334 576.21124 473.14062 0.0036100908
738.5656 1194.486 648.2889 571.6887 0.003602492
732.1375 2066.885 201.31587 175.31282 0.0035822492
915.62604 1222.2666 193.01562 274.7234 0.0035746815
703.1129 887.885 253.64899 303.18643 0.0035666635
708.1893 373.63467 887.15076 668.2393 0.0035659587
941.5519 1832.958 227.17163 304.56412 0.0035573011
596.3777 408.65833 1118.1301 743.3331 0.0035557295
860.57837 1982.4958 466.03522 438.33466 0.0035534545
800.22125 2056.4456 711.211 326.30573 0.0035528466
584.13055 1808.5189 185.85915 221.85327 0.0035518832
937.84595 1930.6222 207.09862 233.7716 0.0035511286
506.96228 1980.2604 317.84998 311.11206 0.0035321466
742.9061 2034.2305 347.12567 308.29352 0.0035282013
910.0595 1411.3342 492.21747 848.73676 0.0035272627
1050.5525 2006.637 214.56395 369.8227 0.003525726
1003.582 1914.7183 264.13223 393.20886 0.0035144778
407.5763 1192.8689 326.0971 420.2234 0.003512042
769.71924 1211.0442 269.2225 1499.7913 0.0035070179
597.3747 2081.613 1109.3088 271.5204 0.0035041762
594.15027 1984.6333 188.60065 193.9856 0.0035008742
663.27966 1557.4625 471.28717 1040.7203 0.0034984462
947.3395 1324.9082 420.14957 880.3649 0.0034935642
788.12933 695.5016 254.00256 271.32443 0.0034828482
769.7935 830.6737 391.6991 387.83823 0.0034774141
969.09485 327.33838 357.11755 364.98978 0.0034713552
865.6788 1108.0564 310.00937 431.6969 0.0034616152
721.7379 1559.462 236.44331 305.9332 0.003454482
983.64606 754.48456 325.72955 476.0534 0.0034467161
476.8002 1666.182 638.7851 1054.92 0.00343956
719.4963 1183.6149 402.76498 781.1485 0.0034317267
949.3463 225.33563 416.87573 347.85825 0.0034314233
1051.7682 1963.0675 197.18304 285.54153 0.00341781
907.9725 2117.5015 500.71222 193.14517 0.0033966138
1057.0332 1536.4712 186.0507 257.1688 0.0033891888
79.03188 1115.0681 154.59825 376.34204 0.0033842898
869.36523 1103.8379 266.08444 359.93152 0.003375783
969.92206 1360.3729 379.6494 899.5075 0.003374644
897.20215 1147.6774 504.76367 797.555 0.0033745945
376.35696 1547.1471 556.36487 1273.7386 0.003371097
766.0515 978.99567 427.48013 721.7417 0.0033690243
789.80383 1336.1461 334.58377 1131.7705 0.0033473356
427.21967 1236.9502 337.4843 418.09274 0.0033430182
515.40454 1910.7511 169.77708 149.67773 0.0033117267
677.59265 844.2731 507.6412 730.75806 0.003306424
474.42368 1840.0732 395.4681 338.67017 0.0033010948
987.3991 1346.2056 341.7636 1516.0404 0.0032852087
764.1573 1751.4391 271.57666 894.28613 0.0032590553
696.37573 1516.7239 282.69046 795.5812 0.003229473
516.2314 1744.7864 534.79846 335.91232 0.0032099355
513.12195 1338.0391 294.48434 417.6225 0.003204006
958.0329 1779.6261 212.15134 204.82158 0.0031732426
608.47784 2031.2147 525.36993 311.11755 0.003158974
729.98596 1300.6838 337.62982 1185.6819 0.003157368
859.79333 1602.889 520.99866 968.42 0.0031446067
624.55316 1126.0055 1072.7169 2148.8215 0.003125975
967.5545 834.8399 367.59103 776.6598 0.0031206359
679.2145 1226.2395 339.73297 454.96817 0.0031176733
1003.65894 2039.6399 176.26889 151.13445 0.0031000108
856.4837 1126.4131 558.3551 584.0699 0.003096463
812.5856 2018.066 264.4166 203.61435 0.0030912096
327.65826 1736.467 194.8758 205.40176 0.0030726166
790.32544 2080.6873 734.07587 280.79276 0.0030424455
900.56696 1220.9048 157.30704 226.63103 0.0030413335
706.0105 1483.481 438.86282 831.97943 0.0030409053
827.78577 1210.6257 209.06833 281.83398 0.0030354273
420.35425 995.39246 115.84225 158.1938 0.0030323928
902.1202 1825.5112 189.32162 234.3743 0.0030311835
887.0831 2000.2877 176.02411 179.32541 0.0030298452
885.23334 1579.4003 328.78268 394.1698 0.0030265555
560.3755 1487.7535 204.64767 188.77388 0.0030263586
603.7567 2027.7999 213.47816 182.48541 0.0030255183
687.38025 1541.9438 383.02774 871.9565 0.0030235182
1009.8922 1105.5934 208.05244 253.77013 0.0030213457
906.16016 1850.837 122.37476 161.70383 0.0030174847
856.5966 2003.4967 230.20038 195.081 0.0030098641
993.7675 1041.9705 330.4995 964.8182 0.0030091256
720.97314 1439.0494 441.68774 1006.83984 0.0030069393
1014.8645 2002.6434 275.45953 396.77225 0.0030065402
988.87225 1710.5303 219.83936 263.41272 0.003003559
972.6176 1951.8492 165.67476 224.26215 0.0029966815
453.39462 1934.8794 691.89453 483.26862 0.002994494
119.81171 945.67316 222.86615 749.1744 0.0029745318
414.67557 1660.1167 461.0032 483.98685 0.0029701246
443.43457 1579.0054 241.34354 317.45117 0.0029622838
803.8371 923.8524 287.81067 436.42944 0.0029618288
370.19397 1867.9099 369.8088 593.915 0.0029594458
1026.5378 166.59445 270.2873 239.06839 0.0029366687
475.71024 1282.5836 411.58847 301.5437 0.0029336864
1044.2021 1982.007 171.10258 205.50865 0.0029194008
1031.4153 765.1908 246.85843 449.27267 0.002918818
157.57051 1970.4794 263.54083 337.01898 0.002915858
604.2238 1826.8875 128.67673 174.29893 0.0029158553
796.05334 1910.3477 202.3047 314.78946 0.002904272
677.65173 1417.5702 451.5853 1142.4436 0.0029030323
821.27856 2117.9214 676.00323 199.93703 0.0028939105
855.1775 1080.1061 587.0781 1213.8859 0.0028914225
871.8629 1784.4174 200.16005 232.6558 0.002886497
618.33295 1502.3364 258.43777 525.5539 0.0028821097
714.4174 883.2388 244.78735 292.84766 0.0028803837
766.1739 1613.7927 677.8554 605.7705 0.0028677897
862.72186 1235.4735 236.21657 410.9576 0.002860749
752.05133 1534.5856 233.74902 305.6014 0.0028592518
674.27423 1531.3575 417.02005 833.8788 0.0028454654
219.19804 1909.9442 422.70013 611.8468 0.002844466
301.4207 1948.9633 412.3806 369.1762 0.0028431583
927.2817 963.196 407.7249 714.9367 0.0028398416
988.7352 1183.0817 341.47745 560.9796 0.0028283845
993.9178 2029.482 288.03308 301.26056 0.002821939
702.26117 1347.6465 202.95619 157.31522 0.0028185826
1050.8988 1547.5127 215.16798 355.7152 0.002816439
635.24945 880.95056 257.91187 393.9657 0.0028079052
922.20465 2153.5798 477.3329 131.82982 0.0028057657
490.65714 1394.8463 710.00616 346.0346 0.0027965591
1059.7324 1525.7603 195.65025 301.81894 0.0027964714
536.1127 1971.6139 821.8329 463.1616 0.0027864445
503.90265 2096.8984 159.56198 176.82259 0.0027856312
937.6639 697.0017 347.99063 477.77438 0.002784217
840.79535 1265.5773 342.71967 348.07678 0.0027829807
1033.4232 659.57404 229.11615 251.76831 0.0027818533
862.2685 1287.9135 354.8894 685.01544 0.0027811313
665.5764 1508.1488 134.31894 164.16763 0.0027740425
608.79517 2041.9966 225.4999 184.41583 0.0027677657
1039.2247 414.50037 223.76328 340.84116 0.0027661945
584.9345 1301.0972 429.7278 1075.2834 0.0027584394
525.34216 2031.7192 491.20807 200.2906 0.0027571449
684.81024 321.81906 114.26481 91.15679 0.0027527565
932.81995 2050.2266 407.5891 278.84488 0.0027325465
462.21692 2108.972 233.3854 182.77034 0.002724003
796.0536 2063.1714 238.29044 272.27856 0.0027229232
827.1274 1177.8209 537.5979 505.0991 0.0027197432
650.1804 1990.0289 838.86774 424.48557 0.0027178002
1038.1676 667.11664 227.07288 258.17227 0.0026986648
985.58636 2173.1313 347.56805 95.674675 0.0026955083
505.59937 1269.6273 794.62964 372.1034 0.0026930661
771.8437 1231.1804 341.6208 477.9535 0.0026910498
978.033 951.2537 357.20032 893.966 0.0026845464
591.59045 1860.5751 153.16669 139.71928 0.002682099
1072.6725 1944.0243 180.60439 467.68594 0.0026813298
1031.1067 1740.1025 265.09155 768.1415 0.0026780549
1001.4904 1355.3094 326.9779 1659.0377 0.0026770704
770.8311 1507.3717 265.883 775.44995 0.0026769126
305.00314 1948.4296 415.1897 326.6071 0.0026742774
736.17346 1370.3691 295.7557 1099.3087 0.0026628394
589.6013 2128.0728 1119.1086 184.01329 0.0026430576
421.80954 1664.0773 181.32393 226.01619 0.0026408061
662.07587 1067.5801 681.05255 964.8864 0.0026353335
838.9683 1757.424 381.09372 862.51984 0.0026324037
710.36346 1328.4751 194.46382 223.60608 0.002628817
909.2688 681.57306 166.78427 216.43106 0.0026257217
622.6722 1545.4543 404.7732 1078.3582 0.0026207715
836.5717 1237.4602 254.25551 357.65182 0.0026201496
1039.6442 1202.2737 230.42255 381.8317 0.0026200523
1028.3932 1299.6664 250.33604 272.56 0.002618585
782.9387 2096.5015 196.59328 170.93803 0.0026172975
363.1643 1974.1519 439.0068 464.1024 0.002615134
651.06934 1552.7668 161.52196 189.36348 0.0025948875
1036.1346 665.0011 229.5722 261.21835 0.00259042
577.6743 1623.9285 164.68697 232.43173 0.002579899
829.7791 2035.7375 259.34238 223.68365 0.0025782785
865.9818 389.03943 367.847 368.28348 0.0025488022
692.70056 1388.3872 121.38437 124.62598 0.002548589
426.49982 1943.2994 683.021 544.8555 0.002548074
683.38635 691.547 150.33054 136.1534 0.0025410433
985.1946 1473.3502 336.10864 1461.3589 0.0025397951
684.67163 970.98865 163.40518 166.42964 0.0025383134
842.9945 1841.5103 231.1771 222.14598 0.0025206148
1006.878 1986.4243 186.89159 212.82932 0.0025166136
891.69916 1243.9003 133.88492 197.507 0.0025158129
1044.3612 1816.3618 198.65977 388.6829 0.0025147146
769.6966 2034.7051 222.31715 209.09764 0.002510335
876.97363 1048.07 180.2074 209.27441 0.0025079313
1082.1844 2132.8643 158.2188 129.94843 0.0025078095
736.82074 1148.0042 401.04987 699.4361 0.002502468
737.63873 2107.4583 209.86597 155.61987 0.0025002384
527.2495 2068.75 464.00336 288.42178 0.0024822366
447.54898 2002.91 389.16046 276.2581 0.0024790508
608.1867 1634.6345 212.33679 281.41745 0.0024752966
452.20486 1306.0096 591.44434 1376.8448 0.0024742163
1041.5348 2169.014 237.52252 97.03802 0.00246571
1005.1924 1526.4209 221.9264 282.43115 0.0024646795
819.1345 1732.9689 177.15208 181.90637 0.0024439401
790.938 1480.3401 407.26086 944.3074 0.0024421865
449.0036 1674.8303 152.63766 192.18085 0.0024336018
885.59247 1325.042 274.3122 359.97934 0.0024290842
1022.08185 1739.9435 184.56161 226.55286 0.0024277074
587.5695 1249.067 425.80063 355.07742 0.0024273193
947.49243 1473.245 406.21768 375.8017 0.002426262
844.7486 2097.5125 263.72934 215.30373 0.002421804
393.07062 1918.9712 576.77905 566.67664 0.0024177893
919.20776 1962.9684 173.9593 246.93019 0.0024089736
1059.4667 1583.6157 206.3873 379.8858 0.0024028576
541.4178 1751.6644 578.1703 864.4646 0.002400583
608.14136 1409.7601 202.89392 254.68193 0.002397569
938.02905 391.25323 228.45108 214.26349 0.002396658
667.2833 1439.1449 213.6709 384.28256 0.0023955044
820.72046 1349.8273 295.79587 998.80493 0.0023880282
1004.08765 867.51447 143.83914 176.64404 0.0023799797
355.69995 2074.2583 382.00568 283.15823 0.0023626855
349.15872 1640.2039 290.79388 223.36188 0.0023578787
639.65515 9.401611 1087.353 18.08831 0.0023561676
896.9797 1327.8326 153.22794 211.60748 0.0023548836
581.5758 318.742 1147.9017 572.42395 0.0023495404
878.1386 1050.2084 454.67203 659.3234 0.0023428714
101.592995 647.89325 181.0921 461.6676 0.0023385733
1003.2638 571.00665 246.05885 296.9086 0.00232388
1010.6094 1338.4772 299.56137 1177.4027 0.0023232885
619.245 1300.4514 146.80728 161.01555 0.0023232223
986.5218 755.38806 168.48383 217.91174 0.002322461
1048.1688 2124.816 219.22928 158.37654 0.0023204607
937.60297 1340.8822 189.0484 166.2142 0.0023151052
465.67566 1057.6191 608.5646 755.7324 0.0023148353
1017.3559 1481.378 287.10764 929.47687 0.0023122798
133.44963 1024.2163 245.52605 1601.3473 0.002311942
969.5701 1401.214 367.53888 529.5626 0.0023097696
937.4211 2123.7068 167.41246 148.56766 0.0023027293
659.8096 2100.4155 202.97 189.72493 0.002294211
713.39484 1229.1656 354.0588 490.90775 0.002284484
620.055 2126.3933 211.2127 163.3609 0.0022664065
1061.6455 1971.2505 172.37932 254.3352 0.002261722
976.3686 1139.3782 222.08876 243.1137 0.0022537776
379.73715 2015.2247 489.97052 391.0547 0.002251573
1015.42914 1532.0128 299.9034 1293.3232 0.0022483412
272.55176 410.43008 442.00623 513.08636 0.0022461785
979.51855 1794.1105 223.9637 197.02725 0.0022400985
606.0308 1500.059 209.41826 253.56422 0.002234792
358.50214 2087.68 522.62463 267.36023 0.0022301334
171.83936 2171.7932 327.7318 102.768394 0.0022253585
776.1493 1020.46265 269.34387 422.09753 0.0022249836
714.192 2102.6182 182.06197 152.5856 0.002224879
629.7451 1149.6287 966.68915 1364.001 0.0022235974
1029.8248 1383.7681 263.76978 858.6149 0.00222273
433.71573 1140.9852 239.19403 235.67908 0.0022209215
70.50758 2199.63 137.69408 49.52259 0.0022057395
705.8083 243.09094 213.62762 175.37895 0.002193546
332.30707 1703.5657 292.4898 1223.7618 0.00218854
873.8194 1331.0701 325.74506 592.93396 0.0021878965
661.6261 1647.2451 945.4258 702.8674 0.0021861598
694.76807 1153.6422 632.19586 937.11194 0.0021807484
395.4988 2039.8605 509.89676 352.37714 0.0021800138
474.78262 2137.6997 188.29431 133.78514 0.002167666
748.62616 1761.1232 166.77348 288.8628 0.0021668547
1020.6828 1034.4537 271.49594 717.1952 0.0021661948
1052.911 2111.6768 199.7809 171.69533 0.0021634828
629.4491 2120.8813 208.081 158.28345 0.0021626214
681.3391 1757.6661 167.79097 224.9766 0.0021621028
83.3215 374.12152 157.15881 441.69522 0.0021610733
1064.2878 818.77527 194.72833 538.4645 0.00215672
1020.5656 1344.7814 258.9317 1615.0962 0.002153123
930.725 1864.6405 150.58128 179.66298 0.002150899
1073.9562 1114.5519 184.9813 2148.0273 0.0021414633
588.9162 2178.7239 1095.5739 81.103386 0.0021401045
1042.3546 1361.2178 244.26912 1630.5244 0.0021255538
946.8959 2136.0874 219.5262 144.32649 0.0021218068
820.1221 2058.742 431.7013 458.88818 0.0021207742
1029.4243 1111.8147 262.41333 696.79333 0.0021091118
322.36038 264.20972 245.54715 230.51006 0.0021074745
872.41113 1275.8458 525.9903 617.65656 0.0021049478
625.2431 1130.3439 1057.8059 2136.085 0.0021027685
236.0386 316.72653 370.28677 378.78888 0.0021009503
106.52603 843.76215 201.41139 633.27026 0.0021004996
644.18274 1273.809 212.70724 258.84305 0.0020992076
422.9994 2034.367 509.22565 588.49927 0.0020906606
893.8711 2110.8018 161.02084 166.69466 0.0020906534
751.6464 1083.1002 396.0455 729.68207 0.0020771844
1045.2811 1373.6835 240.86461 1620.9216 0.0020735946
1032.2944 1090.7936 257.01218 1844.7428 0.002071286
766.22876 2142.8513 798.68915 168.7783 0.0020686511
1094.7297 1892.6888 140.42928 554.25494 0.0020654867
962.72156 904.9825 378.53714 1143.9735 0.0020640858
721.5307 2106.3625 803.9854 296.86215 0.0020575812
485.91135 951.2171 144.87257 162.93295 0.0020531192
568.4211 273.4542 251.17998 232.9356 0.0020458233
450.28513 2063.0898 646.91766 487.59772 0.0020445164
584.0418 191.50012 1137.0148 358.60382 0.0020357014
1013.216 1296.4285 301.32123 1723.9369 0.0020293882
362.71515 2116.5964 320.11337 183.2466 0.002025902
1065.8374 210.28668 181.91281 254.06915 0.0020253747
851.4797 1855.6008 227.11917 677.7442 0.002024362
405.42917 2046.5947 649.32166 353.05728 0.0020215847
443.40372 364.38608 256.68808 270.14853 0.002020951
1087.1027 2093.8418 136.08167 212.08217 0.002020793
1017.1705 1460.0687 282.6434 1077.2933 0.002019258
1105.9889 1953.5946 115.36363 482.63626 0.0020189034
200.1408 222.68376 313.1024 305.8488 0.0020177364
448.2576 2045.056 541.44714 376.2248 0.0020150975
983.23413 1332.2587 352.11755 809.36365 0.002007136
778.0958 2119.6172 173.10246 158.54646 0.002000521
650.4424 2145.6062 176.73717 91.63941 0.0019980902
449.7846 316.3503 200.6065 215.0013 0.0019961237
743.55884 1212.1195 240.73274 322.39124 0.0019951237
399.05017 2054.3582 587.7325 392.03882 0.001994685
1008.26624 1847.5222 229.66566 171.89348 0.0019872654
1024.9661 1504.4169 266.93634 1394.9615 0.0019811832
510.45688 2108.1655 702.5675 277.87576 0.0019786458
289.33176 1342.0504 335.1499 893.97516 0.0019747769
165.50505 539.6819 308.28113 876.2703 0.001965838
599.01764 2101.0576 738.4998 245.94427 0.0019619742
781.4991 1210.4752 143.49503 170.703 0.0019511024
1020.3328 1320.565 277.1511 1650.7833 0.0019468275
555.14557 1621.3861 530.0546 405.2384 0.0019451363
909.62933 1866.7594 440.53864 672.87866 0.0019397682
652.58813 1291.0065 734.65234 1048.4167 0.0019370421
1068.5352 1432.2445 185.87244 206.4264 0.0019348301
1104.5824 2142.8335 110.428665 111.25932 0.0019260362
268.94232 252.604 313.37924 277.1159 0.001924201
360.69003 1812.3451 659.4284 801.41675 0.0019169508
1033.4166 1403.8527 259.8795 666.2146 0.0019120332
984.0365 2197.5686 303.4178 33.02117 0.0019091626
1051.8995 1115.9813 233.76692 2149.9827 0.0019079527
1041.5604 1372.1567 239.68921 483.1414 0.0019013355
481.0617 2083.6167 686.31793 268.31024 0.0019008396
431.7879 1080.7351 582.6614 1012.78656 0.0019004189
252.079 137.06844 313.25174 215.52376 0.0018977319
825.7084 1401.5747 367.17844 602.67725 0.001891863
391.69464 1393.0967 497.2926 1445.531 0.001886972
972.5359 233.35745 393.82883 388.02524 0.0018779659
679.71155 1867.6952 728.4189 337.09024 0.001867605
1067.6497 2197.445 177.66965 46.672848 0.0018646412
739.047 1477.6392 425.04492 826.79193 0.001857211
1040.496 1547.9288 237.7181 1305.1697 0.0018534245
1116.3602 1923.6376 92.99917 545.5045 0.0018372438
607.68427 1305.2107 432.6141 1210.25 0.0018334577
585.8434 84.539276 1149.1042 163.54709 0.0018266714
691.9075 1988.4458 864.53796 422.48688 0.0018184979
576.5508 181.68068 185.4614 162.25592 0.0018167115
689.7107 1908.9735 333.42096 580.24756 0.0018149387
657.19794 1320.96 290.0671 1104.3282 0.0018129142
1053.415 632.28 214.79301 302.27695 0.0018098466
625.78674 1653.0101 225.39801 227.424 0.0017987927
1058.6848 1383.538 209.29022 1105.6772 0.0017949116
370.76453 140.96648 223.18053 174.91736 0.0017920161
1087.0657 2101.5762 123.8473 197.36543 0.0017852538
1054.4619 1549.7566 217.97267 1255.8832 0.0017782442
770.4859 2207.904 919.006 44.112125 0.0017720953
551.5247 179.15804 170.21335 145.45811 0.0017691144
627.8696 2137.1748 376.219 158.79857 0.0017670745
720.9724 2147.3027 804.0965 211.35168 0.0017663772
993.5343 2109.0544 178.80254 180.34987 0.0017579694
1095.0398 709.73895 136.91042 306.97296 0.0017515277
1113.6361 2056.2095 82.24876 290.79367 0.0017501252
592.944 1291.8184 965.5833 537.01776 0.0017485954
385.54608 203.12123 485.04636 322.89056 0.0017375669
1035.5116 1540.5829 249.78561 576.0494 0.0017358838
1023.0105 2206.956 253.3718 35.25529 0.0017345984
1065.8052 1624.5492 199.7422 1166.5647 0.0017304857
880.111 1616.9668 249.87357 902.9065 0.0017277974
272.97217 246.33418 516.499 428.84848 0.0017236456
1085.5166 987.1965 155.4321 812.2642 0.0017234809
389.63525 91.63742 354.75412 150.97946 0.0017086309
1082.8031 326.74713 140.2508 259.59897 0.0017072813
945.0948 2160.2327 288.45892 126.06081 0.001701538
1029.378 1145.6351 238.57458 351.20908 0.0016925635
399.47437 1451.9048 516.44586 789.1104 0.0016901682
1004.1007 1336.5668 309.38266 1509.8156 0.0016869201
573.1037 32.19174 1103.3829 64.19391 0.0016846154
1043.438 1323.4427 243.6155 899.1495 0.0016757302
534.3746 145.02324 199.6931 141.69391 0.0016738845
516.0869 1046.1395 606.04156 848.8865 0.0016737563
1082.8964 1052.5823 158.04611 484.32706 0.0016733673
1067.0306 1413.8829 196.71965 944.9982 0.0016724722
903.9232 2170.645 194.44547 95.82265 0.0016620393
1114.158 1757.6519 88.50083 216.18987 0.0016556019
507.81528 1241.6326 564.222 1114.3457 0.0016392862
1081.5688 1094.9756 165.31757 737.6807 0.001637465
1051.2174 2143.7898 203.37175 116.86762 0.0016313432
320.11365 79.502014 218.1359 112.762405 0.0016235244
1058.2485 768.47266 211.041 1244.1316 0.0016217405
477.92996 1937.86 297.35773 720.2 0.0016213955
977.871 2210.1714 284.41232 38.87914 0.0016165461
674.77466 2181.6743 932.9037 89.6614 0.0016138916
618.21716 2190.525 982.0945 87.72979 0.0016060806
1088.511 1030.6664 147.95903 452.13693 0.0016045315
922.88586 1179.6888 166.11041 198.90602 0.001602584
1051.8445 2191.4202 211.75084 68.27129 0.001599734
1098.9403 1230.147 126.78576 329.12823 0.0015986436
1055.705 1581.7607 207.53682 1146.8696 0.0015946119
672.57574 2144.1272 171.46335 155.01257 0.0015922278
529.51227 30.691109 271.36893 57.83286 0.0015791564
1050.9806 850.73956 211.53395 628.4448 0.0015790098
1090.8059 2012.1599 128.61044 197.14606 0.0015738058
748.61145 2174.3591 251.051 65.720985 0.0015613321
728.1176 2166.2815 787.22577 165.16046 0.0015380322
1099.3987 1847.5847 102.98965 380.58 0.0015372977
1117.0449 1736.4429 97.6877 749.6353 0.0015244706
765.1881 2198.6426 840.1656 53.283936 0.0015177593
726.3968 1173.4337 265.2667 491.56586 0.00151758
779.3701 2164.1719 204.84271 120.820335 0.0015062174
984.08685 2159.8696 327.8448 148.94675 0.0015042688
747.3761 121.90767 818.4999 232.82628 0.0015041758
1079.246 2144.1648 148.09727 155.07297 0.0015009729
1024.3153 1192.6136 259.50485 1803.0818 0.0014978175
982.27026 2225.1921 559.95233 10.623939 0.0014885744
1099.1943 1024.3973 128.33746 537.99664 0.0014880677
1115.6251 1016.88306 116.59749 273.6643 0.0014830994
1109.6223 1360.7257 128.41396 235.19301 0.0014750444
683.03815 1229.1528 672.0876 509.89807 0.0014746666
1102.3851 1656.3275 106.56896 282.5778 0.0014729537
1065.8591 1464.0133 185.54662 1468.7281 0.0014721678
509.01892 1298.8995 611.16296 1162.8806 0.0014715939
949.7187 1793.2031 350.63382 812.2125 0.0014693722
1075.8025 1420.9032 174.45186 610.24426 0.0014672986
421.39798 41.090603 452.02417 77.31963 0.0014606223
671.80743 1968.9188 203.41595 513.3162 0.0014581583
1096.3473 1174.17 135.47249 402.41367 0.00144604
525.62396 2160.1826 673.67725 130.4439 0.0014449003
1114.759 2150.6272 85.707634 108.25949 0.0014357392
152.15651 52.104534 300.24673 100.246346 0.0014275685
1082.9448 2145.322 156.04163 114.77644 0.0014237169
980.3933 79.45616 361.74506 147.14348 0.0014172547
684.61786 1371.7217 567.1299 796.45935 0.0014171805
1104.0178 1333.7141 119.39145 334.5186 0.0014158592
865.2597 1516.3304 300.29535 349.2642 0.0014039523
473.22766 1258.7549 472.55466 1330.5405 0.0014038949
588.2027 2158.4995 498.38138 132.52466 0.0014032619
1055.7164 2207.7202 181.9563 71.49591 0.0013935746
1112.6914 1057.0581 106.573784 263.69806 0.0013917509
1107.3861 870.6169 113.96713 328.64456 0.0013882318
595.3331 1452.5807 442.81506 1319.1243 0.0013848724
1089.9243 2177.9514 133.98549 88.42019 0.0013820891
1108.0685 1335.981 111.80649 346.70734 0.0013787984
643.6455 2178.0525 300.83014 91.11926 0.0013769659
361.18256 37.017895 699.812 66.00638 0.0013688593
208.22702 108.758934 397.30276 212.1476 0.0013666097
1086.4972 1582.9303 153.54971 931.37494 0.0013438783
1119.624 1855.4938 77.307945 259.1424 0.0013340979
522.5363 1080.1306 820.67 615.7043 0.0013276853
1020.9974 2199.701 249.22751 68.68786 0.0013272902
699.2859 1788.161 168.82507 168.8183 0.0013264467
1111.3264 1349.976 106.348656 263.5173 0.0013230375
1119.4124 1746.2408 105.18381 273.65982 0.0013203582
876.01556 2183.9312 208.45479 109.95145 0.00131425
1055.3483 29.94168 227.96307 54.690464 0.0013103049
1050.4463 101.99046 224.44449 171.78091 0.0012910179
808.9074 2194.6304 366.2141 57.134686 0.0012903368
1092.2189 1586.858 139.21027 1248.7449 0.0012886997
428.78705 2169.878 507.8362 176.44565 0.0012790449
407.35577 2164.4988 653.25885 170.0394 0.0012754732
610.5315 2201.7134 326.21036 40.905186 0.0012682043
1110.7382 1373.7988 106.3838 663.101 0.00126026
1106.829 2145.2466 102.36853 119.58164 0.0012495588
1124.5027 1567.2812 78.2998 343.33295 0.0012486886
303.15732 1300.6171 425.91095 1248.5917 0.001248025
974.8825 2104.917 358.99255 231.86977 0.0012418885
672.67395 1749.1503 616.57965 504.85107 0.0012382087
971.94995 34.343838 403.1246 64.65233 0.001235192
1134.5193 2192.4915 56.171314 56.337025 0.0012304174
907.8809 69.18231 477.4582 129.89493 0.0012273531
1107.0636 1417.5975 116.90702 265.68616 0.0012252505
1111.1425 1580.1381 97.163734 1258.5192 0.0012207493
1130.9304 2044.4937 57.910473 296.17773 0.0012138891
1122.9313 1140.4315 81.97932 527.4831 0.0012137596
1011.5127 2188.396 277.82162 98.0403 0.0012061932
1093.7837 2184.5894 120.55074 79.46844 0.0012041791
1102.1533 1203.8041 107.19871 1922.3623 0.0011983167
1134.2473 2109.5269 65.375046 182.13445 0.0011919178
1117.711 1384.9906 93.4777 740.10016 0.0011896765
1131.3328 1719.8435 68.52246 237.2855 0.0011830453
1131.7229 2093.5007 53.532436 214.96893 0.001181053
1126.3376 1233.513 87.96351 349.91388 0.0011706253
614.28284 1276.8352 833.8305 912.855 0.001162627
498.83734 1098.532 778.57605 562.95764 0.0011508848
420.75018 1633.408 289.35 554.618 0.0011396995
497.87396 1219.3751 716.8347 665.3903 0.001116246
715.30524 1784.1128 301.95905 773.23645 0.0011140571
1121.7665 1083.9911 76.99812 610.77484 0.0011131072
658.97784 954.203 508.17676 894.86395 0.0011110341
1136.9832 2098.3958 68.23753 416.56723 0.0011075306
487.47195 2212.4375 461.41296 49.425858 0.0011070394
1126.1781 1536.2637 74.23925 331.4856 0.0011005596
640.8262 1770.3359 390.7349 840.8553 0.0010967886
693.9974 1911.61 178.22015 586.7951 0.0010814664
1121.956 678.64636 82.37959 346.50867 0.001073513
391.76495 1243.4738 486.63348 342.33743 0.0010668092
838.23126 844.44794 427.95615 571.82495 0.0010527039
465.4572 1072.3469 908.0836 799.39667 0.0010502287
1127.2263 1419.3307 83.438126 256.39734 0.0010479435
1131.5782 1124.5444 71.350845 2107.9429 0.0010436778
640.88916 1292.0674 415.59283 1216.9587 0.0010433362
1134.0526 2137.7847 53.38741 146.00183 0.0010374844
1054.5247 2184.785 188.80295 86.27425 0.0010349853
1115.3881 1321.1635 143.51779 803.163 0.0010282936
1141.625 1727.1309 47.25769 907.3609 0.0010265196
857.2419 367.38284 521.14355 491.12988 0.0010218857
901.68335 2212.8442 200.22662 88.49913 0.0010203599
1044.0294 2198.5972 218.24947 47.406307 0.0010139125
1060.4691 2201.4602 173.04793 78.95357 0.0010123493
537.10986 2201.7341 327.5406 131.2441 0.0010064461
692.5116 2015.2217 394.40457 370.4334 0.0010017377
590.0265 2210.0295 295.08142 117.77513 0.000999906
347.29776 917.2081 435.1771 855.1639 0.0009955629
1124.5808 177.9493 193.70273 464.95895 0.0009700976
974.6855 2191.7437 483.22113 75.213905 0.0009620448
227.69026 1472.7069 283.2724 882.7583 0.0009471465
1143.0167 1946.4797 42.20641 252.2459 0.0009444913
1014.3952 1184.9219 293.2093 1430.578 0.00093893247
1135.7837 803.3238 59.090874 301.82843 0.0009271968
614.13245 1006.1093 425.13364 822.7223 0.0009233785
1146.6488 2104.9448 45.459545 319.89062 0.00092228653
1139.6584 1119.1454 50.825615 541.4224 0.00091682374
1116.817 1888.9956 168.8125 468.60495 0.0008638222
504.6666 1261.0071 699.37067 447.3448 0.0008533993
646.34906 2154.7212 494.70724 205.89117 0.00085256825
599.6711 881.17926 989.9473 824.63745 0.0008375551
556.62744 1922.2454 388.05734 596.5466 0.00083490013
704.5549 1615.9634 322.1544 907.49585 0.0008340024
578.6517 1459.6407 273.0191 1225.688 0.00082625524
376.47034 1315.975 415.5831 1174.545 0.00082272536
1149.3661 1786.3682 30.956604 304.32443 0.0008191094
1147.0344 1537.523 36.69009 355.45218 0.0008033002
410.2832 1516.0325 316.9078 1216.4147 0.0007980825
1149.6901 1436.1812 32.281445 448.34567 0.0007953365
537.2838 1649.9596 568.9174 1036.3666 0.0007892175
759.75494 789.5142 667.5975 886.5537 0.0007886386
686.1406 1145.2246 308.95856 1093.5776 0.00077598455
1139.8824 2215.7468 38.54517 22.436941 0.0007513833
724.7949 2151.3357 915.48035 151.84216 0.0007480508
825.5787 826.5426 475.19028 761.13086 0.00074310246
632.93036 1076.7039 425.9844 792.0088 0.0007387752
1154.6473 1864.7119 21.950365 304.02155 0.00073869637
335.58844 456.21622 610.37213 994.66455 0.0007363387
579.60046 1706.8169 866.4162 876.93604 0.0007354834
1158.8008 1529.6261 16.17873 252.8419 0.00072976365
1153.3 2130.7188 23.43579 160.49397 0.0007249843
656.58044 764.86426 731.90186 706.4892 0.0007171121
1150.6503 1465.0674 31.471893 284.43027 0.00071325543
917.0484 1279.9944 314.16843 1819.9121 0.0007071465
751.71826 1066.7571 587.8256 1011.1654 0.00070433615
1160.5128 2097.0066 11.804363 262.4461 0.0006990929
564.9118 932.54706 797.1065 744.7675 0.0006921184
1156.939 1126.3644 17.5689 1290.7714 0.0006777524
1156.259 1065.4893 18.703365 945.8558 0.0006741638
691.5714 1690.7162 276.00067 406.7286 0.000670795
733.7534 2209.7292 604.93634 56.072025 0.000635207
1158.1238 2159.4397 16.16185 111.330154 0.0006336286
630.20056 817.73096 799.7851 714.9427 0.0006310822
744.14404 1193.868 348.4838 450.04422 0.00063004106
681.71985 1295.1202 380.15582 1689.6562 0.0006229853
661.1 1690.107 822.79596 516.65247 0.0006173501
533.8215 1187.1223 838.4736 538.30176 0.0006156614
719.03076 1020.21185 592.73883 916.4673 0.00059638364
697.4744 1493.7152 259.6196 764.10986 0.00059473154
760.40765 633.0045 704.2034 630.7928 0.000570095
849.9811 442.8409 706.81366 379.50812 0.0005699212
627.9158 1025.6956 515.9125 958.66345 0.00053761294
704.254 985.4755 399.245 804.7319 0.00053362903
681.0354 600.9146 499.8342 656.37445 0.00051704864
894.46045 684.34955 641.8043 734.817 0.000515528
733.1163 1120.6448 380.731 1133.2819 0.00050647877
873.56836 1146.7693 622.60205 636.25665 0.0004705976
454.04987 442.3654 759.2706 942.32916 0.0004525302
397.97034 164.51349 751.9738 683.4822 0.00030000365
