398.17035 964.0362 788.61115 1884.4695 0.8977129
808.3505 1102.5957 142.28139 132.23708 0.08386183
763.9005 1100.7098 52.633484 121.034996 0.054258894
378.768 1111.5734 685.8666 1119.6097 0.039991073
379.683 1065.8033 624.7824 1163.2614 0.03896208
382.4961 1006.14874 690.03577 1297.3009 0.03705331
386.76498 935.38806 643.1499 1033.6721 0.034528777
830.01685 1102.0977 97.342896 127.742065 0.032820508
383.00467 964.1631 610.6989 1022.73444 0.028035402
397.9156 964.8218 785.6766 1878.5906 0.027592925
375.98822 1170.0269 687.69275 1012.8453 0.026355175
384.72958 1114.7418 581.3472 1004.9859 0.02447353
333.9907 1013.3446 619.31494 1300.9236 0.022912974
368.70172 1250.1035 669.9091 846.3903 0.02212498
379.15097 836.7918 634.9639 1115.4983 0.020245878
388.13947 788.6189 708.84467 1120.1162 0.02015584
381.91226 1131.502 580.0366 926.235 0.019940602
390.93283 1350.6898 763.2584 1040.3772 0.019124752
377.46228 857.7585 627.46967 877.7835 0.017964501
307.45383 997.87305 566.7549 1322.5685 0.015220844
371.08606 826.80145 613.4125 845.7227 0.015025712
388.83264 1510.607 765.96606 782.9702 0.014734981
385.78662 1201.5326 738.0832 1281.8989 0.014502822
332.56204 1462.3566 553.69305 432.63452 0.014461758
371.9865 851.59454 592.38544 850.58496 0.014151515
330.1474 849.52106 594.2838 1163.6217 0.013976264
361.7076 791.41693 627.836 848.1077 0.012944218
376.54733 1387.063 716.31433 594.2715 0.012873797
378.34393 819.8723 600.46594 767.51337 0.012808847
397.66132 733.5427 753.55896 1240.4109 0.011781251
428.59552 879.0835 576.8518 1030.26 0.0113815
355.35303 817.83167 546.95715 757.7214 0.01124005
364.7846 1336.5983 526.0447 630.9735 0.011067374
380.64822 1001.4456 711.64966 823.43634 0.010937276
776.259 1165.983 212.30826 268.65436 0.010453769
370.8849 1080.8387 534.14075 670.67865 0.010325214
376.0615 1203.0112 473.58606 810.7691 0.0100413
395.01328 635.287 764.37994 1050.9166 0.010038215
260.6082 975.1388 498.65536 1414.7677 0.009974074
363.26163 1188.085 594.0359 955.72003 0.009939572
376.15723 966.89685 551.0936 688.26276 0.00986425
295.7937 953.0244 559.5747 1535.3779 0.0095601035
358.1196 1286.5609 465.28085 745.1465 0.0094054835
312.23264 1016.80676 537.8987 1021.7135 0.009342402
323.1076 1288.0828 532.544 764.2236 0.008944707
402.69086 1318.7634 583.3133 693.1135 0.008668771
487.29312 1002.3557 547.7655 1247.691 0.00843729
330.8421 688.8092 577.79596 673.204 0.008304064
298.07028 1178.9641 529.2984 934.5957 0.00821287
376.6597 1157.307 686.8474 1035.6082 0.008109702
453.7581 1145.7345 482.42358 954.3628 0.0079075685
238.90105 964.02563 461.45053 1572.6621 0.0078874165
348.45813 689.77985 490.10382 585.10364 0.007811833
332.23587 712.5137 494.43805 582.6573 0.007680536
379.0518 1224.5831 420.93594 670.7668 0.007655815
799.05664 1109.2635 187.92162 232.05258 0.0075782095
296.5042 853.9339 545.67896 891.69434 0.007519682
473.2069 1128.0055 512.3232 1017.7579 0.007505525
331.46884 1554.3196 370.22534 242.67911 0.0074530067
804.61597 1192.5502 168.66702 323.94897 0.0074228197
204.4085 885.60547 264.73105 251.2655 0.007235866
597.1171 821.288 190.8381 301.0284 0.007195593
472.56857 902.8394 531.6865 981.4215 0.0071554305
390.51743 490.24954 763.2097 887.293 0.0071524302
358.24255 720.56213 649.13245 658.5369 0.0071357284
809.16516 1101.6302 138.19945 127.92014 0.00710146
490.3173 1482.4252 122.141556 150.41234 0.00701787
96.031235 572.63824 106.48173 93.81169 0.007004134
472.3565 1063.8201 511.909 1144.0006 0.006933005
263.09097 888.8957 496.4769 1031.7678 0.006914841
396.50275 701.3669 670.6308 924.9377 0.0068902057
545.768 829.52124 281.6174 327.4216 0.006884169
303.1419 1402.9796 569.0736 580.8368 0.0068724356
404.3637 799.3204 711.35297 1085.5886 0.0067723417
481.9355 814.83154 417.42566 582.94055 0.0067439
513.78357 834.10547 232.8495 281.9641 0.0066977474
481.5105 852.6631 422.80304 620.1522 0.0066933963
375.04733 1319.9397 337.53485 383.66928 0.0065417155
322.98868 615.7387 601.33386 806.66504 0.006535038
457.32278 730.7262 355.63263 498.71667 0.0065108393
180.5941 1488.4387 318.9688 379.74988 0.006508964
293.8824 913.42834 445.01105 891.642 0.0064764735
399.77664 751.29755 330.06454 416.06284 0.0064513017
489.92422 1180.0237 487.56064 927.0652 0.006434605
238.59113 837.8739 452.18744 930.11194 0.006426349
348.62903 1641.627 676.4639 524.8472 0.006421339
303.86545 1476.2625 335.272 344.4666 0.0063683214
390.57153 1282.4109 351.7774 564.6912 0.006363791
349.54538 1137.4078 395.905 681.5263 0.006329177
730.16345 946.5409 123.43867 435.25858 0.0062813424
377.57617 963.19867 417.273 501.3357 0.0062790834
384.13193 997.6458 746.1597 744.4532 0.006204164
479.29764 912.9652 445.9571 757.48553 0.0061623976
356.05563 686.82623 310.44568 422.56036 0.0061241165
484.6572 994.02246 534.40247 1061.0759 0.006102312
418.21628 827.1352 491.02225 591.72375 0.0060545052
753.5535 1219.7216 256.3699 382.87805 0.006043651
202.70528 1718.2065 212.65683 132.57283 0.0060085803
296.3318 617.4179 557.63403 776.791 0.0060059805
741.96954 1146.72 270.6337 242.69008 0.0059999973
498.9783 859.5086 502.49075 900.48553 0.005972891
278.58878 978.45966 419.51123 1150.7595 0.0059506856
462.21216 783.4434 352.5854 441.1589 0.005936647
808.88464 1206.1025 161.32372 354.24435 0.0059241406
183.94168 491.17563 336.74658 418.20358 0.0059152115
363.04898 625.8471 686.8544 823.1136 0.0058921496
324.32898 1198.3596 528.2429 694.27563 0.0058827247
311.72742 692.1086 385.0909 572.3775 0.0058808625
337.20776 1387.9279 410.41385 553.4027 0.0058776825
688.39014 1173.0897 153.099 243.56421 0.005835176
293.48468 346.56976 292.84543 242.50082 0.005831805
578.5984 843.8368 272.4336 426.8829 0.005825964
263.99237 559.1495 489.36707 656.8907 0.005806073
391.6317 1201.576 754.8404 953.4122 0.005792374
722.8716 1159.0187 135.03554 247.18753 0.0057597035
285.4593 1003.5793 519.5932 618.09125 0.005751157
412.15747 865.1902 499.7933 538.9276 0.0057430975
398.95297 1434.5393 435.1543 462.86618 0.0057394225
254.88287 839.88513 482.9597 908.5037 0.005731483
474.46786 1087.3711 295.98978 368.7974 0.005723714
333.7632 676.04126 445.5004 490.8857 0.005714541
556.54987 804.2284 374.14136 706.5175 0.0056808037
263.45105 658.06274 471.35236 550.97345 0.005673487
390.2166 1246.8152 317.22726 571.4446 0.005671261
189.9761 1068.0933 362.81427 1205.3545 0.0056528547
291.59546 753.2654 550.3211 974.6671 0.0056321556
289.17108 1696.336 565.7212 423.3601 0.0056041954
376.0176 877.97107 333.1642 769.62225 0.0056020888
517.1729 1076.0317 479.15988 1115.4419 0.0055765873
746.56415 1217.8951 270.53983 376.37204 0.0055415127
358.81866 603.813 675.8604 790.6334 0.005525184
509.54868 789.02203 531.5966 963.16547 0.0055040047
232.20009 1766.768 446.79504 230.13676 0.0054734545
456.91443 725.6214 436.8583 566.0395 0.005457302
365.5083 891.7126 336.26675 627.9801 0.005413905
397.8271 1136.1311 330.43768 379.63736 0.0053885197
452.5798 1424.5236 598.26276 813.60504 0.005369305
361.28986 741.7677 652.607 632.07367 0.0053482736
335.02252 1126.162 362.01587 857.2837 0.005345552
389.97873 1096.9484 334.42685 899.6826 0.00533905
725.65936 1222.4418 134.52559 372.56348 0.005332731
564.80945 880.0672 286.25705 446.6034 0.00529359
801.3143 1093.4836 130.89424 151.75177 0.005254353
447.7333 570.0066 100.84095 139.18193 0.0052342513
398.53442 1476.5275 376.85144 385.8977 0.005232923
288.8795 886.1946 516.622 1227.2567 0.0051813424
728.0855 1143.9043 127.56232 213.86395 0.0051662284
342.23056 1510.3585 154.6621 162.14162 0.0051175905
461.33194 1042.2733 479.3514 593.6333 0.0051153284
261.9098 516.46356 459.1046 429.676 0.005114884
448.89145 964.7426 547.5011 652.72656 0.0051009627
190.21268 926.3122 339.75558 403.15424 0.005099373
581.8475 1213.9927 181.11914 261.50952 0.00509926
422.58475 883.4411 453.3489 478.3828 0.0050944597
688.6419 1195.076 198.97078 315.42776 0.00509107
389.15863 1132.2014 440.02127 441.20895 0.0050775674
235.82904 1743.8324 457.28098 292.89554 0.0050711106
375.99316 914.7146 449.0238 534.6958 0.0050614364
179.14839 1639.4846 346.5261 513.2083 0.0050419755
310.36572 1713.0884 130.07918 112.95116 0.005039522
519.29443 1140.3268 463.75018 1088.2389 0.005034045
441.20422 946.34143 448.1331 547.8687 0.0050328937
589.53094 987.20886 334.26523 593.13495 0.005029931
331.18643 1647.6246 643.5503 509.32666 0.005000977
340.99075 1691.2891 675.19946 433.6462 0.0049937572
532.2764 995.8569 432.09262 909.34644 0.004987156
465.27576 1119.5719 460.56332 1022.42535 0.0049845516
545.3382 1053.4058 401.9297 789.4212 0.0049758744
437.6247 820.72784 451.37424 570.7745 0.0049566026
625.7604 860.31274 161.78452 249.80832 0.004910911
621.44226 1206.9857 142.18394 202.72888 0.0048738774
597.53143 896.1607 359.9507 796.5414 0.004870717
469.05695 1680.011 205.4237 213.16318 0.004861688
540.778 1068.0377 445.74832 1181.6312 0.0048603755
549.5575 1124.8115 403.9885 899.05145 0.004850993
712.56805 1219.8314 98.631065 151.9251 0.004846546
780.8954 1112.8921 207.15596 187.47617 0.004843396
195.39644 988.6815 361.87994 527.8738 0.004820771
741.2861 951.4942 103.2218 419.86285 0.004798021
343.0494 810.0254 347.81818 500.301 0.0047891364
203.26143 867.766 391.74142 1089.2924 0.00476301
638.58466 924.9581 255.80608 491.16867 0.0047603883
594.9744 1201.7804 202.63814 312.7109 0.004757511
529.74316 866.61285 468.63855 926.3925 0.0047557596
478.12183 889.4419 394.52438 452.0755 0.0047523417
489.22052 1113.3638 419.79926 1079.3262 0.0047441325
515.2623 1168.4679 259.37164 377.18054 0.004737408
481.42746 1399.166 430.42715 557.6767 0.004734886
716.8513 1174.8264 325.75995 294.4158 0.004702321
507.22684 731.56213 566.5537 1073.8876 0.0046805074
570.42804 1030.8483 413.25992 1213.9276 0.0046709473
563.063 725.66223 448.60715 907.6164 0.004666562
470.17078 697.02167 412.2197 555.31476 0.004662774
565.03723 849.8995 419.08823 852.86334 0.004658487
390.0881 1694.9108 269.99533 253.24147 0.0046301293
458.6956 1306.4716 392.16992 613.1404 0.004628312
396.54382 1208.574 321.636 637.5046 0.004622148
689.90594 982.4149 207.03642 595.87317 0.004604683
622.8478 1023.9124 297.67352 569.3443 0.004604394
511.99707 1391.846 350.84573 486.291 0.00455776
493.83862 1461.409 186.58755 224.50786 0.004544716
696.7661 948.1358 183.10316 437.77414 0.0044980766
354.94037 627.7817 405.6962 445.61865 0.004488536
637.58624 1016.6479 295.26514 721.637 0.0044799894
403.18658 1232.2263 380.93085 469.22192 0.004469046
522.6468 1406.8549 414.88458 544.6233 0.004467099
481.2696 1338.6301 313.20923 509.39407 0.0044646524
545.5954 1093.234 421.21045 965.45605 0.0044591646
319.20282 1192.8612 375.368 937.254 0.004456547
661.1819 1098.7821 244.31671 386.55173 0.0044544316
538.6042 836.14545 381.83585 648.3288 0.00445344
410.28586 1398.72 295.834 321.03336 0.0044460325
333.88684 419.00775 64.57166 75.41256 0.0044172606
563.94666 901.9411 424.03366 971.0008 0.0044171596
515.7497 927.21814 454.66034 882.07153 0.0044167046
371.38702 1567.219 703.79987 656.3264 0.0044124923
598.4951 824.1796 326.08844 659.7147 0.0044121444
569.1347 1086.1416 398.36472 1047.1112 0.004394668
489.61353 1218.9906 313.28882 697.0084 0.004393231
511.40775 815.32227 142.62048 202.48506 0.0043793437
540.43427 1393.0061 323.03287 483.19894 0.004377629
484.74966 1273.0092 311.8 706.1365 0.004376436
343.87885 1428.2499 239.6802 428.96335 0.0043658526
605.3706 900.03064 195.0306 245.2298 0.004358598
414.0185 1558.8835 358.15448 328.6842 0.004347543
88.31706 620.6113 154.05481 206.13861 0.0043098335
496.91614 1492.0887 227.29875 294.1828 0.0043088556
666.4073 992.5747 243.28662 549.5413 0.00430126
603.9675 1338.4446 163.8769 270.10556 0.0042746495
331.74762 803.9874 388.46405 621.91876 0.004269925
705.6755 850.3081 100.391556 233.61761 0.004253884
806.7034 972.09143 167.36371 398.767 0.004251356
379.54886 1283.7112 287.4582 451.2152 0.00424626
361.61325 943.57825 392.38287 903.1848 0.0042316075
436.71948 975.6951 533.89014 577.4526 0.0042243623
125.871735 1625.0295 240.66582 512.03125 0.0042027906
519.94696 817.946 525.9463 1115.7223 0.004173087
835.3119 1117.2733 143.1248 178.10745 0.0041603646
521.69025 773.42194 379.58395 625.30804 0.0041497694
793.7925 1015.83185 202.89223 481.9961 0.0041448344
795.0471 968.53735 181.58015 409.9485 0.0041421484
398.19415 1743.2296 806.858 358.19058 0.004138234
663.70233 1268.0061 248.30678 468.58444 0.0041342685
481.07425 596.59235 258.1589 345.97986 0.00412212
356.2953 607.8901 288.8609 349.06335 0.0041158865
336.57043 1055.9362 466.2037 1082.727 0.0041109757
243.62073 915.9602 332.4652 361.39993 0.0041070045
713.24524 1285.296 120.31186 239.25284 0.004105636
791.3045 1304.7009 207.42111 541.1272 0.0041052382
320.0247 914.1521 349.95682 864.58875 0.004091997
431.44064 1691.2883 275.6958 266.45645 0.0040885103
813.32556 1335.7183 179.58696 615.9911 0.004085159
519.42737 1166.3792 501.25565 1375.77 0.004066965
264.93826 938.18896 328.04843 363.542 0.0040603536
596.03217 1013.36005 367.1519 1191.7937 0.004058846
280.84183 1141.9313 395.75085 651.2745 0.0040562158
408.06152 1482.0388 220.39102 221.37498 0.0040540723
684.1189 1044.4784 201.97192 410.08926 0.004047345
824.3816 1124.1671 143.82475 215.61662 0.004043979
685.92865 1245.6638 205.82817 419.4431 0.0040296903
451.07953 1279.6876 218.32404 277.94785 0.004018438
478.45895 1114.9788 329.8921 899.9416 0.0040131416
641.3155 1337.8303 289.8894 592.5348 0.0040105353
503.09756 858.5567 503.71436 961.9429 0.004006956
618.17566 1316.0132 336.02646 576.354 0.003989657
161.09532 1685.3945 313.59293 436.44043 0.0039875484
107.20427 964.1578 206.85701 1824.9504 0.003975652
579.7388 1218.7056 369.5649 752.1126 0.003971553
588.3803 968.4271 381.88113 1070.5236 0.003955152
639.639 1087.1024 295.75345 954.8412 0.003944436
288.17374 1173.4941 120.55272 153.75769 0.003927811
474.39676 901.08276 501.05542 600.1106 0.0039242995
435.91632 549.58234 212.21603 248.7124 0.0039237775
567.0222 1343.1775 390.81653 634.868 0.0039228387
384.51532 1182.9731 749.0482 345.0853 0.0039136857
522.0052 1615.2416 167.51697 196.84213 0.0039076437
567.53424 892.8881 434.24744 1139.1279 0.0038956145
644.7701 1124.9265 286.94177 916.0016 0.0038860193
739.09546 944.723 108.684364 434.72873 0.003881636
437.58292 729.6823 366.97302 453.2076 0.0038740733
110.254524 460.5982 194.40704 307.62137 0.0038601407
524.6851 918.04675 424.89343 789.82 0.0038565446
556.3661 880.8199 449.73465 1078.8326 0.003851564
449.8615 1807.0642 889.55 237.11516 0.0038262517
528.0239 832.02185 504.47723 1110.7515 0.003825972
223.50833 1737.3561 128.06168 107.85288 0.0038186437
282.4589 1672.9644 414.65936 355.50098 0.003790255
672.5936 1169.0713 401.81494 316.8009 0.0037883557
491.22705 753.177 591.59186 1055.7985 0.0037853532
552.6935 1520.304 402.27258 582.9591 0.0037849776
159.55647 1752.7236 299.01035 262.67526 0.003781615
509.879 1365.7692 244.47574 527.3711 0.0037810546
528.13513 830.2886 446.71628 817.0755 0.0037694802
495.70233 880.191 498.8476 777.5518 0.0037589727
707.10345 1280.5632 180.5257 490.1998 0.0037395519
604.6257 1450.6581 378.26413 830.77423 0.0037324508
679.6078 1347.5892 131.23723 224.1015 0.0037239105
274.65152 639.05255 527.0747 838.55414 0.00372144
197.72293 868.49963 147.77939 140.45712 0.003716419
465.23734 1641.9286 111.94897 115.85453 0.0037160236
477.57422 1329.2339 725.71954 797.9429 0.0037017323
186.09138 1814.0012 360.17615 194.17928 0.003694334
403.8534 1235.7134 264.12064 650.0072 0.0036773854
809.8159 965.85535 193.82841 414.17755 0.0036715043
790.0787 919.2134 224.35474 503.62045 0.0036692757
778.88947 1470.9138 261.73187 883.54913 0.0036480573
454.39902 694.05383 283.37747 458.93344 0.0036430815
314.11533 1716.9117 306.1009 287.5537 0.0036292938
822.91675 1455.0856 182.96898 895.47705 0.0036026563
451.36603 1299.7979 342.53342 697.6484 0.003595114
300.92584 733.9778 326.0824 436.73996 0.0035688214
443.14664 341.1743 874.1004 648.6319 0.003568684
556.9617 1476.7196 232.24486 290.49014 0.003564807
741.2237 985.44977 276.48483 648.51056 0.0035592774
486.78946 959.99963 539.21326 1207.2439 0.0035575698
654.0776 897.5834 107.77157 143.49046 0.0035529598
413.90845 997.51965 260.30258 349.59616 0.0035452703
436.11597 857.63446 196.08446 247.79086 0.0035423015
366.80264 901.16736 254.69875 317.6115 0.0035409755
574.786 858.40015 418.739 1082.562 0.0035391185
407.9395 962.4122 250.13185 364.86588 0.003528443
447.52808 579.6979 245.83713 303.75616 0.0035246457
824.09326 1163.2677 157.27156 273.44794 0.0035195716
371.36078 1189.9138 272.35532 870.7568 0.0035103739
480.48853 881.1129 481.50046 1111.7601 0.0034946166
629.702 851.4796 131.1687 189.22581 0.0034893432
578.0947 977.7964 361.53757 687.2942 0.0034829557
538.1483 1538.7274 337.6667 440.42365 0.003478677
621.5739 1027.759 325.79788 1072.4546 0.0034785115
513.2117 832.45514 356.22208 558.3524 0.0034782125
352.4374 1541.6046 195.26555 132.29897 0.003465705
644.57275 1094.2306 272.4113 751.9987 0.0034641807
595.9481 1121.5375 364.1419 1154.3385 0.003441798
692.131 1078.631 346.14407 630.07837 0.0034373752
380.58838 1115.7358 365.0024 377.75775 0.0034309225
519.68463 1654.2291 207.2735 271.92496 0.003427323
490.3584 1301.6294 453.8179 716.2154 0.0034232195
791.23785 970.3924 161.73752 406.81778 0.003422486
516.3957 910.0823 509.62195 806.99066 0.00342099
139.46445 1696.3167 248.47874 310.80838 0.003418148
643.9588 1098.973 282.43878 865.84625 0.003408594
518.45276 853.90454 390.89566 728.7293 0.0034019884
775.10504 808.1327 255.12366 731.54364 0.0034014485
227.69981 1717.2897 375.26505 280.2423 0.0033663549
707.7929 848.39923 180.20674 642.2199 0.0033524367
391.20587 1465.505 214.96036 209.39795 0.0033475012
419.25217 1125.9431 247.02818 277.38492 0.0033438553
199.6236 1177.4353 220.05504 209.20264 0.0033394787
730.0141 1340.7125 311.63208 625.6097 0.0033385393
287.44333 960.4831 528.7056 444.5553 0.003328324
682.32623 869.2461 211.88362 570.2592 0.0033271208
774.19324 1283.9948 229.4922 505.03824 0.0033218893
263.02686 883.52203 209.45023 226.00426 0.0033100273
319.24042 1787.5278 641.141 269.2147 0.003299382
404.7703 1613.0579 261.7725 244.69691 0.0032949254
540.8611 959.01685 337.85553 475.32922 0.00328735
770.2519 1176.364 221.85867 317.64368 0.00328578
537.46387 788.04193 477.77454 880.9193 0.003268928
446.97 1670.5791 357.41397 374.305 0.0032641278
201.12923 1170.9485 279.15094 262.70316 0.003251887
617.658 1326.674 329.4292 659.1618 0.003228919
250.4372 621.03436 487.44543 753.4366 0.0032135013
721.08954 861.16113 104.41827 252.22723 0.0032052244
509.5857 877.9813 535.6334 963.22217 0.003203785
584.4768 1139.136 349.4421 1102.4517 0.0031948357
504.1799 1278.4912 315.94336 735.70154 0.003187225
380.65292 995.16675 698.6006 728.1438 0.0031823143
361.84375 660.7026 697.02875 752.0916 0.0031737778
173.76398 1600.5342 340.12207 612.71027 0.003171739
285.96045 1457.5852 378.91547 427.95096 0.0031674828
424.88278 841.70447 333.2969 422.37225 0.0031647154
516.42377 1131.1056 338.5213 992.89276 0.0031572373
338.80573 892.1826 250.57953 323.82962 0.0031565453
417.85632 1192.01 821.6919 393.46933 0.003138035
613.42914 938.1234 335.80267 1001.22595 0.003132423
327.0311 1341.797 138.40422 159.64363 0.0031293004
368.65536 1688.7979 741.40826 447.8773 0.0031290401
813.9689 1233.1873 156.29869 406.77164 0.003114958
789.7135 1089.0411 218.17123 640.4811 0.0031131713
395.3894 975.58124 227.4181 340.523 0.0031125753
584.10657 1147.8811 345.28534 1001.52997 0.0030988615
817.5339 1293.6699 166.21709 530.70105 0.003097586
164.92357 143.529 304.72733 211.03477 0.00308877
134.87132 1395.375 260.0149 1009.43945 0.0030842538
584.9916 1333.9447 345.6677 615.8976 0.0030719377
236.82903 1819.5764 311.2077 169.5457 0.0030425424
837.93304 1486.4418 149.20528 907.73535 0.003039054
802.59283 1223.431 172.30457 395.9728 0.0030303653
750.34174 1077.4655 257.81357 663.8003 0.0030051887
388.85422 768.2639 770.4068 839.8918 0.0030050871
88.11769 1579.5533 160.12054 424.74258 0.0029919697
635.9046 1070.837 445.26117 535.42957 0.0029911618
321.6828 1504.0806 454.68002 315.15186 0.0029848688
610.0003 1263.0635 343.17578 475.93134 0.0029836926
492.7458 585.1212 126.12406 156.56473 0.0029792758
360.06107 1182.3853 280.56158 780.6051 0.002975351
252.65913 1155.8715 235.12154 263.6747 0.0029738573
724.67474 825.7618 290.11783 705.5377 0.0029718971
347.8629 1029.4539 211.9166 260.84378 0.0029708445
500.0568 552.5509 170.45563 228.95506 0.0029683288
491.61105 10.281641 857.55865 20.320995 0.0029650566
729.9068 1093.1185 164.24387 763.2837 0.0029494814
296.87558 931.44574 343.72092 1000.04926 0.0029467116
156.90512 1082.7151 270.821 317.77005 0.0029438187
354.11206 1757.4851 723.9151 307.73337 0.0029370582
663.0882 1417.6119 174.98651 282.6129 0.0029313609
553.4169 820.86456 452.76273 895.1595 0.0029249177
124.57709 284.8403 202.60265 176.08047 0.0029209878
637.64746 1253.3256 311.769 523.5815 0.002920949
501.46982 1239.1448 131.73544 207.26141 0.0029085528
593.9392 843.8952 365.60883 678.87463 0.002904584
393.44427 793.67957 779.4331 940.0873 0.0028982342
238.73236 1068.7604 436.35556 591.26886 0.002880648
454.7378 1485.6425 114.06702 134.03159 0.0028778662
669.0542 1010.3363 265.35794 922.8085 0.0028746473
539.3515 1603.1372 261.28452 268.334 0.0028693364
387.13263 961.8344 311.5433 382.177 0.0028691904
343.51242 1248.9597 342.39102 761.198 0.0028624183
447.3276 1854.525 882.2852 144.11111 0.0028605966
363.17004 1486.9957 251.87161 395.40417 0.0028505886
512.4905 1580.755 241.69037 352.98917 0.0028487754
474.76624 859.3052 308.38184 341.31323 0.0028485942
497.1846 1050.0554 307.9437 696.5225 0.002846689
522.2472 985.70874 500.65167 984.9441 0.0028351396
569.6663 1084.904 405.94733 491.379 0.002829268
762.27747 968.8157 247.47987 703.08307 0.0028084512
380.63858 1618.5638 277.06552 391.8162 0.002804652
567.23553 1092.6716 130.49211 189.18887 0.002800622
655.80853 951.82355 164.85551 214.60411 0.0027980583
384.01907 1479.0853 163.0553 258.1312 0.0027935237
808.61523 1229.5642 151.46489 402.58878 0.002792375
491.92908 1059.1381 146.89731 206.93729 0.0027867309
588.4051 986.72595 377.04764 1111.304 0.002781356
758.8824 1774.535 267.6789 295.0494 0.0027802426
513.57495 1013.53564 268.716 648.5272 0.0027738367
674.75354 1050.7297 229.76237 902.092 0.0027686344
393.1779 1447.2931 117.68217 132.96523 0.0027666732
685.6749 922.2378 326.71097 867.572 0.002761316
498.50674 1730.3634 111.11868 136.36267 0.002759581
491.5958 1006.49756 350.35803 877.2497 0.002756508
349.8728 1740.772 725.1451 335.35233 0.002756428
381.3927 1168.5774 181.20091 208.00903 0.0027435513
649.0894 1281.5487 279.02673 493.13782 0.0027375147
651.27167 1298.1753 94.64489 167.00294 0.0027346888
662.1529 1230.6588 240.17381 518.4801 0.0027252666
505.73508 1065.2517 307.76242 759.6042 0.0027108288
316.16077 1051.4246 226.40953 289.6046 0.0027106046
736.56195 920.57214 82.93205 193.62589 0.0027038583
847.214 931.93 171.58493 581.4102 0.0027030252
734.3223 1118.3877 270.21814 762.3975 0.0026981477
809.00073 1671.8915 200.67409 512.7852 0.002682747
307.67847 240.19807 214.64343 182.09052 0.0026693207
432.02774 619.658 849.33875 1105.1671 0.0026648624
675.3561 1370.0859 188.92224 398.08878 0.0026521224
675.1255 1051.9219 156.91812 229.32742 0.0026369735
113.043015 1555.8434 217.53764 688.0536 0.0026324824
236.7396 1765.9606 167.39014 181.97641 0.002627002
618.85394 1038.637 320.6949 847.51227 0.0026161165
675.7122 1075.4103 230.74022 874.27905 0.0026139254
456.47272 1062.5991 478.7259 1112.0463 0.0026120513
660.06616 954.73456 295.35077 1028.1716 0.002610444
840.284 1752.9209 138.59267 343.604 0.0026040818
766.2838 1051.3392 228.7686 840.9664 0.002600353
734.33746 898.29474 299.54904 854.014 0.002598784
489.04898 1178.4513 361.41058 962.5165 0.0025954242
470.81018 1033.556 171.3131 195.37108 0.0025918705
445.42908 1380.4867 157.24045 216.55565 0.0025872444
370.78793 1320.9143 245.91296 616.36365 0.0025806266
632.62445 971.1581 337.79794 1217.7745 0.002575129
503.49716 1016.7219 225.39317 292.1257 0.002573578
195.89618 149.34508 197.00926 132.4442 0.0025709816
276.51355 1814.288 387.47397 192.27365 0.0025692594
612.5371 909.6964 369.02457 1190.2794 0.0025677886
473.924 1240.2876 162.36505 279.80795 0.0025654081
685.17236 784.5059 201.53267 529.6578 0.0025649664
374.5792 959.0616 570.1205 1265.3679 0.0025625413
735.0823 1847.9664 202.28667 151.68077 0.0025598493
839.1459 1103.6809 107.720856 130.15941 0.002537192
434.8315 1321.9039 147.69107 210.82518 0.0025355925
401.28235 627.70435 210.91728 277.0063 0.0025323983
234.3457 1290.7301 328.69016 321.08304 0.002531499
469.1813 954.4326 192.57335 241.53818 0.0025294193
514.8063 1148.5922 305.08017 958.27136 0.0025281948
644.8436 1299.3125 274.2348 677.75946 0.0025263713
296.22278 1006.70734 135.46774 169.86124 0.002522788
460.9283 316.95737 150.85391 202.02087 0.0025206448
693.2882 1086.7125 212.15677 928.9663 0.0025088212
399.16943 968.2501 788.22705 1870.9764 0.0025047422
510.98868 997.91125 189.3231 239.75293 0.0024970046
315.82245 225.95601 202.15262 185.3342 0.0024815826
821.95233 1009.49646 122.22998 313.96292 0.002480525
568.72974 1418.5167 151.36758 228.96887 0.0024799802
815.0455 780.991 188.56824 780.84576 0.0024784517
604.57465 975.15375 425.8036 1365.4913 0.0024764342
786.441 801.55206 202.46153 753.18335 0.0024761907
726.23376 1239.412 291.24136 619.6755 0.0024744703
496.0779 1483.7849 114.17992 179.80505 0.0024580015
778.0643 1304.1959 234.43092 547.95776 0.0024578061
500.9449 998.05347 493.37994 1138.4974 0.0024508704
236.77103 469.96457 448.68973 528.03094 0.0024322118
660.6906 912.98315 254.83575 573.8855 0.0024314297
712.56323 1216.3207 265.77777 476.10895 0.0024308378
613.4901 1059.265 336.58347 1090.7954 0.002423557
580.35364 991.26434 363.63724 1337.429 0.0024230601
437.19394 1386.0675 124.13195 168.6622 0.0024220531
575.38934 1027.2192 397.694 1179.1495 0.0024168098
717.17194 1859.4153 178.9897 130.57765 0.0024151478
585.2537 1288.1887 143.23152 298.78238 0.0024132943
657.1171 1192.2546 276.77573 1127.432 0.0024098458
319.31516 904.54114 221.82338 313.6207 0.0024010993
638.8456 956.51154 324.7937 877.874 0.0023850491
375.79614 1007.1111 382.85553 711.0165 0.002357226
588.2851 991.07355 379.18405 1340.3293 0.0023503385
605.426 1569.527 341.53067 678.98785 0.0023493068
469.4239 815.36017 178.93129 270.73508 0.002338005
804.4845 1142.4604 171.63963 587.63983 0.0023349193
469.94202 1160.1066 132.75002 205.89812 0.00232717
637.6059 1140.9557 323.4147 1269.1367 0.0023246163
607.7635 1048.3042 219.67905 341.0331 0.0023230654
406.4986 1200.127 190.0178 304.81937 0.0023185904
596.7547 1542.0344 370.98666 746.5126 0.0023083098
697.5343 1258.0928 236.51236 789.1958 0.0022963544
749.9488 1285.3407 286.4502 559.50464 0.0022907865
718.788 1821.2803 360.60135 211.9787 0.0022892808
173.11775 1416.4678 214.43933 202.02812 0.0022758327
500.62003 820.9967 122.22826 160.32114 0.0022731046
357.97388 1805.8322 735.3127 239.19585 0.0022721177
846.71265 1713.0801 143.62955 250.21085 0.0022694017
747.99567 1851.1777 150.55154 133.08597 0.0022635336
777.03876 1816.4976 192.24416 192.30788 0.0022552782
565.1812 1581.84 148.86122 225.55098 0.0022512185
385.4131 1497.6931 743.3002 832.9726 0.0022433193
782.663 1444.2155 184.16737 847.3629 0.0022407104
565.634 1524.8219 216.3562 386.15762 0.0022390212
712.6824 1313.4313 295.1605 556.2898 0.0022317711
788.0049 1763.047 221.83334 303.76642 0.0022288265
786.8027 1711.1969 205.4533 270.58017 0.002228379
585.4329 1524.1738 105.31651 180.12442 0.002225961
542.7355 1777.3109 427.90222 274.9914 0.0022257026
112.04672 1075.2192 215.073 1197.0107 0.0022150467
737.5565 882.74335 311.73114 914.01373 0.0022137465
495.5285 1075.6272 336.9278 845.2439 0.0022116401
413.8879 1429.8511 189.49022 300.68655 0.0022099507
578.078 1078.6273 382.15268 1216.8486 0.0022059304
405.7104 355.86136 794.8221 681.356 0.0021993648
818.02875 1567.987 185.60072 331.2251 0.0021838965
467.90448 1249.0525 363.0773 725.9119 0.0021798487
843.72864 910.9535 142.35878 503.11652 0.0021732594
832.40625 1795.1063 161.29135 263.22308 0.0021705
559.91174 1559.5215 150.19083 232.69354 0.0021666896
452.2527 366.8319 890.3417 711.86774 0.0021659846
695.19794 1778.2367 334.62106 292.41916 0.002165457
372.89005 1198.27 364.25098 811.27936 0.0021604667
564.7067 1534.1766 212.21458 357.74203 0.0021584106
458.13922 108.71073 906.0475 211.5769 0.0021548264
540.1084 1156.7844 277.80826 969.4463 0.0021533833
725.01807 200.9496 340.88934 367.75064 0.002151931
566.0367 1597.4371 127.018166 184.49248 0.002145013
400.3433 967.8607 787.7437 1866.0858 0.0021438408
583.4813 1692.9724 145.31183 187.00517 0.0021432054
599.0691 1742.8158 288.47607 304.06592 0.002141113
572.0494 1460.7407 360.6375 665.489 0.0021346533
513.6924 859.7824 121.06918 151.70238 0.0021339506
624.86035 1078.6328 174.79243 313.2631 0.002133241
277.94803 1116.785 333.33612 704.78235 0.002131204
276.79398 1007.69586 396.57767 1049.4205 0.002131147
573.416 1303.1423 369.11963 996.61725 0.0021273498
798.43036 1569.445 215.50049 436.19315 0.002127215
185.58594 961.1002 320.70874 403.11902 0.0021242595
428.26883 1877.5701 862.2445 105.662544 0.002111837
632.55096 1853.2743 291.8172 146.24715 0.0021083972
649.56384 1331.7723 271.80008 913.48267 0.0021062393
694.614 969.4193 318.7889 1050.7278 0.0021047737
713.684 779.4301 354.10153 899.87225 0.002097445
687.4293 1799.1963 193.83382 201.83955 0.0020952527
75.9511 1898.6788 150.50902 50.371307 0.0020943466
643.6866 1225.4834 152.24751 225.79779 0.0020899314
826.7972 1552.2484 168.91074 772.27826 0.002081869
435.383 841.1697 212.45006 383.45007 0.0020806913
798.3279 1608.5808 214.59749 419.6511 0.002078922
552.92883 1590.034 108.35667 185.16676 0.0020718744
540.80426 1358.6525 381.8271 994.54144 0.0020691315
466.74536 45.806606 885.668 91.946884 0.0020593198
525.48083 948.59186 490.03485 1219.9988 0.002049836
664.5712 1273.5625 227.48003 538.85754 0.0020412828
736.5958 1503.1313 271.22742 737.2011 0.0020350416
641.14935 1802.9014 189.24669 199.6341 0.0020310392
286.07037 184.92143 177.0293 146.04424 0.002030245
280.75803 1254.4514 239.04736 348.61688 0.0020281852
793.625 1151.0718 216.22157 897.8788 0.002027065
628.64905 1021.3055 298.5934 1269.2006 0.0020207479
589.78503 1739.5781 296.42853 340.65298 0.0020133913
708.132 1075.3387 105.85355 182.38618 0.0020108635
844.9025 1453.3354 137.88753 517.6819 0.0020093285
605.24036 1438.6703 356.7766 783.6277 0.0020070835
833.59766 1611.432 164.29402 247.52242 0.0020017475
640.9593 1832.2657 158.88025 170.88467 0.0019992867
603.46075 1266.3063 147.52356 187.98518 0.0019988138
790.7742 1611.2344 222.19135 310.9816 0.0019943216
764.003 1022.78973 259.30624 964.0745 0.0019940692
578.4642 1231.8676 311.7174 630.6996 0.0019799364
503.01447 1038.2927 384.21768 643.765 0.0019772528
757.268 335.26886 279.0421 369.86053 0.0019746698
608.111 983.3993 482.46826 1407.9795 0.0019743228
217.11891 1854.8663 430.74924 118.53864 0.0019726653
466.00754 1112.9486 402.5363 637.2671 0.0019688772
562.99005 1881.1417 223.09485 84.87291 0.0019603139
472.89822 1825.5682 807.287 199.60054 0.00196027
516.47046 899.8878 523.10486 1002.48956 0.0019565858
688.5029 1860.2516 147.53865 125.74457 0.0019559294
415.98624 160.03192 195.6131 133.15019 0.0019507795
603.38916 1359.2002 119.79082 213.28293 0.0019433256
142.92503 1904.4698 270.7952 44.488754 0.001942207
858.6466 1686.1213 103.334435 295.759 0.0019417901
93.21096 227.55847 160.37233 166.68198 0.0019356027
474.67987 1236.8062 322.51718 568.8913 0.0019240252
708.7853 997.89667 151.96509 328.3957 0.0019226383
440.98636 1899.2124 861.79877 54.425808 0.0019223418
853.8376 1813.1362 102.56091 226.54881 0.0019191271
854.8781 1518.6014 118.61977 364.2738 0.0019080425
481.92767 1097.6017 328.18585 946.2741 0.0019047317
850.52545 1844.9847 116.855515 161.82547 0.0019018983
885.26605 1593.7025 96.575035 230.99306 0.0018981565
824.8728 1610.5466 144.54297 203.99168 0.0018906685
244.79385 1879.808 206.98906 77.82824 0.0018882
381.46045 1768.6721 753.3821 287.34338 0.0018726207
385.40433 1829.5032 416.64407 169.75772 0.0018709886
782.95056 1737.2352 241.62207 326.34512 0.0018696968
431.3553 1862.0028 834.37823 152.54459 0.0018665565
421.88144 1602.9576 570.6986 535.64386 0.0018560385
798.8197 1861.2126 210.19789 131.68813 0.0018551367
833.74677 1685.2039 160.3658 494.71393 0.0018532977
662.71466 1547.1603 192.90488 312.69128 0.0018475465
370.05347 1759.19 368.8288 394.87488 0.0018415704
757.4291 1345.1028 218.93542 618.5705 0.0018388464
796.9039 1817.5905 145.99724 199.619 0.0018371266
823.62177 1787.6018 159.51 277.95657 0.0018351008
898.43896 1641.4573 107.51739 287.77264 0.0018229384
853.33435 1618.6431 115.34423 298.31973 0.0018229324
431.4755 890.3407 173.18137 196.05452 0.0018153769
586.35657 1604.8319 139.36444 174.71223 0.0018126485
838.6078 1535.754 136.10175 225.00377 0.0018016994
356.2292 1859.8241 735.8797 152.22208 0.0017971856
597.9255 1110.0526 358.97668 523.1436 0.00179697
656.42194 1142.5764 289.53552 423.7175 0.0017950843
627.9179 60.617844 559.45044 120.95974 0.0017915948
78.61222 1906.0948 154.22551 42.900665 0.0017908581
509.04904 1805.2872 114.3353 128.49889 0.0017903757
414.41473 1876.3865 806.8316 103.045494 0.0017900919
599.7132 169.81282 211.90883 163.65358 0.0017860526
819.0292 1820.6576 174.65103 211.68282 0.0017833326
811.7134 1584.2064 171.69482 238.10065 0.0017822132
529.7912 919.6966 467.76843 1205.0889 0.001782148
90.72335 1913.9637 170.30797 28.55061 0.0017680521
332.76312 1845.6041 701.063 165.4151 0.0017680487
874.7508 1659.3439 89.75347 139.84843 0.0017644899
681.0681 1822.0576 253.36713 205.64943 0.0017620809
733.7214 1393.3457 274.82715 750.6627 0.001759245
792.7724 1678.1005 203.53226 284.5954 0.0017536576
724.1481 1764.8911 212.47633 200.45639 0.0017474655
811.69995 1655.2252 149.59827 191.25763 0.0017440012
803.51575 1785.1278 199.78937 281.99863 0.0017432051
898.0305 1570.6101 99.38212 261.11755 0.0017357233
612.57434 1258.8022 103.69106 155.41434 0.0017333373
789.29987 764.5378 239.52254 557.3752 0.0017314611
840.9843 1523.1759 137.54706 236.94771 0.0017306389
810.3682 337.10092 184.58838 343.4188 0.0017300912
784.77893 1591.189 156.35999 196.40211 0.0017248942
739.5524 1430.4009 231.05722 591.7159 0.0017243195
311.87128 1863.2042 492.33026 115.36951 0.0017196145
818.45496 1774.2842 181.44565 311.00616 0.001717181
813.58887 1483.0413 186.79042 235.6983 0.0017168107
501.33176 1102.2227 254.20259 855.43024 0.0017145273
379.35773 1788.5078 652.4935 265.7186 0.0017117212
365.99637 744.51306 527.1195 517.981 0.001710488
750.16614 1433.7258 202.53836 530.302 0.0017092419
557.06934 1878.7677 218.06757 100.05909 0.0017063852
521.05566 1016.0791 459.03653 1158.8292 0.001700865
738.9779 1747.534 147.07419 199.67584 0.0016909046
548.5322 1791.5116 108.928406 112.78883 0.0016898279
830.8468 1497.5864 159.8008 373.83325 0.0016874727
423.393 1066.6464 527.75085 583.2754 0.0016812762
639.27844 1895.572 158.1723 66.272064 0.0016794908
815.6287 1605.2013 134.09944 185.51715 0.0016777456
370.49826 1204.201 272.06885 673.2176 0.0016759456
810.9047 1488.8492 141.95908 241.5921 0.0016623558
872.6735 1728.6888 102.237175 287.5758 0.0016619618
830.19086 450.85767 153.56993 368.58975 0.0016589328
910.1003 880.00275 30.431288 226.4827 0.0016579925
911.596 796.0407 30.21896 300.52042 0.0016514732
642.03876 1103.8032 359.9291 1058.7086 0.0016470655
789.75446 1580.9696 157.96156 167.80495 0.001643756
732.94714 1741.4097 152.71962 146.37085 0.0016355664
755.2029 1680.9546 175.95143 197.05382 0.0016349934
847.2569 1149.9708 102.815155 152.2715 0.0016165437
706.50024 791.6672 194.62299 381.5103 0.0016154321
721.8782 729.24274 337.11484 742.89496 0.0016134053
819.9431 1821.1434 148.08376 213.80872 0.0016133754
591.37134 760.76917 454.5936 735.3653 0.0016042313
596.051 1806.0573 153.01584 190.35912 0.0015949431
695.537 1196.7233 332.40576 985.28 0.0015921519
347.82864 1214.0433 315.457 688.4057 0.0015889156
851.5338 1807.1627 117.01682 235.94473 0.0015871578
404.37323 932.32855 216.69992 306.1684 0.0015870173
683.14154 1719.5995 182.50116 253.56203 0.0015826366
876.5812 1821.5654 63.024937 212.14766 0.0015823503
101.81423 1912.7457 195.77843 28.523298 0.0015765026
226.54309 1108.514 260.68454 1088.2307 0.0015760852
386.5662 658.5315 713.65814 751.4336 0.0015631046
728.2076 1393.5463 186.78476 356.38693 0.001562952
350.55103 1913.3798 390.29053 33.975292 0.0015599956
733.58356 1330.2628 134.33209 237.83565 0.0015590948
837.16547 626.86566 183.43646 631.4936 0.0015558545
814.74713 1866.3351 173.25468 118.49187 0.0015512715
592.07367 1631.4329 159.3859 150.77061 0.001550994
836.946 694.13934 144.7101 953.88354 0.0015505267
273.81976 1905.3052 175.45892 43.280624 0.0015471302
832.50476 1528.1262 145.68623 411.5972 0.0015441689
818.7824 1552.6536 171.21031 251.61385 0.001542631
864.06476 1689.3326 86.81478 198.23889 0.0015387308
654.1455 1897.604 158.4844 66.92926 0.0015372825
817.00824 835.3931 170.17224 302.33987 0.0015356549
865.6772 330.2051 79.96373 323.82263 0.001533698
836.40594 1379.4486 139.61069 248.46516 0.0015309142
397.55478 1871.5358 632.26556 187.02008 0.0015267441
496.93854 996.71643 187.8534 234.48807 0.001526324
344.20383 1488.9346 214.84364 347.77475 0.0015240759
858.69525 1351.751 136.6937 499.52124 0.001522668
687.6049 779.0367 221.6281 471.58868 0.001519687
815.9033 892.3455 171.99536 252.25887 0.0015195068
690.80585 1854.1387 390.5349 180.59796 0.0015194244
886.63574 1335.7927 59.95616 649.6552 0.0015188341
814.7941 1461.8438 128.34384 185.60983 0.0015174738
643.2417 1196.3822 405.1842 883.20215 0.0015149681
821.7963 652.4995 170.53297 531.3777 0.0015118856
851.1951 794.4228 141.13322 264.15613 0.0015097169
503.37094 1276.8938 311.19574 938.04865 0.001509129
346.0822 879.77466 359.30896 575.09247 0.0015082915
860.4762 1641.5469 99.10825 268.69772 0.0015050669
854.8785 1444.8705 111.50244 235.65506 0.0015042545
367.26202 1877.2004 688.2756 154.33466 0.0015012709
878.66406 1315.6082 73.56222 374.73044 0.0015003963
741.90125 57.010002 323.98126 113.78567 0.0014999856
520.1945 980.11755 354.70453 898.88916 0.0014973155
151.38338 1921.4536 125.34294 15.175365 0.0014958554
864.33905 1712.1309 110.268005 247.54677 0.0014936286
871.5925 1693.7129 85.14241 282.01355 0.0014877375
866.2672 1856.3282 79.71678 142.3625 0.0014793193
663.22797 1887.0983 149.17244 81.72365 0.00147907
870.18616 1536.3499 81.16156 235.6913 0.0014736721
854.3201 1850.6952 105.37391 155.487 0.0014730043
816.4356 911.04565 179.18173 262.09348 0.0014699489
873.3142 1461.3649 94.50792 347.43732 0.0014656794
517.6344 1048.5293 309.76102 499.57605 0.0014605278
438.08707 661.4952 548.0443 693.95435 0.0014539873
761.2091 1561.3282 143.33775 196.9586 0.0014467507
751.0908 574.83716 225.35791 331.5093 0.0014380894
683.55536 1894.3965 216.8222 65.47942 0.0014377731
387.25787 755.6435 734.1218 771.5041 0.0014369573
702.52106 1687.1792 324.26562 502.41165 0.0014315218
321.43832 628.31555 574.84204 560.68726 0.0014279146
657.98236 1469.6127 141.5161 208.47208 0.0014253468
764.61 1613.1013 155.09679 228.42325 0.0014241196
676.544 1672.5399 194.2021 243.96281 0.0014195408
364.12396 1897.3152 750.6206 73.55447 0.0014150477
884.53723 527.1859 54.690586 1028.4551 0.0014137876
509.07 1897.5691 327.2525 63.39795 0.0014130399
491.03076 1180.4061 396.5766 1256.565 0.001406535
636.4106 1660.1862 160.75084 171.99768 0.0014047205
870.65173 450.00882 84.8692 381.22867 0.0014043528
719.7463 1653.1438 142.67299 205.21092 0.0014036702
636.06476 1031.1508 325.21277 984.2881 0.001403032
469.7895 1229.023 313.3912 699.0793 0.0014019929
243.2766 1003.05865 249.35086 496.78564 0.0014004756
487.54984 842.03625 358.07095 500.94547 0.0013917376
884.95154 1521.9059 52.929234 363.48795 0.0013901143
292.351 1185.601 288.48587 683.2072 0.0013894552
841.9712 1309.0656 135.13724 287.69754 0.0013869657
885.7272 1106.2003 62.24561 1622.7512 0.0013766813
645.2464 1463.0931 471.09164 835.2199 0.0013700024
890.024 1861.7515 80.87664 128.55246 0.0013603857
164.4446 1002.8776 259.25473 1195.1105 0.0013561776
887.0084 1712.5704 54.15459 374.07898 0.0013504048
864.99335 92.42844 77.39483 501.96207 0.0013481735
696.81165 651.32513 254.05424 997.70654 0.0013394987
829.2108 917.7962 148.11119 254.86287 0.0013351662
392.139 1771.6823 703.5021 294.48648 0.0013323849
633.5848 1897.9099 126.44714 70.84801 0.0013280743
870.2916 1590.2672 101.328094 227.244 0.0013240454
841.08276 1878.7097 124.977234 94.68801 0.0013193972
874.94543 1873.6927 69.79175 111.257 0.0013126126
295.0668 809.1915 349.31223 609.68274 0.0013121326
861.78174 955.8318 104.86033 347.33698 0.0013004205
369.23706 728.1476 730.92194 667.77386 0.0013002643
499.5049 1123.0446 314.74405 1014.12354 0.0012978709
420.90164 1784.733 732.31024 275.33524 0.0012956434
369.76917 1329.9244 392.58224 547.1193 0.0012917245
303.75558 883.745 277.5707 554.6879 0.0012911569
316.62173 790.88763 560.3359 490.56842 0.001286616
735.6193 1441.6447 114.14157 208.46767 0.0012852332
872.46704 140.84421 114.27574 295.43314 0.0012829321
842.30536 937.63513 110.23545 214.64146 0.0012796298
443.55844 1212.7449 243.004 553.6338 0.0012776629
751.3938 1474.9816 157.39716 185.54762 0.001274041
400.7229 1902.9701 674.7887 57.81198 0.00127184
884.1013 202.96513 58.35134 534.4421 0.0012683003
856.2189 1884.4156 99.14014 87.31189 0.0012672419
270.54745 656.3025 453.80206 587.628 0.0012661115
541.94244 955.64746 373.26956 956.43384 0.0012651862
446.7412 1215.8647 218.441 444.33112 0.0012635449
694.7205 1668.8033 206.18459 205.9416 0.0012627094
88.64829 1035.4152 156.16235 1502.4574 0.0012552507
607.1947 1015.39465 397.47495 685.3108 0.0012536364
365.43866 1518.9779 549.9785 530.723 0.0012424423
757.45416 1493.6404 127.032104 211.4238 0.0012413404
859.7903 1885.2462 92.244934 83.48972 0.0012341664
495.00464 1194.8444 266.5842 798.57605 0.001229085
884.5533 254.0249 57.218372 441.65457 0.001219518
246.37222 1108.0646 465.462 1107.6589 0.0012080146
825.504 1327.2716 201.0125 301.18665 0.0012047011
732.213 1695.5239 360.46646 457.10907 0.0011911801
403.51028 1277.9458 238.99403 557.4263 0.0011825463
404.06378 1260.0134 356.49847 759.6938 0.0011771539
408.9167 879.5188 797.1695 1012.00354 0.0011697025
460.00528 910.3555 446.42825 570.17706 0.001164087
854.961 1896.6473 99.12298 61.196674 0.0011635566
878.55963 1898.7734 67.54491 69.12001 0.0011536937
670.7127 1797.0186 382.95593 353.5367 0.0011502666
889.4593 1261.6987 52.025444 269.46622 0.0011489203
256.9194 767.6661 302.87143 770.2122 0.0011484704
352.1601 800.0654 693.3086 811.56476 0.001145938
897.95435 1595.0382 35.897446 325.06662 0.00113064
675.074 1519.95 189.80847 250.47507 0.0011304672
169.80202 38.606167 337.1614 70.87368 0.0011118874
421.64536 1789.2643 564.59174 264.75363 0.0011113203
490.68567 1192.8383 277.30585 845.66974 0.0011084398
899.9199 1671.7124 29.93217 242.16917 0.0011046134
241.03874 1235.4578 305.5912 792.21094 0.0011031496
403.98163 1800.7893 605.93353 241.60724 0.0011008411
769.06976 1239.1941 181.534 253.60718 0.0010961535
897.53625 1543.2538 35.17225 275.78116 0.0010914099
897.9542 1105.0342 40.225395 658.17596 0.0010857277
461.35367 1661.0686 671.7337 514.4324 0.0010739149
900.65393 1817.4664 25.686073 220.77145 0.0010613115
880.40894 1903.8148 89.5947 54.196503 0.0010526112
471.07697 1156.7618 263.94043 511.65927 0.0010472842
486.59787 882.6065 516.5701 629.9582 0.0010378214
908.5103 1837.4191 34.74509 83.04078 0.0010345953
898.6868 316.3792 32.845036 455.20197 0.0010307167
252.00879 796.6632 411.08484 602.85205 0.0010290085
442.27698 1739.9125 736.20746 363.34088 0.0010181487
374.31738 1367.6187 525.0435 645.87714 0.0010144458
309.05365 1003.6911 290.58182 641.0283 0.0009730532
903.9076 1794.7354 23.239798 271.78122 0.0009711116
902.961 1608.4067 25.891949 247.56113 0.0009683989
413.7322 844.03705 810.3414 939.13513 0.00092048285
378.19403 752.6677 697.7398 642.5391 0.0009126155
907.37946 1840.3531 14.799822 172.68042 0.00091140025
910.072 1348.1556 13.811793 616.3264 0.0008877199
262.31754 1491.2855 419.01834 806.7938 0.00087946415
373.51135 1230.8162 265.18698 741.47626 0.00080223155
402.06735 1149.7006 293.74963 766.0271 0.00078820804
719.78485 1086.6459 324.2616 595.67053 0.00078449183
910.53955 1096.309 10.674047 862.0744 0.00077620096
908.22266 1860.9907 20.688513 134.55997 0.0007733396
479.8972 892.9797 578.7857 621.4646 0.0007511682
908.4768 1854.4883 17.298822 149.83266 0.0007460468
430.85217 480.49112 817.73846 834.1856 0.00074028614
432.02438 1076.517 800.3412 996.5652 0.0007384028
890.05695 1901.0958 41.38534 129.66528 0.0007378457
460.8064 1091.2397 370.07648 926.0867 0.00073624676
911.8879 1818.9082 6.7929497 210.83977 0.00072124205
420.107 1396.9064 593.854 635.189 0.00072108157
688.47375 1130.0652 124.837845 207.3308 0.00071260554
614.522 1049.2905 458.3788 631.112 0.0006949506
690.11505 1102.015 54.877953 147.65544 0.0006837672
577.62415 1012.24774 352.26114 1081.688 0.0006819109
568.9617 837.72925 473.6555 889.8861 0.00068055047
589.15674 1028.2566 397.34445 554.7329 0.0006782441
733.09216 1253.8127 337.65192 460.418 0.0006525976
548.90027 976.02216 328.45248 548.46545 0.0006522829
456.3602 1874.6008 716.52814 108.63579 0.00063662976
377.37662 1002.52325 570.0347 529.06805 0.0006070082
397.7728 1048.3474 815.4884 532.69543 0.00059697055
391.6442 1177.9688 710.02765 946.9482 0.00059459807
427.21097 1257.4222 756.3544 749.5054 0.0005939872
421.3845 991.19696 605.24695 582.1112 0.0005701505
906.358 1787.6763 78.89541 150.69576 0.000561035
479.9124 1923.92 729.24854 15.813828 0.00049487746
610.3028 1127.8722 342.96927 642.8704 0.000483228
528.28406 845.88464 475.5304 618.8528 0.0004812289
571.485 869.24347 422.979 771.1521 0.00046510133
385.16763 1107.4929 772.6353 419.29172 0.0004645557
384.9302 1075.5608 756.55316 586.6687 0.00044495641
532.78925 1408.1705 745.1909 515.98047 0.00043723144
439.97733 820.2488 845.00977 937.3696 0.0004286724
390.85324 772.7653 764.1352 738.7495 0.00039563669
392.70718 1050.59 792.0032 745.90106 0.00038854624
428.27914 1259.5582 828.59814 773.9124 0.00036872757
409.49365 855.86804 808.1761 620.8552 0.0003422174
