501.91196 1293.376 994.5001 2575.1638 0.50079995
504.03165 1526.9364 996.03595 3050.971 0.3169406
442.19733 1883.0283 862.1946 963.1896 0.24498194
443.9141 1808.5784 874.21765 1295.2185 0.18054007
456.55768 1965.0857 905.76196 1172.9226 0.13594958
479.38364 1855.1921 746.09344 871.5618 0.11535495
836.16095 2166.0566 184.18773 172.97249 0.10736676
280.83713 751.80383 557.69806 1500.6814 0.09555163
278.996 706.2595 553.6422 1407.5284 0.0925649
300.5875 161.82822 268.8855 195.42668 0.07866104
49.09497 2700.8157 97.186554 741.52545 0.077126466
282.70917 860.53375 559.225 1722.639 0.07097393
435.2907 1230.2206 846.96027 2353.1316 0.06458162
449.0303 1252.1724 800.9611 2026.3263 0.06252849
282.6595 892.24603 558.2563 1785.9033 0.060550023
34.765163 2483.995 69.68299 287.37363 0.05680873
448.26276 1540.7024 852.59106 1732.1162 0.0478007
295.58167 1187.4901 582.4964 2366.247 0.04272484
244.91165 195.22826 382.81345 274.213 0.042115707
286.32944 1278.8597 567.2568 2550.335 0.041331254
384.18216 1066.6443 707.78204 1935.5745 0.038180884
433.7809 956.6204 835.787 1867.3556 0.036792185
267.0974 197.38826 333.7008 270.48532 0.036700044
470.55173 1723.3378 731.32404 1161.7736 0.035325516
461.81104 2325.0608 918.20215 507.6767 0.033142153
286.99298 1033.71 565.26807 2062.8079 0.032960214
277.30563 583.5967 550.87286 1165.105 0.031700015
443.54642 1249.1318 722.6443 1720.4558 0.03164193
501.30408 1290.076 989.9391 2569.1262 0.03131834
159.60562 266.5395 90.44108 138.67885 0.030528449
368.99014 945.72485 715.7695 1844.474 0.030011795
227.55826 675.441 447.74188 1242.5717 0.028263407
486.96393 803.8961 954.1172 1591.545 0.027990468
405.5135 747.6047 781.72455 1468.0404 0.02738073
50.75762 2817.4285 100.14636 500.4216 0.02719571
464.24252 2186.9521 922.5344 1725.129 0.026049087
463.8739 1797.3191 922.51184 1567.5905 0.026014648
408.274 847.2195 786.592 1640.1864 0.02554873
601.4852 1827.8456 514.09216 810.75995 0.02515831
36.08819 2539.2644 71.57524 447.49118 0.024661431
264.21558 624.71484 129.03157 135.72516 0.024576688
168.55252 456.33762 77.56489 88.0785 0.024309106
366.95294 838.8273 714.0026 1667.2452 0.024104256
463.42337 2222.028 922.02783 1665.0134 0.023834081
232.62738 284.7165 439.26868 478.14606 0.023369616
467.07162 1692.4766 731.9409 1140.461 0.023129674
289.73636 1806.4154 294.89084 193.558 0.02157613
34.71389 2605.0442 69.05357 567.7443 0.02120268
482.31766 2086.6357 954.064 1871.7704 0.021197235
238.86113 169.6391 453.56448 325.08392 0.020623777
425.0185 708.396 828.3573 1404.4655 0.020504843
40.244274 2553.1096 80.25239 1041.4329 0.020450179
486.65912 2577.4321 963.4705 1003.16345 0.02006185
226.27293 557.94086 443.33136 999.9768 0.020056779
437.59595 1984.0275 697.0293 587.61646 0.019894121
35.904922 2325.6042 71.67061 631.83417 0.019766686
705.08203 1072.555 580.2178 2063.5168 0.019732438
615.43774 759.3672 446.92554 1286.194 0.019528499
651.136 48.638985 242.132 94.4581 0.019260745
475.05365 1591.526 696.6844 1006.7628 0.019210897
504.50922 1689.8213 694.1 1192.9048 0.019161833
260.80194 293.21878 362.60355 462.26938 0.019125326
531.3502 1070.611 712.2983 1800.303 0.018287368
47.718796 2401.2563 94.68284 1333.5983 0.017954662
689.1701 1134.9282 618.0464 2201.0896 0.017949786
497.4821 1686.9465 718.24963 1240.0687 0.017932639
570.7925 1672.0024 613.00024 1213.355 0.017695341
640.06335 1090.0695 689.66656 2003.3899 0.017176919
253.53647 107.86339 102.28434 87.061264 0.016448902
515.5048 764.889 662.3854 1438.4436 0.016009552
645.2221 1841.6896 529.989 839.6489 0.015990911
486.1911 1838.4362 945.03625 2425.0479 0.0157249
335.68433 1970.013 446.44373 521.1521 0.01564713
613.63745 1713.8705 426.74405 576.5354 0.015440941
474.2178 1006.7539 902.2274 1885.3704 0.015003912
251.80817 285.94525 488.89755 549.2642 0.014213931
425.39865 960.61383 674.6301 1347.1459 0.013865558
460.59723 1965.0017 596.8538 537.8023 0.013690843
367.6404 2094.612 213.57155 208.88637 0.013368978
759.74835 1840.615 321.42685 819.5967 0.01334292
294.1608 1844.483 334.3232 295.22372 0.013256
638.3163 871.5559 648.3117 1523.8865 0.013067673
558.9359 779.4231 675.262 1498.1667 0.013044011
36.415604 2223.0474 72.61131 852.01733 0.012969972
664.21014 505.47162 325.69104 518.9591 0.012882398
234.44585 255.29558 461.34457 485.20297 0.012785691
188.27832 206.50893 182.286 259.24673 0.012779548
201.00294 738.7864 385.57343 693.3983 0.012163906
416.44952 1599.2001 805.8715 2784.657 0.012101834
205.73354 671.5377 371.308 553.6734 0.011953352
276.41296 408.95862 548.7716 816.4447 0.011927125
473.52667 1731.6044 519.9477 528.3801 0.011921705
275.42578 275.43735 546.0536 545.66486 0.011920795
608.6142 1293.3793 710.85486 1774.7249 0.01189669
222.58398 867.26904 433.6199 1011.17426 0.0118157035
785.40674 2137.3218 304.06705 275.49185 0.011726417
456.83218 1020.3742 844.5507 1366.54 0.011578323
817.86774 2149.8572 278.18964 281.94293 0.011574579
377.8784 1240.1152 591.9555 1370.9731 0.011503702
545.3608 1649.2411 728.7506 1239.943 0.011500385
837.08105 2162.6704 172.87419 164.72957 0.011438363
165.22162 225.0266 167.69489 229.55028 0.011373793
593.0859 974.9871 456.5642 833.58044 0.011289192
249.6408 422.45355 403.65967 648.10486 0.011283833
313.48407 161.65276 235.36896 187.35315 0.011279769
48.043564 2196.9873 94.447975 1732.8347 0.011279131
48.36254 1535.0435 95.16784 3046.112 0.011234921
587.9695 1575.0315 528.4982 1026.2483 0.01113416
578.24854 837.85504 781.8708 1605.6073 0.0110164955
516.2879 1556.4822 621.0196 921.8952 0.010991938
726.45 1679.7786 214.65184 489.5815 0.010850118
480.70044 1686.2881 675.37714 524.564 0.010816117
215.36383 754.1446 413.11432 739.68964 0.010747667
352.24677 2104.4922 144.90714 146.77779 0.010741757
588.23694 361.06067 162.977 243.30281 0.010687419
684.89166 820.1063 492.63013 1269.5096 0.010589741
401.4523 1842.4762 541.6291 737.33594 0.010536491
228.93192 382.85907 441.60184 649.7349 0.010509185
462.76834 630.178 911.97144 1257.1747 0.0105045745
519.71277 830.733 635.5406 1254.3618 0.010476869
525.46 1238.5822 770.6497 1426.1808 0.010390457
573.4614 1106.274 648.8328 1005.96234 0.010340159
22.685534 2349.6836 45.921837 550.1875 0.010240673
9.965013 2467.6216 20.147757 318.74265 0.0102048395
620.6731 1609.0271 544.58234 1242.5983 0.010177244
277.17682 132.89423 539.50226 260.4841 0.0101579
599.0966 977.0368 622.31946 995.8076 0.010138998
460.66025 2162.5825 914.9131 838.07697 0.010135501
215.525 678.987 393.14496 587.346 0.010050603
503.88538 1538.2101 997.50073 3057.5884 0.010020356
477.0967 2578.161 945.44434 1017.29175 0.010016256
557.0571 940.148 566.4514 992.6883 0.009984334
404.08716 458.80746 781.90204 917.0027 0.009849963
261.69772 340.95935 311.54785 380.8505 0.009842948
180.29811 789.3462 333.62915 517.006 0.009817277
378.97842 1683.9689 626.1138 1120.9421 0.009761653
381.49292 1959.0411 344.25296 460.99774 0.00968473
407.7151 563.2507 797.77563 1124.8658 0.009681922
328.97842 1880.4357 398.04834 360.9913 0.009669189
464.7597 1877.558 399.89493 557.80927 0.009625981
279.6438 160.67856 548.4689 315.37912 0.009609058
135.26825 259.41193 160.46979 172.67224 0.009582882
417.7296 914.4787 766.61285 1153.2349 0.009569192
242.32974 570.39606 231.92934 303.58563 0.009542628
506.2244 645.75244 644.3431 1210.7437 0.009527462
579.6524 2120.9277 675.8139 322.6315 0.009510795
368.90787 1350.4841 522.3689 580.5049 0.0094664
624.5187 684.7488 411.55728 926.2713 0.009458275
622.0619 468.67538 232.71927 440.3943 0.009431691
604.05707 1058.0265 333.63968 493.1728 0.009421619
617.8764 1674.273 585.54846 1264.5719 0.00941592
583.22754 1567.0737 474.37253 913.13586 0.009406012
354.5911 1529.8945 642.1072 880.71747 0.009388784
577.2701 1675.1841 284.84183 388.91666 0.009346238
179.02396 198.82365 251.53542 267.34018 0.009325392
802.1136 614.6853 57.107735 67.3189 0.009318782
192.32895 463.68066 134.02174 136.29225 0.009206238
28.881329 56.409637 57.022995 111.69626 0.009205477
623.41833 565.7718 448.05664 1003.3446 0.009201772
36.121014 2154.499 71.287544 981.84607 0.009175278
567.114 1617.2067 293.09308 349.91583 0.009151306
414.6941 479.59995 817.1647 957.82385 0.009107692
512.62695 2822.8335 1014.17303 546.38965 0.009060905
37.397987 2480.0017 74.26842 1162.4908 0.009047416
173.44423 453.82327 130.13928 136.30753 0.008888805
213.32764 152.37689 163.38164 170.78473 0.008817774
637.2491 371.4501 353.05807 699.4328 0.008767141
620.0282 752.91724 437.31393 1478.4038 0.008751575
439.9945 1556.8019 784.02136 948.3318 0.008743135
37.07717 2090.4514 72.95175 1112.3966 0.008727309
528.6998 978.6734 597.11865 892.1467 0.008689612
41.20553 2340.325 81.636536 1448.5295 0.008689394
440.16916 1322.731 759.658 1139.2915 0.008689239
511.8749 1067.3721 719.0834 1429.467 0.008683047
184.7859 733.1304 361.71793 1291.0615 0.008673477
699.636 1345.2736 569.587 1590.0237 0.008637144
25.374401 2694.2935 50.226665 723.15393 0.008609706
387.09796 124.8829 734.6861 247.8953 0.008553655
500.05658 1387.8242 710.5288 1178.0847 0.008419277
525.946 778.7114 565.98615 915.1225 0.008378896
609.3192 885.287 447.65344 734.95636 0.008366825
548.26556 1875.612 282.3678 309.30054 0.008313545
417.98126 783.9703 791.4062 1064.7019 0.008312869
529.3314 784.07025 751.52423 1502.3477 0.008303311
50.181232 2031.917 98.16152 2071.7388 0.008289141
762.67847 661.1016 143.13087 172.61047 0.008288074
675.5266 669.21234 334.42175 772.48413 0.008144071
395.03024 1387.105 636.2201 667.8616 0.008141603
246.70235 1970.6978 469.7619 719.53564 0.00811333
183.16367 773.60706 319.94907 454.56516 0.0080954265
512.23035 1834.859 366.19073 738.17804 0.008083596
38.30103 2049.3801 74.85802 1211.386 0.008068782
417.0326 1874.6777 531.84454 375.44226 0.0080395285
389.44635 174.82541 760.6119 348.50488 0.008032083
296.68106 1714.3987 577.242 1230.1196 0.007999584
551.5508 1556.6699 606.3876 1170.0057 0.00799601
394.91992 2372.9282 481.819 324.9843 0.007939383
473.70392 1069.5206 773.4995 1280.9126 0.007858483
681.62933 604.7988 295.47882 324.98166 0.007847486
523.95435 1396.976 649.1733 1625.0812 0.007842094
649.07745 711.6164 509.59625 1072.0298 0.00782036
394.21878 285.14935 778.3412 567.5153 0.0077804253
783.69653 1303.9163 426.90234 1747.5444 0.007757449
610.15 608.10297 447.66144 777.38525 0.0077504674
396.81866 48.440983 760.94275 95.36213 0.007746537
120.534546 2703.019 236.5083 773.17737 0.007708869
508.48694 1267.2495 261.16592 396.3717 0.0076669888
295.35376 1795.3083 175.58975 159.12036 0.007653758
261.16586 2421.4915 495.80963 295.40915 0.0076225232
637.47217 1011.6939 589.7274 1911.2573 0.007615179
521.4499 1788.3396 778.9869 1486.6252 0.007605049
543.0381 2031.3035 613.877 514.3915 0.00760003
444.08926 1884.5846 864.16785 957.4564 0.0075998185
137.80844 781.2216 259.75406 461.6407 0.007583867
887.50745 1758.8613 220.84506 684.9359 0.007567119
313.17816 2305.468 617.0094 529.41327 0.0074927304
213.9036 733.5733 237.22742 341.07602 0.0074804146
460.7999 1299.8384 367.99466 458.09918 0.007461244
442.09213 1249.5183 687.0387 866.61066 0.0074509396
777.0047 1330.9172 434.26508 1528.3181 0.007449219
30.570154 2417.8906 61.732964 1305.0708 0.0074469554
210.79166 731.4661 223.18527 321.09982 0.0074257366
40.14676 2384.1619 79.90319 1385.1934 0.00742516
620.4879 384.42212 288.59607 433.37912 0.0074251313
525.8181 566.80634 606.2906 959.44727 0.0074015595
654.0969 696.4476 353.28336 416.86346 0.0073797596
569.1431 1191.5786 730.2285 1349.7294 0.0073416587
48.752842 1623.9071 94.69877 2825.9097 0.00734144
542.7319 1019.4884 551.9281 885.82104 0.007339171
29.213818 122.961784 58.023697 243.22374 0.0072689173
44.72382 2163.1167 87.33719 1802.9062 0.007265649
836.51587 1368.9578 328.00558 1549.5988 0.007248661
165.42416 347.06128 146.15425 319.34018 0.0071933144
641.4162 227.84052 284.7578 447.3921 0.0071766684
685.9283 918.35156 387.6198 708.16266 0.0071737026
663.86304 1312.4092 619.7158 1484.8737 0.0071638944
709.4862 822.31775 355.2547 830.86017 0.0071171075
539.4871 1232.6139 455.11798 504.56293 0.007087013
79.365425 2390.1365 157.47197 479.52344 0.0070431926
100.50929 2469.1584 198.82112 283.66687 0.007038642
199.83348 838.279 392.09546 1580.3304 0.0070131198
534.0772 1342.2483 174.06902 223.85742 0.007000874
552.44385 1868.5482 336.93466 375.0153 0.006976277
638.12616 2308.3684 591.66656 476.51782 0.006962157
401.40396 1675.2694 767.51855 2733.1248 0.0069614016
741.2519 1001.71204 401.0785 878.3689 0.0069592204
656.75275 1510.6539 614.2529 1385.7418 0.006937124
161.8807 716.93634 315.06543 924.88214 0.006884123
202.78595 926.75336 405.12793 1809.3165 0.0068841097
443.31302 722.5831 846.2091 989.37714 0.0068803555
662.332 892.2951 435.32626 663.3761 0.006860369
588.6915 492.9548 461.62097 799.4182 0.0068531055
348.37683 2347.115 349.91013 323.1505 0.006822791
445.8203 998.2229 712.6003 813.23145 0.006814095
250.36066 1123.7734 468.7216 609.22437 0.0068121757
47.430325 1837.3888 92.127785 2431.1272 0.00680778
273.0411 2349.1338 538.91345 442.32736 0.006806484
780.41425 967.014 337.62012 796.06055 0.006806371
467.395 2327.621 289.6495 259.4164 0.0068035736
600.1573 474.51404 189.1748 459.1628 0.0068006385
657.49615 999.72064 540.483 856.7286 0.0067521487
637.5143 1651.1698 182.11876 311.45526 0.0067337956
634.70294 1844.9961 189.55997 256.32953 0.006657928
437.8427 1502.8225 459.2265 800.06323 0.0066526737
331.02768 2126.13 646.0861 790.0432 0.006618245
624.88983 404.8488 383.41644 747.80347 0.006603943
496.66766 1464.7754 697.0034 1072.5084 0.0065918723
721.29926 1384.4684 535.63904 1733.8108 0.00659181
641.9669 2317.8103 249.7019 239.79167 0.0065738955
692.6564 1573.1226 565.51013 1128.9559 0.0065468373
673.6764 1108.5375 547.1478 975.56793 0.006540234
631.21295 1026.8186 626.00977 946.4524 0.0065325117
678.4741 1128.129 546.65765 1047.9727 0.0065072747
184.3683 967.95276 379.342 1902.1125 0.0064585404
298.5967 375.67865 219.3951 262.86768 0.0064532706
520.6142 1468.8662 532.86664 753.3639 0.0064185075
472.138 561.1918 935.17303 1130.959 0.0064045466
768.0927 1151.9106 463.16608 2222.2417 0.0063999323
669.1303 548.2398 510.53934 1083.1129 0.0063946256
721.42664 1385.4661 534.6438 1621.2208 0.006387558
556.2866 1870.3613 286.49344 553.7412 0.0063728606
432.1235 1428.979 465.65335 687.758 0.0063574202
741.5717 2161.3508 387.08755 237.11961 0.006339015
603.8622 61.21036 345.6163 117.623886 0.0063376813
500.10666 757.6614 630.4386 1043.4874 0.006329252
748.91125 1661.8949 155.09023 358.2491 0.006327504
291.3577 2342.1934 323.9801 322.08673 0.0063076303
207.36958 556.482 332.1702 307.44955 0.0063015786
478.36475 2340.9329 463.36057 389.5216 0.0062684976
690.3712 1658.995 504.4822 883.78345 0.0062626456
597.7118 1676.0079 541.778 1302.0306 0.006253213
217.85118 391.2845 413.59937 663.4206 0.006253186
352.90747 2327.7751 207.13454 175.8808 0.006246816
605.0662 49.148422 341.51718 94.57145 0.006246038
696.4702 1591.3646 558.8345 1250.0125 0.0062435484
721.97955 694.4507 495.26578 1366.4285 0.006231014
87.71664 259.6221 91.51398 138.04036 0.0062296945
247.9618 582.06165 345.42145 414.48386 0.0061897333
527.0695 1520.1381 588.15485 770.0071 0.0061872588
662.95715 1180.7917 523.1465 694.28357 0.0061794
606.81134 1700.0613 708.8337 1143.7677 0.0060939398
607.73083 908.7245 589.563 1132.3933 0.006093443
480.76636 2566.3364 967.7529 1025.3428 0.006089476
701.30786 614.92255 269.29092 324.1519 0.0060848603
117.63717 2346.185 233.2005 512.85565 0.006065385
47.542904 967.99426 88.084145 109.8043 0.006052414
597.7924 2309.9458 227.70494 217.60239 0.006047502
854.89905 1944.1376 272.80405 644.3227 0.0060427175
691.08746 714.03357 415.017 982.0202 0.0060320413
644.5368 455.0949 456.39908 809.00323 0.005999793
514.1408 2332.2893 172.07835 213.4767 0.0059989197
193.01297 2128.4253 385.39587 876.5638 0.005980985
739.655 2019.5553 281.16245 446.42914 0.005960182
725.83307 1415.6549 520.7199 1351.5018 0.0059568435
117.783936 2281.453 234.24095 622.2073 0.0059568067
12.042896 425.08472 24.762873 211.17479 0.0059544044
500.44537 1898.2094 264.8489 329.21786 0.0059512383
494.9873 1173.1866 552.94775 624.87646 0.005939498
132.90823 2796.6082 260.6545 593.6712 0.0059360247
229.7538 733.4501 274.21512 375.96213 0.005880757
75.624756 2116.5479 149.63765 985.6464 0.005880592
124.85794 1998.7803 247.9263 827.39923 0.005854044
16.487661 2107.6538 32.758003 1032.243 0.005844694
91.34383 2693.6213 183.58173 792.1496 0.0058341916
682.8641 534.80975 353.6243 628.33105 0.005833602
688.1151 1147.9346 175.48698 304.7625 0.0057710297
686.8062 1716.9375 304.4983 583.41455 0.0057622185
104.53791 2524.5984 205.86687 1105.6998 0.0057561737
482.40134 2500.058 953.32263 1031.1439 0.0057501346
135.28502 2161.9233 266.7538 1781.4037 0.0057277586
510.46667 1187.3977 518.6588 576.5088 0.0057162945
635.61334 673.6238 189.30994 258.2873 0.005702375
851.8242 1115.1255 310.47 2212.567 0.005657764
560.28613 2117.036 491.34354 274.90192 0.005636427
738.0555 1703.9718 241.56705 563.33484 0.0056332448
374.3928 1833.4539 479.9503 292.152 0.005621686
494.16187 663.32 996.2219 1330.6937 0.0056087626
376.35983 1021.5456 225.28514 306.81924 0.005594929
207.64554 775.31104 192.77498 288.33432 0.005593512
756.7783 1135.3269 327.04562 456.63327 0.005592048
624.9777 450.445 470.39142 899.5708 0.005590026
324.14694 1790.8146 171.81465 152.34396 0.005565165
659.5385 442.823 401.43652 863.961 0.005558147
437.4504 1015.37866 811.93146 922.7189 0.005555681
128.65103 1619.1891 242.21527 421.42688 0.0055484646
311.7893 14.880477 301.25528 29.847834 0.005516
34.654083 1871.3807 67.82045 1585.6405 0.0055081667
502.64056 1943.9692 228.39574 385.22156 0.005487398
684.6148 1933.7639 233.9238 337.7242 0.0054783756
462.46298 2455.169 925.1909 778.4896 0.0054632737
523.6867 879.5227 341.0266 577.7608 0.0054629496
480.36984 591.7107 378.39413 556.4155 0.0054589612
14.370754 2827.2708 28.326736 483.72668 0.0054496857
639.42316 449.99457 377.16785 490.58664 0.0054136175
214.7475 1480.6003 251.30937 345.32486 0.005410943
28.591171 2037.0399 56.395138 1208.687 0.0054038777
26.993664 316.46576 54.27297 630.1754 0.0053983163
272.37183 1701.668 302.79062 459.60413 0.0053824405
497.8555 1940.3064 214.19331 276.89258 0.005375229
191.22911 1192.0387 379.6779 2361.3647 0.005328686
623.10077 107.66136 315.0636 210.60437 0.0053265155
600.1925 1188.2328 654.2167 1180.5582 0.005319464
265.34412 444.58466 243.61086 305.02023 0.005317597
770.72754 1197.728 285.20117 385.24548 0.0052841976
440.40042 394.92957 880.07477 792.2159 0.0052714734
898.6097 1525.6118 91.05129 134.48027 0.0052622426
66.041374 2264.6445 129.92422 1633.776 0.0052230707
356.0426 2067.7144 203.59822 264.37866 0.005202498
875.08484 1839.5906 170.36978 451.05597 0.005201407
124.89472 1591.1803 223.09099 349.78433 0.0051678927
355.78278 1654.755 529.7482 1322.4796 0.0051646456
634.8472 717.3607 293.07303 895.94104 0.0051497347
744.1746 965.1135 314.1274 774.87274 0.0051361453
835.31805 1190.2361 202.61113 360.85986 0.005135687
865.18085 1535.748 267.75198 1095.1263 0.0051191906
417.20016 1468.4346 808.3741 735.2987 0.005114971
384.9687 2294.4893 365.1277 497.61694 0.0051034004
806.72955 1442.6067 374.3341 1235.2909 0.0050936523
426.66312 2717.966 876.7947 770.6154 0.005088619
58.516815 1730.1986 113.68199 2634.6426 0.0050844783
618.7614 277.77863 345.49875 552.2542 0.00507184
120.63549 641.1355 238.20851 1162.3915 0.0050320295
548.4521 1597.4878 793.23175 1326.3804 0.0050261933
340.416 1070.261 230.46959 396.49316 0.0050167185
573.6742 2281.3577 230.36987 239.2996 0.0050165923
29.548954 1312.7937 57.260136 2646.5596 0.0050085303
651.8034 403.24866 202.97717 252.49405 0.0050059883
692.08417 1543.0991 574.915 1514.2103 0.0050025578
254.121 262.54587 148.78088 145.07185 0.004995106
766.10376 1532.1107 449.2242 1294.9998 0.004985824
891.87726 1903.0017 220.74051 398.47192 0.004978416
536.3677 421.7585 340.9448 417.48868 0.0049569225
584.36926 1591.6886 458.24887 990.1755 0.004943072
340.82974 471.66797 159.58781 173.00356 0.004915989
770.32324 1236.3308 365.84558 551.47833 0.0049142493
508.1272 2086.4922 160.6471 198.13092 0.0049090707
658.11597 1041.9457 380.67746 1732.0099 0.0048623984
33.438652 1977.0983 65.80792 1887.4989 0.004860198
771.14734 1936.753 325.89325 652.8854 0.004857081
79.608604 99.12973 157.03845 194.93956 0.0048512258
557.9906 1030.155 222.03918 311.5992 0.00485082
671.0545 1540.4133 603.6368 1137.2399 0.004848602
438.05493 1754.3308 875.98346 1397.424 0.0048339725
810.43286 1158.8767 350.34265 1090.5438 0.0048263995
500.53812 1302.051 602.4601 612.27356 0.0048206085
536.93427 1333.1495 496.87802 895.342 0.0048124627
267.46368 2427.6992 321.89746 278.06033 0.0047926283
871.48474 1669.5277 251.64728 852.4445 0.0047913664
38.78394 1854.2114 75.129814 1556.0592 0.004777818
691.96936 1544.4081 583.3604 1510.5531 0.0047770403
29.864685 423.1042 60.162807 860.99506 0.0047637783
813.06274 1106.7273 284.75937 563.00055 0.004741996
690.29584 1527.251 381.36783 873.59973 0.0047316444
823.94183 1133.1946 367.37527 2298.5186 0.0046995026
609.6581 424.06256 127.10395 221.6755 0.004692583
87.47797 812.22 171.71893 743.848 0.0046770633
538.2978 982.9068 284.8409 410.88452 0.0046692607
555.722 2324.7385 525.8497 422.3662 0.0046449183
166.94342 454.90295 65.50325 73.127884 0.004640923
547.52765 1358.3085 318.8195 562.852 0.0046092947
51.33629 1801.2467 100.28873 2501.6494 0.004582224
254.85892 581.7694 125.43161 194.01067 0.00458023
38.91018 1731.2134 75.65491 1930.4225 0.0045722146
465.2018 2566.9902 932.7526 988.4372 0.004569316
63.567345 2304.5005 125.68909 936.1749 0.0045657605
655.17474 2011.9448 611.47925 2006.0607 0.0045607225
577.3832 1792.1041 175.50594 254.92668 0.004560618
395.24237 1979.5695 321.09552 398.30518 0.004559911
409.52512 48.248547 308.55698 94.07248 0.004554691
6.164585 2572.4597 13.180524 985.12823 0.004552439
11.44574 2716.0889 24.540758 366.14975 0.0045501078
613.1153 1665.5886 716.2549 1282.8978 0.004538363
810.3617 1832.0513 339.7648 869.58624 0.004532077
338.615 845.94116 287.5763 611.3159 0.0045093345
457.63257 2573.6797 904.3093 955.86523 0.0045058937
199.22949 1212.6431 368.13144 411.10233 0.004498739
650.08575 1227.0735 266.86237 380.81952 0.0044922982
497.47275 2858.2253 1017.55676 1084.0704 0.004491865
738.50287 578.56854 289.92163 643.8757 0.004489985
357.2197 194.67259 133.27188 131.13553 0.004471561
838.4443 1247.6598 283.4123 756.05554 0.004456985
660.9904 1830.2736 592.70984 1128.6493 0.004454808
254.39078 2410.3777 361.25473 376.49136 0.0044526556
759.99786 1444.6577 463.2792 1983.1313 0.004449949
197.15285 1488.8566 225.27365 275.2028 0.004443924
424.84064 1961.2119 753.1095 2315.4668 0.0044343756
512.74255 2981.7622 992.369 233.80618 0.0044177114
56.63883 1646.4712 109.836205 2781.8992 0.0044163484
927.63434 42.81008 218.81776 83.80673 0.0044155205
5.279431 2862.6396 10.509885 439.99 0.004411778
506.7713 1365.36 185.2661 221.3091 0.004409257
257.63217 101.706924 67.98134 65.38989 0.004376993
828.6976 1695.3856 268.7177 589.5573 0.004366222
681.4914 815.60254 459.7602 1073.3011 0.0043492774
541.581 1130.6663 500.05893 1734.6106 0.004325949
110.26461 865.1612 206.26163 526.24524 0.004296676
58.86546 59.751114 117.35493 114.35923 0.0042843292
32.933853 2039.3983 64.62511 2055.4333 0.0042722872
834.89526 1060.73 269.8315 600.9759 0.004262084
47.77805 1619.3385 94.2905 2829.7773 0.004252406
533.75946 1449.7245 276.02408 426.73462 0.0042202543
731.74786 1203.0414 543.1128 2425.508 0.004220222
826.73126 982.7228 299.0376 839.4232 0.0042057154
842.04596 1350.0599 320.97263 1808.1891 0.0041940147
872.0627 1447.8289 262.2892 1328.2084 0.0041874186
661.7092 460.98654 310.12036 359.48093 0.0041818907
623.7016 244.73616 184.49701 235.71498 0.004176713
834.07605 2281.199 291.96362 436.60355 0.0041686585
606.5846 1288.94 383.2431 449.0082 0.004153671
620.97394 1291.5029 411.91342 556.48236 0.004142971
756.78577 1976.2919 184.27715 214.70288 0.0041383244
312.9007 817.4897 263.2697 625.8701 0.0041342587
282.79327 619.5156 74.439964 104.592865 0.0041342154
215.13712 756.305 154.44655 224.43916 0.0041324175
746.1716 2173.3452 219.82295 259.65466 0.0041248244
420.617 1056.6396 762.1438 761.49335 0.0040819743
893.1284 1217.6218 174.1267 348.12103 0.004067759
575.37665 2332.7007 207.6444 229.33472 0.0040500597
551.90906 1773.0262 700.2728 1627.6534 0.0040460653
5.1134143 2429.9138 10.996057 1320.1544 0.004043595
232.77168 530.72125 180.15688 223.95029 0.0040405733
534.4317 2331.0713 140.13306 186.70206 0.0040400364
83.9998 586.6751 167.58652 1155.9622 0.004039616
917.9724 2876.471 200.99849 444.19113 0.0040116934
890.2566 1490.6896 204.0992 745.81537 0.0040106457
754.51117 1275.4127 502.59888 2571.471 0.0040100208
411.43564 2835.4634 846.61755 532.4077 0.004000939
160.98233 270.77252 81.16297 120.41894 0.00399926
310.5788 1122.2777 318.0189 435.4963 0.003987234
806.2955 1490.0265 253.93465 295.52887 0.003986927
710.8814 1297.8191 456.45438 764.9482 0.0039802976
18.779358 2279.755 38.829067 1585.0999 0.003979001
345.5541 2112.0972 120.910805 132.42798 0.003978599
139.10332 1943.3663 245.84035 284.60718 0.0039646192
22.159315 143.18436 46.207474 290.6309 0.0039439155
68.85054 446.59415 133.17285 196.45676 0.0039273463
894.3607 1510.2723 221.61249 1182.4785 0.003922691
21.51723 1808.4219 42.913353 1680.8582 0.0039226334
502.01178 855.9053 638.03815 1371.8225 0.003919333
767.1977 2837.8447 447.06613 544.6872 0.0039147474
431.19476 356.5595 860.14246 713.4821 0.003914502
705.33606 1834.837 544.5621 934.2258 0.003894843
172.98375 1230.582 322.83957 661.5688 0.0038774495
754.4037 1276.6301 506.46613 2577.898 0.0038760148
559.21655 1231.6943 264.3086 315.38437 0.0038755015
706.27405 2308.0054 226.6733 242.3315 0.003844658
314.35626 527.52216 402.4974 459.05542 0.0038430442
699.4225 1540.79 565.5297 1576.3156 0.0038426043
28.487417 1655.1906 57.751514 2894.9236 0.0038297558
903.347 2843.733 246.43161 505.84387 0.0038200319
259.97116 2352.4019 510.9118 1466.5376 0.0038116393
355.6955 1459.3477 416.68286 1025.0585 0.003809585
526.4685 1900.5941 165.78545 255.84294 0.003805219
696.2 1608.568 576.1249 1776.2487 0.003788541
379.0874 1047.4177 285.75375 344.15158 0.0037760863
784.85706 292.73575 199.93414 566.71185 0.003755717
63.205128 1886.6206 124.25026 985.7894 0.0037534803
111.62587 874.34247 193.583 477.50366 0.00375268
645.3812 1427.2167 293.10654 571.9793 0.0037448583
720.0479 1355.7577 501.15845 1359.7859 0.0037437005
683.9703 1747.1262 292.4638 645.7446 0.0037400548
934.5141 293.93512 203.6229 590.69507 0.0037374543
131.9488 1032.0709 237.03412 527.6468 0.0037354396
99.94353 2499.4644 196.1323 337.35083 0.0037310927
152.25066 1235.1414 278.5499 475.9443 0.0037300987
4.4228606 2786.4312 9.120221 538.9656 0.0037273988
146.41867 1604.1653 292.05432 1881.6857 0.003726661
819.20154 1543.3218 331.27744 837.94073 0.003725597
784.5212 487.38098 174.49 302.04886 0.0037110609
861.14966 914.62354 222.212 674.9492 0.0037075821
145.21817 2832.672 280.72916 498.2608 0.0036915042
49.615654 2988.8457 97.133286 212.77415 0.003690459
259.6117 1232.3748 302.55627 330.23434 0.0036746801
690.9339 1962.6661 552.1808 1115.9208 0.0036735125
737.6995 1045.7959 361.48163 1239.2191 0.0036512048
607.72253 889.7842 212.9259 197.10553 0.0036286921
567.6296 1330.9833 238.79878 284.6695 0.0036205153
777.9793 1424.6583 350.21457 460.13196 0.003611254
332.603 1370.1438 651.1776 608.5556 0.0036100016
3.639174 2453.309 8.013248 1358.834 0.0036064135
368.36523 1369.6592 510.94247 704.46655 0.003589964
847.93 1023.24695 264.55545 672.18695 0.003585682
236.09886 830.30115 164.45428 218.79836 0.0035812773
607.1499 954.938 261.42285 213.04164 0.0035807497
906.8421 2197.9392 338.15076 924.98816 0.0035724062
648.2586 2008.1382 215.17007 315.7687 0.003567879
130.0791 1871.4995 227.8811 309.96164 0.0035457502
229.83241 698.2298 161.60774 206.90361 0.0035411082
641.73724 988.4534 578.6406 833.5821 0.0035393909
20.286045 3023.0376 41.229393 153.54335 0.0035224708
107.99458 1656.1439 202.08922 377.62366 0.0035083895
13.203995 1657.6266 27.060873 1966.0272 0.003491531
331.71353 405.49393 298.487 494.17438 0.0034887549
37.195175 3054.6965 75.062645 87.519806 0.0034805452
383.22433 1756.108 446.1188 1279.2507 0.0034782107
899.8608 1333.8695 214.66745 1570.0181 0.0034617437
954.60114 2843.4863 158.51112 528.3781 0.0034612715
480.23 1972.4701 125.05657 178.12611 0.003442006
760.4035 1984.2893 462.03357 1113.4434 0.0034358776
848.5042 1389.9447 313.12466 1867.5431 0.003430034
183.9134 118.86874 121.156075 108.30668 0.0034233807
773.4378 1451.8372 370.0817 1462.0182 0.0034201723
707.5558 1552.7828 201.24002 171.6939 0.0034125794
41.19944 1727.9668 82.02837 2633.867 0.0034062348
585.67303 2889.3728 864.33606 271.47183 0.0034013595
768.02167 2185.2283 257.50174 650.80505 0.0034000585
203.7539 1823.2391 395.30194 1258.466 0.0033896882
758.10425 2151.9624 481.5288 1298.5831 0.0033869364
729.8185 1858.7684 390.34766 1379.9009 0.003382648
7.109084 2450.8215 15.210723 1265.1891 0.0033748816
516.9174 201.74525 566.3098 398.2388 0.0033742848
245.55429 1986.3453 286.91876 193.5959 0.003373331
490.91312 3049.7188 999.00006 105.10825 0.003367731
683.3307 2872.229 244.44402 404.3815 0.0033666124
675.6325 1157.347 186.1235 274.8433 0.003365656
620.05505 1057.1737 193.81302 202.59102 0.0033511545
773.278 1832.5503 185.65375 381.5086 0.0033509855
53.9196 769.9375 106.8749 462.56677 0.003349949
755.4117 2741.138 313.93445 456.9385 0.0033459412
653.33014 1454.3259 333.2829 902.64636 0.003330587
863.2808 3031.39 299.65048 123.78777 0.0033284032
952.1733 2562.8955 181.20152 360.7259 0.003314911
712.8926 401.51797 444.6825 805.11456 0.0033105938
483.49304 3017.64 818.1166 170.2119 0.0033066217
881.01465 1443.9283 213.00284 441.465 0.0032788708
901.8005 1549.6945 163.80365 342.2815 0.0032767695
31.374296 3011.665 59.23132 264.94595 0.0032751702
708.36096 1597.6443 537.1718 1392.1912 0.0032744172
802.7783 646.9412 150.21457 173.1929 0.0032667164
497.42935 3050.9287 936.35645 97.56121 0.0032646132
430.76382 1828.2656 473.71432 1288.3867 0.0032568972
568.7115 1917.5114 189.89366 189.45654 0.0032352207
619.6668 2523.7627 448.70663 1155.2162 0.00323453
477.7183 2758.7932 941.81177 547.1971 0.003225298
32.825294 556.8188 66.58475 323.73135 0.0032173207
306.5205 1738.6134 442.47876 1142.7528 0.0032141614
695.0605 1572.5187 468.86633 925.99194 0.0032103444
616.3845 2735.492 486.57492 587.2312 0.0032051024
368.3603 414.1555 263.10678 333.06915 0.0031924406
503.56595 2644.6182 1008.07306 415.26038 0.003186952
827.69806 2685.1404 238.73056 359.3468 0.0031859209
128.88118 1703.0226 233.84795 485.79828 0.003181036
330.40225 9.531578 673.77734 18.898554 0.003179328
613.72705 2507.8694 674.4544 1052.699 0.0031612075
18.751846 3089.4946 45.14721 51.689804 0.0031608096
584.9881 2907.2686 502.2924 419.80957 0.0031379068
862.7882 1508.483 262.44785 1163.5685 0.0031328723
296.92825 2856.0037 390.45087 454.80545 0.0031316262
741.6479 1475.0591 475.81244 1782.5195 0.0031194137
927.5673 614.31714 215.61517 1239.3805 0.0031193811
767.8508 1418.5614 412.0141 1695.8512 0.0031068206
626.35913 1262.7648 396.0261 699.9339 0.003105868
729.07605 1557.7787 515.8843 1959.5073 0.003103762
696.85657 2994.503 365.17822 212.40051 0.003091821
498.67648 2471.444 126.40378 181.7971 0.0030870743
405.07944 2972.9438 209.33055 249.50444 0.0030830062
660.3439 2674.6992 202.23985 268.87134 0.003080078
914.9904 1398.1401 193.79585 1424.5846 0.0030775692
879.9532 2284.711 264.17078 628.1261 0.0030764795
884.8726 2874.8499 279.26828 502.10745 0.003074278
217.21753 783.8722 147.58206 178.45116 0.003055226
914.452 1683.2412 172.47812 814.25696 0.0030522705
825.21796 3003.1882 348.60617 180.84329 0.0030491697
505.26392 305.12753 1036.2223 607.0283 0.003025799
761.04315 2377.9602 415.72766 634.67035 0.0030124378
901.1592 2956.687 226.57622 283.06488 0.0030119582
78.985855 1802.6337 155.15536 1455.9854 0.0030098413
294.3082 3008.1455 592.90936 183.14595 0.0029982962
920.44324 2999.9126 214.72145 197.84079 0.002989703
535.4429 1771.3052 176.8079 205.65334 0.0029888873
533.6747 2976.1064 256.4563 245.58162 0.002978817
306.63992 1527.4617 555.3956 1554.0055 0.002977868
161.12701 2829.951 321.741 546.1455 0.0029755358
254.01787 1540.3527 569.6402 3015.1233 0.0029727716
217.00563 81.27444 165.6115 114.47587 0.0029703123
711.30664 2306.0261 116.84324 180.59456 0.0029675541
778.69244 1178.4448 269.84674 497.47272 0.0029626682
656.3404 1965.6257 623.6339 1160.3923 0.002962354
467.6813 3033.374 305.37686 134.66815 0.002961547
256.997 1527.5924 189.7752 255.61658 0.0029592924
813.56714 2629.56 236.44054 340.45035 0.0029516667
879.4762 478.13257 298.46884 962.755 0.002947708
581.7779 2969.0808 207.99947 254.68576 0.0029433067
316.8686 2934.136 229.51834 316.53293 0.0029410154
648.54736 16.008512 256.4603 32.417206 0.0029383402
498.17816 1292.2806 985.631 2557.7654 0.0029308884
7.1198487 2941.6528 20.553389 549.0554 0.002927184
728.5394 224.202 176.96031 393.65076 0.0029220725
533.7357 2994.2795 198.9603 214.30194 0.00292062
697.6369 1478.9862 340.3248 1503.8932 0.0029179147
432.65234 19.403332 867.05963 38.80329 0.0029051846
182.93085 3022.1692 372.93503 152.66122 0.0029013928
484.34763 1392.3433 590.89856 698.9322 0.0029010093
889.1695 2944.1555 277.38278 436.04657 0.0028889244
815.8772 1472.5935 377.2696 2477.6653 0.0028760922
925.90125 2666.576 187.05984 341.01416 0.0028716442
650.68414 2981.823 241.6329 236.37259 0.0028652574
894.9639 2086.0793 261.90518 1020.88916 0.002863502
796.36005 1992.2667 166.63814 200.64642 0.0028631766
399.76703 1319.4401 420.82266 752.3295 0.002862825
858.1408 1952.0205 278.30243 1110.7711 0.0028591375
21.971132 3052.7244 44.890076 97.57446 0.002846317
718.8039 2806.4597 192.13292 275.66302 0.002842803
793.94257 3009.9453 422.33893 179.25696 0.0028408815
950.9764 2444.2468 177.19514 289.31635 0.0028408815
67.92374 3086.8528 132.53995 32.518467 0.0028359862
123.99545 2968.3318 244.13548 277.64075 0.0028284597
665.7261 949.7019 526.7462 1865.3647 0.0028229656
514.75635 2203.361 122.130875 226.19447 0.0028200909
309.751 1654.3281 662.4689 3057.76 0.0028191307
542.184 3035.548 729.6526 164.02022 0.0028100517
269.29816 572.87195 295.57074 331.1818 0.0028022365
615.0502 2602.5442 188.75539 229.16167 0.0027943752
331.6119 1031.4595 237.37662 211.00978 0.0027938876
762.1827 2953.4666 200.53621 277.31326 0.0027899926
732.52545 1767.4735 490.60797 1633.248 0.0027759944
951.8142 3000.2908 142.74066 197.78995 0.0027733753
920.5007 2463.6152 227.3391 461.08783 0.0027673969
897.39435 1331.102 166.80856 330.2627 0.0027667629
86.746506 3076.9697 169.70659 48.135704 0.0027649899
814.94653 468.8057 140.97528 299.03622 0.0027570205
365.077 3032.64 715.6794 159.728 0.0027559365
790.76746 319.0969 182.0317 492.3031 0.0027370604
612.0346 2531.3652 271.10028 365.33405 0.00273277
52.984917 3019.1719 100.01405 116.94965 0.0027254738
757.3256 2929.19 255.98283 312.1135 0.002709795
428.85443 2531.5557 171.75652 199.88492 0.0027060271
348.34885 2124.79 107.74112 112.8637 0.0027050197
782.01385 1768.2091 421.72372 1516.3181 0.0027019766
492.8032 2556.221 414.0567 822.83154 0.0026971973
118.14947 1723.6554 210.04147 351.97037 0.0026962352
874.6412 3002.4917 268.94595 186.22742 0.0026917371
683.58594 2632.8687 332.68848 406.74493 0.0026870512
821.0734 2494.9583 295.58563 493.77997 0.0026754988
573.4678 2089.63 128.22276 180.43353 0.0026740725
59.409718 1132.8616 112.898994 439.0805 0.0026721684
384.41144 682.39246 121.28993 181.38191 0.0026711558
910.88007 1874.7144 215.7779 793.1962 0.0026668087
830.0352 707.36115 213.58669 424.66324 0.0026457414
329.54782 2936.575 301.49554 270.69498 0.0026428944
395.90375 69.11211 792.33405 136.9328 0.0026394553
385.88464 2733.878 405.57672 347.70325 0.0026365246
906.4633 3071.2532 257.04385 43.561157 0.0026322885
794.9316 3062.884 386.81213 77.24945 0.0026192914
828.90186 1734.2435 334.52548 1200.2755 0.0026179797
786.7769 1282.097 306.51282 586.9851 0.0026168134
585.1823 2986.7097 269.94308 219.73184 0.0025866774
634.3574 2509.9565 148.25165 229.48653 0.0025834537
508.2216 2934.0725 207.21959 289.81403 0.002582369
851.99506 2313.1284 206.92438 296.0314 0.0025785337
456.40262 2787.0771 177.05154 261.7002 0.002578004
855.7832 2104.6306 281.51157 514.8535 0.0025680487
713.64935 2619.4075 212.56015 294.25388 0.002565994
926.088 2987.6147 213.29181 224.67099 0.002564798
657.7979 1119.0505 525.0226 1088.3751 0.0025576379
906.7519 2991.9392 213.66898 216.1314 0.0025564278
719.06775 702.8026 289.91516 319.09924 0.002556108
212.62785 2584.091 322.9349 189.58296 0.002553102
682.72156 1136.1714 338.92996 2267.37 0.0025526201
957.072 2917.5237 118.44536 365.78995 0.0025355176
920.2405 194.84988 228.03015 389.01624 0.002517448
145.8683 1763.4199 191.66603 235.18607 0.00251735
912.5108 2294.67 221.40286 418.05835 0.0025171512
671.95557 2951.4988 166.06177 252.84138 0.0025138021
63.55913 3005.18 121.94744 188.28064 0.0025120596
587.425 4.466809 494.76785 9.150168 0.0025040526
194.78497 2944.1904 275.63864 308.80368 0.0024904227
454.49725 26.521126 900.8557 53.046597 0.0024851772
622.3682 3024.0732 182.80005 159.90791 0.0024650192
24.299084 2450.0059 50.29463 348.2658 0.002463026
700.09247 3017.4507 210.0747 168.65794 0.0024542173
540.7692 3039.1577 316.7308 120.96254 0.0024540504
845.6973 1497.6703 326.93155 2058.6125 0.0024447634
223.66252 2930.4492 406.7298 338.7693 0.0024394083
277.2192 3077.4321 544.0408 141.97478 0.0024392714
688.2516 1254.9362 385.88702 1344.8214 0.0024356388
739.6038 1378.5581 193.17734 176.0827 0.002427242
915.1705 1202.25 178.90668 431.8617 0.0024246373
495.33478 3073.4634 763.798 255.28311 0.0024210163
916.1292 1944.0566 163.42236 279.58606 0.0024134114
835.00446 1532.5568 416.53027 1457.3293 0.0024065215
66.99802 1492.6459 123.23524 581.76495 0.0024055007
458.63995 3086.58 640.8428 101.112915 0.002405338
313.22372 934.2461 190.24243 285.84506 0.0024052307
384.27698 2118.9915 127.72433 173.95616 0.002396292
1004.5145 284.939 72.66471 583.4909 0.0023899567
661.5027 46.447823 290.7633 86.35268 0.0023797464
628.0374 3007.6882 442.235 193.02449 0.0023792835
983.0714 1495.9893 98.55905 1131.353 0.002377178
665.0235 512.01263 670.85315 1005.71246 0.002376345
807.1834 1519.8428 380.93704 1701.9766 0.0023738737
630.65063 1815.0261 641.34314 1620.0087 0.0023734393
497.315 95.57973 880.2117 188.86731 0.002364526
903.71204 639.90796 252.1463 1156.836 0.0023626597
991.00183 2442.9502 90.20297 719.1566 0.0023524293
112.792465 2336.5657 210.71408 242.83644 0.0023458784
982.10144 216.02011 112.57916 403.377 0.002341754
948.9545 1921.7318 114.679634 299.9457 0.0023370998
450.5872 3073.177 898.3914 156.6927 0.0023277148
349.3629 136.47678 573.24664 266.80426 0.0023249693
130.89148 1582.5397 150.18568 997.2115 0.0023207644
974.2618 2991.027 96.396866 214.50346 0.002312061
414.90808 1861.3372 414.30405 932.719 0.0023100886
417.83252 2524.8872 403.1219 758.7416 0.0023062231
847.6449 1295.7563 315.90372 2142.762 0.0023040157
53.50111 1556.2113 101.511635 416.7552 0.002293911
932.07684 825.8262 178.56067 1726.9326 0.0022840623
925.8265 3013.8826 182.54219 169.98326 0.002270353
374.50946 840.1521 367.3631 1102.4718 0.0022670978
986.72644 2795.409 133.22383 256.0931 0.0022626314
511.88272 3002.142 986.96497 202.93259 0.0022596924
513.8042 3040.6653 978.41095 123.915215 0.0022515815
350.36005 3036.9434 272.88464 147.3533 0.0022447726
412.53177 3081.25 447.85013 124.89049 0.0022294787
428.96585 1639.178 328.38202 702.0629 0.0022266316
982.04694 2313.2986 107.076035 452.35434 0.0022260572
923.58673 2992.1077 187.9855 289.91022 0.002224086
690.3244 1996.8033 594.8539 1180.119 0.0022049998
964.14374 801.2502 174.23204 502.30637 0.0022040086
552.8634 2114.5952 397.1294 897.7245 0.0021959571
925.85425 2418.957 200.38092 251.7626 0.0021742699
282.07736 2977.3088 286.7207 213.41243 0.002168118
498.06918 1531.2511 990.0913 3045.8643 0.0021623746
687.7005 51.834995 186.94475 99.16273 0.0021612605
504.83093 1537.2852 1007.27844 3062.9565 0.0021508897
410.93552 2154.9297 168.4147 224.55695 0.002135136
360.3995 25.04166 695.5284 50.874245 0.002119724
532.83295 1258.124 457.9103 1294.5751 0.002112411
979.2773 2547.234 138.51689 360.00275 0.002090967
790.32544 1635.0511 358.00043 1208.7542 0.0020808806
966.69055 1763.2284 102.26679 516.45184 0.002079359
211.99304 2094.6328 484.42358 2453.2424 0.0020761795
627.04987 3082.0933 331.78604 71.88983 0.0020754465
980.23944 2091.4604 161.00208 1645.8009 0.0020743734
1008.0131 1662.8777 56.929195 1177.4392 0.0020714044
941.2884 1315.9348 160.06447 1550.0706 0.0020502869
934.5966 3020.6135 198.4327 168.8672 0.0020412556
576.31256 2988.5024 900.58 225.04713 0.0020262809
789.8058 1034.7584 395.74142 1619.2357 0.0020216089
841.1101 1825.5161 327.88428 1442.5093 0.0020176538
999.34766 1475.1277 71.92747 866.9918 0.001987216
932.94977 1495.7037 137.43875 251.74225 0.0019667344
502.07748 1290.2188 994.3313 2553.287 0.0019565849
321.25967 230.7299 716.38293 571.84827 0.0019363178
820.1441 1771.41 353.86285 1729.4315 0.0019261781
525.7535 3088.6294 265.90704 26.169773 0.0019231252
962.87225 1074.4377 165.30525 499.2916 0.0019211282
954.8329 1290.6522 142.53 1698.954 0.0019177538
990.38116 2425.6543 84.92886 334.33008 0.0019156784
441.55453 2172.0437 224.58661 231.7175 0.0019104215
208.1396 422.36942 276.41055 581.4769 0.0019055151
997.5966 1844.2053 80.552505 519.58936 0.0018998656
14.742989 1698.703 29.527813 581.4336 0.0018867592
965.98474 387.04266 218.3059 439.36154 0.0018742371
281.00317 2570.1455 340.62646 454.22626 0.0018652804
467.54477 2255.6223 950.1165 1666.9187 0.001860087
630.8593 897.7757 255.61499 946.0786 0.0018588569
974.50525 1357.9298 124.61012 371.09186 0.0018553813
110.82444 870.6021 228.46867 942.9057 0.0018524157
1029.5638 2880.6194 14.871756 415.42883 0.0018459555
976.9358 2011.6643 112.36938 512.40936 0.0018448778
715.7717 2225.2883 231.15007 388.49023 0.0018351105
97.885155 1702.097 136.71223 352.0089 0.0018294776
939.60095 2171.7375 135.71149 200.9833 0.001823552
981.5025 1273.1298 108.681175 701.41 0.0018199413
35.662197 2390.45 73.280495 368.14557 0.0018144983
766.41486 2153.8557 191.49911 249.61816 0.0018131965
146.70636 713.51825 291.7646 1270.4907 0.0017987783
71.37493 1543.0111 161.83768 451.87207 0.0017983939
693.95764 675.9138 606.62006 746.57544 0.0017784812
1006.5763 1167.432 65.714874 330.45413 0.0017766046
59.80188 1307.4781 127.62017 2502.401 0.001765883
127.29074 705.0186 239.7071 600.6215 0.0017470364
925.4977 1939.2673 139.22646 315.52582 0.0017313426
1010.32043 2303.6536 49.759903 321.59915 0.0017296703
36.39254 2248.1108 75.49296 2411.2065 0.0017219506
1000.04706 1368.6924 79.209206 1569.4691 0.0017124114
621.5445 1130.3779 370.5556 2227.554 0.0017080975
305.80396 2609.1357 526.43054 1228.5884 0.0017072585
1008.2996 1782.6312 55.441265 910.508 0.0017066029
271.04965 518.2961 538.17065 1054.3345 0.0017006706
52.95255 1312.6133 124.02042 2519.4207 0.0016725392
496.78033 1293.2997 979.271 2558.4495 0.001668647
239.11842 722.1854 503.054 1463.9263 0.0016585198
952.37164 1479.2548 140.71918 1502.621 0.0016518687
174.14035 184.26297 263.88898 260.4752 0.0016448896
360.95502 1689.3857 511.5363 1198.6206 0.0016295548
205.33656 201.32732 271.37177 292.15253 0.0016293135
353.60394 1647.1384 599.6902 1377.1553 0.0016275126
350.49445 1553.4783 742.16614 2682.2136 0.0016249478
494.90982 416.42566 807.8212 1030.2928 0.0016206261
1014.9157 2560.5466 40.00543 368.7572 0.0016119488
983.94135 2132.0166 92.965996 291.07367 0.001608278
395.882 28.472515 837.24615 56.741455 0.0016070267
972.78827 1487.2928 273.6396 809.2788 0.0016045284
593.8843 27.687393 224.56032 69.60151 0.001602211
553.6093 2370.6873 607.7317 1431.7236 0.0015978782
1011.21204 1537.0874 52.90892 1057.7521 0.0015931558
258.70834 164.98785 372.0106 204.69371 0.0015812899
954.58386 3078.3816 128.26169 129.46262 0.001553375
178.5451 303.55997 343.60593 488.35147 0.0015080932
1011.87024 3057.8975 42.808857 88.911545 0.0014926745
1031.6604 2970.923 11.309797 247.55519 0.0014843767
510.18408 1755.8475 259.71045 640.9103 0.0014754161
243.6747 1979.2129 407.5618 583.298 0.0014669724
390.68283 60.303616 836.8238 125.147766 0.0014500638
380.99463 2482.8835 419.10022 900.21564 0.0014418461
1027.4459 2655.6719 19.488142 282.38855 0.0014209468
634.595 2253.8088 502.43585 893.8251 0.0014120445
730.7764 2195.5369 291.39392 309.05936 0.0013991664
839.0826 3068.4895 670.1535 110.405846 0.0013898714
699.27234 2137.2021 158.38383 222.39877 0.00137896
1007.1471 1915.3865 61.088913 382.01175 0.0013512276
499.4096 1293.9188 979.4774 2566.9697 0.001344165
461.43585 974.2609 852.1803 868.10986 0.0013230457
750.30914 1141.8121 491.9953 2331.6306 0.0013112818
823.08966 2347.4326 338.13354 426.52292 0.0012727288
399.66812 733.9141 845.34076 1468.106 0.0012472757
257.6633 432.33463 510.92197 830.93536 0.0011730576
489.08847 1420.0979 890.5288 2191.1055 0.0011267875
488.74683 2319.084 951.9653 514.795 0.0010812217
494.2496 833.4424 975.04346 1562.0758 0.0010787952
505.28552 1517.2035 357.81055 474.5293 0.0010572023
758.94025 2018.7615 280.00327 977.1623 0.0010570079
848.8536 3083.3489 377.3848 66.30609 0.0010424193
488.29468 1464.0797 909.04877 2022.279 0.0009900758
401.40622 1395.4146 257.51505 1041.4933 0.0009746547
328.35855 1455.9468 686.61584 829.8901 0.00097085664
515.0612 2484.1562 788.04486 796.9755 0.00095764926
250.33272 444.5461 532.4264 862.5078 0.0009312348
454.26263 1012.3532 471.5329 1922.702 0.0009271027
518.6507 1549.7041 956.1371 2947.5037 0.00091350416
553.92554 1318.1874 701.7165 1093.6138 0.0009012698
487.65005 1265.7672 618.3876 1175.7694 0.00089262833
908.152 2126.9375 402.24225 797.56757 0.00087188015
688.98157 1356.6476 480.8547 1259.0869 0.0008570681
756.9034 1671.2173 342.65262 557.21436 0.00070117274
839.6879 601.33234 564.9358 750.4501 0.00057322753
891.44476 1533.5447 467.91345 753.00977 0.0005582985
891.7498 2173.7292 378.26556 498.47153 0.00047853575
