582.20856 1172.7004 1102.0223 2297.755 0.91201895
626.9926 1175.0978 920.51196 1487.281 0.039151873
683.7365 1154.1058 800.4056 1487.8197 0.036257744
634.03595 1061.6202 850.1311 1208.6605 0.035338446
45.099693 1249.4078 68.43841 133.16344 0.03510724
652.38855 1097.6512 810.0566 1197.5575 0.027744604
673.6779 1242.6604 831.8503 1679.7275 0.026640195
582.2971 1171.7611 1100.6025 2293.6685 0.023891876
624.85944 1208.4363 949.91095 1584.4944 0.023139816
746.54895 843.47504 238.87599 419.73334 0.023113342
824.5963 689.3659 65.686134 76.94307 0.022756983
130.618 1314.0255 92.22276 109.963684 0.022745838
502.34735 1769.1311 147.00127 238.07022 0.020906
627.7627 1107.2201 810.78925 1287.874 0.020260038
95.54249 1275.7407 165.60748 190.49673 0.020219965
607.975 959.883 1000.69507 1196.3456 0.019969983
594.198 1730.1405 1071.1224 1169.437 0.019178335
652.4281 1308.428 881.07434 1355.3898 0.01860273
686.4715 996.5254 809.1601 1232.982 0.018249381
656.4293 900.16693 873.85126 1058.9585 0.017053427
653.9002 1284.7905 698.4675 1431.5068 0.016733425
638.83636 1091.6521 758.8051 1054.9431 0.01666511
372.17563 738.0241 46.27726 43.73362 0.016413784
707.51263 774.0345 746.4026 755.999 0.015806044
608.4668 1010.5215 983.7939 1294.3866 0.015330665
663.06635 1009.4796 63.97043 68.23934 0.015247476
596.859 1672.7495 1065.5837 1270.906 0.015127609
442.93744 1269.4497 90.94559 68.30632 0.014441051
542.7156 870.79395 33.134445 34.119476 0.013964809
640.6279 1337.9236 876.9573 1072.7651 0.013811703
604.42523 851.3198 1030.3168 1309.3927 0.013759314
714.3192 776.64905 748.21533 775.2883 0.013618413
543.2018 1763.2208 233.39867 254.7601 0.013373218
413.47754 1057.2842 33.56614 39.13549 0.013203145
625.00616 629.22424 71.22721 73.6203 0.012978679
670.1193 1579.0896 885.4163 1172.3666 0.012753471
839.8704 741.0415 493.9023 689.1706 0.012733416
622.0428 787.41254 639.2148 716.76416 0.012556852
504.5733 1841.5505 74.841835 91.9316 0.012528775
569.0812 1108.1147 776.49225 1261.2839 0.012146404
829.8179 669.9125 88.153854 132.4611 0.012146209
640.21454 826.30005 477.9073 551.94073 0.01199442
441.6109 1265.3429 116.55051 83.03758 0.011962992
580.2687 1006.9221 721.19366 1009.92377 0.011914309
428.91415 1390.5891 151.02818 155.2673 0.011751831
725.7873 614.90283 288.10486 275.21613 0.011584569
751.5812 933.9639 241.56624 253.59169 0.011465905
482.4414 1698.7958 93.866 100.143166 0.011465711
702.33386 788.2022 652.02374 687.2423 0.011456159
421.13257 1267.5883 155.45734 83.84467 0.011370636
547.66797 868.79553 60.523872 62.835052 0.011296624
773.51013 595.55383 398.81018 405.96417 0.011278818
419.09415 1061.2847 52.40094 60.61538 0.011102485
121.36715 1279.204 134.12718 185.81897 0.011027177
433.12457 532.7332 41.411217 49.2523 0.010928511
645.33606 1138.0804 582.89996 1297.556 0.010925423
834.53345 937.9299 421.60358 327.854 0.010696866
368.73486 736.9381 81.21693 70.5577 0.010658267
694.3762 944.66815 695.9236 994.95197 0.0104562305
597.3125 1592.8774 1060.9968 1411.596 0.01031304
765.41504 933.4287 190.45966 223.00743 0.010307065
668.29395 619.207 166.1599 142.1083 0.010261016
545.4905 914.8532 915.5945 950.73773 0.010254664
672.9872 1021.827 729.8661 762.00903 0.010077811
668.4427 1006.32043 75.98341 82.7024 0.010036197
690.6731 621.80176 215.89195 180.94798 0.010021855
632.6835 1476.135 934.4289 883.39465 0.010010116
777.3729 1196.3193 685.38184 1662.0442 0.009826835
762.89496 727.50446 345.94052 664.836 0.009816819
693.92377 1701.2651 847.29736 983.29706 0.009583099
733.56915 720.017 436.3889 631.3422 0.009482676
409.10162 1266.829 175.47952 86.73503 0.009452006
780.35895 1280.7627 700.49194 1826.502 0.0094167385
675.7717 700.29596 551.96893 606.896 0.009402809
601.03766 1342.5222 789.9088 1195.4492 0.0093699545
495.40106 1693.9573 349.76785 406.50824 0.009340033
606.9397 1379.3687 1002.6506 1036.0286 0.009328745
939.05304 913.1611 229.1866 273.10165 0.009326243
647.5714 1136.4404 730.1431 750.37476 0.009211284
600.95184 1345.203 1015.6669 1143.4149 0.00919713
675.69104 1631.6736 893.03424 1303.712 0.009169748
349.0381 980.54736 74.85317 78.273384 0.009132103
729.34875 958.5568 770.3537 1263.8055 0.009013837
706.3714 1729.5383 812.525 880.36884 0.009011881
656.88806 749.1948 903.69 820.1675 0.0088895615
827.23364 601.67975 510.39594 449.03232 0.008871296
604.6969 1450.8953 1036.777 1614.4589 0.008803154
585.671 1505.1943 31.356466 33.639233 0.008801765
294.0091 1302.9854 407.82056 193.76955 0.008692981
851.3311 567.23474 179.11565 330.28854 0.008676638
292.19644 1594.1741 98.62613 126.049255 0.008665682
704.161 1454.2087 792.282 883.9353 0.008608545
418.44247 1063.635 82.13655 92.663 0.008594204
615.57587 703.7581 76.40917 97.879814 0.008591567
510.83362 938.1377 878.53375 1048.4729 0.00856107
580.35284 1761.865 299.07755 259.19635 0.008557708
602.9072 1246.151 590.72314 1344.768 0.008527064
434.03717 533.0857 59.27768 64.62585 0.008410082
685.6558 1237.112 624.71576 940.55383 0.008334599
765.4658 758.8714 196.00606 240.44882 0.008304681
668.2764 1353.1774 654.74585 656.1221 0.008262215
323.2533 1364.606 374.0946 244.0498 0.0082050515
832.043 670.50195 114.87752 153.53033 0.008168984
696.0176 1257.9752 642.2564 955.42316 0.0081678685
531.1973 872.78687 222.71799 178.56068 0.00816245
146.36613 1279.1815 258.90048 212.64499 0.008156365
639.5046 948.7508 870.5913 655.8642 0.008145151
387.22574 1398.0721 249.64592 188.1848 0.008122415
712.9227 1196.9515 654.4755 962.0684 0.008097238
610.21515 1882.6072 1032.8958 880.8129 0.00808022
617.91833 1079.7338 569.00183 669.67395 0.008067561
594.52997 1062.054 51.034767 51.630085 0.008059815
640.12573 933.0351 876.806 634.782 0.007951945
713.02466 1057.0443 650.83105 657.60626 0.007886972
629.362 1221.0599 568.25836 887.11896 0.007870434
733.7129 893.82623 759.4833 1138.1874 0.007867746
457.03378 872.38403 116.19115 166.13841 0.007841478
485.49402 1682.487 217.43115 408.91687 0.007837962
797.7635 569.9822 391.24872 353.091 0.007832672
642.5766 1075.4343 515.8964 99.08374 0.007811238
699.3486 1878.0393 846.26636 836.84576 0.007764546
540.5205 945.6039 291.75757 324.35815 0.0077628796
957.66925 588.3366 261.2445 336.16138 0.0077294577
586.269 1506.8469 40.934868 46.73119 0.007725589
747.7184 1701.295 724.05664 760.4053 0.007695767
534.1431 837.5359 400.9064 533.53766 0.0076754023
602.97974 1287.0778 860.33685 869.6083 0.007674665
629.46545 669.76715 129.98848 170.27339 0.0076281307
423.64053 1270.2256 370.60654 400.44623 0.0075714844
466.674 939.81616 768.7212 882.911 0.0075375824
668.6956 973.8771 83.80301 149.30965 0.007506491
739.7743 1318.4813 733.3807 1115.313 0.0075050523
437.79736 899.48456 203.48515 227.18619 0.007489469
642.16284 664.4478 163.15497 190.14587 0.007472641
553.96045 1632.6503 84.86306 102.16418 0.007463606
464.52997 1198.0352 740.50385 1529.5996 0.007455395
712.57745 693.41876 794.7968 721.2396 0.0073868018
761.8947 1212.5978 730.50714 2017.2168 0.0073719257
665.9312 782.65137 868.68463 889.25433 0.0073688664
692.5762 952.83527 486.26175 802.5508 0.0073651182
728.09045 1612.0059 788.4646 1335.1458 0.0073571983
641.8034 930.3559 864.2422 421.83173 0.007298932
923.91235 586.0731 214.78929 295.95682 0.0072893635
637.7759 929.5616 776.5788 1030.2825 0.0072820666
548.3193 979.0082 689.91925 700.68933 0.0072563547
757.10596 572.2798 338.04208 289.44226 0.00722107
788.635 963.76544 133.96385 170.22682 0.0071395095
796.63617 736.4915 138.46257 196.81367 0.0071394993
826.56024 820.80493 445.1718 537.3288 0.007133692
953.9868 614.10645 330.2865 470.59805 0.0071106004
756.3176 748.3588 694.8282 763.1233 0.007086587
580.29767 939.5484 568.7958 898.6024 0.007073467
434.46817 1400.6154 171.05089 177.29442 0.007051792
306.48703 1594.0237 138.79071 156.11829 0.0070466152
451.77414 1022.0561 468.75272 618.951 0.00697282
722.8824 1288.344 767.7854 1135.2588 0.0069723176
459.80322 871.73645 486.3092 511.9864 0.006963891
368.52295 998.18787 599.29517 781.113 0.0069626747
675.6785 1281.9017 614.9953 496.92853 0.0069409055
505.57333 951.3467 370.91455 367.08084 0.0069381054
551.0625 1621.798 429.61823 546.0748 0.006863053
250.20644 1158.9585 323.19217 402.75232 0.0068628904
764.6985 1877.2803 706.5327 639.2376 0.00684942
156.75468 1314.3424 147.41292 137.6783 0.006849156
312.99435 857.80096 205.91594 283.5225 0.0068242974
834.47076 747.7702 570.61536 752.0563 0.006769062
428.9083 943.31323 233.03822 308.87332 0.0067503555
381.5457 1113.8093 493.11395 689.4395 0.0067314957
370.44504 870.6738 309.9269 305.98227 0.006713952
552.01715 872.4834 660.95386 482.23248 0.0066926545
643.21344 667.7084 257.42526 247.87703 0.006678253
813.11743 747.1146 474.48663 703.86536 0.0066594556
514.9874 1286.4491 819.0801 1280.7372 0.0066298195
373.3366 753.15344 100.675606 113.488716 0.006595474
626.80756 1487.5724 162.0263 189.01506 0.0065771793
808.7739 936.8281 618.38934 1152.4977 0.0065596486
819.58136 618.25275 596.19543 530.69824 0.0065364465
822.92145 1105.0815 602.3716 1457.1228 0.006529944
418.92804 1627.1737 374.78262 519.9526 0.006520726
385.20493 1267.7101 230.30846 109.56828 0.006515844
315.2317 1319.3025 476.87518 362.76077 0.0064992863
749.0354 1546.83 665.095 1072.4084 0.0064969067
441.60483 1124.5122 619.066 1097.2748 0.0064888997
742.80835 1194.1964 356.58124 299.73386 0.00645951
445.12665 1619.1792 499.8911 553.36255 0.0064516896
650.2254 1572.8632 655.6666 1137.2284 0.006422158
893.3988 1089.6737 165.47862 124.67927 0.0063892924
612.4833 1284.4841 517.41077 492.1417 0.006358152
726.49164 1074.2456 334.8342 76.47475 0.0063383603
795.042 614.04486 478.46243 522.6522 0.0063355826
738.27576 1527.3247 624.7426 1079.7094 0.0063205073
280.89664 1134.499 182.71141 206.94128 0.0063132728
363.09116 745.966 161.31259 162.1109 0.0062833517
574.0714 1876.7328 300.3856 468.4856 0.006260376
750.37744 1799.1487 84.69078 109.16504 0.0062540784
698.5967 1276.1476 747.0736 967.7785 0.0062504816
767.8829 1154.763 648.08673 884.11835 0.006248127
566.7552 1639.5719 289.83633 466.79965 0.006214439
631.0577 1238.6353 458.0314 394.66705 0.0062011424
296.028 904.3289 170.77335 200.28937 0.006149561
642.52124 934.93317 600.1215 396.0677 0.006116578
607.85144 1251.4631 928.86536 672.8907 0.006065442
735.0798 1540.3687 763.13654 1049.7299 0.0060597216
708.2222 794.5081 330.9032 467.83014 0.006054643
790.682 751.8934 646.9928 781.88153 0.006049595
658.5979 1013.26697 40.049942 46.261753 0.006025943
268.50955 900.3253 116.45307 155.42424 0.0060168793
767.212 1624.6862 682.2945 571.9601 0.006012979
578.20276 1702.3721 566.1653 714.76996 0.006004444
745.56323 1416.2747 722.82196 1292.3936 0.00600326
471.93607 863.9 113.99882 151.18909 0.0059730355
970.72925 873.82947 162.65848 216.64893 0.005968456
736.2711 1056.9661 491.24045 1316.74 0.0059655067
676.7805 1297.022 785.0707 554.64404 0.005955155
763.9877 1812.7349 688.2749 471.80106 0.005955084
799.0235 1487.7002 607.2909 578.697 0.0059541613
698.75055 1487.3463 547.42236 817.6471 0.0059530665
284.94342 1307.1273 526.4259 295.61307 0.005947392
650.35376 1216.6545 471.92877 1332.3483 0.005946577
800.2655 1705.6216 657.8762 1120.883 0.005942796
600.7888 1462.4324 648.99976 882.2206 0.0059349556
892.22144 1259.96 136.2204 150.4287 0.005914199
1027.486 1434.456 195.03534 179.32191 0.0058950996
597.18 1124.7909 608.2828 1259.6361 0.005886145
610.3432 2063.2698 122.579834 148.9691 0.0058545545
713.84503 664.2192 582.7515 570.8321 0.0058465176
658.9995 1439.6152 242.98909 223.70598 0.0058416086
661.38904 1193.8163 566.16846 319.71762 0.0058400882
267.58432 1043.5376 419.1149 647.60913 0.0058334973
643.98486 1077.6708 531.64514 137.96619 0.0058129975
713.60187 1432.1136 746.6947 790.6732 0.0057962937
776.3152 1935.9385 154.37154 196.55415 0.005778523
311.9998 1204.3293 467.34128 360.4427 0.0057778987
601.9599 1350.3506 939.73663 670.4979 0.0057392647
767.8103 1473.0887 615.0453 1237.3896 0.005712753
427.07104 1186.5623 714.81433 1522.4254 0.005684964
278.28207 1376.3981 225.65123 173.77867 0.0056828563
439.51712 528.69617 71.793625 75.28127 0.0056639644
949.6574 1927.669 234.83386 259.75732 0.005662934
775.08417 2029.5695 708.195 559.5522 0.0056531094
535.2065 1376.4773 563.757 1174.7504 0.0056484076
928.24817 588.28094 160.33746 194.75475 0.0056380387
669.0775 858.631 354.3607 383.03735 0.0056305267
955.13025 1926.0178 327.52402 349.79904 0.005629862
747.15436 1467.7358 134.46432 144.67346 0.0056289784
685.9086 833.4536 343.99023 382.31866 0.0056257714
745.09033 1664.0911 731.9282 988.1828 0.005607292
626.8282 1287.2483 862.42786 514.56775 0.005585021
799.31226 1826.264 663.6825 965.7465 0.0055821906
457.79868 1661.5609 255.37778 424.13974 0.005576233
701.17474 1194.204 268.6971 270.59644 0.005574409
749.439 1340.685 651.0745 1106.7463 0.005567139
447.06284 1535.669 606.40424 711.6305 0.005555496
708.14874 1456.6904 242.44788 206.74365 0.005544961
599.703 1282.5447 943.0453 808.1432 0.005539056
321.5725 1110.0487 494.63016 569.7661 0.0055116285
346.7654 1259.7677 534.7017 516.36804 0.005508856
724.93097 708.7441 544.7173 660.81744 0.005499697
392.57382 1585.4493 504.2475 605.9515 0.0054917247
506.5867 1699.6302 150.08035 151.16876 0.005487538
966.7334 462.73007 257.28098 239.09108 0.0054677003
598.9352 1526.0726 341.82083 393.05182 0.005444568
341.12686 1340.0673 511.93445 305.844 0.005433642
683.18964 1316.8887 515.4489 1158.7284 0.005417074
573.85486 1275.8688 737.4913 511.72348 0.0054157176
458.64526 1646.8549 494.78156 736.297 0.0054099113
817.2613 1180.5886 573.07587 873.103 0.0054076565
344.66376 1265.2308 536.8231 447.57404 0.0053991256
681.039 1582.2155 494.44788 955.2467 0.0053935205
898.6552 678.93646 416.8994 586.3191 0.0053790463
313.99905 1101.3983 486.71255 570.4879 0.0053761415
698.0811 1495.5828 361.41876 375.36438 0.005364123
950.211 1951.5828 187.07722 211.63948 0.005360888
831.9513 1342.6871 417.86557 595.18787 0.005357799
641.97894 1042.7943 139.6259 117.846924 0.005354446
824.4339 1017.41864 493.35117 620.8625 0.0053424602
928.9458 1948.2081 163.43906 199.97516 0.0053413734
802.96747 1528.6714 415.4995 433.22003 0.005319638
544.54205 1194.317 614.40326 702.7805 0.0053131976
865.5234 896.58765 212.76552 221.59792 0.005305666
754.60895 819.7921 261.43365 467.2472 0.005304292
679.64557 1620.8698 555.8485 1205.3965 0.005302964
669.56366 1124.8734 384.6195 796.0615 0.0052905404
526.64856 1265.2877 174.22893 176.53938 0.0052875928
464.5639 507.4382 153.91454 148.1541 0.005261883
353.36377 847.0338 289.1929 326.88336 0.005248736
340.47464 1023.17993 192.26912 173.79137 0.005243697
497.49 1305.5134 239.35107 274.59186 0.0052325805
425.35025 1020.85376 527.843 889.4741 0.0052287746
733.04083 1444.6381 741.45715 833.18207 0.0052279783
783.50476 1753.7135 219.90273 227.9986 0.005226456
408.01694 1550.5934 684.0483 966.3995 0.0052263197
700.3561 1789.8112 833.32166 1002.0879 0.0051831705
476.56613 1300.8373 485.16122 1399.8524 0.005166731
349.315 1035.1678 573.05365 911.1513 0.005163793
495.5993 1212.4614 582.2709 752.5643 0.005161937
463.55637 1612.1553 438.39044 598.4115 0.0051122303
729.19464 1880.1506 764.4301 593.6996 0.005107787
861.01996 912.6293 528.0999 1059.5511 0.0050924397
722.1466 1248.2019 770.33374 1018.5712 0.0050747734
955.79785 1340.8307 316.3904 361.3288 0.005063757
267.10098 1211.3658 135.23651 136.75386 0.0050553647
664.0338 1571.181 371.16907 454.83847 0.0050543314
833.1582 1375.2761 333.53082 356.95407 0.0050461753
597.8045 1126.173 795.73883 324.79086 0.0050384076
760.3353 670.7568 320.68567 370.4581 0.0050374707
827.7744 1016.23004 586.83954 1265.2402 0.005034377
554.4447 1425.4381 705.9026 785.83746 0.0049779313
732.99854 590.99084 225.30305 251.96457 0.0049693133
856.2661 1872.0375 532.3383 523.3312 0.004967147
662.73065 1005.93744 52.69564 75.266525 0.004959303
641.67847 937.44775 453.21088 313.2493 0.004952526
967.35895 541.3605 204.89365 236.93584 0.0049451836
663.8409 969.09265 154.50574 198.66127 0.0049282783
465.54132 1706.9456 185.12746 307.5811 0.0049092895
716.54034 1899.3187 456.66663 496.37015 0.00490323
960.02893 2031.3969 341.97357 558.0636 0.0049008294
695.148 1293.326 464.20197 1029.5072 0.0049006455
437.76184 1960.4954 191.37477 178.31834 0.0048948405
827.6355 783.196 427.73132 522.9477 0.0048875436
369.2344 1678.3069 509.50833 696.824 0.004871045
431.19418 1594.8304 642.02704 668.2716 0.004854908
733.505 1614.3273 759.8012 1399.8295 0.0048521534
874.11707 2133.5483 304.1462 299.36526 0.004847604
494.66296 946.07 390.1836 305.94986 0.004835884
308.13824 933.3124 301.4145 449.26575 0.00483245
892.6514 1935.5089 481.12537 731.5001 0.004821755
775.1207 893.2608 257.6409 351.78052 0.0048194695
904.95856 1970.4641 450.53027 571.92914 0.0048066564
946.04974 989.141 283.52704 439.86078 0.0047954675
202.62616 1197.0543 252.30951 309.81482 0.0047928877
121.29787 1314.2571 50.68531 75.528404 0.0047782194
741.1424 1310.7703 335.24713 538.08093 0.00476899
749.89307 698.77313 727.7228 869.93024 0.0047396296
415.0983 844.9574 401.10376 361.00916 0.004733295
417.4383 1087.1713 238.19234 251.50003 0.004731741
842.8801 1066.598 477.9574 669.2358 0.0047315885
843.181 1807.1333 580.24866 1013.1107 0.004727669
681.31464 1450.1254 514.5655 787.4984 0.0047143064
850.94885 1304.577 542.37225 1122.6931 0.0047003436
863.46967 498.83478 113.58942 158.40215 0.004687655
581.43353 377.15372 1100.0693 737.8026 0.004680101
346.43112 1491.98 425.78946 429.45105 0.0046709892
652.7608 1069.4941 157.31087 122.28013 0.0046675634
497.4659 1492.1685 663.26184 842.61505 0.004654856
789.0231 692.04767 646.2915 699.9423 0.0046536103
642.2753 1556.4573 341.26993 592.2004 0.0046485285
785.42633 1353.6857 246.38257 287.51324 0.00463092
995.5253 940.57965 240.33958 353.38608 0.0046252133
590.47534 1556.462 382.94193 659.72327 0.0046201255
850.92413 1447.1039 533.45624 832.62646 0.0046197264
329.4533 1633.3817 249.34074 323.68967 0.0046034786
1022.30365 1511.3044 217.51184 332.96182 0.0046022334
658.2294 986.42395 88.6695 111.206345 0.0045814323
343.313 1222.0518 544.6788 595.7496 0.0045796777
683.98914 1942.813 366.18845 390.49594 0.00457546
933.69165 742.41 387.38486 712.8617 0.004569203
752.321 1670.7114 688.6097 724.4306 0.0045687696
719.8376 1252.016 434.79868 464.06848 0.004553258
898.6099 1107.0406 190.67935 164.96127 0.0045396383
459.16095 1963.2036 241.99283 275.27985 0.0045353607
600.4288 1471.2617 384.7474 645.2685 0.004533998
1032.1366 1660.6046 190.48254 269.20056 0.0045308424
947.4576 1975.8022 300.0214 361.68213 0.004524783
933.3838 1666.1111 365.09192 346.33286 0.004503912
917.2497 964.47797 341.85037 417.27124 0.004500913
419.2308 1531.783 713.1278 1220.8861 0.0045006867
706.44336 1368.1033 605.78595 865.3832 0.0044928524
907.6249 1004.81757 374.91022 492.22235 0.0044852556
376.14197 1627.0471 223.57509 229.66498 0.0044835783
323.295 1212.6049 195.98851 159.53598 0.004478216
582.9281 1342.8582 947.27 367.16153 0.0044552437
584.25684 1666.0519 199.51482 282.25473 0.0044440823
646.8235 1912.2711 214.29642 238.48917 0.0044387984
284.14297 1337.2871 389.28345 281.02087 0.0044375537
936.4561 260.8211 384.12555 399.5766 0.0044366606
881.2953 1184.9437 507.8668 2222.6377 0.004436332
75.82075 2241.4878 156.14684 187.12924 0.0044264547
431.99298 1068.5342 75.75617 72.18158 0.0044210325
507.84518 1459.1713 185.19147 181.77872 0.0044154846
874.34827 1418.1528 166.97353 207.40811 0.0044133137
911.6067 649.23505 418.63455 552.0503 0.004412461
833.90356 735.19556 254.94588 287.47272 0.0044123246
892.3451 1406.804 238.12582 295.77173 0.004410348
911.7292 1721.3623 439.56763 764.7966 0.0044059637
674.30804 1069.4651 111.42577 89.65804 0.0043898183
594.07056 1710.7009 368.33737 351.4131 0.0043885596
494.78973 1398.429 761.2308 757.0757 0.004385277
341.19156 1317.6626 588.0645 1261.7059 0.00436877
767.2629 1864.2925 690.25507 893.31506 0.004367283
655.20557 1278.4242 177.70853 184.04208 0.0043597715
865.95386 1840.603 214.549 257.12302 0.0043290923
877.7733 2124.707 263.7999 281.55566 0.004320485
541.3068 908.9001 132.9731 166.69098 0.004313203
591.8071 1274.6976 992.5689 753.6928 0.004312554
855.799 901.5171 543.5808 1103.4303 0.0043012947
136.7262 2092.601 247.71622 456.12946 0.0042902017
881.81085 1214.3059 500.58456 1709.0164 0.0042655077
857.2542 1730.7456 484.85425 344.36853 0.0042627156
810.41736 1494.1302 319.33658 548.7877 0.0042618252
901.0363 1111.9546 201.0215 179.12564 0.0042608986
476.70227 1629.3525 304.66824 406.89487 0.0042562215
811.50836 668.8843 124.22908 153.19127 0.004247139
271.84323 1436.2899 441.3146 494.45343 0.0042462745
552.1125 1922.1309 163.44585 142.53029 0.004232819
501.54288 1704.2106 546.65686 561.737 0.004229412
411.49207 1377.7898 652.4609 1062.781 0.00422614
895.3127 1153.235 192.81308 255.07362 0.0042149397
716.8086 2125.9429 185.26703 195.99757 0.004189081
754.36743 1700.6583 250.37186 301.49298 0.004186562
940.69635 1034.3843 320.29062 536.75165 0.0041798316
813.29095 1528.1993 623.164 1092.8295 0.0041611
401.5745 1305.1229 253.94972 251.28268 0.004146352
525.54736 1848.5316 104.431725 117.722565 0.004145777
136.09343 2183.273 259.55106 300.92984 0.0041382243
866.23175 1407.3132 494.98224 441.02042 0.0041343705
700.04175 1743.608 786.1788 965.51807 0.0041261506
908.33813 1509.7582 140.84642 191.33882 0.0041254573
521.58307 724.7288 625.8041 667.8957 0.0041187857
892.88715 2181.2146 478.6666 277.39166 0.004109588
513.89813 2033.0801 292.85788 314.10675 0.0040979497
404.5395 1799.5394 644.9239 927.0942 0.004096854
677.37866 1268.5167 730.0116 492.46616 0.004089899
851.54865 1117.0133 519.47406 1335.0232 0.0040778476
551.7053 1742.4034 405.11026 502.06418 0.004072531
666.43555 943.6488 111.1034 204.36159 0.0040381867
581.6297 1470.9103 331.38916 302.82074 0.004034129
804.65735 1610.2455 287.08447 457.39014 0.004020257
839.1625 1640.2676 209.23738 246.5033 0.004019192
655.3191 2120.5276 207.89854 202.45372 0.0040043704
664.649 996.4351 69.00627 74.400444 0.0039844364
608.47534 1123.785 299.82367 322.7716 0.0039585102
679.8805 1981.4185 413.46646 556.9159 0.003952288
758.4252 1523.6805 432.08243 412.3952 0.0039495598
394.98453 1945.5739 219.86395 250.91019 0.0039447322
440.5025 1997.6005 168.42891 183.8585 0.003941822
823.7042 1523.5663 589.3249 785.0378 0.003940571
368.92505 737.4274 30.542923 31.317917 0.003932963
266.415 1804.344 491.25662 1024.9244 0.003922827
824.84784 2152.3179 613.35565 344.36575 0.0039091418
632.9926 698.74774 75.28107 94.00088 0.0039024968
749.5523 1480.7927 167.30104 180.28497 0.0039016788
934.2106 1588.3823 386.82382 472.4028 0.0038998965
676.9345 1263.9896 702.4805 466.2755 0.003898341
679.4621 2003.6492 524.9634 613.66833 0.0038927975
737.4208 1487.8275 246.89014 387.1988 0.0038807788
559.6421 1037.6925 555.6592 1081.8789 0.0038701447
856.40857 2045.33 298.01547 306.92987 0.0038683084
318.5912 1131.8514 505.0682 727.69336 0.0038636995
289.6727 1387.2292 125.94698 101.14736 0.003861914
821.2303 541.73047 581.3293 437.61877 0.0038508428
724.0577 2003.1682 390.84195 430.7573 0.003836325
746.4881 1486.7739 722.393 1124.7051 0.0038336723
944.3095 888.7203 192.74715 226.55275 0.0038307565
286.63116 1456.96 355.58252 422.2804 0.00382603
497.0751 1387.4246 820.1849 1000.1114 0.0038228235
790.6642 1476.2179 162.56824 174.70183 0.0038209066
1025.8073 1414.3383 160.26965 117.39753 0.00382083
935.424 1838.5747 395.48508 731.6861 0.0038019144
927.0282 874.214 205.92284 196.28108 0.003795236
799.85657 1643.2885 221.09435 313.81226 0.0037898533
392.32715 1129.3124 308.18042 351.4391 0.00378672
582.1024 1177.334 1106.2466 2292.1768 0.0037591406
1012.75366 1720.0182 220.57338 288.05582 0.0037327362
884.842 1249.4264 435.56665 636.955 0.0037282861
313.8796 1599.1007 557.3365 941.42615 0.0037273443
435.38797 1604.6039 189.04324 288.21964 0.0037179324
813.80255 1075.1255 167.1392 76.96117 0.003716251
205.88388 1795.079 385.08603 1056.8389 0.0037101954
627.726 1851.9005 1010.8768 893.7301 0.0036905361
836.0498 1313.5557 146.89206 208.21434 0.0036761574
584.38995 1400.832 158.96513 178.25713 0.00367563
808.4739 681.47906 112.885956 141.06366 0.0036670156
838.9353 2178.3752 261.5427 253.10255 0.003621467
654.4417 1766.4971 235.31898 292.21225 0.003620383
667.27924 1179.881 245.04294 257.00806 0.0036050002
408.6917 1289.3976 293.48843 368.2247 0.003600533
966.42645 2106.3362 186.25465 181.38509 0.0035785544
704.3984 2113.3384 844.75085 439.98306 0.0035754289
506.52652 1975.7754 271.00912 285.01434 0.0035748566
649.6403 1946.2332 315.72662 573.7916 0.0035733618
988.66504 1165.1344 299.26865 2298.8545 0.0035666856
466.4111 1317.7743 749.9912 431.70377 0.0035433872
396.24677 1581.5603 529.7162 875.023 0.0035430454
651.30414 1820.2698 403.10535 429.34546 0.0035371147
421.49667 2010.5555 272.86703 261.63446 0.003534868
305.17767 1603.8893 137.91327 143.29071 0.0035305691
627.5527 888.3506 521.46875 508.3989 0.0035289996
943.7946 2194.4836 219.03436 215.27956 0.0035258266
440.06894 1894.775 439.48947 480.5323 0.0035066977
442.3992 1610.593 147.68481 192.47252 0.0035058698
756.23706 1263.0566 448.34543 825.86053 0.0035015063
402.7218 1447.4012 658.68695 1082.1859 0.0034948108
573.8391 2127.1064 192.59001 181.82365 0.0034887264
699.6379 1548.1702 237.01662 381.07178 0.0034815592
663.78516 1366.7634 398.25403 599.2087 0.0034648029
849.3283 1689.4573 540.6028 334.74475 0.0034644639
901.6742 1802.4653 414.36703 555.3563 0.0034377298
808.7578 1429.959 165.07106 213.00163 0.00343271
841.68854 1491.8884 303.35242 284.79477 0.0034106858
741.556 1296.586 181.65198 191.91165 0.0034080076
920.7723 1642.2954 166.58565 220.68018 0.0034063691
853.20557 1584.7227 546.62897 979.3361 0.0033997644
260.95502 1561.3574 350.6387 452.85062 0.0033986885
450.62717 1697.7909 428.3834 768.48004 0.00339838
598.8181 1089.8495 793.80536 220.47855 0.0033957341
550.95984 2083.127 145.86717 136.93219 0.0033894242
676.1371 1084.0112 119.710526 102.69337 0.003388039
588.4765 2148.2256 1062.7084 366.8738 0.0033746294
844.1606 1534.0952 564.676 991.2887 0.0033729572
783.4389 2162.2417 245.59798 217.1487 0.0033714878
334.44998 1281.3206 453.096 473.09775 0.003365219
1039.7479 2085.1707 176.05779 193.95776 0.0033492884
568.892 2155.8228 1098.9656 355.29138 0.0033362934
511.59906 2080.0344 455.7085 399.11484 0.0033275886
701.5946 2111.95 214.71063 188.20403 0.0033245303
894.9223 2152.8142 214.1911 211.00345 0.0033236595
283.7643 1528.8254 359.21405 397.06906 0.0033116024
835.9586 1238.6171 482.64764 409.46115 0.003306111
600.334 1135.8824 285.28055 386.48444 0.0032901948
808.8371 876.2796 278.24213 328.1653 0.0032778054
466.74692 1553.579 768.2079 793.4943 0.0032738834
518.764 1200.4381 840.7245 327.75482 0.0032697236
972.3032 1382.8268 315.39188 542.88684 0.003258591
462.64047 1631.4666 188.48604 231.43011 0.0032448482
753.49677 1733.111 589.50006 1086.8354 0.0032419702
608.13184 1938.4915 273.74774 282.14014 0.003241801
732.0686 2141.9963 236.01947 209.68022 0.003241645
336.0557 1920.2249 313.7846 335.96768 0.0032352114
588.34845 1297.7667 179.15593 187.79282 0.0032322526
459.8495 1678.289 534.5867 642.4836 0.003225388
763.19965 1578.2756 203.49005 255.90749 0.0032162305
878.6123 1252.9937 121.14603 126.456375 0.0031992532
373.49927 1586.9508 230.46777 212.03308 0.0031974716
902.7792 1220.6008 448.3088 855.0494 0.0031931037
437.47208 1976.3689 134.50633 123.84517 0.0031881584
807.3815 869.9216 204.6582 264.50452 0.0031869584
564.7238 1296.3204 151.45085 155.92433 0.003185038
389.8869 1540.4386 420.76813 1020.7503 0.0031836336
697.9907 1949.3336 312.73965 289.8239 0.0031826561
920.5471 2205.3474 258.5437 217.79218 0.003180321
941.5057 1158.7573 339.2184 422.2432 0.0031716754
690.80304 2120.1062 211.12828 172.90085 0.0031692162
433.49542 530.7072 27.147655 37.95636 0.0031669934
749.228 1574.8109 518.2634 1057.3527 0.0031669454
378.29172 1953.6411 231.19392 280.5791 0.0031647482
801.8935 1507.014 133.81601 158.72641 0.0031624928
414.44653 1160.6976 271.58658 314.32263 0.003154408
673.1902 2091.175 148.85992 159.52733 0.0031440598
551.45264 1616.2432 261.36008 475.14615 0.0031291994
345.16284 1226.16 520.8966 421.80994 0.0031282327
477.00003 862.5801 371.25647 244.05257 0.0031279782
879.38855 1274.6796 489.30225 475.49628 0.003127745
845.2631 1982.0215 330.51886 275.18082 0.0031259526
643.0617 1392.4453 117.68678 119.30489 0.0031235137
1011.58203 1205.0717 217.66402 254.353 0.0031234422
403.47327 1610.4568 303.06393 271.3119 0.0031129392
448.4368 1529.7051 660.8357 714.737 0.0031114242
978.10364 1649.8033 308.12192 675.3349 0.0031104777
1026.9965 1731.1632 207.48045 471.092 0.0030982664
596.43567 1450.328 386.61728 981.5177 0.0030979381
823.87146 1185.2698 353.82486 296.8218 0.0030973314
559.23834 1287.866 115.49661 138.08432 0.003094569
404.40857 1921.3861 374.55597 488.5754 0.0030913653
564.2509 1400.5227 256.1027 434.14816 0.003091117
1004.2215 578.27277 250.59384 435.98816 0.0030807778
684.9665 1449.3087 122.50539 159.87529 0.0030799739
759.0765 2165.807 156.86874 161.50021 0.0030741363
74.7532 2306.1165 149.30298 67.76825 0.0030688783
346.33444 1625.7676 153.90834 131.37958 0.0030656664
975.06793 2067.7415 221.34358 297.7349 0.0030636513
991.3285 1914.5479 235.8465 241.82793 0.0030573793
271.07504 397.08612 288.61133 304.5572 0.0030479347
746.778 1748.262 176.33601 186.75497 0.0030394604
268.0143 1925.2953 479.4148 767.3146 0.0030374236
183.81676 2023.6266 353.6985 616.2157 0.0030344059
983.7819 2006.024 295.74997 635.24646 0.0030341838
843.7589 1485.3597 269.4388 479.93506 0.003034012
853.1971 2216.9856 204.54877 150.47672 0.0030330326
311.20996 1676.2511 304.63968 400.13593 0.0030280622
1016.7191 1732.5173 159.38019 170.99313 0.0030269327
953.4085 2245.6555 354.39938 149.03311 0.0030227338
739.9174 1970.4536 183.73404 223.76382 0.0030134877
411.2694 1548.5339 483.38113 707.43976 0.0030130795
837.0975 2170.4258 428.9086 286.73376 0.0030109745
961.0051 1328.892 225.66788 229.20773 0.0030090814
434.31122 1479.0018 317.64362 276.5437 0.0030089798
507.8764 2174.3374 235.37993 226.6921 0.0030055714
658.63824 1744.5958 155.24484 198.19601 0.0029977032
704.9544 1816.4678 261.8903 392.62222 0.002993458
453.06693 1275.2507 53.31179 51.27263 0.0029860795
939.32806 940.10486 226.18044 291.75385 0.0029856719
870.32764 2205.6816 237.20895 220.32521 0.0029834243
581.4487 1175.507 1101.4891 2293.342 0.0029797277
1022.7399 2229.0464 220.6686 199.37997 0.0029572279
655.8095 2072.3513 456.70242 377.25095 0.0029527687
837.5165 1497.3336 213.38979 270.15518 0.002952492
564.7618 2224.2039 1108.3474 221.17418 0.0029488965
973.0219 1594.8038 312.62372 493.38815 0.0029431246
214.6124 2262.276 373.35162 141.93903 0.0029393348
767.21765 1747.9778 146.09172 179.9523 0.002929626
901.11896 1433.4135 190.38138 227.22147 0.0029270337
1021.65466 1611.1588 221.48134 557.93085 0.002922267
754.85925 2179.7668 167.52654 162.58647 0.002908221
959.70294 1798.503 284.63385 370.26392 0.0029070196
427.86475 1525.3555 643.4927 710.76715 0.0029021832
732.02344 1825.906 128.7605 152.97954 0.0028930714
317.6879 1860.7854 166.97937 193.23672 0.0028927028
599.8495 2182.055 173.50803 157.36641 0.0028898765
672.2189 1217.9766 856.01324 445.23337 0.0028861922
787.4389 1430.0094 150.67845 185.13084 0.0028856352
802.94745 2184.208 164.89679 162.18582 0.0028804946
425.8372 1434.0007 472.64227 239.32191 0.00286618
961.5115 1713.3379 204.07173 197.99356 0.0028609666
577.3283 1702.4436 364.49957 345.74277 0.0028587813
551.9542 1167.9851 266.68747 293.03064 0.0028563505
938.1956 1541.2 195.25975 275.18686 0.002851928
271.8054 2089.0671 526.67944 487.69547 0.0028487118
984.7215 768.03125 282.45398 579.06934 0.0028484531
571.07947 1569.7975 292.81033 320.78137 0.0028388505
616.5956 1630.8933 169.27798 376.29776 0.0028381245
850.7796 1570.0719 169.16055 192.09566 0.002828262
916.0969 1535.9174 162.57306 188.84125 0.0028237524
612.2662 1471.9668 356.5303 240.76385 0.0028037867
585.3832 1928.2393 668.5545 319.06708 0.0027971657
721.80005 1082.9879 243.52837 97.56467 0.0027957947
964.2775 1874.6515 312.52142 383.68967 0.0027947167
534.85205 925.09045 188.29059 250.1338 0.0027825134
659.1804 1323.0565 151.4494 142.5708 0.0027811958
800.8849 1502.2096 271.50107 280.5104 0.0027737974
221.89742 2203.4216 424.81464 264.82684 0.0027621659
960.39636 2268.2715 356.96335 105.31234 0.0027615277
946.3774 2236.6558 223.9451 159.6464 0.0027534922
570.3143 1501.91 372.47162 900.47205 0.0027519003
985.318 2055.9717 206.123 197.00316 0.0027474992
230.12373 173.9238 286.65912 234.54007 0.002745168
641.5092 1737.9181 866.9178 470.15005 0.0027407517
489.67346 2210.2517 167.91397 184.23158 0.0027355067
708.6996 1717.9172 123.78183 164.30463 0.0027338918
339.31314 271.91202 415.34363 407.03906 0.002731411
964.87286 1894.4213 261.71863 406.54657 0.0027308082
1027.7489 1447.9348 215.8615 682.3343 0.002728882
797.5667 1546.1461 476.21658 997.1843 0.002727018
850.2506 1792.7559 200.3713 198.78156 0.0027264291
654.3879 1761.0372 284.33954 443.08014 0.002726294
657.8117 2171.6528 332.38577 270.28537 0.0027235327
960.4253 2180.0386 282.63397 273.09503 0.0027220102
786.66846 1088.0602 450.2539 147.88261 0.0027212868
792.4208 2109.8914 266.45026 228.44354 0.0027185667
328.78503 1998.5989 210.82458 209.79546 0.002716207
737.4549 1746.1401 130.3655 205.5374 0.0027149646
609.54645 1095.5657 216.76727 127.57437 0.0027144228
863.3369 2172.1248 273.35748 324.68384 0.0027135748
733.8109 1607.4055 132.14781 166.66827 0.002712607
358.77814 328.52423 204.92047 215.4918 0.0027054765
267.72464 237.97421 224.78435 195.31194 0.002703213
434.22726 2093.7742 178.79053 173.9477 0.0027019277
786.1801 2225.5825 685.40265 214.79453 0.0027016425
632.3731 1977.043 494.57687 376.50858 0.0026997752
467.18277 227.60875 199.81891 180.26346 0.0026997635
669.3077 2199.656 197.50957 172.21896 0.0026963982
1064.1211 1997.5846 141.09024 336.31476 0.0026954492
814.3945 2216.004 252.37645 191.48857 0.0026952403
1020.1963 1762.4475 226.47072 668.5001 0.0026943474
289.50287 1621.7651 57.265083 82.51007 0.00268345
755.9376 1372.584 413.12256 872.33466 0.00268108
1045.6553 462.02838 166.4825 189.61015 0.0026679847
974.9107 700.8448 222.0535 277.29996 0.0026633004
769.9932 2119.2485 147.39493 181.72736 0.0026572882
750.06476 832.2463 124.493164 176.0062 0.002653509
637.6683 1386.7357 279.11377 664.29193 0.002652503
788.24243 1616.4899 160.94904 210.36632 0.0026469484
986.373 2054.751 174.88193 143.57686 0.0026465633
688.28143 1484.3666 736.2494 1191.7211 0.00264413
987.29364 1254.3773 293.92746 1055.8442 0.0026423114
370.07513 179.30281 254.05933 203.84364 0.00264027
799.6772 2112.2358 170.74709 197.84866 0.0026379582
775.4215 2015.7412 108.50811 142.04439 0.0026348461
125.22173 2242.4592 261.9342 181.81984 0.0026339442
874.2314 1701.3918 187.94637 201.03804 0.0026327278
1033.3593 433.20746 188.7767 172.80794 0.0026299786
778.56464 1531.6863 546.8361 340.10736 0.00262656
801.9613 2010.3927 148.15575 182.79388 0.0026204586
1023.0667 2011.6384 165.12679 184.81313 0.0026185364
413.8196 2106.2156 225.73964 183.20299 0.002617173
716.2051 1311.7905 407.46658 535.57587 0.0026166304
328.3054 1942.9856 204.63463 220.02548 0.0026140832
1022.4279 1301.495 197.52797 338.97214 0.0026028163
978.70026 936.1051 307.6975 1017.0389 0.0025986827
728.04517 1958.9591 157.68335 198.4646 0.0025980598
571.37537 2214.7004 174.48595 160.37778 0.0025729744
843.29333 2019.4758 179.17915 177.1415 0.0025714391
924.7592 1755.3212 156.82211 184.60045 0.002569792
859.4027 1721.7152 350.98572 388.41412 0.002563198
851.5037 2146.2102 535.56714 364.68948 0.0025622863
783.73083 1749.9711 106.698586 168.02013 0.002562239
309.04346 2121.3164 600.5735 424.6235 0.0025453593
1006.7886 1742.5708 253.50377 830.33997 0.0025363993
455.6461 2258.9678 275.41003 147.8817 0.002534177
380.99884 200.68279 162.2694 131.272 0.0025298728
1061.9071 2182.6487 129.72728 281.3112 0.0025290907
914.9808 2106.3704 166.9901 167.30678 0.002525439
546.7216 1580.5265 718.5956 424.81125 0.0025184937
713.1875 808.03577 134.37617 182.78436 0.002514411
524.3054 1661.105 735.59827 325.3958 0.0025101688
591.3153 1613.6592 314.3736 364.32346 0.0025094694
896.20325 2207.4517 166.9796 162.64226 0.0025073932
243.07332 299.84433 321.30594 314.51697 0.0025045243
894.6524 1531.7974 454.83026 983.1189 0.0024983066
280.6484 2228.1943 451.96872 212.34871 0.0024903705
979.29956 1567.7825 199.96675 252.62257 0.0024897866
668.55133 1575.5739 503.27075 1162.245 0.0024777881
1051.058 2138.1077 160.6317 295.33276 0.0024725455
866.1269 1642.3008 177.78831 225.57986 0.002471037
322.2821 2149.6904 366.89038 309.86533 0.0024664362
605.55914 2220.6562 1014.35785 264.82397 0.002464424
525.7096 1669.0658 229.13774 233.11302 0.002457646
962.9761 1851.5326 244.47914 238.62239 0.002446926
983.9223 1016.5389 255.61649 296.60275 0.002442376
960.7932 1873.686 162.50003 197.17642 0.0024370467
973.47516 2201.306 307.43674 254.22961 0.002433443
1057.8646 118.91621 165.03943 210.33447 0.0024271992
360.9516 2239.9534 181.56386 155.93896 0.002419233
716.1121 1416.2655 281.32947 378.9131 0.0024109501
343.48285 2169.7861 677.08167 329.15692 0.002398954
858.6397 2244.3604 545.813 175.7721 0.002393272
1058.5013 2186.1057 131.1104 275.71396 0.0023874082
783.51917 1119.6825 554.8548 1484.8969 0.0023829048
1047.5975 579.1561 171.32956 392.04276 0.0023819131
1057.9695 1903.5995 139.57143 213.01566 0.002366169
461.1112 2224.052 227.36316 155.21722 0.0023648276
993.40967 1941.5465 231.97993 292.5612 0.0023596394
327.735 2098.2087 596.5224 459.1956 0.0023549588
911.4429 1688.7545 143.08325 178.11664 0.0023439997
255.07497 400.76678 455.38388 621.8081 0.0023417172
390.58847 2057.9297 513.085 499.6483 0.00233938
935.6436 1704.991 146.93199 160.68884 0.0023388937
959.1279 2135.6455 229.0865 198.21283 0.002337569
318.63467 2094.6157 423.41614 444.89166 0.0023325535
176.6505 2262.3118 332.92776 140.63007 0.0023098919
646.0182 2256.8618 215.62782 119.99818 0.0023013207
817.25366 926.78845 519.0137 382.9761 0.0023005
464.8635 2251.4934 271.4429 152.64493 0.002297609
409.05377 2271.516 219.22194 106.965836 0.0022920498
769.8158 1581.3868 513.29694 298.1416 0.0022890705
1068.2563 2243.266 120.74463 159.39774 0.002287701
289.60724 1610.669 296.1022 259.55804 0.0022839361
240.4592 2048.751 441.0729 557.8002 0.0022808458
729.50275 1522.9246 508.7102 1087.1699 0.0022776125
319.0879 2298.0122 361.41632 77.45685 0.0022740285
696.2208 2187.243 807.0328 446.44583 0.0022666696
947.6948 2261.6418 365.5714 138.45375 0.0022623795
974.0668 1794.9901 219.94777 201.07379 0.0022546733
681.7693 2231.141 207.14215 108.40303 0.0022420369
260.37595 1833.9036 464.04883 379.13907 0.002225785
1072.1134 2243.4092 115.25034 169.93845 0.0022040461
1018.55634 1753.3428 216.74263 273.07327 0.0021785402
475.93085 2224.7034 424.82245 211.15263 0.0021716044
958.3422 2235.2747 149.29582 152.75627 0.0021654034
1057.2129 1865.7302 157.9075 610.9545 0.0021528527
1054.6854 2254.6113 148.0162 132.92413 0.0021419616
1077.6466 2042.6095 114.6248 573.4202 0.0021386377
1059.1293 2090.8457 151.01562 168.95053 0.002126355
527.9443 2276.2014 325.40158 116.05803 0.00211581
1048.3159 2025.522 154.21536 167.75587 0.0021156813
826.894 1452.1385 562.4272 785.638 0.0020861092
263.52118 2262.05 495.17548 151.45131 0.0020661582
1050.3568 2032.7299 155.77722 166.5406 0.0020651086
865.6543 1363.2437 464.00143 1178.4722 0.0020601333
856.5581 1208.5726 462.06003 1201.5588 0.0020492012
669.0526 1557.306 447.8511 892.5073 0.0020434172
1099.5541 1247.9076 194.24387 251.19443 0.0020414335
473.80753 63.208733 209.5036 100.502945 0.0020220724
960.32965 2204.101 328.6164 315.80942 0.0020061943
657.2655 802.41595 843.84393 815.859 0.0020011875
1071.1915 539.02075 129.27621 279.6985 0.0020005647
1052.4 953.35614 146.59267 217.4609 0.001990384
960.2964 2290.8604 339.27655 62.138756 0.0019849222
855.7221 2273.5757 576.6577 129.9017 0.0019792109
1017.0017 2208.6963 177.11943 174.25052 0.001973977
1012.71155 2254.1743 156.80072 134.80879 0.0019722749
596.5567 1647.5488 556.46826 429.03485 0.0019678972
1039.3395 2051.8472 167.55759 275.7276 0.001966436
1054.8136 1674.3171 144.17087 243.62878 0.0019492018
350.5383 1040.232 511.0215 617.1065 0.0019467516
977.2331 2288.5269 314.78275 99.00574 0.00193366
1039.7412 2138.5374 179.74068 185.1146 0.0019289698
969.30743 1936.01 283.66833 379.33505 0.001926345
1034.155 1700.8099 180.91862 197.23624 0.0019195947
1008.37866 2219.6667 142.65453 157.8862 0.001915694
1049.8557 2253.423 155.8371 129.50955 0.0018993709
964.4331 2311.9922 324.56595 65.083885 0.0018985702
970.1596 1214.6926 323.76382 2118.8665 0.0018952831
1040.3527 1484.4371 196.89915 255.45561 0.0018940738
1003.216 2268.277 194.41437 115.635155 0.0018885406
1091.0536 2248.296 88.086945 163.30135 0.0018844509
1065.5901 2243.9004 113.68495 163.02197 0.0018823023
991.9513 2177.2993 228.72993 238.54715 0.001881191
1023.68866 2258.4138 207.93837 125.76715 0.0018738714
1012.3335 2113.996 216.99437 244.87796 0.0018621314
1049.4163 2126.8408 160.39418 144.51358 0.0018550174
905.1878 1379.4794 431.53134 960.0186 0.0018542522
386.20886 2321.3125 378.6436 41.258213 0.0018484885
558.1697 2295.009 211.45502 104.09249 0.001833422
597.5101 1067.1383 702.99725 1288.8971 0.0018284963
1032.3291 2231.031 181.92642 175.87968 0.0018209448
596.52496 1475.8335 455.06146 782.0875 0.0018106514
940.00446 2270.032 374.46423 131.00276 0.0018022491
1071.1638 2133.4114 135.81055 215.04948 0.0017914539
498.9527 2269.2744 550.824 119.0682 0.0017899078
794.3342 1328.362 404.6297 851.06586 0.0017893142
924.0236 1350.2606 424.28702 1380.8395 0.0017877059
998.33844 2228.5544 239.87456 204.44891 0.0017867474
630.82935 1782.937 371.36642 772.37506 0.0017859405
1062.5237 1902.3328 135.42897 371.15665 0.0017838571
862.73083 2291.0127 251.17528 66.70642 0.0017818841
1064.3209 1798.1958 142.19296 1095.3882 0.0017772042
1080.3235 1987.9862 101.6453 245.26292 0.0017708052
1022.28296 2275.8774 208.9012 105.03925 0.001753529
1040.9159 2241.0132 197.43718 160.46996 0.0017526611
717.2028 2272.3384 786.3468 255.71796 0.001746392
1089.1146 1698.3868 93.070206 226.12616 0.0017392954
1111.7277 1717.2334 135.37988 248.30615 0.0017357284
358.69577 1282.8667 209.61469 103.293015 0.0017315543
657.32 1515.1716 438.39737 877.52344 0.0017189458
869.5604 2282.215 224.17192 93.26232 0.0017125722
619.70197 1340.9048 324.395 972.3127 0.0016967383
426.3296 56.12107 479.1701 103.77158 0.0016959145
585.6645 1362.4218 397.91092 747.2217 0.0016953076
1055.823 1778.4156 143.88431 224.93155 0.0016549809
614.9356 1475.7869 331.34167 428.32178 0.0016541375
1083.609 931.39294 106.28466 307.38486 0.001633537
1052.319 1981.9143 152.95609 242.63 0.001632068
911.13873 1253.0754 378.40805 1021.5087 0.001613139
1091.254 1745.9678 92.1182 352.03766 0.0016109279
1087.4244 2109.3796 107.33334 157.6831 0.001592578
1077.8757 2292.9167 110.33854 85.26722 0.001580748
201.26138 67.49658 419.09686 125.92405 0.0015768862
1093.0907 1512.8289 88.95091 311.91013 0.0015642815
711.9235 2290.805 735.7567 211.14555 0.0015567703
1075.7281 1685.7896 128.94786 216.64105 0.001530367
1088.3029 2011.3815 111.27243 215.97255 0.00152776
1099.1732 1533.0112 90.07338 303.90704 0.001512468
403.63538 1276.7433 347.59494 904.2453 0.0015114401
1088.852 1591.2809 94.281555 201.36984 0.0015059902
1075.7716 1431.2971 118.35479 408.6817 0.0014922197
1079.4388 1939.2274 99.11834 408.51672 0.0014892337
662.79834 1967.8824 614.183 636.0466 0.001467655
1105.9489 2194.4414 55.342937 257.4929 0.0014589306
1101.0697 2191.09 68.51977 275.49222 0.0014368156
111.515465 1261.256 196.31743 243.05396 0.0014230553
455.61346 1162.608 272.84457 1314.9976 0.0014130984
701.0703 1459.6298 364.52832 913.7308 0.0014086611
1099.7928 1925.7786 76.7059 307.62592 0.0013782628
539.4235 1569.9934 936.8494 1471.8982 0.0013672555
1099.2002 1804.6758 86.413 287.06454 0.001365039
664.4516 613.3162 116.550476 106.831795 0.0013574286
1064.0345 1747.7804 148.81789 286.91232 0.0013487282
1055.4885 2279.094 142.13107 112.764656 0.0012784286
650.24945 1389.0624 405.73135 791.6922 0.0012628188
360.0243 1575.936 325.05252 822.4507 0.0012519809
589.65594 1492.3105 403.3554 566.88947 0.0012513031
761.46313 2254.3794 415.56155 178.66032 0.0011804646
1112.5135 2270.5532 42.497707 113.369545 0.0011699343
773.0701 1942.615 467.16754 734.75336 0.0011521117
626.505 1371.4124 437.5648 707.84186 0.0011348104
705.58264 955.7837 567.50903 1125.4858 0.0010859283
644.8269 1597.7595 379.63745 1224.9855 0.0010733922
823.813 2342.3804 761.2563 5.178264 0.0010510995
1107.2205 1232.4797 62.317772 353.1007 0.0010120064
1116.8063 1961.1749 38.53651 271.79892 0.0009662179
1113.1262 1464.4763 59.75769 195.15636 0.0009589576
1035.2092 1816.4193 216.1655 254.7488 0.0009347123
1127.8077 1803.2886 23.655369 377.45538 0.00093099044
1116.8864 2097.6633 38.7627 211.18784 0.0009265786
728.44635 1357.9384 400.57993 743.2589 0.00091174373
930.76556 1416.4114 337.14667 1398.1597 0.0008941261
358.8818 1221.3885 296.13934 1131.397 0.000878144
927.0959 2331.2979 565.63086 26.391111 0.00087702856
721.6577 1122.4314 416.03812 1202.3971 0.0008373221
806.8845 1086.5736 472.27817 1321.2079 0.00083685113
894.9365 2247.3958 425.49652 111.88868 0.00082137564
910.6785 2141.5525 416.6023 362.3936 0.00081228383
1047.6785 2289.2068 186.14256 86.6537 0.0007799214
306.5693 482.33997 563.0646 270.228 0.0007581117
860.58124 1256.4277 441.75977 895.40735 0.0007413271
674.01465 2330.8857 548.8358 25.818014 0.00074077555
693.3767 2318.6965 979.10614 50.773453 0.0007313284
818.59924 1501.192 374.7071 707.6016 0.00070454896
800.6531 1188.0116 372.01746 1442.5728 0.00069522014
823.9578 1335.158 188.25629 1703.9073 0.0006918441
501.02744 1504.1365 416.671 848.3487 0.00067206234
496.79196 1831.0914 720.0012 501.985 0.0006687068
746.2916 829.076 398.1851 818.4051 0.00063431705
1126.6233 1729.7814 79.528786 186.3926 0.00060410594
859.4282 1410.9293 313.4475 804.5388 0.00053932617
856.7247 2091.9214 364.76736 353.81992 0.00053660595
895.5372 902.3427 505.35056 850.01056 0.0005135236
874.3154 678.0261 509.73605 801.82837 0.00049629586
802.6251 543.99274 713.23804 541.72986 0.000431418
