368.98837 957.6091 730.426 1855.6846 0.9067551
121.407715 1660.5786 228.71004 295.7306 0.0682609
338.4149 918.24963 572.83386 1101.464 0.029214947
368.36105 957.7814 726.5287 1849.164 0.028497566
201.74075 838.4277 140.64986 112.87151 0.027970327
763.7108 961.3637 141.20197 183.34856 0.027887322
333.78952 929.5435 559.6918 1015.2453 0.02119299
349.84952 961.3314 516.3289 1188.1498 0.018813025
340.88007 947.3799 590.5111 1363.6089 0.018626316
327.69897 774.09845 594.8438 1192.8517 0.018034235
336.48523 932.53644 562.3948 1172.1797 0.017740794
352.54727 1302.0933 688.0001 1102.1478 0.01769961
343.29288 1174.6316 567.2209 962.4371 0.016961902
313.1868 854.47766 558.2085 1264.3724 0.016511574
325.225 1212.2297 591.0828 982.5731 0.016279995
164.39279 1674.4493 317.32852 406.14273 0.016227677
294.45105 972.0916 546.08563 1496.6205 0.01613914
335.92484 1526.9386 658.58453 695.2154 0.015919361
348.99948 942.0933 528.8535 957.8104 0.015703605
75.62245 306.05176 143.39413 410.8653 0.01513684
322.88092 907.0962 503.04092 873.0344 0.0151230125
338.4037 819.6822 491.61816 969.1525 0.014846266
242.45013 965.02094 461.82935 1644.1003 0.014487314
318.03848 740.1923 582.25165 1137.6652 0.014212688
238.46724 972.4572 452.7771 1532.2748 0.013873991
322.25012 1256.5458 608.4245 1070.5284 0.013869732
336.71893 1100.1652 602.3956 1286.3083 0.0138089955
279.30045 977.32513 483.97342 1188.9791 0.013586085
336.43832 1139.1577 557.59283 864.3298 0.013467072
213.94844 1681.7339 410.56537 378.10312 0.013281609
321.19766 752.5633 502.64444 926.0258 0.013278959
274.60226 1670.8579 534.3418 413.19833 0.01323052
341.22372 1482.6406 667.6379 784.7714 0.013033219
350.93555 1187.1885 678.0171 1245.6335 0.0128882155
130.36502 1642.2367 203.5153 254.98659 0.012824008
211.05914 843.6886 173.40958 145.88687 0.012729676
252.9331 999.22974 256.995 431.3045 0.012723966
342.41803 1196.3782 568.8904 998.75604 0.012664091
371.59268 992.6864 539.9595 1130.5396 0.012385324
338.58734 1151.4067 584.952 1170.36 0.012359402
260.39392 820.92334 484.69925 1267.5126 0.011889417
301.6323 1099.4844 552.7137 812.9525 0.0117939655
126.42724 1597.4093 175.78297 168.08495 0.011722848
303.83405 1121.1328 450.37732 717.63904 0.011493642
341.87955 1076.8655 482.42786 698.89294 0.011471025
347.92456 661.098 660.6639 1091.4542 0.011250293
347.88617 757.0734 656.22546 1191.7878 0.0110895345
319.03192 1519.0178 618.40753 637.7994 0.011048434
307.1075 1656.5632 602.1846 457.89957 0.011013
525.1946 614.22217 146.03407 186.96634 0.010845051
348.4501 1223.6572 482.66318 901.369 0.010766757
281.23035 1035.1176 334.39618 511.76007 0.010713096
304.18414 1563.3062 585.1614 493.83997 0.0102740405
275.9024 752.4258 501.2889 1097.1562 0.010238334
307.45737 1559.5995 595.96295 502.07858 0.010215306
321.86102 1061.7034 502.4144 661.83154 0.010010446
198.35631 1658.6136 360.7678 298.3192 0.009546564
301.81274 1007.89545 343.48788 458.49133 0.009449117
200.17532 1014.4398 359.97424 471.20572 0.009434476
245.20801 1300.2455 473.46356 1077.7611 0.0091889
222.50793 1161.084 419.48788 773.6561 0.008909228
306.16696 677.4164 562.64075 1057.4945 0.008715824
367.3173 722.37463 706.3322 1250.2332 0.008656155
297.1105 913.831 537.2282 750.4062 0.008639023
316.83057 797.4963 417.189 872.47516 0.008551132
329.722 920.0276 383.70926 983.8239 0.00849087
344.12436 1027.9226 615.7208 771.8532 0.008466424
350.54614 793.8608 454.88257 792.2585 0.008421901
213.01839 928.7361 181.38586 292.18347 0.0084080305
229.12115 1094.3512 435.00046 1069.8582 0.008391223
369.58652 985.7306 537.1173 932.8618 0.008390644
336.7471 684.40656 448.26962 818.1207 0.008381289
145.22449 987.9984 280.5776 1704.8441 0.008243151
374.6973 1222.4628 490.71332 990.0845 0.008213884
341.76642 1008.46936 617.08124 766.93396 0.008211235
258.48886 856.13666 466.3036 862.7883 0.008208175
304.6247 954.89844 533.6688 681.1406 0.008200885
320.73773 1583.6603 626.78827 589.9469 0.008187995
332.95682 1303.1946 634.1823 1065.595 0.008182255
362.0742 694.5671 460.09976 871.6587 0.008134551
295.53082 945.7421 544.42816 911.7291 0.008111462
737.68585 967.3984 207.19835 264.54807 0.007938674
348.5812 964.97327 678.6053 909.5126 0.0077919597
353.6351 1506.4418 695.238 755.28644 0.0077736326
356.1065 1257.1025 441.90823 990.3496 0.0077548698
254.02164 920.47455 450.91937 732.82715 0.0077543156
387.38934 705.5957 549.47144 987.6135 0.007678676
298.74652 895.0006 551.0335 954.73126 0.0076437285
286.4749 939.39954 516.7208 695.742 0.007551754
370.7612 880.8522 401.22702 859.589 0.0075268885
374.00232 922.6364 510.7714 744.8338 0.0074809385
355.415 1450.1733 692.81494 857.34015 0.0074252477
337.9943 949.5471 430.20758 613.735 0.0073980154
200.34897 1383.2606 198.05127 271.1149 0.007365111
340.3382 1244.8914 455.43695 1013.2198 0.007345295
345.3791 1173.2252 136.30992 190.98166 0.007263077
342.63782 1120.6074 409.16052 703.75757 0.007246774
331.1046 758.57074 396.04092 742.6131 0.007229159
348.57672 911.5088 366.2931 1036.2928 0.0072238157
361.14062 910.5505 385.12952 968.7752 0.0072210194
311.04135 1009.1343 266.38632 433.23935 0.0071817487
195.49715 944.21747 145.81752 344.27548 0.007168227
210.2908 706.5099 399.92056 1107.1442 0.0071038306
159.43289 1390.519 285.33755 316.99103 0.0070379926
235.78313 938.6493 212.75493 308.31104 0.007016611
379.7055 780.22363 417.07727 747.8009 0.0069078803
332.85715 1013.6018 588.7401 621.00793 0.006890574
156.15733 1040.4435 293.58337 516.6043 0.006869036
356.76175 1470.7391 510.9849 597.7091 0.006827087
292.15173 532.22754 550.6183 829.3596 0.0068136435
160.067 1560.041 306.74344 586.2579 0.00680262
308.61246 593.4886 488.44272 706.1377 0.006760709
31.388577 1506.9303 58.406647 91.13392 0.006749607
299.52487 618.6911 480.97943 684.38196 0.0067414637
345.80237 470.5409 673.6997 857.5565 0.006708596
395.90955 846.2121 354.8949 646.29645 0.006707735
257.512 1557.9714 498.34106 628.71906 0.0066667143
301.5647 496.0114 60.950653 74.905945 0.006617574
97.67832 671.264 173.65865 288.98492 0.0066024414
236.636 871.37317 425.60294 777.97644 0.0065952213
304.06906 563.1068 565.2082 845.79376 0.00657616
334.69772 1003.1642 581.83594 523.5682 0.006489241
180.98288 1303.7721 353.63748 1075.3206 0.0064368276
368.8094 930.8376 357.3722 655.6437 0.006410032
220.80394 919.6752 392.8479 651.6711 0.0063596973
255.56693 487.57364 375.2691 533.13727 0.006344616
351.20294 1005.77124 401.28183 450.7681 0.0063130306
282.93304 1164.9241 322.15414 765.25415 0.0061820853
395.9064 696.54486 339.65887 571.6217 0.0061119497
257.92136 1151.1935 278.488 734.35895 0.0061028586
130.82466 1542.8538 253.27704 637.11566 0.0060888384
426.84183 1497.8102 385.36737 436.78818 0.0060483394
321.2432 1400.045 578.64307 550.73334 0.0060458085
374.8539 1224.8461 371.79037 860.8734 0.005959645
217.58173 1654.4602 423.09375 453.41388 0.005958054
172.55145 1570.1039 331.55093 575.0643 0.0059578456
381.12955 1397.6237 438.7011 535.86816 0.0059575294
136.73 1304.6222 264.0083 1078.0167 0.00591791
423.6244 1379.3339 403.2998 583.3602 0.0058808345
319.22845 1648.5696 625.0507 476.06314 0.0058544576
247.91965 473.5556 468.22897 700.1005 0.005849209
380.5628 1382.2739 498.43634 735.7229 0.0058401767
465.41248 969.09106 456.6003 1097.2323 0.00582431
281.68835 873.05774 519.15326 784.6707 0.005822501
442.96793 836.4712 496.79025 1085.3757 0.005750418
382.89386 1274.4397 362.6399 758.55945 0.005750203
98.3441 964.24396 188.85692 1799.788 0.005749783
342.71515 922.9824 456.56973 599.2207 0.0057497504
449.12088 1208.3282 412.02048 845.6377 0.0057454123
173.40002 1383.4447 253.75864 274.2666 0.0056705885
250.2949 1476.4303 480.88812 684.9527 0.0056200367
350.42627 903.9343 338.35388 903.1927 0.005607039
413.52832 1499.4423 290.36823 332.30768 0.005551349
332.12344 889.8986 405.65845 540.36 0.00553459
750.53107 1024.5769 181.0956 328.91278 0.005523306
343.56766 1158.1517 346.6983 735.90607 0.005485543
773.3329 987.1235 150.94899 268.1501 0.005438468
328.61368 1008.0076 626.3863 613.99896 0.0053789727
311.88498 1198.4281 496.9777 1179.5847 0.005376501
471.4246 943.3572 408.71585 924.49927 0.0053635705
444.74646 800.9091 467.07578 952.3959 0.0053395545
400.27267 1532.5223 357.05585 380.12296 0.0053393724
705.04517 968.6765 257.883 261.22827 0.00532857
353.74496 829.93353 352.5057 844.66095 0.0053253737
85.98844 441.02463 164.13245 734.21234 0.005317428
292.53537 730.09576 347.01578 607.68774 0.005280745
408.63495 867.26044 529.2073 1107.2777 0.005273724
234.67903 406.46793 432.5763 558.0776 0.005236623
199.5285 1641.832 382.45255 378.96646 0.005228519
381.41357 1325.462 321.5777 707.4986 0.0052259653
436.41345 1031.2218 275.72037 405.8457 0.0051943236
381.59695 941.01807 305.21384 696.01953 0.005190565
331.61792 1411.0397 320.03342 717.06396 0.00517257
479.35562 939.8832 381.92508 860.8823 0.005164579
398.8292 600.6883 783.4748 1129.9972 0.00515655
424.1357 1170.9054 469.6573 1038.6973 0.005138931
388.37717 1277.0892 455.4096 1094.0022 0.005128512
446.93497 735.88025 212.87775 303.78214 0.005127897
395.98703 764.50824 513.2173 1054.2725 0.0051157675
281.63437 491.1776 305.52664 390.70096 0.005109362
496.1009 1068.3813 416.5188 1191.2649 0.0051078447
366.62723 1536.146 238.59497 315.9314 0.005079514
365.77707 918.8384 365.39868 664.98016 0.0050631296
441.6823 846.02734 346.7325 707.3861 0.005053442
540.22284 1454.1632 186.9605 283.59143 0.0050036875
277.11288 1654.1641 313.4007 295.30652 0.0049792663
460.6361 1226.2222 403.6518 985.02985 0.0049783
472.87292 863.55817 495.90137 1240.8097 0.004974928
336.7632 903.9245 648.7035 721.83527 0.004962017
498.19077 1083.1725 393.9131 1160.0442 0.0049500805
336.06757 1592.3136 258.27042 320.21146 0.004847813
412.5749 1314.9641 311.20135 471.38675 0.0048321583
133.16644 1496.3951 258.20242 727.21857 0.0048301066
542.0237 666.0084 201.52538 331.496 0.0047822115
387.88736 993.6663 406.35934 567.00555 0.0047813244
519.1753 1475.6691 217.0897 307.1966 0.0047767316
450.1833 713.1851 316.92606 530.4225 0.0047757
292.73526 619.08923 337.87424 430.63174 0.004767363
458.05276 1070.6036 389.51004 717.2527 0.004735697
578.61743 782.6823 273.36652 543.07574 0.0047007077
301.49957 477.22415 195.67073 225.02383 0.0046964306
159.33778 1063.7927 304.00146 1166.3491 0.0046860417
375.5602 706.8198 507.0356 908.35266 0.004685995
369.04306 1105.5195 431.1235 656.0377 0.004684941
370.44858 1035.3763 572.5823 617.32776 0.0046837404
377.61835 921.3255 282.7979 627.6597 0.004674345
322.23743 1415.9037 288.96075 654.0658 0.004654646
429.57138 1162.381 463.09174 1020.8862 0.004646812
291.15204 1068.3994 171.13617 241.78639 0.004643287
328.8793 508.97903 238.03668 304.2567 0.004636896
346.9725 1309.9514 309.9899 501.23022 0.004615836
448.86465 1163.157 424.90024 1147.7896 0.0046136873
208.4081 1234.6177 402.34613 894.9397 0.0046051047
499.11813 1465.1019 268.03442 376.70673 0.004596149
186.13289 321.2096 333.41257 406.06396 0.0045938157
242.9608 381.67175 457.22217 550.4794 0.004592532
449.38882 776.0353 244.45317 506.43524 0.0045861206
364.09238 1173.2208 403.6343 853.812 0.0045750216
437.80508 1393.9734 448.62448 812.2771 0.004567857
459.40036 1246.5343 396.32593 969.3836 0.004559043
332.11798 1702.1025 187.43153 206.30891 0.0045509026
437.86383 629.4013 412.3045 748.5265 0.00453428
488.3278 1482.3386 277.78036 355.43857 0.004529339
603.3275 1318.9342 143.62845 257.80896 0.0044644256
352.51575 1325.1512 291.26752 575.75684 0.0044618007
246.94406 1061.6528 433.1139 602.6797 0.004457829
154.98448 299.98273 180.06967 241.89064 0.0044025662
341.2578 921.11615 303.45407 685.9306 0.004399605
390.39038 976.4099 224.56248 342.7939 0.0043995446
477.80612 548.3022 253.61858 410.88715 0.0043840515
412.27542 1363.9325 325.89633 933.68756 0.0043722247
185.38882 1107.4158 327.3742 1417.2302 0.00436359
338.035 604.87036 134.54808 160.35216 0.0043595145
86.521904 442.69485 165.82333 732.44226 0.0043463856
420.19412 1050.8351 427.01324 554.87415 0.0043340796
301.2809 1683.2289 589.24084 388.9266 0.0043235035
491.82864 956.84503 310.64014 489.38995 0.004312024
164.19463 1179.7797 314.5054 1186.0065 0.004308236
392.9077 1046.1451 344.1189 442.6179 0.0042983205
354.24976 1434.6566 415.19107 382.18158 0.004256539
452.39 1119.4487 393.25894 737.1569 0.0042454116
390.83786 1174.8385 178.53845 205.63612 0.004242403
389.88492 658.2031 765.04254 1071.6241 0.004237396
469.75912 1052.4464 233.23917 304.94818 0.004228314
353.6134 925.4234 330.76733 812.5301 0.004224346
122.935394 978.6283 250.72005 1681.1992 0.0042208056
416.01788 1652.6914 825.8134 527.52075 0.004220435
461.62057 969.5792 324.09314 581.05035 0.004220381
115.78803 1277.5321 221.12093 1168.1018 0.0042184815
520.35925 686.2902 196.19554 357.00095 0.004214505
336.1863 1616.5336 206.19647 264.39847 0.0042055855
734.5981 924.6893 204.91403 270.17764 0.004195288
382.19382 851.70966 248.06256 361.54376 0.00418616
446.00504 980.1311 305.27017 530.1834 0.004180828
190.02272 1178.2749 375.0423 807.5585 0.00417755
336.59778 806.2064 292.16406 694.8911 0.004176679
507.69562 1063.2927 380.52396 838.79376 0.004175065
129.70938 1403.9755 252.19115 923.77716 0.004169191
496.91754 1329.165 312.77594 483.1329 0.0041602463
352.0468 1417.8661 406.16068 371.96207 0.004155705
389.81876 487.36008 323.98337 469.79938 0.0041453163
363.12592 902.0197 717.8734 982.6983 0.0041438993
238.22517 545.4485 39.23225 47.013153 0.004121026
346.81104 1729.6392 158.78888 161.4712 0.0041083507
681.1786 1019.6671 300.629 389.32742 0.004095084
469.63596 1539.2354 212.88167 352.49063 0.004079529
301.21167 1149.5205 300.13718 916.59534 0.0040774625
143.3683 1538.0187 272.85822 624.78723 0.0040717986
413.90326 1021.5711 710.79694 789.15967 0.0040652254
543.7486 1061.1028 160.1623 252.2189 0.0040551256
358.2437 1586.0476 255.72778 468.6435 0.0040488755
359.64355 993.4233 712.8402 996.538 0.004047045
349.8301 1373.0471 246.49452 444.73514 0.0040365034
371.05637 1285.6122 258.1424 398.6575 0.00403543
205.1578 876.187 384.04327 759.3932 0.004030586
739.45 1147.7312 221.59427 562.23444 0.004021017
353.47113 1004.2574 409.3548 433.1906 0.0040160646
386.72577 1687.9631 245.15973 235.3522 0.004011059
443.5471 1009.016 194.64322 258.18723 0.0039967857
495.2741 997.74347 443.00534 1462.7244 0.0039948937
474.4726 1552.792 298.5828 427.7752 0.0039796648
439.69675 1389.6665 267.11478 577.2119 0.0039782226
385.1216 1406.2095 158.21075 221.29799 0.0039685587
695.7107 1120.648 275.82327 521.865 0.0039647454
395.018 880.44916 137.70424 168.94876 0.0039484627
411.60312 1014.7713 263.30978 367.23038 0.003947195
423.16702 1768.2075 835.0261 306.78577 0.003932717
450.58047 1413.9667 334.33844 429.49945 0.0039326344
457.22083 943.414 202.37614 249.13632 0.0039258637
324.67505 1538.9453 503.5551 662.37213 0.0039248588
407.27582 464.4424 299.82153 428.2451 0.0039239884
402.33847 1525.6846 805.4877 737.98444 0.0039193877
347.3885 879.9372 386.98486 509.46155 0.0039039333
458.25876 1139.9187 667.2945 1122.606 0.0038713417
163.47876 1414.6343 315.67245 898.7558 0.0038323435
400.8236 400.03278 220.57529 307.2109 0.0038320431
464.7917 1586.641 307.13428 431.1692 0.0038316627
269.47592 405.29092 434.38058 442.86963 0.0038254196
469.3412 1385.0206 379.93167 651.6959 0.0038194493
355.78015 992.2537 416.32126 946.5091 0.0038180454
739.14136 1080.999 211.27258 447.06302 0.0038164386
385.13684 1274.5387 237.43723 650.6709 0.0038151466
415.3153 1294.085 344.09134 965.4346 0.0038061773
206.48776 1022.3638 383.79752 491.37167 0.0037927076
577.87 1438.7231 106.61271 193.23901 0.0037889676
274.2408 409.02963 370.7238 403.40796 0.0037790004
416.44354 1034.5289 410.66098 494.5305 0.003770005
569.7652 1413.1041 226.80238 467.6761 0.0037388091
92.99111 376.55765 113.20163 235.90543 0.0037357202
410.50912 1281.7308 429.26263 1057.4025 0.0037233655
191.21259 387.28644 353.68777 487.58038 0.0037100029
274.91074 1706.1691 130.89551 172.08325 0.003707836
270.18024 857.17194 292.20078 262.78268 0.0036872923
402.3605 1030.808 353.70776 628.27374 0.0036857282
382.89618 628.07837 728.4339 1018.34845 0.0036780247
404.86954 1420.4648 276.05258 335.99026 0.003673926
443.7791 1456.9539 353.54974 520.91705 0.003670852
733.1071 895.5111 231.57526 375.2485 0.0036686694
580.36084 1078.5673 224.47697 393.8373 0.0036506893
771.7884 1185.4036 179.37521 648.00134 0.0036391024
310.1711 1506.2667 437.73206 634.4146 0.003638131
194.97798 908.0151 275.02686 950.9419 0.003635047
535.3037 743.21045 350.0473 707.12476 0.0036329613
488.86502 1539.7112 286.1267 452.93228 0.003620392
464.1184 1575.1996 321.26266 431.64752 0.0036144021
421.32468 1392.491 191.02191 397.3304 0.00360688
40.364704 1653.1879 75.90304 378.29892 0.0036051732
374.84924 1005.7942 742.6912 487.69275 0.0036046647
159.1287 1276.9031 306.9377 1024.2087 0.003601332
410.80292 847.4688 290.0609 378.9208 0.0035880918
434.80975 1518.32 320.50082 727.947 0.0035768084
373.4324 788.4014 729.4203 1139.806 0.003569442
606.92413 870.8279 201.95564 368.26312 0.00356573
498.55396 965.771 301.5196 651.11395 0.0035496308
496.41602 1490.6173 314.89603 543.1346 0.0035290984
236.87408 879.5308 390.16156 385.44424 0.0035279316
731.5042 1015.13885 185.73999 319.81958 0.0035118137
496.78558 1253.4554 177.0321 275.87735 0.0034986273
342.05472 688.9243 651.3898 834.02875 0.0034960383
556.6421 936.8493 336.74182 876.43256 0.0034950217
215.48091 931.6576 367.24152 338.15692 0.0034869383
286.5243 1645.7396 323.44244 512.185 0.0034804842
470.3288 796.23987 235.28958 550.68365 0.0034760875
377.14322 821.98364 157.91035 218.23267 0.0034755475
526.6236 1419.7019 256.69156 445.62952 0.0034615956
581.29767 880.5289 312.3077 680.43604 0.0034492856
463.86795 1323.8495 340.32208 613.5266 0.0034392297
593.1269 790.0454 132.69032 210.23593 0.0034305346
513.935 1162.8413 320.28284 528.0953 0.0034194575
435.22406 1533.6471 209.96632 409.6397 0.0034179206
163.14394 722.2272 261.11377 315.75168 0.0034152563
181.31386 1058.0306 351.60867 574.97815 0.0033975341
275.03162 1441.9087 303.28497 389.72318 0.0033927553
492.9801 792.82526 309.39807 592.1717 0.0033919716
358.74045 1019.3054 671.90967 1075.0925 0.0033877701
355.01712 879.20374 139.35648 185.21796 0.0033863732
467.80997 1297.6437 288.94513 357.25848 0.0033652128
102.10241 1139.8518 188.86807 358.93094 0.0033622892
370.7705 871.3253 311.95032 453.7336 0.0033582265
516.56726 732.67523 167.7841 234.51685 0.003350514
411.4354 1434.9604 185.83527 328.76254 0.0033490798
103.30991 688.2487 126.63861 178.2687 0.0033474616
160.37714 1513.0962 317.10953 738.12604 0.0033387518
151.62112 166.77048 187.20937 133.42915 0.0033324964
678.8112 1189.2026 302.12363 662.00415 0.0033297036
200.4081 804.90076 348.98627 1155.8253 0.0033256852
447.83044 1315.0543 354.90604 607.0549 0.003315683
217.60799 975.91516 301.5366 791.68896 0.0033108203
459.09744 1665.5127 196.48817 230.00018 0.0033094313
511.8474 1096.5221 184.2766 303.29932 0.0032965073
642.3681 978.7458 187.20775 272.31296 0.0032955438
431.69864 1625.9893 260.3873 443.16315 0.0032865673
151.91971 1789.417 293.7231 200.49661 0.0032841691
513.579 795.26013 411.54504 955.9362 0.0032785656
83.3643 1821.1947 161.46623 134.65347 0.0032785328
493.1755 1372.8086 233.28555 440.17755 0.0032675301
336.63226 1729.1677 144.8052 156.2335 0.0032628234
60.467484 297.13138 118.96564 407.07108 0.0032619457
207.75735 962.9251 179.94742 323.85208 0.0032591377
642.3001 955.50256 371.90247 291.0596 0.003256451
111.293594 951.72455 195.54984 350.5055 0.0032512317
432.65994 1323.0916 215.7427 287.68076 0.0032459528
418.9857 517.55225 828.2961 975.6969 0.0032327888
662.10657 1118.3906 344.74326 590.89655 0.0032267359
428.5632 1840.9858 842.5788 162.62216 0.0032187186
429.8221 376.49673 840.81604 723.70105 0.0032067345
758.192 1145.3438 204.61009 599.7151 0.0032018167
450.75433 896.29114 287.68332 547.9387 0.0031898546
521.97424 884.3226 379.44012 1046.505 0.003174285
483.86838 1425.6478 333.55243 800.7931 0.0031649696
168.13254 1400.3156 326.06354 960.43115 0.0031592804
652.06647 965.01385 136.8795 200.93654 0.0031530333
467.95065 720.03894 461.69586 981.9314 0.0031364919
413.28665 1497.6493 300.7303 436.2668 0.0031208303
359.3758 1057.8331 221.38675 463.65793 0.003118428
603.4089 1088.2969 255.45119 503.41287 0.003114721
717.76855 1113.7657 237.88031 505.96722 0.0031100477
558.2884 1122.0002 338.7601 1287.2502 0.0031036793
516.6706 1506.7462 255.27434 411.9717 0.003095571
441.303 1080.5217 241.76178 327.39606 0.0030916783
219.19702 1351.8599 133.56104 156.22697 0.003074266
292.96387 1354.3596 178.99022 308.27512 0.0030730346
774.5511 1236.1006 174.67854 759.47656 0.0030643141
394.95767 1634.7247 134.34238 173.80447 0.0030534517
536.50146 1430.53 188.13109 395.6517 0.0030520398
429.1549 1476.9377 177.17174 302.78378 0.0030386094
673.6237 819.09875 291.6424 472.7215 0.0030386078
505.52783 1634.5388 161.48888 217.63513 0.0030361086
354.28918 1380.3824 163.97504 276.16693 0.003032687
264.92227 1709.6731 458.02216 316.1076 0.003028794
464.63376 1391.3047 188.59747 246.35793 0.0030278927
468.43076 815.113 256.3799 591.2599 0.0030219161
462.93634 1299.3918 323.9847 326.64032 0.003020635
420.96515 984.5351 169.296 254.63765 0.0030114714
444.82147 629.12604 289.95706 532.6968 0.003008701
200.25423 835.35913 127.15231 100.10093 0.0030080818
211.06798 1825.6865 139.03351 109.52153 0.0029928659
370.4852 960.6215 732.1789 1845.269 0.0029895082
357.5283 1528.5249 228.35785 224.73032 0.002989045
480.19736 1592.7367 322.54697 574.83826 0.0029871543
735.1023 1126.0708 212.08252 528.5355 0.002969592
363.4261 690.01904 252.59265 357.70175 0.0029678263
466.2218 1268.0588 133.96219 177.2663 0.0029585566
582.48566 887.55054 327.31982 825.9619 0.0029495752
717.9152 1063.8273 228.9486 405.32202 0.0029455002
227.6908 1409.256 196.84888 347.0897 0.002940333
298.62222 1797.309 229.43019 185.27347 0.0029319029
307.11548 1657.792 149.9552 238.71663 0.0029311515
336.10382 927.4957 425.754 312.05032 0.0029294507
283.19308 1812.08 157.19974 139.01978 0.0029232067
317.7522 662.4554 545.8938 751.25494 0.0029208127
799.39685 1319.3806 182.39253 1205.6722 0.0029197063
559.5394 1200.8242 320.43768 847.86755 0.0029194716
711.69293 548.69116 297.33932 1025.7217 0.0029070943
696.1434 911.5543 281.97122 419.34814 0.0029017143
714.1786 314.575 275.36935 448.36624 0.0028968812
483.2943 877.9861 417.8118 1187.8827 0.0028784603
148.94447 1681.5968 154.32246 218.26103 0.0028664635
462.352 1390.6354 319.50946 818.03625 0.002864003
190.7539 1366.0526 163.01744 200.18263 0.0028483178
534.7836 641.03503 153.29291 252.12263 0.0028479968
413.02112 767.63025 193.58679 353.53842 0.0028456957
674.1097 1094.2998 313.4912 694.9341 0.0028359378
360.9269 1137.7322 704.006 871.7068 0.002832116
286.94473 1788.4124 329.4735 194.346 0.0028309918
272.89664 702.6803 407.03534 711.7984 0.0028251263
287.8787 1595.4042 140.5301 186.24353 0.002824585
767.8015 1337.0349 186.97028 984.51135 0.0028059818
695.60065 1115.9752 245.9681 504.9485 0.0028029121
379.36264 880.7731 751.9026 987.594 0.0027969026
103.572235 1388.4061 188.36275 283.97855 0.0027941426
518.2671 632.1225 173.35529 244.36815 0.002786405
588.4023 1152.9497 271.35904 627.1894 0.0027833923
704.5622 1311.895 267.6506 875.93176 0.0027758174
595.452 1246.7449 455.77585 848.9142 0.0027722637
743.0453 1820.8234 164.13911 187.59612 0.002759166
329.63162 1498.8234 430.872 298.82416 0.0027539898
768.2808 1782.861 185.5886 275.4405 0.0027530629
136.53488 981.9947 261.56024 487.82727 0.002747221
636.40784 1033.7014 377.3334 489.6241 0.002735512
709.3138 877.6852 261.91684 418.929 0.0027317398
168.44026 886.761 263.1364 1253.042 0.002731007
765.97626 824.27185 194.22292 463.9655 0.0027244748
386.8783 1608.4938 126.39742 170.71524 0.0027051405
180.61781 1488.003 184.3988 212.52614 0.002701338
474.1706 1022.74384 334.9556 1301.438 0.002685707
223.17458 1404.9702 172.48541 278.62106 0.0026830046
364.02914 1597.9526 121.642845 161.20374 0.002681423
370.54395 1650.6184 128.96545 171.40762 0.0026792637
253.01578 1731.9468 379.9075 280.42706 0.0026791045
688.67334 1039.4188 296.69534 657.97723 0.0026769445
299.73126 1354.9442 140.97414 224.38657 0.0026740234
286.9526 1833.0917 138.2959 106.834114 0.0026721163
346.64322 1504.0428 216.41818 449.76245 0.002668492
303.21436 1525.7074 351.58615 446.29318 0.0026592962
24.967012 1733.6475 59.153355 321.2395 0.0026424017
427.73996 1013.06946 468.2764 1221.2343 0.0026401558
296.96597 224.66 162.49101 146.91966 0.0026362087
693.64764 1205.5205 290.90152 691.8966 0.002629687
115.277176 779.1466 217.0975 670.6481 0.0026128737
491.01566 988.9694 428.01865 1162.5729 0.002607821
719.5862 1263.9095 264.57077 848.9756 0.0026018114
497.98077 973.4194 156.33482 228.37672 0.0025961353
151.33078 1872.6333 288.1861 99.801 0.0025890085
312.48987 1294.3259 295.10287 1048.1388 0.0025865163
556.9469 1064.6312 508.47763 546.86523 0.002577451
236.42175 1322.9819 202.09811 307.03854 0.0025734738
466.41266 1308.0182 397.47385 1038.285 0.0025731518
754.18494 1640.8997 223.61865 915.14233 0.0025684542
582.90485 969.98706 470.83936 403.6565 0.0025668545
304.59082 1668.1587 378.4847 476.50134 0.0025512183
709.9336 1686.8757 301.5722 461.5419 0.0025425607
750.0827 1218.1975 190.33023 717.74835 0.0025352933
391.17972 961.62274 464.34366 1012.57385 0.0025350426
484.68372 1041.8492 404.55807 1119.6019 0.0025284088
726.6238 1207.9491 246.28775 724.00775 0.0025263412
651.7905 923.26624 358.9066 874.7732 0.0025253885
777.09906 1497.6353 172.83733 403.64883 0.0025238239
729.92664 1794.4825 193.92126 234.18681 0.0025195838
253.86404 1678.9348 304.02332 222.6789 0.0025148762
488.69342 1242.9634 411.97363 1069.9401 0.0025127204
815.94293 1772.3116 97.73794 297.39066 0.0025119772
219.50488 1804.7166 278.26608 176.09666 0.0025034621
328.9212 1256.4742 202.96785 515.4305 0.0025022202
307.5833 1785.384 373.72906 268.46112 0.002497494
390.81836 971.8057 480.34933 1079.2046 0.0024974833
764.72614 1758.9784 202.09286 333.2798 0.0024961566
412.7993 730.99603 799.37427 1161.4121 0.0024936858
674.9571 1806.5154 248.29033 224.29082 0.00248015
548.3559 1196.8608 136.3019 238.20691 0.0024796592
576.6829 1310.1841 140.79173 211.30739 0.0024749117
500.24854 1429.7417 430.21033 871.8914 0.0024695846
748.91675 458.59348 216.40424 357.2722 0.0024672518
703.17114 1833.7762 259.18875 174.77406 0.002464901
254.71558 1840.303 372.93948 157.6237 0.0024646749
285.59058 1666.34 342.8758 418.05792 0.0024607154
775.94275 1810.9092 162.67293 222.56581 0.0024537572
579.7243 1043.4663 222.31194 607.18286 0.0024527432
757.46716 1589.0732 210.52011 654.1084 0.0024518964
445.51434 1131.4459 437.8527 1245.9258 0.0024290716
641.90454 1157.8423 305.73083 872.0737 0.002425618
519.5629 1415.1176 99.41572 130.16939 0.0024178573
532.11084 1482.573 372.59323 844.5879 0.002411995
777.9851 1573.7657 168.21634 358.69153 0.0024054481
404.4109 1242.3195 212.72845 509.91483 0.0024010707
705.6654 1315.6003 285.70087 934.00977 0.0024005007
775.8819 1711.314 170.24922 421.86496 0.002397212
579.77484 1294.4623 111.06873 170.1333 0.0023945975
484.55106 612.646 539.1093 937.2967 0.0023867802
500.71124 1599.8971 108.282776 158.11314 0.002382064
151.14667 1370.2915 219.79062 294.0803 0.0023727382
415.12723 822.0923 480.29495 808.01105 0.0023679167
425.8293 647.289 245.00543 471.54715 0.0023525078
521.4391 981.54504 576.7222 493.87506 0.0023377992
573.3555 1264.7297 156.96849 269.30447 0.002333661
496.64536 1171.8827 421.82428 1296.5145 0.0023277858
762.1484 1210.1364 191.05753 676.6128 0.0023263963
770.7245 1614.6324 159.52487 212.90749 0.0023231392
488.77786 1691.3556 123.1499 159.90771 0.0023152153
371.603 833.21826 308.1928 414.97696 0.0023141978
704.7637 1159.6124 281.2026 664.83026 0.002305564
602.6087 1038.5906 256.23236 717.7126 0.0023017675
714.87695 1205.6835 270.61456 662.91925 0.0023007845
620.82587 1278.5323 101.05456 167.66986 0.0022991365
497.80124 1534.9337 338.0224 660.60443 0.002298158
416.15735 1528.6757 365.25436 543.6353 0.002292148
730.34283 1671.137 231.67831 323.91928 0.0022906088
102.207634 607.12616 131.48828 187.74648 0.0022892547
706.3056 870.36053 297.03275 660.5592 0.0022822267
60.352165 1894.4054 119.278984 58.645947 0.0022814546
423.46014 710.9326 239.65694 509.6703 0.0022796504
731.9427 1612.5138 236.86252 317.58374 0.0022769677
355.98865 1611.5013 145.81082 154.24571 0.0022753575
102.069374 1265.958 179.88017 228.3887 0.0022751766
171.42105 1875.8812 206.16357 97.100876 0.0022738955
728.7105 1688.5754 220.57533 265.8611 0.002265167
771.3431 1429.5908 189.90977 750.50665 0.0022617716
573.2191 961.93243 210.86894 456.6372 0.0022605387
476.4898 1498.2599 109.92014 182.8687 0.0022586165
805.5551 1090.6509 138.57567 224.51013 0.0022478108
552.4207 1040.9645 328.14587 1388.81 0.0022473852
375.47632 1818.5461 142.21976 137.98589 0.0022466818
286.1926 1796.1536 397.16876 247.78539 0.0022448003
718.08624 1190.3481 257.53043 661.3482 0.0022390725
488.31064 1557.5604 108.41131 161.37851 0.002235211
425.06326 808.1486 485.17593 742.4067 0.002230491
335.6562 1868.9552 691.3644 105.56402 0.0022283546
364.22684 741.3136 572.49493 967.6527 0.0022272195
464.07245 1555.7925 389.2356 689.9868 0.0022263252
317.3253 1857.5122 651.9287 129.12224 0.0022214877
473.45688 1240.3646 411.26474 1143.5061 0.0022201913
743.32983 655.6507 239.29295 366.5326 0.0022165119
33.33978 1782.2115 60.36992 156.8634 0.0022145335
421.95932 1587.3309 321.49368 563.8875 0.00221312
675.7524 1352.2643 319.42615 1043.3417 0.0022099665
545.29266 1097.9882 345.91782 1293.3335 0.0022097183
635.48535 1185.7307 139.70065 311.8625 0.0022054077
484.90726 1192.9125 354.50864 1190.6044 0.002205331
257.8812 1848.3658 510.25888 147.25186 0.002200286
628.2737 1288.8082 283.82483 839.09125 0.0021974298
555.081 1536.7941 125.49626 211.81128 0.002196907
774.2851 1531.7207 167.88368 303.22632 0.002188191
778.2289 1656.3578 180.89154 535.82556 0.002188185
400.63354 953.32947 774.026 819.64453 0.002185648
606.08716 1294.0511 122.637985 211.74355 0.0021803363
240.03284 1854.0576 295.7985 122.89266 0.0021802504
84.3894 204.75446 156.15654 239.33241 0.0021793926
417.68143 1263.831 238.86784 524.53265 0.0021724808
735.03253 165.32051 236.70857 314.05545 0.0021688247
438.95526 1174.6521 269.3027 758.2995 0.002166566
303.72733 1800.3253 326.4794 168.60805 0.0021614209
391.07727 1282.5266 200.99467 658.67346 0.0021605694
632.8676 1851.3577 166.81743 135.66032 0.0021521747
490.91467 971.7892 411.03812 997.13403 0.002151207
686.98914 1856.0248 117.00094 118.650024 0.0021507158
397.66306 930.88715 493.798 1020.28094 0.0021479179
741.11255 1448.1332 247.5234 447.62274 0.0021460964
765.1216 1436.68 187.49435 327.53152 0.002139965
557.4118 1593.0251 124.64638 197.22755 0.002138659
721.31995 193.70335 248.37743 308.54633 0.0021304595
238.9646 546.4812 27.724936 34.046906 0.0021271624
731.6999 641.7543 231.7089 308.47934 0.0021202788
622.8228 1805.8136 157.92467 220.37505 0.0021126
503.0243 1005.65234 436.01178 1337.267 0.0021039096
598.5768 1087.8672 167.66656 271.85828 0.0020914464
698.14777 1065.9918 289.25174 782.837 0.0020830967
510.31403 1679.7013 308.5124 392.2782 0.0020827984
736.148 1860.9093 139.61934 116.296196 0.0020774752
622.39496 1208.9714 242.73012 1026.1647 0.0020756994
725.39185 1831.5856 143.43549 158.45375 0.0020737378
385.68002 1764.5459 400.23294 367.78195 0.0020722914
363.3364 1767.4166 250.44968 302.15582 0.0020678176
455.00824 1261.2134 375.0385 1043.0493 0.0020664886
493.27612 942.12085 334.41135 930.0298 0.0020586213
684.8965 1061.682 334.5566 1495.1423 0.0020505749
751.56445 1568.4365 149.51987 177.94923 0.0020433948
295.37384 1852.5897 305.39868 135.8937 0.0020426714
524.1791 960.91895 317.3347 995.52014 0.0020397913
748.68805 1681.0704 276.65765 492.79166 0.002037213
175.08139 1894.3916 329.14917 55.31784 0.002034848
263.53104 914.7052 255.00665 421.6145 0.0020291284
523.4619 1413.717 397.0978 1095.5852 0.0020283512
751.56274 1674.9036 138.78564 177.47368 0.0020262182
548.64813 1082.5203 337.77222 818.04626 0.0020217453
367.5951 965.03796 720.9093 1847.2317 0.0020159455
617.9719 1833.3762 202.09732 169.02626 0.0020139732
826.49384 1253.07 87.392 637.4019 0.002012988
709.5038 1870.1189 163.17677 105.96319 0.0020123713
518.8055 1864.9889 173.10458 113.97971 0.0020100237
463.47302 994.8995 287.33047 543.7513 0.0020080262
807.5151 1729.209 111.63093 314.95648 0.0020026823
624.6356 1576.3638 170.2538 293.01065 0.0019976126
299.3533 498.87323 36.513615 50.14595 0.0019955111
651.1254 1110.1428 324.94916 585.95135 0.0019947486
354.06317 1643.89 364.93454 479.41708 0.0019927467
550.444 620.4312 99.82517 144.74458 0.0019887972
485.406 1862.7677 187.93198 118.36422 0.0019842451
557.9634 364.09207 608.2252 690.37476 0.0019832992
410.8831 1628.2145 687.2143 560.4809 0.0019818104
733.9984 1495.1031 186.17802 329.27267 0.0019807732
723.0699 1681.8499 237.16289 257.0396 0.0019742863
452.6847 1146.2385 219.14627 413.5769 0.0019731666
475.86722 721.23627 391.8849 719.1353 0.0019706339
733.11 610.10266 267.41028 430.76154 0.0019697112
182.16902 647.42505 318.35205 892.69586 0.001963664
83.240616 104.38964 157.83972 163.05318 0.0019592694
795.74884 1611.5142 129.82419 229.7288 0.0019485367
435.95865 152.20181 860.70544 296.40677 0.00194838
578.23395 1076.917 320.4999 1153.0205 0.0019452726
195.0449 1587.7106 250.32057 585.9512 0.001937601
578.8899 1861.9698 170.74608 119.04985 0.0019373639
583.12775 1321.1239 136.66258 232.31834 0.0019368614
836.0999 1802.4781 55.832596 240.79372 0.0019322295
332.38748 457.66064 666.64746 798.4292 0.0019280958
765.2402 1487.8528 181.10445 278.00858 0.001926192
830.8947 1817.0844 63.68737 211.17676 0.0019090362
767.7885 1675.8308 187.02748 445.78394 0.0019069931
761.75183 1511.1093 208.87604 448.21536 0.0019061165
832.67065 1002.71674 71.34929 295.80978 0.0019009111
339.12845 1781.3019 311.7344 280.86893 0.0018995989
825.87134 1630.499 79.05815 298.19525 0.0018982152
512.1929 1836.601 171.6051 157.75711 0.0018960374
466.54755 1080.8485 331.13876 744.73865 0.0018944409
541.14935 1584.1571 98.58808 150.20204 0.0018890828
510.73907 1090.7561 190.5492 560.6284 0.0018845254
331.31784 1069.8162 570.448 1692.8904 0.0018836807
435.71573 81.54688 859.5824 160.47295 0.0018805849
697.76605 1683.0243 190.44656 420.64023 0.0018752482
795.1257 36.09216 139.467 69.54388 0.0018749939
396.7898 1798.1783 746.45233 284.8752 0.001872111
621.4378 1357.9915 147.41133 304.80844 0.0018709262
274.83047 1887.4956 553.3412 76.39895 0.0018702095
436.79874 779.77075 375.1256 693.4303 0.0018679821
61.76213 1270.9407 118.856995 207.72137 0.0018666462
692.8456 880.5163 162.99576 264.47003 0.0018645932
451.64114 839.6833 378.52487 770.385 0.0018559033
449.92157 74.847084 788.9058 148.44296 0.0018508998
705.73004 1774.9166 300.23718 466.43936 0.0018438743
638.3786 1719.4312 321.18674 415.9765 0.0018398673
599.3416 750.97095 290.5615 467.80695 0.001838807
316.68817 1804.8458 483.27698 227.37906 0.0018373233
736.33936 1106.8075 260.2031 1243.7968 0.0018371729
713.86725 577.2261 222.49728 282.3819 0.0018324344
450.64743 1808.7719 804.2351 239.7148 0.0018262124
325.50125 1873.7705 669.7153 104.6066 0.0018254616
828.311 1251.4713 78.13295 319.5235 0.0018231232
760.08295 1462.4938 154.62436 274.47473 0.0018208199
773.7208 1883.4271 187.02907 72.51771 0.0018192043
606.3658 1679.4315 170.84105 245.36194 0.0018182936
659.6043 1603.2439 178.80994 286.44263 0.0018155592
525.7141 1153.7527 302.83176 853.3613 0.0018130877
393.65628 958.1674 779.12573 1856.8218 0.0017987501
421.31244 1879.8347 164.2064 86.09225 0.001796681
241.7964 1902.9492 310.2638 38.10314 0.0017959337
655.291 1294.5059 285.35645 950.55066 0.0017948142
363.30826 1850.8187 192.41675 136.84575 0.0017912315
705.30475 31.111025 316.86743 62.596836 0.0017901764
567.4609 586.9077 286.07394 600.4208 0.0017901098
442.3075 1055.7423 486.85013 1125.2645 0.0017888297
773.1162 1458.7838 124.07156 210.5376 0.0017813991
684.691 1859.8192 345.7208 125.66782 0.0017767543
542.0571 1734.298 265.313 331.28012 0.001771834
792.2051 1320.1837 145.7636 265.21118 0.0017696846
663.74786 1564.9197 151.95062 234.5119 0.0017684132
341.7497 1805.597 443.6157 210.21172 0.0017682213
832.3987 1665.4092 66.291664 305.56775 0.0017601254
797.48096 1469.6392 151.27911 349.63443 0.001759497
233.30803 1868.0079 364.3541 95.29408 0.0017554348
64.81017 1619.2373 130.71431 419.11148 0.0017548157
568.71014 1223.1296 274.21524 1163.4496 0.0017500333
567.06683 1830.2653 164.30405 172.14049 0.0017499736
702.616 987.54315 248.58104 507.8038 0.0017465076
50.44113 1603.4319 84.92777 349.90512 0.0017358945
466.70654 1211.3517 364.23245 1107.8461 0.0017346464
489.75793 1872.398 124.56617 99.17242 0.0017291822
710.17444 1007.2529 227.7162 284.23334 0.0017223564
247.39207 1543.9156 282.4457 628.16864 0.0017220171
375.16428 1741.4431 390.98148 398.56448 0.0017217826
348.70117 1440.8248 242.60432 591.1102 0.0017180714
403.02466 1824.0963 443.773 321.98892 0.001714032
413.53464 1838.534 369.12372 238.40805 0.0017138247
836.3566 779.5102 66.30528 317.17776 0.0017074414
287.7986 1736.5226 317.6697 402.6767 0.0017069547
371.92838 1185.7587 321.51968 1021.12616 0.0017065785
641.05054 62.07395 454.57086 124.846245 0.0017031204
262.79404 1862.5278 394.1228 122.67868 0.0016998459
324.90424 1899.3208 428.9777 44.410637 0.0016990054
307.21994 1877.68 435.23007 90.986244 0.0016872308
291.64764 1888.8634 143.69583 89.34565 0.0016871481
340.0705 1887.195 690.39044 69.09874 0.0016847445
411.0614 835.2136 304.1343 684.067 0.0016801234
311.11523 1881.7668 645.7738 82.20129 0.0016790495
360.2155 1702.6462 446.85626 429.21844 0.0016721991
826.9625 1425.3007 80.37021 272.33975 0.0016697644
488.18405 1718.4209 412.3908 450.68405 0.0016646421
564.0857 1655.0295 113.646545 158.6396 0.0016608047
633.683 1190.0331 264.56317 779.7077 0.0016538965
813.4033 1540.4702 108.60722 271.39725 0.0016524398
565.68854 1811.3843 162.3905 199.18187 0.0016482522
284.23633 1899.8555 499.09653 89.15211 0.001646879
704.29266 1574.2124 147.69412 220.8322 0.0016326918
593.20056 1773.4529 199.72745 268.98334 0.0016314976
400.45773 886.95557 461.5836 691.7275 0.0016286039
766.9152 1406.232 182.06754 246.81773 0.001627942
635.5809 1071.1779 231.16074 1155.8832 0.0016279365
791.20135 1664.9843 141.94852 357.0413 0.0016270261
354.7042 1861.366 278.1526 121.42762 0.0016243825
440.99832 78.28956 819.7049 155.62567 0.0016234439
199.4358 924.76074 304.23022 1039.2584 0.0016192696
328.3548 1894.6948 199.16972 54.404346 0.001616182
705.98035 1891.2648 235.97583 64.39061 0.0016137932
747.18536 1222.8458 195.36421 250.34503 0.0016079572
490.11514 856.2353 407.46353 930.58685 0.0016049837
409.50684 183.26018 787.0352 312.64624 0.0016039342
794.4355 1860.9236 123.753136 119.69317 0.0016003228
385.70105 1856.2441 403.8479 176.37895 0.0015880686
837.0424 1432.5813 62.966705 470.1009 0.0015861269
544.3558 1715.6661 316.05447 441.8991 0.0015847741
639.085 1485.518 221.70999 622.7364 0.0015846707
837.02344 1569.7961 59.07783 248.48192 0.0015833715
251.12653 1908.8313 350.21588 31.72273 0.0015817365
271.59067 1867.7814 508.6654 116.294556 0.0015765558
835.87915 1085.8788 63.640644 1680.2062 0.0015752721
475.09674 1862.4213 362.46286 176.44118 0.0015745156
744.52966 198.66357 216.49524 401.2741 0.0015723523
429.92087 1861.6951 853.90515 123.93706 0.0015696797
405.647 866.8772 784.635 1019.4557 0.0015684988
360.1589 1887.6107 305.71967 67.75905 0.001567744
708.7055 1116.6926 225.03902 676.3206 0.001532558
547.8348 1725.3394 145.22772 177.54657 0.0015308049
690.7828 1892.6947 146.539 61.59107 0.0015296756
214.32579 1896.4846 417.7294 60.995865 0.0015268975
815.6293 1828.2896 117.36082 182.49461 0.0015257682
536.7859 1687.7793 105.61641 168.7485 0.0015242202
285.25034 1898.2511 179.81252 50.32567 0.00152314
534.95984 1032.8972 356.87946 1002.0882 0.0015135673
383.46133 1892.4631 182.67108 60.428303 0.0015106236
269.09863 947.4574 283.6007 347.2938 0.0015094496
321.4076 1293.5873 196.10506 458.30185 0.0015078944
261.93552 1898.3374 378.77505 50.39098 0.001506584
346.4099 1609.5042 427.608 579.3999 0.0014929568
702.4048 1087.7572 258.5373 885.3051 0.0014903623
605.90985 1637.7214 150.70627 227.40683 0.0014867166
276.41415 1824.2418 415.15588 190.63333 0.0014668362
701.55896 1892.8043 224.44771 58.40878 0.0014597573
804.1173 1883.9401 112.8664 78.42431 0.0014515414
666.7191 1508.7455 124.32918 210.08366 0.0014474749
350.10724 1872.0663 124.91997 71.83444 0.0014473549
397.76108 1773.074 728.71985 316.14563 0.0014456641
328.34143 1868.4335 685.3701 146.67734 0.0014415398
383.51965 1041.1705 274.66623 486.33496 0.0014359027
322.3911 1860.1005 618.45074 210.41219 0.0014315614
520.11816 1825.7502 138.76968 191.89343 0.001430143
447.10654 1888.7421 714.95013 73.03513 0.0014160223
726.16614 1896.2637 145.51276 54.24486 0.0014144024
389.88132 934.03955 769.4407 726.4209 0.0013989246
740.3116 1899.3944 248.09477 57.492954 0.0013909354
512.6083 869.31146 417.29083 703.23804 0.0013909141
565.5823 1859.0602 299.24066 142.39883 0.0013851837
363.43732 1863.0807 492.21838 113.09199 0.0013843066
18.03019 1571.6398 35.62088 250.89304 0.0013757003
554.87225 1100.5353 402.28696 925.95917 0.0013741584
315.28296 1905.305 656.3506 48.63478 0.0013740662
844.1534 1542.6627 47.452183 228.3474 0.0013686891
389.32077 1884.869 157.17375 79.02556 0.0013665662
648.9172 995.1317 331.4553 664.3246 0.0013639092
306.85123 1223.0481 180.0064 433.3075 0.0013552726
179.94049 31.398432 245.1189 55.998837 0.0013475071
665.3372 1145.705 170.48697 288.5583 0.0013397473
841.11914 226.65283 56.028896 456.6943 0.0013381718
267.48022 1908.0839 544.61304 44.75711 0.001317358
304.05188 1409.0828 399.50708 819.4559 0.0013149957
845.0472 1612.1722 49.997856 256.3326 0.0013135312
309.44806 1097.9786 369.67368 693.6308 0.0013116822
421.51312 1903.9581 124.922554 47.02186 0.0013084387
304.6031 1890.2832 602.9179 104.725105 0.0013017512
813.10297 1869.5753 100.37656 106.743996 0.0013000829
262.9517 963.99677 273.84317 410.44427 0.0012967754
844.2386 1233.5126 52.277996 856.60223 0.0012854952
849.00494 1655.2996 38.210247 230.76665 0.00128494
318.73083 1912.5006 249.06593 35.507046 0.0012804717
173.80174 989.7071 309.45404 1593.8206 0.0012800205
167.93181 22.353699 342.48187 40.774345 0.0012789426
327.17093 1891.4016 672.22687 118.923195 0.0012756074
430.94174 559.84863 830.8788 1032.9047 0.0012747445
790.37866 1892.5337 134.48021 58.878967 0.0012702323
403.57 976.93384 788.7591 1851.5631 0.0012650718
807.5022 1887.9575 101.398705 64.133545 0.0012606856
294.61368 1914.9974 602.7724 44.508278 0.0012562722
374.44226 1199.5654 256.13647 554.71826 0.0012441018
77.49181 58.810863 157.98329 102.1866 0.0012424783
268.20255 1053.3202 440.6838 408.34048 0.0012342781
852.06274 1666.6471 32.89228 300.18732 0.0012209517
854.4367 1578.3473 29.945034 532.4862 0.0012170463
13.163462 1885.5148 31.982765 102.95733 0.0012146045
849.2555 1456.5663 39.400593 353.63977 0.0012046553
828.77 1865.2339 72.84637 118.14955 0.0012041609
568.20496 1918.2446 372.70627 65.357994 0.0012022268
847.50134 1383.3317 42.720295 337.06714 0.0011953362
288.1041 1912.4875 576.7825 64.36593 0.0011947289
206.33109 992.0081 156.64908 376.52042 0.0011816933
490.37903 1864.7013 775.83124 110.946045 0.0011809956
856.53094 1251.638 24.156322 382.31802 0.0011592159
377.72958 880.9703 751.85706 718.4849 0.0011425518
157.02628 1221.922 160.55745 905.0881 0.0011380533
165.47437 858.30914 245.32576 719.4421 0.0011222804
315.65112 1898.0836 639.60754 98.1944 0.001122214
193.71259 125.721275 372.17606 193.5503 0.0011159377
766.559 1909.3212 176.2585 29.137081 0.0011159116
835.6372 1895.501 57.039772 58.069214 0.0011157177
854.2474 1652.7009 28.955616 300.4493 0.0011051744
835.8507 1860.6625 64.15714 130.90582 0.0010816508
277.47406 940.78796 276.24817 536.12665 0.0010808309
861.1045 1798.7339 17.024826 245.60652 0.0010776432
146.37779 957.50604 206.06407 790.9884 0.0010771161
626.94946 1209.9355 321.1888 405.06967 0.0010691086
597.2411 1887.3114 292.10892 118.16052 0.0010651859
547.05615 1904.6576 100.83942 52.80735 0.0010619254
703.38745 1114.8093 287.37213 586.32556 0.0010553297
511.38016 1193.0011 352.4239 711.98474 0.0010533555
153.36644 958.2176 308.97925 1743.1403 0.0010351011
197.09245 859.3683 222.71704 577.4135 0.0010216297
414.3543 1207.6243 248.25897 593.30176 0.0009999513
185.76816 918.46643 259.65796 866.9368 0.0009891439
442.8053 1019.2541 309.22003 850.9616 0.00097102975
553.6605 1918.526 185.60625 22.396915 0.00095360354
180.80392 1294.3401 275.22693 1044.2985 0.0009531053
765.4917 1916.4011 174.29573 50.711563 0.0009479144
568.6844 1243.1718 541.2152 797.623 0.00094695884
861.1275 1707.6638 15.664178 249.47168 0.0009248935
860.16986 1854.5223 15.238118 138.85693 0.00091696705
420.4451 867.8907 424.76373 832.2791 0.00090937264
705.785 1916.9153 137.49344 53.89672 0.00088760996
414.2103 1027.396 804.4317 728.13995 0.0008848015
259.26974 843.55273 362.6433 688.9622 0.0008672092
429.28152 1121.4191 308.28998 604.6262 0.0008454794
862.7597 1043.5162 12.451989 1145.0204 0.00084309967
864.3637 1812.1616 8.227752 216.75412 0.00083482894
321.45386 984.3647 475.8884 546.6621 0.00080499484
204.80902 1045.1205 309.45685 490.8286 0.00079143804
236.2593 1187.5055 202.0119 920.406 0.00079137576
513.53467 933.57513 413.0442 757.59546 0.0007792699
392.46112 973.8485 351.33374 589.8763 0.00073924457
403.93198 949.45233 773.52875 819.77435 0.0007305636
405.46017 1758.0299 681.80646 313.72632 0.0007277081
499.84717 1431.2815 302.81827 454.31287 0.0007215603
372.05106 978.3583 398.45917 448.0335 0.00068613415
417.74405 1001.5339 785.1395 835.7811 0.00068523135
449.18036 1524.831 810.18005 789.5788 0.0006680434
414.1161 1817.5966 625.4912 224.0545 0.0006620813
395.1793 1773.2799 642.3995 364.47675 0.00065316254
446.8892 1444.7494 789.17664 796.84064 0.0006464257
401.05966 981.80505 719.908 509.2865 0.00063358113
507.53778 1019.73694 428.74307 653.1788 0.0006273549
434.38617 1182.3802 378.8216 649.1232 0.00062694063
508.9955 1227.5082 393.41885 595.0405 0.0006073143
445.12817 793.55426 696.2057 827.6723 0.0006051706
460.9061 1195.0115 639.51807 747.0331 0.00051932817
420.27768 1326.282 813.27466 730.0586 0.00046193006
504.64383 1131.0116 373.31064 621.081 0.0004410162
