467.78165 1319.7777 923.6404 2626.425 0.61324424
464.4637 1836.4531 916.1991 1582.8297 0.2706828
297.32056 661.59283 587.5809 1322.0873 0.102894135
466.64053 1708.7518 919.5809 1845.0782 0.0986442
453.4314 1791.8749 805.04504 1343.095 0.08867784
797.1425 2203.4185 152.3124 186.53928 0.06212254
457.96494 1852.9073 746.00366 1202.7262 0.0619235
780.8806 2203.2837 190.3881 193.17447 0.04921679
449.7634 1702.4744 793.2923 1186.866 0.04631917
296.52725 495.53525 583.8832 988.7777 0.036639284
460.32794 1670.9407 689.9856 1051.3597 0.032397445
463.63248 1573.7817 886.81586 2077.5012 0.029144213
447.0282 1139.9963 767.5646 1610.4661 0.02643112
440.62708 1582.576 761.6082 995.4122 0.024100851
467.3698 1319.4377 920.22974 2627.1672 0.023349512
312.30017 1314.7327 609.45026 2621.8677 0.021930296
446.26416 2355.4165 872.1886 549.8422 0.021257637
457.8444 1505.356 797.72375 1340.2264 0.021089813
449.50455 2261.7893 874.3425 736.5159 0.020622317
458.65125 871.9219 893.6895 1739.9453 0.018826721
467.0135 1595.63 819.71704 1495.435 0.01879105
455.05753 2126.211 877.48175 1004.95074 0.018753843
719.28906 2264.3223 313.24622 325.8723 0.01749057
453.63913 742.6532 890.07776 1482.3104 0.016770756
719.0847 2263.745 312.92496 323.93796 0.01664678
417.82382 1153.7842 694.6054 1882.241 0.016544515
472.97614 1422.8738 721.36383 1389.9698 0.016458586
316.0059 777.6947 616.28735 1547.0314 0.015945146
448.06805 1043.0327 852.2591 1954.6393 0.015432092
746.88416 2250.58 267.80606 311.82086 0.015012097
590.44653 1769.4128 590.4664 1302.9694 0.014906994
346.1074 741.7021 678.95654 1477.5127 0.014841455
327.48172 1077.7909 634.662 2139.3225 0.014777721
305.05194 1018.73376 594.6384 2033.2697 0.014620533
392.99963 1834.7815 697.3933 1475.1362 0.01458079
227.84407 484.7935 427.39557 877.4687 0.014533824
446.97443 2265.81 867.5736 730.4967 0.014421105
111.932945 2407.7593 210.15305 354.36044 0.014375855
462.75113 684.7234 912.08014 1367.8944 0.013679585
458.74823 1717.1698 538.7672 802.0532 0.012904593
307.4895 919.6647 600.3234 1836.1276 0.012812352
542.92126 1343.8081 677.71967 1918.7667 0.012520695
395.35986 763.79425 766.4332 1523.8251 0.0121397115
513.13245 1833.4512 544.7598 938.45966 0.012059056
346.747 878.81696 671.5328 1751.502 0.011983164
352.28952 1898.0701 642.69635 1309.5685 0.011813037
367.03726 884.6966 710.5855 1764.1638 0.011754794
446.89664 1228.0463 749.18365 1620.8787 0.011647614
332.37616 108.68158 97.69754 93.258095 0.011629638
294.3874 204.03206 585.3234 405.2871 0.011467953
651.43884 2270.572 444.21765 343.24707 0.011430235
579.70526 1957.0688 551.9265 924.8545 0.011381673
352.783 807.22034 688.1313 1609.1495 0.011222592
349.8449 652.94635 691.0743 1299.4476 0.011138834
467.97058 1054.7227 657.976 1353.119 0.011088247
481.35397 2242.5398 771.7376 427.7184 0.0108125
680.4523 1713.5807 428.0422 1199.5597 0.010741723
448.77402 2414.7783 879.6554 456.8002 0.010682217
516.6654 2166.6204 699.4752 590.4863 0.010405275
688.9376 1758.4889 414.7048 1268.3396 0.01002957
302.98526 2432.0122 581.05304 401.8168 0.010011827
525.60004 1821.6462 453.02542 976.18225 0.009748
112.22558 2353.5964 197.8463 240.29646 0.009700036
440.71304 588.72363 469.10864 1172.7445 0.009579697
207.18372 632.5857 402.76187 1221.3584 0.009574766
213.14265 430.45724 378.41443 650.9553 0.009437493
134.23112 977.38995 258.26746 625.75024 0.009310461
444.89325 1380.4266 598.9867 1309.5835 0.009285784
572.1788 1969.083 603.3572 1069.3931 0.009149542
96.999565 172.73746 193.3282 341.32803 0.009111876
506.5546 715.8577 712.80585 1406.0352 0.009071067
333.77737 2500.6658 513.2742 263.91827 0.008988525
616.0824 1282.3597 231.70634 286.35208 0.008705778
480.47464 1309.6836 776.34827 1162.374 0.008702964
461.8795 203.6365 249.96997 375.0473 0.008685896
363.97272 2483.0757 431.47165 283.657 0.008681729
447.67645 1549.8757 552.248 676.9935 0.008634519
498.83823 1985.8689 488.6533 678.05707 0.008611553
328.84747 113.39431 125.67952 123.457634 0.008598402
215.5997 381.17493 341.42258 534.83636 0.008587491
452.92316 1989.8406 808.1812 1067.0433 0.008416571
179.54623 649.3808 346.4047 1223.4514 0.008382641
820.51465 1855.8202 208.05301 879.1222 0.0083563
599.5754 1601.8932 500.08136 944.46814 0.008266971
480.8961 1712.4083 497.52185 604.9192 0.00815778
782.2244 702.88055 340.81326 1411.5449 0.008014087
290.97165 1088.6624 572.86304 2194.6465 0.008013382
421.79456 2477.6091 283.9229 228.93327 0.007947989
782.3333 574.98193 340.44 1155.6152 0.007809331
447.2748 1950.4517 507.19376 918.3864 0.0078015137
526.74255 2361.013 168.67618 188.28111 0.0077687358
545.6018 2327.5652 654.86255 482.24338 0.0077451817
745.6798 1756.5339 349.84085 1276.4359 0.007739587
509.6622 1272.2545 712.0921 1200.39 0.0076484433
542.4667 2369.1812 113.38721 148.45027 0.007647795
414.6636 1738.2659 452.55313 607.10004 0.007628564
452.2568 675.28345 872.4741 1349.4579 0.0076246657
464.2679 1841.4111 913.34973 1566.7065 0.0076030735
610.44806 2100.3623 531.3651 702.27386 0.007561499
826.1375 1844.4701 201.5819 905.3231 0.0075018494
587.29565 2263.9155 194.2384 320.2037 0.007426492
751.73004 1835.6265 306.85928 958.64355 0.007379683
687.8748 1628.749 395.07886 1000.531 0.007373165
443.67 1217.181 729.5132 777.64374 0.0073086363
425.9573 2337.499 463.1098 464.26886 0.007308166
287.46368 316.32117 575.5442 633.0543 0.0072939824
802.72314 1739.7628 246.92932 1230.1586 0.0072653606
331.10464 217.2373 187.75644 325.7667 0.0072352877
16.4424 237.32153 33.542595 195.78842 0.007232747
299.23538 2513.314 576.40497 243.93335 0.007168695
809.5707 2207.3723 121.206276 171.31636 0.0071542244
763.63025 1893.3657 311.7169 972.7328 0.0070880475
474.59637 2450.191 183.7443 156.22902 0.0070655644
365.2712 204.12512 423.45804 402.5434 0.0070172087
266.1753 375.43564 331.61533 519.37756 0.007004953
228.9255 624.63794 420.6276 615.4847 0.007002618
297.22107 2254.5754 571.35767 750.0812 0.0069734207
219.26427 327.59378 262.6079 411.53314 0.006961682
574.3134 894.69037 640.983 1636.9218 0.006946867
418.57098 701.2182 515.94495 1119.5734 0.0069309403
179.61432 2430.888 341.19092 403.09778 0.006896395
381.28915 1494.309 640.93976 1374.417 0.006858699
249.14493 408.8763 382.57373 652.69586 0.0068499157
534.4738 2270.474 388.0253 354.19794 0.0068467045
809.714 1912.5867 154.68451 374.41907 0.0067827324
484.98828 578.2941 482.21426 1125.9186 0.0067809336
404.41687 2083.1472 448.572 923.8755 0.0067734583
694.6947 2140.5989 381.41983 538.32446 0.006739459
709.6947 1575.7782 205.7006 362.80377 0.006713408
698.44135 2056.916 394.46344 756.55914 0.0066910917
792.93054 2011.3097 251.68765 593.44 0.0066902074
772.8649 1659.1237 298.58334 1315.8691 0.0066525256
407.94305 2485.6394 138.991 179.06639 0.006620684
510.6549 1910.8453 353.0513 439.91196 0.0066165053
506.2286 1898.3901 221.93301 289.7887 0.00660282
717.0874 1588.5276 168.06207 261.38687 0.006582116
490.32755 1276.764 708.9634 925.6 0.0065586856
428.36777 2415.5056 402.8036 373.4441 0.0065578716
689.5769 1902.6338 393.89496 1010.0974 0.0065389555
529.8971 2212.614 410.11273 678.26874 0.006489875
575.7651 700.4408 615.6773 1371.7587 0.006475529
465.64743 625.7075 600.81726 1241.1315 0.0064629787
592.73425 1144.8119 438.69287 627.50885 0.006437868
441.72662 837.92365 471.45975 728.96674 0.0064317677
426.70233 739.9801 543.1027 1403.675 0.006424355
699.4789 1873.6655 407.34772 1216.535 0.0064215157
451.22986 197.89113 278.58734 385.8117 0.0063911304
423.68994 702.8032 477.15695 975.8762 0.006376715
413.07996 1863.4283 398.79535 763.9751 0.0063721603
269.0844 314.1611 242.00214 459.37088 0.006329276
440.27402 950.5472 436.657 478.93146 0.0063198186
637.94916 1441.6544 341.05774 637.23584 0.006313943
597.32776 1322.1722 575.79956 1046.507 0.006292075
205.06085 875.4558 393.72394 829.23413 0.0062858528
489.93466 919.41943 332.34036 408.6649 0.006281896
214.80061 1318.8158 418.8495 2590.991 0.0062758
504.49255 1133.7579 645.4424 716.5848 0.006221534
434.91193 1155.6128 796.6462 683.2296 0.0062211775
176.5824 2331.0303 336.6247 592.5321 0.0062200516
501.84393 791.4527 610.05054 1350.4772 0.0062008016
605.12854 2144.3882 512.7064 620.8987 0.0061817397
826.2639 1620.4429 141.88443 381.29498 0.006180067
291.3753 2253.1787 560.19086 734.3231 0.006174874
445.62903 2511.5598 884.4908 278.7018 0.006161904
671.5298 1955.5903 359.09515 835.9536 0.0061318385
626.26465 1793.4034 309.62515 569.4385 0.006125106
378.00504 1517.8055 499.14307 1783.5297 0.006124792
583.4893 1143.0548 407.22977 561.32367 0.006121931
121.37286 2165.946 222.91167 246.56894 0.00610686
818.7757 1853.6615 212.76854 867.0174 0.0060546207
323.74988 1666.208 605.876 1845.3641 0.006033777
638.51215 1985.121 211.21082 257.7885 0.00603287
440.39148 566.8558 434.81375 923.67334 0.0060309777
749.95013 2065.279 279.58795 497.2109 0.006006026
430.6281 927.8917 443.85962 516.99963 0.0060014906
649.4402 1410.6981 300.012 545.7372 0.005980642
450.93423 2371.313 207.63037 182.22176 0.005943207
692.33887 1715.158 465.2378 1757.0061 0.0059152422
459.283 2260.6965 375.2217 661.46606 0.005904424
143.85228 813.3274 244.08902 304.05814 0.0058929343
717.4042 1891.0305 385.61453 1062.6215 0.0058525708
402.575 976.0413 560.51886 620.96027 0.0058513777
339.72525 447.96252 669.5087 896.1683 0.0058231913
483.51974 1500.61 530.0781 607.1821 0.0058104265
390.42 1197.2286 724.50037 901.06384 0.0057902792
588.30963 1014.1923 343.0968 467.55017 0.0057876497
202.75282 381.06467 392.5376 736.1562 0.0057719713
70.1146 172.07574 139.79457 339.2876 0.0057638744
384.47018 1041.8662 417.79236 374.55054 0.005756234
344.89343 512.1476 680.35034 1022.94617 0.0057376106
603.40106 1426.4259 394.46524 642.63074 0.005736523
405.08 2477.0518 265.16623 201.6488 0.005710397
652.7888 1957.9905 474.19885 1121.9857 0.00569834
634.9965 2352.2537 137.36404 173.97636 0.0056849825
800.3223 2080.758 229.94548 460.67682 0.005678902
494.53085 2095.3877 442.7468 680.36304 0.005653439
461.03473 793.2188 392.60287 683.3 0.0056294748
247.77617 574.91986 457.25897 750.4193 0.0056289467
790.618 1474.1422 204.41364 653.0112 0.005615095
537.3516 982.16016 587.54645 1155.4934 0.0056063854
573.46094 1858.0468 332.5797 422.82425 0.0055994783
788.6674 1810.3263 282.91846 1450.941 0.0055958387
152.31009 2247.654 291.65 757.2296 0.0055949898
457.19937 1016.9007 246.94827 289.675 0.00559098
301.87036 2514.1914 172.38159 202.30708 0.0055725006
283.64374 91.040535 275.9432 158.00908 0.0055380734
707.56616 1936.8895 404.12503 1067.7216 0.0055330787
242.35011 2531.128 206.1877 194.6019 0.0055223154
617.15607 1287.9563 595.2361 2154.449 0.005482438
575.3961 1219.7955 464.6 944.67865 0.005441225
503.3425 2295.0798 252.4452 355.9224 0.0054367376
526.2317 2200.9907 304.52734 471.9705 0.005429718
670.2805 1140.4926 368.1653 648.4081 0.005425283
529.4548 1953.8741 315.8423 881.03235 0.0054164524
515.02893 1358.553 518.59033 584.8671 0.0054127313
198.03606 760.42694 367.06287 500.52762 0.0053959233
435.06833 1162.979 847.293 892.82794 0.005395104
525.9858 2074.062 99.75408 165.20004 0.0053832503
513.46936 1184.339 479.47037 1945.9001 0.005380723
351.1504 519.7842 699.26135 1044.2709 0.0053656595
469.4707 2429.487 151.90088 187.25099 0.0053654406
492.8604 755.64417 315.80966 599.1516 0.0053642197
397.69397 1288.9119 544.6428 1057.829 0.0053379666
497.86783 2332.007 274.92407 486.71768 0.0053361924
458.919 2141.3335 280.67813 559.6005 0.0053297803
776.45026 1761.375 262.6474 724.1517 0.005324538
460.25677 577.5508 919.6821 1160.5581 0.0053243935
487.40317 2013.2518 238.68443 517.07104 0.005321783
468.12375 1700.003 589.24915 523.0271 0.0053120973
651.2614 1941.1654 447.6096 1009.0764 0.0053115347
760.73755 1657.0627 263.52112 593.51984 0.005310532
339.9789 2505.899 117.19997 160.18152 0.005300922
338.8314 2025.5497 397.41013 833.7988 0.005290583
480.345 834.78284 477.24606 843.26624 0.005280307
780.3789 1602.9154 272.37057 968.6195 0.0052788523
823.89276 2000.2367 124.705086 233.38364 0.005276056
808.1901 1747.2123 238.47514 1336.3301 0.005274414
272.79132 1049.4978 522.4295 1772.0073 0.005271193
479.37308 1115.797 647.1843 562.0605 0.0052665477
467.50067 1564.0016 510.75064 564.6751 0.0052604154
675.5639 1907.3987 194.10179 314.5942 0.0052599763
143.98396 1568.2172 271.85593 655.8501 0.0052339034
474.92685 948.2308 663.0369 932.11755 0.005214379
647.3684 870.8455 551.5585 1743.0276 0.0051897056
499.73138 2402.2468 113.45734 137.17781 0.0051649055
456.8303 79.52765 210.80331 153.48633 0.005160328
444.12744 1283.1328 597.5212 1042.9958 0.005148403
323.99393 1687.3502 308.90125 463.90326 0.005146118
667.4688 1338.3375 438.6402 944.2499 0.005136535
334.77542 2265.9802 346.3209 528.6297 0.005112696
718.57715 1949.694 378.4417 1178.6622 0.0051124073
185.76263 175.20024 368.7523 344.05795 0.005107612
348.63574 2471.8086 675.2488 330.28528 0.0051039206
673.22046 1446.8759 411.46744 700.2302 0.005083779
469.4097 588.0778 707.4297 1172.3092 0.0050657247
649.5365 1114.4679 534.03735 1922.9556 0.0050599454
407.28696 2348.7732 367.21835 224.08324 0.005023816
428.4872 1520.702 452.62958 1546.787 0.005007188
179.77705 453.20917 332.47443 682.1172 0.0050023864
440.5423 1223.959 868.8327 1053.4489 0.005001229
518.81134 469.7032 340.4759 931.733 0.0049969875
154.13885 810.2314 271.70105 309.89102 0.0049884645
635.3148 2074.2183 440.92786 801.3873 0.0049864673
709.1137 1714.3442 349.95444 1190.7921 0.004980932
482.7699 736.8424 290.7803 391.8391 0.0049647554
446.83542 2015.8489 224.17987 327.49182 0.0049637076
513.6711 1388.1107 155.43117 219.48238 0.004948944
580.01996 941.9902 252.3128 355.09885 0.004942453
511.4223 1917.1007 246.75845 659.11346 0.004936043
769.668 1259.4202 343.16986 2527.984 0.0049292324
458.41034 2023.9481 191.35399 268.82178 0.004925207
432.3017 1545.287 373.89642 437.16757 0.0049176714
426.5615 1760.863 219.45761 325.84235 0.0049113543
452.5805 1517.8324 183.72966 232.93027 0.0048906705
488.837 2123.992 235.63629 615.2758 0.004859928
481.5275 1625.3639 289.64844 465.91586 0.0048584966
635.5565 1339.54 488.73996 1970.5366 0.0048400233
573.0855 2382.4573 563.7976 519.7778 0.004835939
24.103813 2351.416 43.36707 208.62839 0.0048308563
703.93054 1555.1516 227.08348 394.28064 0.0048244465
353.54117 2433.8083 498.90552 392.61353 0.004823961
752.6725 1763.7665 353.56058 1694.0505 0.0048182327
221.47014 915.2281 433.21884 1822.5701 0.0048181387
195.01564 214.99184 366.9888 382.03873 0.0048165843
442.19284 2259.9006 839.6469 746.753 0.004816328
364.93045 1007.25336 686.8135 678.1841 0.004790952
635.5013 2036.505 433.52798 824.06323 0.0047857827
745.0783 2022.4349 286.47372 592.8053 0.004781431
664.03253 2347.858 424.3646 485.27704 0.004779185
658.0527 2093.5193 366.44983 666.4862 0.0047688023
697.8115 1149.7903 218.28276 379.96933 0.004757272
525.05347 827.95154 206.64206 227.20732 0.004753699
469.9447 1132.5817 532.0 818.9556 0.004745202
797.8617 1737.2244 251.9178 1318.3657 0.004735607
120.93059 2262.1611 227.38681 438.6633 0.00473456
314.29706 1905.9209 366.0289 602.10376 0.004733879
278.7253 1456.6694 521.7069 924.0055 0.0047297473
824.2145 1739.4774 204.95963 1266.8855 0.0047072754
469.31982 870.35297 260.507 337.79956 0.004707215
740.2367 1738.1677 349.0657 1461.484 0.0047052247
665.2478 2141.2412 392.4628 568.4322 0.004694064
544.6781 559.10925 285.59116 1111.3507 0.004672936
480.82782 2440.3384 215.4798 304.35913 0.004671579
543.24634 2449.989 105.70427 191.07162 0.004667767
435.66544 671.0344 389.87646 606.10516 0.0046672067
711.3039 1437.1691 337.0469 707.47534 0.004666084
277.79404 2216.4429 538.4716 827.8596 0.004664939
323.98102 181.05469 151.6767 253.27338 0.004664
524.37036 699.24664 295.3789 826.1967 0.0046337633
492.1802 2468.2322 165.01978 258.73288 0.004632501
789.68805 1994.503 248.17326 619.8641 0.004625446
755.62854 1611.087 296.5481 949.07965 0.004599355
226.37326 2185.8088 195.44734 298.26114 0.004577463
189.13942 2177.2268 364.46756 911.568 0.0045340694
574.53973 1241.1685 601.0961 1037.2733 0.004523819
584.41077 2374.9114 547.30255 521.157 0.0045154947
109.88339 1919.2572 210.48798 1444.6123 0.004509585
99.72657 2416.8323 189.88647 372.0583 0.004507364
427.44946 1558.5862 238.04482 337.88864 0.004504788
294.2775 315.21912 591.1064 626.53845 0.0045024497
550.7059 2078.1912 128.77505 182.88896 0.0045018424
758.783 1260.3705 146.96144 313.1914 0.004489137
498.61115 2371.8408 588.72943 412.0089 0.004482067
769.33887 2002.3331 266.3705 597.0759 0.00447591
753.97156 1975.5532 319.30554 993.54865 0.0044743763
436.7993 1383.9348 817.1952 1004.3605 0.004445555
780.1622 971.0819 339.01578 1965.6473 0.0044386196
118.188255 2225.5457 227.93161 815.33734 0.004435483
295.47363 665.76965 583.67114 1327.7555 0.004434159
666.7563 1519.1996 188.66975 307.54727 0.0044060494
495.8652 2405.0642 86.695946 111.687744 0.0043969015
621.12177 1716.8585 451.4037 1167.9705 0.0043904125
471.154 2329.601 256.95032 300.27255 0.004357731
560.2483 1131.3152 596.17035 900.1966 0.0043462412
649.2074 1113.6653 373.95264 586.46674 0.004341473
772.13635 1582.8315 240.64445 419.96988 0.0043262183
209.13715 2529.748 397.57745 214.39719 0.0042883507
668.4505 1347.7399 333.10938 494.29742 0.0042260354
285.20068 2416.7961 344.7002 417.4693 0.0042008054
667.32715 1298.0287 477.33478 1989.1682 0.0041953535
293.9499 263.89484 598.8949 522.1396 0.0041913614
527.8452 2368.768 97.470985 184.68895 0.0041839206
588.45667 1358.7004 596.37195 1702.7427 0.004169401
397.18726 2276.2913 157.54025 269.83716 0.0041654194
359.0491 2467.0288 261.47302 306.87186 0.004157292
285.88272 248.88326 345.9164 410.9181 0.0041561886
99.40008 991.01984 191.93661 650.9923 0.004138425
704.2628 1100.4915 195.2146 351.51114 0.0041291104
633.3227 2409.8284 133.32646 181.10907 0.0040833605
824.2426 2143.061 182.46646 334.8424 0.0040717404
677.2754 2396.9504 266.77744 426.84445 0.004065793
117.57631 2226.3481 226.94643 821.01227 0.0040609455
118.310295 2262.6912 214.78015 426.78064 0.004055131
731.2953 2027.0952 321.61987 916.04834 0.004045946
567.30316 228.67569 229.38475 458.2076 0.0040226234
125.25141 848.09796 241.311 928.9402 0.0040201386
321.85696 87.91347 169.51997 169.00272 0.004011421
142.91008 1719.5645 239.14195 360.7111 0.0039867624
704.9919 2256.4338 95.97884 173.2794 0.0039844513
607.9801 1173.9636 457.6379 582.14075 0.0039806967
584.4721 2249.1958 93.62158 185.17375 0.003956625
614.62494 1267.0298 151.56357 215.55116 0.0039525884
51.877567 2532.426 94.47847 183.06873 0.0039510136
374.6521 94.463684 416.15976 185.31241 0.003947414
168.61856 1503.4637 321.99057 862.1171 0.003945851
632.0157 2011.6117 184.23177 669.84503 0.0039404724
534.33545 185.80089 256.07382 361.83926 0.0039386163
434.8694 1744.3052 135.18327 224.7999 0.003937993
178.36739 2144.8152 166.616 236.54291 0.0039264415
18.531687 175.25235 36.965946 329.0272 0.0039256415
290.0111 1625.1702 523.44794 1515.143 0.003891914
473.499 2048.0222 262.32446 525.0809 0.003888935
141.65742 693.3185 258.5706 523.7343 0.0038863758
478.21603 2407.169 384.91156 434.80936 0.0038750358
572.7139 2467.2527 97.5456 138.655 0.0038650834
318.17255 1058.9614 241.04614 247.97112 0.0038527036
396.1563 930.5766 744.0232 1719.6176 0.003846426
118.63232 2231.2917 229.73924 798.6643 0.0038400276
547.59393 755.81476 314.31866 783.53156 0.0038227346
815.12933 356.24973 280.73883 718.4849 0.0038089317
174.35582 1456.3452 310.82498 447.5979 0.0038064031
483.6031 484.93994 455.9699 973.3718 0.0037790183
644.3019 2440.8723 381.8207 348.5912 0.0037637507
631.1119 2376.6067 370.81476 526.03467 0.003757023
493.03018 2120.402 603.35547 997.7296 0.0037557064
398.88675 1181.905 342.54733 1543.6403 0.0037551837
422.31436 1125.8035 837.4884 696.3066 0.0037536
515.5173 1166.3346 631.8465 594.3141 0.0037501298
192.15742 644.64716 234.69324 341.6994 0.0037371987
297.80127 207.89937 587.82367 444.26343 0.0037293865
779.54846 534.2854 356.83972 1078.4319 0.0037146183
659.20386 2433.1282 199.8009 278.21106 0.0037115577
480.50247 552.13684 398.91635 1118.4723 0.0037093386
648.01715 2471.798 343.44913 314.39923 0.0036918304
579.0124 900.31525 193.76692 259.35297 0.003686397
529.1749 2523.9978 132.62448 175.56706 0.0036595126
243.52467 1759.8284 175.06448 275.89566 0.0036588346
797.0358 379.57227 317.99225 765.95996 0.0036579238
845.8107 1607.8011 136.97429 404.195 0.0036508662
691.7884 1334.4708 441.2122 1374.894 0.0036402664
573.07666 1099.8312 287.6233 425.9704 0.00363847
620.4942 877.3618 595.4778 1684.5978 0.0036184797
129.69275 903.99554 250.26537 819.8388 0.0035971832
705.08923 1268.0669 263.0474 355.50735 0.003590058
301.67343 487.7187 199.99634 280.89536 0.003574491
751.47516 828.7476 399.05255 1673.4232 0.0035712335
437.74115 1257.9036 871.4573 844.8364 0.0035563682
108.63428 398.8187 213.1096 790.0261 0.003551527
125.27844 358.12158 246.77122 714.72064 0.0035298245
758.4743 2068.4087 314.07477 630.4039 0.0035178426
634.7579 1408.7935 226.98894 508.2907 0.0034992807
151.95403 1213.2189 291.29233 2209.7568 0.0034859627
135.57382 1628.4888 257.76385 850.12976 0.003478599
151.94975 650.8478 264.23578 520.93646 0.003474507
320.05353 2488.319 469.84222 304.2817 0.003462114
490.97015 2489.8328 263.50424 274.57648 0.0034551912
488.38483 1843.7433 148.92146 207.89565 0.0034403526
109.55094 2325.373 211.40952 617.15845 0.003427297
213.06204 1052.6714 433.61127 2146.2375 0.0034254799
498.2142 1368.5798 750.6259 538.8122 0.00341328
377.9344 2497.5325 546.89343 269.0859 0.003412581
187.01442 2126.6313 362.5066 1015.6374 0.0034057053
628.1995 1264.5238 137.64795 203.7966 0.0034013821
349.04245 1771.8843 168.28235 267.09076 0.0033982706
400.93906 2547.2068 169.11433 173.75894 0.0033969593
745.84283 2363.1387 347.71487 528.98883 0.0033861026
483.8543 1987.0149 232.23634 411.49924 0.003382576
356.4769 598.0611 243.01749 341.3914 0.0033790169
703.75195 481.81378 217.42369 964.71686 0.0033748876
700.7167 1308.1027 366.42758 823.578 0.0033723114
685.085 514.9545 404.23007 1051.0781 0.0033514393
271.782 2287.0427 151.19733 260.3161 0.0033289585
189.28757 2215.1614 367.16797 841.3973 0.0033248493
410.48633 2279.8904 161.45534 276.56842 0.0033237685
262.67273 2248.0208 366.78113 766.73346 0.0033171535
130.23987 287.35025 257.89728 572.8538 0.003313471
570.80646 2486.3435 133.42645 205.06865 0.0033005378
681.5359 1318.9729 509.59958 2244.7102 0.003297728
198.2028 596.239 267.52112 342.68335 0.003296059
267.71597 1166.2538 539.757 2317.9062 0.0032946263
398.15915 1782.2096 279.37878 373.83334 0.003293549
398.02722 1891.2937 602.8878 1087.947 0.0032826741
112.48932 2371.6738 210.5415 502.64807 0.003273969
581.06726 2500.0867 298.5444 257.63177 0.0032694284
471.1249 1269.1754 529.9228 404.25223 0.0032658968
787.34216 1697.0349 292.6094 1731.4825 0.0032638533
805.92706 2084.0667 148.99251 372.56113 0.0032387576
216.62395 2443.2317 216.18755 363.59485 0.0032329978
663.34955 2401.959 202.45836 224.32977 0.0032303897
457.1598 885.5489 448.77582 510.4606 0.00322823
588.2646 828.2182 648.1514 1548.2845 0.003225595
499.76242 1007.16156 511.88193 1809.392 0.0032214015
309.63623 658.496 208.88661 307.89615 0.0032201663
619.8061 1069.1304 154.8464 196.2376 0.0032180273
469.55066 2512.7314 262.77295 214.06448 0.0032128508
512.69904 822.2824 177.83585 217.63812 0.0031849397
95.513435 202.92572 191.23186 399.08676 0.003172948
561.6218 1232.1958 214.00465 269.15393 0.0031648446
238.97487 2557.3948 372.04846 168.52728 0.0031600792
553.8584 2464.833 499.05182 351.6736 0.0031472284
782.6602 2479.5261 261.41595 461.63953 0.0031353945
542.52026 1939.3962 121.107124 193.18442 0.00313158
481.4529 2283.106 124.36552 238.95992 0.0031133285
165.59991 446.71365 284.84586 576.19006 0.003112769
756.9526 1599.3267 464.91257 977.67444 0.0031059375
668.68256 886.59314 150.81938 248.43736 0.0030993698
541.5732 969.28064 160.93814 211.35423 0.0030755715
515.902 1988.6882 144.08429 259.6268 0.0030746858
467.61227 1322.7489 922.68 2619.6914 0.0030698064
344.82706 2435.8132 544.6771 401.9048 0.0030669065
830.6903 2177.166 198.91145 516.7145 0.0030625258
546.97833 1036.0627 385.30582 578.80005 0.0030592098
312.88364 2511.6968 609.6222 247.84138 0.003038806
479.71347 996.66766 169.0677 244.25084 0.0030382397
39.265644 240.30756 78.892685 200.66846 0.003031685
99.04434 2218.6133 190.51631 844.5568 0.003009266
783.6506 1847.2498 269.01535 925.648 0.0030087654
230.36996 394.87842 190.8528 276.81738 0.003007983
597.8231 2419.3677 84.94622 128.42888 0.003006296
850.41034 2382.6965 192.84825 536.6358 0.0029931688
792.0224 2564.9702 288.64566 189.30473 0.0029721246
43.532936 169.78624 87.075424 328.73944 0.0029536334
823.789 1728.8005 211.8849 1513.1497 0.0029534623
85.6784 2541.6978 160.43935 196.72925 0.0029512036
391.73526 2554.6277 74.50123 140.05676 0.0029510101
537.2506 1931.8038 327.43356 437.97397 0.0029391549
223.84456 2432.6133 435.10745 402.88043 0.002936769
287.2175 1340.8082 510.86536 842.92554 0.002931259
903.6109 2000.238 216.51471 943.833 0.0029251126
434.10272 985.13086 223.72803 242.36491 0.002918982
374.11227 1510.6896 380.2059 1263.0402 0.0029185042
175.25578 2172.8865 228.2596 228.82674 0.0028931608
800.3231 1307.4423 300.1954 2620.9314 0.002884867
602.98584 2084.9883 123.96222 176.74619 0.00287436
861.0783 1904.3046 136.78911 462.84668 0.0028713536
789.9268 1972.9719 250.40443 860.31213 0.0028555454
107.61105 172.33606 210.52707 313.9404 0.002855517
714.7566 629.8409 223.51974 562.79 0.002855024
766.05334 676.80457 311.51736 561.8728 0.0028487728
224.78502 1050.3807 453.81412 2114.3022 0.0028451004
859.80023 1888.5901 131.96036 404.41864 0.002829868
88.226105 75.33786 173.84625 147.9218 0.0028280374
96.11926 1456.8495 173.54112 457.85858 0.0028270707
200.80943 2442.5576 367.26492 379.84366 0.002823708
317.37958 56.541298 525.5983 109.579414 0.0027976353
594.29865 760.11 353.46103 1283.6707 0.0027839218
338.211 965.99756 529.61 665.6944 0.0027796042
344.4987 531.56146 242.03473 381.99875 0.002779197
464.0082 176.88731 285.48514 344.71692 0.002773312
153.56114 760.07416 261.7106 375.30823 0.002772178
177.27681 579.883 251.98972 355.75867 0.0027600913
156.66422 2535.387 204.9808 215.95703 0.0027564608
541.34644 1163.2738 626.7348 813.1156 0.0027533195
782.53186 381.99084 354.60132 772.48645 0.0027526831
196.2334 170.61353 391.3435 340.85394 0.0027460298
485.93112 693.23035 804.275 1349.141 0.0027416511
551.40485 2492.1265 102.602036 143.2529 0.0027410423
884.6022 2556.6584 148.28735 204.21637 0.0027304837
165.14476 162.20862 330.88974 323.38293 0.0027166605
785.75116 1842.8007 247.50249 1149.2712 0.0027108942
719.335 978.4852 208.16924 323.56006 0.0027091792
470.54095 1920.9115 237.93565 577.34186 0.002697424
813.4459 31.568644 290.16522 61.359062 0.0026728078
52.9815 427.0724 103.989395 876.2854 0.0026596652
705.07 706.676 196.48277 421.91486 0.0026517527
468.976 2596.8135 933.7219 122.27778 0.0026512684
23.259783 140.61653 46.215183 262.74884 0.0026484556
509.37057 2501.7383 339.37152 256.40433 0.0026377172
22.123894 170.10938 44.315624 334.31064 0.0026317067
346.82925 935.20154 674.06824 904.86566 0.0026284608
478.99643 2198.937 166.43198 237.01797 0.0026261453
181.29564 2568.4988 94.90285 132.2689 0.0026185787
439.32407 818.489 282.242 330.91345 0.0026111295
819.1574 480.69025 249.83728 564.16144 0.00260857
698.32587 1200.9315 356.99194 629.8115 0.0026034417
79.37701 1411.0941 139.47438 307.21484 0.002599527
818.95 2016.9109 336.68018 892.7614 0.0025961983
293.60287 71.79037 597.1401 138.40614 0.0025955008
702.8622 692.0803 193.33638 364.09348 0.0025927247
234.57372 2569.1125 350.36884 166.74495 0.0025847035
446.90677 195.97188 349.26196 390.80887 0.0025799247
732.22235 996.676 246.28096 471.63034 0.0025675443
721.35864 1617.4119 401.63138 1355.6307 0.002563792
799.4965 2599.266 249.32855 122.81364 0.0025620768
103.950645 957.1744 195.58786 632.3657 0.0025611047
146.61935 990.0759 279.30322 538.0221 0.0025562735
768.3902 2498.6719 181.22499 264.58295 0.002555657
820.96405 2184.1284 226.0244 636.176 0.002551399
247.65611 2576.9553 315.53244 151.98618 0.0025406058
465.12814 462.31 921.5616 922.9227 0.0025371644
22.762848 2414.5789 45.86628 340.56982 0.0025349425
812.2531 214.67401 276.90405 404.34167 0.0025296935
896.39386 1693.4081 206.05867 772.4773 0.0025290125
93.706085 923.358 148.38943 398.22537 0.0025216832
435.50735 2598.9924 880.0819 117.6414 0.0025197351
99.207504 1397.5369 178.97314 345.9851 0.0025121171
361.88013 2548.4885 466.15753 191.08961 0.0025072384
411.7626 585.25616 202.65256 253.76537 0.0025065264
829.1165 2117.0513 190.23604 580.53107 0.002504248
283.4127 2050.85 286.2733 338.03427 0.0025016717
851.66235 1690.0574 174.32579 1124.001 0.002496024
428.7533 2465.0942 572.86127 242.81985 0.0024950148
856.56586 1887.6362 125.864044 302.2322 0.0024907556
72.91582 770.91766 136.00726 1007.944 0.0024880015
250.40031 1462.3186 437.21793 1000.4371 0.002487965
305.5233 66.199554 611.4584 130.63957 0.002472202
420.6407 2569.485 839.6023 174.48222 0.0024622914
20.74886 2408.7686 40.638676 317.0966 0.0024507479
67.67198 520.8429 129.37163 823.89575 0.0024462466
902.1057 2096.5784 167.17566 656.2606 0.0024452147
241.40147 616.8702 201.11194 273.71634 0.0024344656
880.4166 2461.2502 149.42726 399.31418 0.0024251405
456.67056 608.2555 897.47876 1222.4852 0.0024189649
812.6127 212.13943 293.5471 428.66922 0.002411472
814.6063 2537.9868 241.56378 381.7928 0.0023787755
732.1456 2610.3042 285.78687 98.34473 0.0023628147
99.00978 2555.0376 131.66428 145.83058 0.0023538307
293.81638 2540.308 566.7425 190.19983 0.0023517658
40.07984 72.98012 78.64603 138.15088 0.0023480556
861.33765 2587.1304 194.71806 143.21552 0.0023395347
829.11035 2343.998 226.34091 574.64575 0.0023379326
487.39847 2549.0535 575.10376 266.66214 0.0023357582
136.31854 1710.626 228.53871 357.4826 0.002335135
6.8075094 203.54025 14.767743 251.20915 0.002331281
290.95532 627.5825 570.07544 1245.1777 0.0023243323
292.27695 706.0444 532.2085 555.2262 0.002321809
577.1904 2534.7734 113.79286 161.04607 0.0023162079
504.71497 677.3985 647.1294 1358.4481 0.0023102402
902.37305 2453.0852 109.86755 408.49762 0.0022849143
140.46252 2566.041 216.79704 157.09131 0.0022847045
586.0479 1400.1776 159.22467 338.67575 0.0022722993
152.4101 610.9788 200.41374 258.05615 0.0022597278
864.99084 2106.347 179.76059 845.1446 0.0022595709
448.76385 96.75361 341.33896 191.28883 0.002252382
681.749 561.2337 158.42084 473.53766 0.0022422418
833.6697 716.5601 233.91768 626.066 0.0022409842
591.9665 105.144066 165.33456 205.69783 0.0022398343
788.5051 2508.5942 286.719 294.3156 0.0022292307
753.8003 1151.2722 160.3653 240.28822 0.0022120925
450.89984 2649.0754 912.3671 28.41573 0.0022097088
438.01804 1134.6062 744.2567 443.72525 0.0022079758
43.71117 243.6277 86.4597 216.20274 0.0021993534
468.72324 1324.2017 909.9345 2600.5898 0.0021984326
605.93445 2122.4504 233.33086 436.75485 0.0021922
853.6999 2236.7776 99.08594 191.04532 0.0021766247
826.27954 357.54233 224.489 429.68124 0.0021592448
865.902 2469.2634 175.02274 385.7467 0.0021590895
868.083 1835.778 121.388916 945.52856 0.0021466336
280.3786 2599.157 555.47815 110.62218 0.0021291077
33.719185 2504.9604 51.322594 244.89151 0.0021286397
769.12146 1297.3335 310.19806 797.94965 0.0021186622
913.12524 2477.7417 80.49753 366.53455 0.002114223
575.03107 2553.1375 482.2915 199.88539 0.002113513
917.4261 1821.3688 80.894455 718.9636 0.0021120703
224.50166 27.01392 238.14488 53.2268 0.0021030938
844.49963 2591.8867 192.81111 127.70992 0.0021018032
18.33081 535.9366 36.143814 1095.3398 0.0021010803
575.974 2555.7463 369.1883 198.99486 0.0020953233
582.3241 520.52435 326.8183 1042.6882 0.0020922767
111.890816 171.91925 236.24068 344.30804 0.0020858531
416.98007 2616.8044 882.0596 76.76483 0.0020801884
189.54184 2623.8975 364.61423 62.123753 0.002080131
777.7865 1121.9756 278.25217 464.30502 0.0020713639
472.18573 411.87335 959.29944 819.50037 0.0020710474
510.22595 1853.6823 225.97177 902.0003 0.0020598175
737.3666 2607.53 177.03104 104.67877 0.0020560806
897.30084 2550.7532 106.807655 215.44302 0.0020493553
463.39825 2565.1282 307.04178 163.63542 0.0020486407
834.7467 2481.9192 169.49178 250.25551 0.002042933
819.20825 2580.5212 165.42935 156.95847 0.0020389946
867.81244 2384.8635 184.82234 523.9691 0.0020172019
790.42316 290.67078 215.10716 409.77637 0.002010652
233.12082 2059.884 334.73544 968.675 0.00200686
412.48645 1851.2576 250.00731 596.32605 0.0020005153
873.527 2528.4062 139.2175 256.17633 0.0019862924
909.9817 2557.0867 82.13469 203.60985 0.0019859031
827.7144 695.86365 226.21062 471.50504 0.0019751226
801.44745 2050.8894 111.35127 136.6365 0.0019728427
855.34735 2549.796 171.19351 216.6976 0.0019641977
881.0485 2546.0818 127.4192 225.33888 0.0019588533
863.64276 1688.1136 136.09247 524.6336 0.0019584768
778.801 1904.184 235.46815 884.4802 0.0019570542
432.54352 2640.9695 879.1297 42.675087 0.001953669
913.162 2544.3962 83.014885 234.38281 0.0019527132
533.1603 1769.0698 263.73785 383.8086 0.0019354351
392.33694 2607.0227 755.16315 124.23475 0.0019295105
924.0603 2490.4758 98.43514 336.63412 0.0019270409
860.93036 2573.3843 187.5444 176.30077 0.0019211967
351.4241 2612.6072 612.9529 85.96773 0.0019206337
160.7177 20.09441 300.73285 39.123604 0.0019197353
869.7078 992.0766 180.09167 488.18478 0.0019172272
855.3357 2585.9917 199.78967 143.5302 0.0019131484
2.8872793 214.06163 6.095027 244.97063 0.0019130528
847.9895 2385.3337 137.44922 225.55574 0.0019118484
63.632904 853.4088 114.79267 826.9667 0.001903261
884.79364 2590.3994 142.3068 143.58504 0.0019032311
48.29676 2227.2705 89.767235 790.73236 0.0019030818
678.81586 2586.2788 167.44168 144.82443 0.0018984274
834.36865 937.9075 244.67938 603.46594 0.0018868552
640.6544 2574.2197 189.00772 169.65388 0.0018862276
33.58536 97.09191 66.707054 191.04413 0.0018852234
928.272 2542.746 62.36577 241.4552 0.0018708523
913.4371 1656.5879 93.95443 681.1329 0.0018507676
836.4711 2580.723 169.80446 158.7089 0.0018477363
909.30316 2562.558 103.103455 203.20293 0.0018399785
924.1527 2041.5837 72.31183 502.0594 0.0018386241
427.8972 2647.0688 874.75146 34.41559 0.0018368224
765.83575 2555.9329 139.46445 147.8029 0.0018301385
924.53455 2522.4531 63.779526 275.81177 0.0018294993
343.01572 2624.8125 443.08 61.454697 0.0018238464
25.034922 2563.0085 39.61203 165.85565 0.001819388
207.12018 1264.3956 406.07462 2314.098 0.0018177805
649.5276 2224.3503 376.35162 380.4986 0.0018120911
720.98676 647.23926 168.91077 286.69714 0.0018091344
920.82715 2546.756 68.58554 235.34773 0.001807105
740.03424 2205.9048 125.240135 191.91284 0.0018033697
292.26242 56.1322 597.42163 109.186485 0.0018032393
623.0231 2076.8198 230.93588 705.35455 0.0017958815
889.63763 2444.2715 122.65039 432.52664 0.001789954
906.35266 369.68762 111.657036 759.433 0.0017872263
896.8128 2592.2893 111.11907 129.11131 0.0017827554
924.8547 1845.8362 73.187675 995.885 0.0017802684
242.44809 2635.1206 275.15915 42.389713 0.0017732319
899.964 2519.4607 95.32281 283.507 0.0017655519
21.067528 367.92883 41.65174 528.36743 0.0017540707
841.1176 2607.2668 190.72989 163.11516 0.0017489893
928.4324 2300.0857 68.150604 728.91223 0.0017483309
882.3992 1629.3425 142.89795 1348.0703 0.0017399264
877.00287 2461.3892 167.98 388.66638 0.0017297264
107.3613 2564.3833 95.56448 128.50916 0.001724171
838.1165 1508.4805 207.13385 1657.0852 0.0017229165
435.61572 2649.071 734.1113 27.041832 0.0017221908
853.5531 2208.6775 163.82564 890.5594 0.0017116553
768.2725 2655.4426 746.3405 58.749603 0.0017115794
335.58902 650.65356 454.21628 1017.84296 0.001710585
95.261215 2610.0537 151.57497 78.432076 0.0017079056
135.62558 2621.1724 236.91516 65.82559 0.0016970703
290.91702 51.07868 592.016 99.08453 0.0016906832
140.43486 2308.852 212.80367 288.7796 0.0016890028
356.72037 1156.125 452.20306 1554.1324 0.0016851631
858.49713 2570.3296 173.36877 177.93138 0.00168245
786.3442 77.442 224.72556 158.1276 0.0016786851
482.0858 2600.1265 121.35768 105.79437 0.001674275
766.5614 2066.913 265.34033 150.11147 0.0016733165
396.5252 2071.7056 337.4894 717.8405 0.0016702303
311.3992 2629.1404 229.16972 54.309166 0.0016693645
441.60355 2624.6956 851.3297 81.646255 0.001668501
871.7936 2600.125 154.44254 128.18402 0.0016676156
86.31746 2602.8042 151.80219 99.093994 0.0016608854
450.07285 2597.891 134.17235 91.581345 0.001654098
27.62126 1897.6864 53.954426 1248.5026 0.0016465825
479.30936 2590.7773 178.36441 116.032364 0.0016414031
842.3172 264.87735 236.8644 478.70697 0.0016369037
43.243526 706.1611 77.49289 317.68344 0.0016310565
125.83316 2601.5366 122.28864 85.66131 0.0016283728
29.810059 2339.868 54.73533 490.98322 0.0016253385
885.36816 1452.2378 154.78265 581.0475 0.001618888
174.02971 2609.013 131.49896 76.85582 0.0016158173
934.08966 1748.4574 53.926632 413.84824 0.0016145855
725.48486 2616.1 128.4525 94.5241 0.0016065424
406.23892 1392.3495 238.70482 1184.2323 0.0016049386
925.24274 2172.515 76.82223 517.5009 0.0016033959
101.01977 2615.7776 192.5973 80.8396 0.0016033418
475.07944 2622.0454 749.009 181.79738 0.0015961332
346.9441 502.30252 688.89935 1045.8486 0.0015912404
735.6935 2631.2947 347.28754 56.575768 0.0015901651
427.71414 2643.6846 669.8173 33.52809 0.0015882705
928.24866 2120.4856 66.28226 464.60684 0.001584182
540.11554 2617.7595 109.87813 82.00015 0.0015775095
922.6574 2522.1875 85.88733 221.69852 0.0015740981
114.90497 2608.6045 220.66762 79.13914 0.0015738343
39.67898 1154.1462 74.00505 399.4642 0.0015699002
918.29346 2591.4302 70.97385 145.17781 0.001568852
899.34247 1136.5791 124.14855 509.06686 0.0015646145
893.6076 2061.085 106.00339 345.8978 0.0015642182
749.2651 2584.1821 355.93457 166.32533 0.0015626783
934.8287 2519.2043 45.042465 299.34808 0.0015626774
482.3176 2609.7761 105.10229 92.92483 0.0015623926
209.78336 2645.3582 143.13351 26.951918 0.0015576185
451.3108 2644.5457 782.38983 30.249496 0.0015542221
893.4767 1788.8632 84.16876 265.2693 0.0015514933
874.20056 1446.8884 178.09714 848.08984 0.0015433561
898.3429 2601.584 99.77705 108.02811 0.0015431416
430.55115 2370.1917 837.61334 562.81244 0.0015429572
881.51465 1795.935 114.244606 989.4825 0.0015383859
572.0805 2610.7185 106.65717 93.87999 0.0015366137
89.513885 2593.3115 164.51851 97.20547 0.0015301986
399.19717 2638.4988 760.4907 37.135307 0.0015232713
937.53577 1962.8201 47.29437 947.24286 0.0015191054
911.589 2593.9116 78.740204 135.70563 0.0015138809
913.1084 1427.707 99.4106 1794.536 0.001512288
936.9388 1994.2009 48.987274 593.7641 0.0015121764
123.00082 2651.3606 248.1997 25.497253 0.001507895
612.1795 2639.6162 317.57797 42.252995 0.0015078527
900.78925 2581.8408 114.16147 152.87985 0.0015022175
739.40955 2619.6733 180.98993 86.4725 0.0014995199
443.10687 2618.706 104.665184 76.09389 0.0014990153
22.16 1073.7572 42.632835 576.42377 0.0014960015
860.67 2631.9014 176.83026 65.01893 0.0014865353
754.85175 2614.0745 108.78702 97.08988 0.0014798455
928.76636 2485.2354 58.068115 350.3233 0.0014724552
230.15398 2391.222 145.19102 358.11658 0.0014710802
901.5674 2630.8625 98.190796 177.24545 0.0014703206
949.4259 2450.7302 21.368526 406.99002 0.001468275
550.8842 2624.6445 222.55823 69.05737 0.0014674831
888.1819 2609.0098 125.21902 128.47345 0.0014623919
906.4962 1973.5662 95.37105 333.91638 0.0014590605
842.20764 2626.61 199.86424 137.3047 0.0014590528
851.3017 2634.0654 197.74812 53.948578 0.0014579174
913.7569 1644.5023 101.15358 369.01492 0.0014519438
939.62775 2581.3098 55.64142 235.53316 0.0014461075
403.459 2647.5203 713.5806 53.72217 0.001438588
877.1629 1729.5894 126.409195 761.1568 0.0014369942
936.16907 1809.5178 50.051147 510.5392 0.0014365065
932.93085 2365.9146 87.079025 317.31635 0.0014324377
315.18576 2650.7317 216.27905 20.91832 0.0014306933
930.5442 2169.2378 62.33873 292.9702 0.0014294833
275.64957 1317.4999 509.39246 2609.133 0.0014272885
174.99155 2646.5535 154.1681 27.017235 0.0014254934
645.24347 2616.1204 123.030014 97.588554 0.0014253977
456.26117 2640.04 772.48926 71.0522 0.0014232837
848.20685 2632.268 192.01834 55.401516 0.0014146522
891.6598 1369.0508 153.46143 431.97043 0.0014111376
922.80475 2579.8975 61.90318 161.64096 0.0014044744
65.0045 2593.6853 102.428185 116.82872 0.0014027427
57.16574 2624.9749 110.67239 75.018745 0.0013991531
725.1166 2636.531 141.39954 48.590736 0.0013991471
635.22095 2078.1094 299.2644 1182.0249 0.0013942356
876.38715 2615.8801 145.92886 93.77681 0.0013787235
915.32666 1983.6443 84.09941 291.39508 0.0013732133
73.31338 2612.0698 128.7581 96.81462 0.0013681725
915.50006 1146.7123 228.56812 422.11545 0.0013630346
494.38663 1232.9678 541.802 577.1261 0.0013625933
950.7324 1626.585 22.706867 351.47006 0.0013586371
14.140679 365.91843 28.592978 276.72437 0.0013489112
935.50964 2550.3018 40.67974 224.28531 0.0013480695
917.57416 1700.2681 69.447365 253.65738 0.0013476548
921.8212 1396.3638 91.415596 304.33496 0.001343847
940.5721 2532.9636 35.115242 255.45276 0.0013402087
19.977978 628.18286 38.94027 276.7809 0.001336733
911.0296 181.87112 327.6984 392.74545 0.0013319275
310.81805 2632.6433 145.47496 42.40324 0.0013299836
656.85406 2643.9038 166.64812 38.49195 0.0013296333
332.22223 2622.1313 326.00302 73.94415 0.0013257734
523.1198 1590.6932 420.62973 1719.061 0.0013218839
619.5417 2634.8408 132.83432 51.5205 0.0013215678
255.08926 2661.1492 178.78139 9.470942 0.0013131753
554.6573 2598.6912 111.480576 115.627594 0.001310931
904.6131 1513.2047 111.27926 433.89963 0.0013038936
472.02444 2618.1902 881.59863 87.80168 0.0012987581
689.99036 1791.3563 301.2135 1371.9127 0.0012968959
85.21792 2657.4817 170.55 24.333853 0.0012939636
900.5075 2612.941 95.97194 137.37715 0.0012922463
662.4004 2642.915 326.46298 41.571987 0.001290764
503.15994 2644.457 210.9815 32.63672 0.0012902275
873.674 2639.7974 146.99873 56.68672 0.0012861087
521.1423 2640.9495 126.11855 39.338684 0.0012850172
684.2871 2641.6594 155.87505 43.643616 0.0012834943
417.46194 1189.8546 843.4374 960.6443 0.0012780615
284.97086 1828.6617 350.45203 1173.8715 0.0012752151
881.2636 2038.0367 169.17883 1226.9387 0.001274606
569.1688 2647.426 186.72078 29.300463 0.0012716074
921.9409 2614.5437 78.08765 102.7519 0.0012672704
510.0157 2654.7822 461.66312 18.61688 0.0012669179
911.90405 1972.1292 84.3855 592.9134 0.0012546022
59.628887 2599.0095 108.02769 90.85687 0.0012467359
728.2869 2645.0288 152.64163 33.25616 0.0012410731
941.2003 2550.6016 34.803337 225.76385 0.0012390635
934.14777 2103.1902 58.415073 510.1091 0.001231003
920.5268 2024.1783 72.012726 333.5835 0.0012267804
946.06836 2613.063 47.094 142.67111 0.0012253609
876.5078 2126.668 249.80603 564.5049 0.0012067966
938.58124 2267.018 57.118702 280.1534 0.0011989287
674.9595 2152.9453 286.3291 989.8098 0.0011907559
909.0505 2640.0537 84.39686 45.011143 0.0011686244
921.9599 1745.6823 69.344086 293.6908 0.0011680407
389.20605 1126.0856 737.5014 2136.6921 0.0011640061
666.33185 1293.2966 403.20245 999.85205 0.0011573673
623.28485 756.1396 461.09296 824.7366 0.001156939
37.036438 2611.568 66.204216 88.92998 0.0011367714
919.3163 2638.1433 66.24094 53.244576 0.0011295602
918.0693 2227.5984 90.43328 222.31512 0.0011252392
859.2297 2162.9446 177.28635 750.3173 0.0011225273
943.92 2605.1665 40.18411 138.23541 0.0011167257
434.58966 2629.795 129.40492 59.971363 0.0011095722
948.1308 2411.6582 38.33834 248.1431 0.001108605
952.1722 2544.796 15.813216 245.15855 0.0010953294
359.1746 1618.7736 416.18314 778.5601 0.0010893035
501.90436 2651.4143 133.12854 27.044334 0.0010797823
916.8842 2645.421 63.348278 101.355354 0.0010735389
956.3577 168.43576 10.363998 329.82922 0.0010660584
951.26105 712.574 18.051939 540.3812 0.0010544203
935.89417 2058.9304 64.69693 355.2253 0.0010430848
16.396303 2578.9 31.33662 150.73509 0.0010307109
838.99536 1829.319 205.58272 916.26666 0.0010283804
946.2135 2593.5317 26.05661 142.66824 0.0010218731
24.190239 2597.175 47.98532 115.78866 0.0010102638
114.00456 1317.3982 215.10187 2412.221 0.0010080828
951.3065 2616.1123 31.18221 157.49605 0.0010032802
922.36554 2644.8257 66.24342 80.553894 0.0009978742
741.86786 2208.1228 260.00772 218.21562 0.0009901309
855.2854 2018.8127 293.9175 592.7099 0.0009879161
931.12683 2090.113 91.7135 393.9046 0.0009834802
817.2329 2264.8503 94.63748 151.13562 0.00097328686
158.3903 1555.8315 162.18216 1303.6163 0.0009623978
904.2605 2654.5283 100.82827 30.489222 0.00095398066
950.48 2583.992 18.876934 150.74738 0.00093249825
922.66077 2096.1946 76.22958 355.14728 0.0009234296
952.931 2479.8586 18.032541 350.14777 0.0009126133
951.44586 2579.9272 16.951746 168.07422 0.0009115561
625.2608 1625.7106 425.12155 644.20154 0.00087451184
419.7569 946.3623 874.69196 926.80347 0.0008625745
538.03436 2136.236 684.755 644.7592 0.0008489479
949.78424 2645.7805 68.6555 141.73026 0.00084687234
936.0903 2646.425 36.30021 93.69897 0.0008241781
380.71667 1403.1338 485.43262 1617.6964 0.0008046781
945.1492 2643.4148 29.715302 85.61243 0.00079883804
950.5173 2629.3777 18.540092 158.15363 0.0007940147
526.13074 2666.4895 903.8497 1.0185335 0.00079267204
941.82196 2658.7947 30.572851 15.227211 0.0007883624
931.13257 2649.4067 44.997334 28.363083 0.00077753566
947.16455 2631.1997 22.050356 130.08388 0.0007725522
688.8005 1552.8412 439.0269 1479.7643 0.00075087656
928.5236 2656.6528 49.501537 18.056585 0.00074572896
643.0194 1845.0498 365.7486 710.2165 0.00072791375
936.89435 2652.7947 55.189823 25.497133 0.00070757593
894.2121 2587.72 216.91277 66.980515 0.00069904234
458.5689 1507.6707 448.7211 1135.5393 0.0006954919
954.58386 2663.391 69.36449 15.171993 0.0006839663
958.1697 2621.1985 5.006725 80.60584 0.0006708522
902.34436 2655.9128 217.84798 21.858667 0.00065287814
816.47736 1996.0422 319.4137 556.16656 0.00060502527
857.0213 2304.48 307.027 689.815 0.00059656927
693.6067 317.01562 695.31555 387.4018 0.0005516636
838.86633 2488.5444 356.70337 407.06744 0.0005506754
730.5624 2172.5352 306.98303 624.4735 0.0005506442
809.2078 2269.3086 272.97797 420.7592 0.00054866984
825.2346 2663.6516 232.32121 14.973124 0.0005231732
773.0487 1621.8114 452.49603 717.14813 0.0004978654
831.97705 1379.6072 523.16223 447.1585 0.00045718494
