651.34033 1412.8712 1256.5627 2808.8337 0.5350422
650.2574 1744.4445 1254.6267 3458.6165 0.28955352
531.1694 1878.4956 825.736 1270.3215 0.23019609
679.9401 2001.7319 1180.2684 1590.9484 0.21482508
601.4848 1906.4423 984.50037 1367.6279 0.14273635
514.8137 1737.0557 775.8288 960.57294 0.11557323
1194.0096 3136.3064 173.64084 741.6129 0.087938875
1039.6266 406.6824 41.849087 60.128407 0.066839725
949.4465 871.5185 662.2011 1742.5402 0.063292705
656.6245 1782.8583 1198.3242 2012.1587 0.05730836
494.92667 1677.814 707.1024 779.41077 0.047991656
627.9284 1589.2095 1026.1711 1892.61 0.044834882
518.3218 1725.8431 675.5315 812.3835 0.04239564
655.0589 1674.6772 1124.6368 2038.654 0.040903144
136.96466 2149.29 115.87995 184.71509 0.036896627
612.82196 1357.5947 943.8028 2164.755 0.034516007
666.5886 1161.4148 1041.5052 1999.8307 0.028132323
652.9428 1410.9194 1251.8109 2805.6953 0.027649943
596.0824 1647.6383 962.8674 1897.7389 0.026769536
687.5128 1118.629 1006.9108 1897.4744 0.025653861
658.455 1772.9595 1104.2511 1216.3823 0.025038818
537.76324 317.9472 98.431526 118.345985 0.024684196
564.3384 344.04654 159.50964 179.6097 0.023995671
950.40344 653.82587 657.2003 1303.5475 0.021959076
523.131 1722.494 504.86337 656.3138 0.021833576
1041.1583 406.43546 90.44062 115.767555 0.021326508
675.2874 2374.8508 1196.4424 881.81604 0.021302776
655.8154 2001.6583 1200.0226 2852.5999 0.020933414
619.7298 1640.4507 1002.3482 1046.6396 0.02089093
507.90643 1726.76 522.5676 664.89935 0.020180307
692.8992 2456.6965 1158.7261 718.791 0.019922113
858.6764 875.1177 837.1085 1747.8357 0.019872218
947.26953 1400.3245 662.99023 2790.2297 0.019818546
654.2709 2073.407 1218.3285 2788.7566 0.018619731
759.30383 831.0774 610.42975 1177.4889 0.01823847
707.8298 920.6686 999.09143 1736.8411 0.017531045
691.4459 905.4058 1154.2238 1788.2284 0.017152818
942.8815 666.0024 671.2377 1324.4459 0.01708182
534.8276 1789.8845 522.7282 600.28796 0.01707504
669.4572 2331.0415 1208.4358 2287.0127 0.016452435
659.2271 1274.8168 985.7739 1608.7262 0.016263686
813.6612 1304.6493 888.0244 2443.842 0.01516436
640.7885 1561.7544 947.7666 1561.139 0.014903682
683.3794 1842.3317 1125.24 1276.9762 0.014815186
738.281 774.8003 602.32947 1064.7462 0.014538749
700.47546 833.4839 792.7688 1401.7866 0.014442123
952.7697 302.06506 645.7297 602.13324 0.0143601345
727.2616 819.4974 818.3732 1527.9695 0.013949793
862.94025 295.54016 459.87308 588.28577 0.01390574
653.6 1576.8977 1123.001 1250.3132 0.013875146
751.1706 1528.3102 889.9403 1992.5214 0.013559949
642.5014 1508.9551 1058.938 1517.2283 0.013467508
575.74097 1754.9749 585.3361 747.8272 0.013411139
951.1524 500.59528 653.93854 999.82214 0.013286221
661.7471 870.9329 918.12036 1376.6525 0.013092301
559.5569 1390.3002 916.27246 2327.7483 0.013036425
967.06213 289.8454 322.60358 546.6761 0.012922517
1039.4218 359.77704 72.635414 199.68405 0.012371426
717.4039 971.1704 977.1072 1528.0743 0.012364338
847.6274 878.02985 853.2514 1754.0945 0.012343219
846.39795 848.5681 848.7932 1696.1305 0.0122735305
769.28925 967.6789 720.459 1558.4119 0.011825329
1050.2129 870.4672 457.9493 1748.8123 0.011578175
962.0466 237.11028 274.997 450.31897 0.01149885
1042.0146 406.3332 32.15742 55.645206 0.011459799
671.91046 2254.6614 1189.0251 1126.9705 0.011383025
688.6781 60.75465 143.37592 115.06997 0.010988684
1035.4794 280.0325 450.12338 552.20544 0.010977216
740.4433 1129.7433 796.0135 1967.9534 0.010837422
617.4403 1388.7465 829.082 1519.0101 0.01075353
357.07883 1683.4985 469.008 787.46576 0.010626125
650.2393 1743.5338 1254.2784 3468.6594 0.010554019
643.557 3136.823 1258.3304 737.6883 0.010530557
953.53894 1748.0964 653.49774 3484.9832 0.010526875
740.0566 1067.4432 939.48804 1823.0773 0.010514496
833.1801 1096.2036 856.9852 2135.7842 0.010379342
488.79727 1741.7046 613.9471 806.96375 0.010247833
687.55676 852.3663 1082.3501 1525.115 0.010201574
1046.2498 580.9481 461.57523 1139.5535 0.010016205
824.53577 1013.2199 784.4706 1677.9333 0.009939759
793.29205 664.71844 936.3737 1313.1263 0.009912739
798.34406 295.08133 347.25742 562.241 0.00959272
646.8407 2779.9714 1253.747 1451.397 0.009549702
369.89716 1699.6488 488.20212 750.9877 0.009502955
637.2718 889.16364 878.9437 1469.1824 0.009482981
649.673 1514.909 1106.9385 1296.5262 0.009454546
646.64514 2878.6401 1249.5593 1251.5269 0.009365233
944.577 127.541084 231.61697 247.52225 0.009353252
1027.2261 253.84624 219.7585 402.6946 0.009347404
791.82886 829.15295 452.8031 806.923 0.009279395
1023.08606 761.8651 509.87625 1523.3407 0.009259068
701.2436 749.7433 473.63885 984.8661 0.009112767
674.83307 780.8284 1179.2888 1552.0371 0.009009902
794.97656 1015.1299 646.03796 1071.5596 0.008999397
742.96387 1022.756 729.0129 1407.0015 0.00895289
715.53827 1062.3085 796.88513 1744.8407 0.008909349
1063.3597 3136.1838 432.0385 743.54236 0.008820809
1038.3657 353.90024 464.94846 698.7242 0.008800168
633.04395 1105.6548 808.6597 1446.7905 0.008795203
473.23184 2288.2798 700.1775 545.5274 0.008700233
747.29047 898.7208 982.0528 1770.6829 0.008689333
441.12897 1389.9666 233.23564 252.01007 0.008536292
1042.7357 400.90045 146.73631 287.2331 0.008515739
504.9709 2278.5332 604.5817 490.97076 0.008510273
419.79242 1434.9044 312.1561 348.27863 0.008491648
829.6953 1323.8292 521.81714 456.52267 0.008463135
757.1855 888.6485 92.20281 121.130035 0.008398808
452.71704 1450.6027 367.71222 370.30478 0.008363546
568.4697 423.62958 197.6779 349.3896 0.008356521
740.6468 1255.7202 711.5388 1714.2058 0.008278184
599.89636 1782.6328 458.5996 525.6827 0.008230608
951.3899 1349.0273 651.5439 2700.1414 0.008194821
678.33887 802.92316 1165.4989 1596.0957 0.008188654
1045.972 277.61078 441.11362 550.70776 0.008099183
555.0142 2291.5881 835.045 555.39374 0.008074818
972.61597 444.8224 489.7668 870.2442 0.008027072
653.1909 994.10486 790.9468 1090.9913 0.008017525
655.9919 1405.7999 787.3378 1196.9426 0.008017066
648.19214 2756.165 1241.3923 1501.1333 0.007996682
843.68915 641.6819 462.05942 1211.758 0.007971291
711.1679 705.72235 446.5894 886.83075 0.007967469
679.2424 1299.5482 976.21844 996.0515 0.007967443
939.37335 2052.0098 673.6186 1492.8331 0.007944474
919.22107 975.49634 548.1575 1050.7439 0.00793158
648.0589 1472.0868 943.0123 747.84796 0.007904927
897.38196 304.9827 171.05206 516.351 0.007898999
597.1812 1336.0111 494.54584 464.69943 0.007879763
571.8221 2244.0286 951.4714 882.4643 0.007876058
715.0665 659.7589 667.7563 1063.6368 0.007779753
731.2715 1286.372 146.99316 192.58827 0.007750442
810.08716 1112.8251 748.79724 1262.4875 0.0077032833
728.1746 726.1376 387.1892 552.0218 0.007631777
732.46106 1396.3418 722.407 607.21375 0.0075583216
653.6075 1334.3286 889.12036 476.9489 0.0075114556
622.7983 378.3722 287.67712 277.19946 0.007503692
1134.8986 1077.5094 160.44214 202.27371 0.007496224
644.4048 3101.789 1251.7765 807.6998 0.007489444
1010.0657 2254.3748 508.69907 1056.51 0.007402215
720.85913 680.0711 145.11528 234.46603 0.0073952954
948.25134 447.0474 659.9792 893.145 0.0073636053
716.41833 1343.9843 241.67387 341.90622 0.007354378
797.8656 2618.7778 926.1516 397.46545 0.007345604
650.44446 1521.9343 1153.9192 1080.3594 0.007300531
663.47284 1090.4685 923.059 771.965 0.007299778
867.56335 355.8786 202.68794 408.03476 0.007254366
654.75543 805.70905 878.9617 1566.0748 0.007244949
634.54083 543.10077 349.80438 588.5984 0.007220332
717.54987 1216.3735 910.56964 1170.3776 0.0072197337
590.9096 2304.158 999.5908 942.99524 0.0071421633
656.1389 2303.283 950.38306 616.5442 0.0071231485
625.55945 1787.168 501.14642 540.637 0.00705437
882.687 414.9892 171.17317 305.5705 0.0070382087
733.8436 363.46613 560.75903 714.41565 0.006962134
997.8862 111.36708 167.46336 214.81732 0.0069493083
621.2162 2257.6274 995.8429 772.0291 0.0068795765
786.91705 1437.9014 665.96454 743.7192 0.0068767006
707.879 1644.4661 721.5804 1188.5499 0.0068604373
570.5705 464.4617 210.15805 440.77277 0.0068555134
632.85034 714.46106 619.7965 1048.6632 0.006817527
925.9316 831.1829 320.93555 652.73376 0.006776269
745.21014 361.6889 579.1986 713.5508 0.006751123
880.72955 1319.0768 408.44385 421.2955 0.006721324
1043.4047 403.0574 181.06172 259.99573 0.006690797
239.20113 1770.8962 242.23727 454.23108 0.006658058
655.8986 1389.1699 920.8221 658.3859 0.0066345097
531.7514 2266.8152 539.89105 469.728 0.0066116676
995.2664 3135.4968 567.9371 743.92993 0.006607069
635.1381 1084.4526 818.22797 678.0021 0.006571903
713.6842 1757.2291 383.9486 527.01 0.0065702903
369.4465 1440.4495 403.45444 426.82202 0.006529762
972.5085 2219.3706 603.07764 1113.8301 0.0065263472
985.9799 1740.7683 593.679 3485.1428 0.0065148873
912.8027 146.81424 386.27924 288.6832 0.006504726
924.05493 2621.104 291.21817 261.69717 0.006503096
210.22382 1784.8182 181.68423 384.35638 0.0064906
853.7799 491.60074 831.126 979.63245 0.0064896718
524.63245 1865.7699 804.2692 1233.3369 0.0064839064
655.0621 2218.3704 778.9561 844.57654 0.0064251004
983.429 2249.81 581.605 1038.4946 0.0063806404
117.57285 2061.6401 182.7697 370.27747 0.0063653374
834.26874 1934.35 642.78253 1219.2471 0.006362386
656.9331 1362.5336 403.4779 383.34897 0.0063527315
998.4151 2639.5396 535.2857 346.6519 0.00632712
752.3368 1453.1332 712.398 839.5865 0.006317884
719.63336 1207.7358 171.51627 228.02248 0.006288796
854.55676 1007.78076 324.0677 401.03043 0.006266793
996.91425 150.32231 356.25177 294.44748 0.0062650824
481.9743 1805.8698 265.8922 482.18845 0.0062537375
712.421 739.4983 674.83966 1009.20795 0.0062386394
499.43814 1283.429 169.33562 197.19476 0.0062205764
536.0247 1440.2786 260.0828 289.47595 0.0062185777
706.8435 705.7089 784.9789 1371.2628 0.006187613
262.0458 805.2574 498.80725 1591.5723 0.0061834506
1009.5211 1970.899 541.56213 1679.4104 0.006086888
827.5034 1035.6017 421.83463 515.9801 0.006068873
497.9808 1620.0796 199.72289 235.4056 0.006053455
1131.8374 870.0252 295.82812 1739.0917 0.006050822
567.80505 2330.8267 470.747 394.81866 0.0060230424
868.9547 818.58856 334.1762 708.61365 0.0060123266
715.73065 730.918 229.14699 398.2963 0.0059959064
478.46182 1749.994 252.176 437.83133 0.005971835
910.5997 990.2124 250.34204 354.0319 0.0059710257
276.0672 1806.0427 306.58487 459.57172 0.005954184
960.4926 1290.3016 626.45465 2586.7878 0.0059491005
1047.5784 2111.0403 464.04953 1377.8541 0.0059320643
860.2456 376.60553 816.8469 752.16693 0.005906733
516.76465 1582.8787 300.48203 364.5232 0.0058768326
659.6387 634.4964 630.34344 832.0164 0.0058484906
682.64233 2006.6956 1167.4105 1573.2238 0.0058224713
872.42487 2612.5579 313.79227 295.21954 0.0058089755
674.8672 657.6544 1199.9901 1317.404 0.0058013774
683.32294 1232.6467 687.8803 1657.0607 0.005788487
689.95465 1513.8523 977.1289 1095.4647 0.0057542855
729.4424 1007.95233 563.4036 573.8488 0.0057380516
777.4179 703.068 727.8676 1002.9182 0.005733043
1041.43 823.0151 381.04535 629.84937 0.005725519
649.38806 1523.2328 1160.538 1012.80096 0.005724932
950.2479 157.49452 648.55896 311.10098 0.0056781676
709.0125 533.43756 491.30994 598.15845 0.0056744344
593.9824 1783.7024 348.55597 464.33585 0.005658339
439.0669 1789.5249 297.75732 460.68893 0.005657086
722.9585 1422.096 616.5561 1857.9194 0.0056351363
590.71484 1369.2671 316.1231 303.3617 0.005629606
951.9358 1299.3136 335.00586 395.66632 0.0056257797
756.6859 1227.928 814.5369 988.3506 0.005620378
892.34766 1180.7926 448.77512 661.547 0.005594329
594.24744 1202.8479 751.01013 1450.8018 0.005590044
911.95496 802.08575 260.05264 499.99103 0.0055894186
645.1833 1395.8273 945.7834 590.2013 0.0055824895
593.93494 961.67096 768.9864 865.9742 0.0055736843
800.1502 1490.7125 652.69666 844.9389 0.0055570696
1032.0204 1275.6223 474.70007 936.2428 0.0055462103
937.9903 1238.9258 612.62213 1005.33936 0.005539841
726.8323 1747.9551 293.73593 429.19797 0.005495351
870.0751 733.9066 655.2593 805.1194 0.005446929
334.11575 1783.4011 422.26044 599.37274 0.0054228604
170.85156 1934.5944 86.36617 111.312614 0.0054211193
716.1252 823.4884 308.755 498.31323 0.0054169353
979.3418 381.98627 327.02344 735.034 0.0054046516
627.99347 2347.2256 299.06738 299.22726 0.005403872
728.8333 1178.2329 644.6278 694.54065 0.00539567
1029.4106 1383.7045 504.6789 2768.192 0.0053217355
861.02814 1431.4108 473.86777 626.0345 0.0053199185
570.93304 2193.1748 438.9747 487.681 0.0053067124
255.07445 2270.0337 337.2208 451.5439 0.005305165
662.5546 1398.8517 1027.2378 1367.29 0.0052939816
753.1728 2570.8574 577.2952 421.97174 0.005264077
545.859 1427.7958 187.06645 207.95227 0.005231665
849.42535 2398.097 314.56384 381.49756 0.0052106874
770.1185 996.7617 233.79443 353.5471 0.00519968
814.26666 745.7791 265.32382 472.16843 0.005111961
316.10666 1808.2526 380.4251 487.02786 0.00509474
645.996 1741.198 278.9678 385.22894 0.005047054
918.7192 2607.7256 695.2891 418.15762 0.0049954373
917.8158 2498.1206 352.23035 512.974 0.0049887584
688.0606 1367.9194 1065.5044 725.14276 0.004969009
664.27057 1486.3625 1124.4507 844.1993 0.0049464693
526.9396 2040.903 778.16785 1479.5166 0.004940952
1127.7494 1033.5873 280.54773 356.62286 0.004927084
1148.7555 1303.0206 263.10107 893.39746 0.004921994
705.24603 1421.5753 913.20215 859.19556 0.0049154595
841.03656 886.8683 199.09225 203.76201 0.0048914645
1035.5181 2524.875 471.18018 568.44653 0.0048786737
553.07043 2367.7646 760.979 700.36487 0.004869312
829.5009 1647.9454 803.36664 1124.7323 0.0048668054
664.80255 748.19806 730.8462 995.4909 0.0048646233
1012.8702 123.60454 383.5207 242.46492 0.00484967
682.7938 763.8519 564.6895 640.9359 0.0048436048
571.9974 2333.8303 823.9871 550.5382 0.004791566
1047.8726 3136.233 459.33337 744.61743 0.0047706855
803.8759 501.18405 920.0694 1002.88916 0.004766949
423.27493 1035.896 412.91388 615.1189 0.004741346
801.32526 1440.95 221.00067 229.82352 0.004741211
943.94086 2408.8423 268.08813 361.22467 0.0047365963
513.69696 1375.1758 634.1812 495.0217 0.004705368
1052.0159 1145.0524 398.55423 603.5037 0.0046655345
1091.5233 1301.1061 372.63293 883.2546 0.0046589207
319.01294 2228.4263 312.25888 370.20447 0.0046540694
506.58984 2372.7625 327.8342 297.66614 0.0046256566
727.97235 2316.4656 518.3599 534.20105 0.004598803
693.4567 1054.9554 1040.9153 1284.88 0.004553498
837.6456 2316.5283 662.9791 645.0586 0.0045331437
1015.7372 1014.3945 311.49585 360.606 0.0045184945
744.223 303.94086 223.12988 229.90251 0.0044789664
1079.6969 1072.7366 356.68182 468.80438 0.004468859
813.41925 602.83295 331.61395 641.6651 0.004436239
398.44516 1526.5553 701.4643 2051.8303 0.0043867286
1061.0211 2090.8367 443.51956 1439.4321 0.0043775663
472.2021 1774.6984 287.82016 363.47955 0.004371162
625.7363 1787.4575 237.38614 344.74423 0.0043690978
542.582 2127.9045 422.8778 492.55246 0.00436827
706.9169 921.9432 400.8111 947.5438 0.004360167
119.12636 1923.4391 193.42474 640.5541 0.004358571
1011.28345 1124.5875 409.59622 515.7646 0.0043410445
707.772 607.3583 549.6736 1173.8639 0.0043269247
473.60193 1043.6161 523.86804 630.09906 0.00432484
855.321 826.2645 453.09344 1424.009 0.0043240413
1094.3251 2065.1345 337.62326 686.92535 0.004307007
577.65796 2028.585 192.14467 227.59628 0.004304098
768.68274 72.95826 296.53973 138.57063 0.004296888
1180.9359 1413.6481 202.50581 681.4817 0.0042965882
715.7413 1847.0289 417.76834 758.30695 0.0042925104
885.2407 516.1871 769.389 1031.7269 0.0042875973
251.88617 573.7283 493.35257 1143.5966 0.0042810696
1021.6383 2459.21 482.3377 677.0232 0.004274432
525.0021 1769.0878 270.38272 328.45166 0.004247817
842.3233 2448.871 385.60013 316.9321 0.0042326124
792.2349 1240.5645 418.72137 614.43146 0.0042154556
958.12256 972.75507 194.14752 322.62195 0.0042107166
1151.7703 3135.9104 211.26135 753.7502 0.0042042015
951.09705 206.36615 648.10223 411.7841 0.004199772
904.56805 1225.306 206.9432 224.80844 0.0041912994
849.4615 896.9725 431.09695 1316.0386 0.0041627698
713.7012 2575.5718 296.36176 271.22156 0.004157432
362.0065 1443.2168 476.31818 517.0986 0.0041527282
856.54016 1979.1265 410.14236 1211.4767 0.0041461573
645.51465 1491.5513 1122.3284 1012.76984 0.0041414523
866.92944 2423.182 853.089 1685.7981 0.004138767
828.0111 1220.4406 412.44205 730.9302 0.004135079
737.2707 2595.9888 339.0189 316.1887 0.0040915795
1068.4601 1396.8445 432.08438 2814.8936 0.0040759365
579.7521 2026.6577 252.98781 266.50854 0.004066455
526.4287 1717.1958 179.72113 310.8864 0.0040658857
532.75287 1987.0634 319.31284 500.79062 0.0040617557
783.8326 1744.9812 272.67227 382.62875 0.00404405
705.24335 1427.9412 385.59277 448.18387 0.0040421626
1147.3966 1056.6526 244.73466 389.58606 0.0040420108
705.6029 3218.609 1056.077 580.6202 0.004035244
531.90826 1435.4243 152.48811 180.89905 0.0040304237
896.4785 2660.6611 253.67285 247.409 0.0040300423
560.665 1805.1538 204.25125 356.27368 0.004029897
523.52747 2230.5615 722.9628 597.78796 0.0040278328
474.9369 1890.6539 251.30748 435.44482 0.004019524
997.722 1187.1478 479.86865 976.99634 0.004015788
504.78275 1612.9388 782.7343 1825.084 0.0039737737
706.73895 655.1367 606.7839 1186.1117 0.00396227
1124.5201 773.80695 279.44275 577.23254 0.0039565307
1015.9376 2120.2773 527.58496 1382.2405 0.003937344
758.5192 1675.9122 348.27438 623.36615 0.0039315773
650.40247 3262.4316 1069.7706 499.93698 0.0039165663
1080.2361 1740.7783 410.24747 3448.6267 0.003911859
906.92004 1369.6189 447.50616 684.36554 0.0038980243
621.69855 2576.8777 369.98038 334.1217 0.003873352
753.5293 2331.844 265.97354 434.60364 0.0038604157
1092.7775 2629.461 353.58694 355.88785 0.0038464188
1026.9518 1727.0488 447.2324 855.2127 0.0038422812
848.9124 302.09808 848.56464 602.46106 0.0038412025
801.993 2425.305 372.3345 637.4104 0.0038356194
634.8115 1463.2667 1179.0435 782.808 0.0037943928
1145.4652 869.3076 272.01212 1765.926 0.0037844651
1004.7985 1309.026 328.49957 426.9394 0.0037812374
723.6899 1916.3641 539.7197 950.0447 0.0037664499
815.16016 2940.0823 961.29034 886.4811 0.0037663977
518.3232 1746.1549 201.15941 351.15417 0.003745618
107.79982 3287.086 204.71214 447.80164 0.0037336745
897.7356 2426.1938 316.388 627.8936 0.0037200009
1073.504 3118.6062 397.90482 772.8892 0.0037060305
1000.36725 2182.815 344.24197 561.7398 0.003703602
682.42847 1939.6222 342.09067 568.7256 0.0036948994
732.90137 1958.0057 322.02975 587.82587 0.0036865496
948.4664 110.17758 655.2957 215.24852 0.0036858472
378.44925 1791.6658 255.16011 362.60724 0.0036612551
463.5116 1856.9756 241.76268 457.07568 0.003644004
755.0765 1103.438 250.93132 394.07214 0.0036435972
631.272 3280.384 1031.468 472.87302 0.0036432752
513.89606 2128.2732 281.45126 418.34134 0.003641706
1143.1116 2435.3994 260.28677 678.57587 0.003636745
1052.2941 1908.002 257.75592 432.40582 0.0036278837
767.618 2395.4204 196.12157 311.31946 0.0036135057
710.2169 2907.2468 1167.572 1189.4746 0.0036084724
1029.7007 1916.1024 347.3196 595.0717 0.0036053415
663.32825 1450.8981 1095.3258 864.00116 0.0036018314
731.7718 3042.1 1017.4556 1029.4348 0.0035884567
1024.648 2374.1462 225.957 383.29688 0.003587589
1130.2365 2640.9353 246.44373 261.04404 0.003587226
1167.4314 3352.2952 181.31163 312.08188 0.003582627
1117.5916 501.2373 158.77185 260.74356 0.0035816398
1223.2944 3245.617 92.94489 524.9149 0.00354465
1122.7015 2324.3918 321.31906 2345.9111 0.0035326432
376.47183 1914.5975 547.56824 1315.9657 0.0035231805
796.24554 996.56805 308.74234 405.12936 0.0035219854
744.5111 1198.3994 595.88617 1484.6344 0.0035195649
600.99976 3356.5808 1229.8185 304.75775 0.0035182724
994.036 1555.9572 339.52133 469.00574 0.003514164
896.74805 1421.1327 456.25787 644.8437 0.0035093066
573.49713 2072.568 238.45647 300.6939 0.0035092582
1044.8765 1249.211 261.0526 327.29498 0.0035056083
1164.0562 324.76788 232.81497 626.59784 0.0035040495
1088.2687 1213.6442 373.1844 1068.6118 0.0035017293
862.6927 1440.3418 472.11316 663.32996 0.0035010986
697.2467 791.19196 884.35095 1135.0281 0.0034977382
1194.3673 3136.2068 170.82875 741.60175 0.0034943393
668.72003 1965.6415 398.27267 644.994 0.0034890699
641.9261 2455.1382 319.5784 324.84695 0.003488939
1049.5593 1267.4485 408.95297 843.5239 0.003487187
696.64246 508.5574 468.18808 878.55804 0.0034820028
695.56995 1137.0054 1026.8553 1131.967 0.0034750719
686.89014 2208.9927 207.64818 299.7003 0.0034743305
984.81537 2443.9983 223.69128 291.14642 0.0034713321
734.6034 1275.6918 78.09938 122.456665 0.0034680495
914.56024 3192.1138 695.09125 638.1888 0.0034546412
617.812 1416.3999 935.6988 889.77435 0.003449913
701.8471 282.26236 458.53146 554.1612 0.003445313
727.0267 2474.217 290.601 409.36865 0.0034419438
999.24927 1529.8021 405.89362 1004.29333 0.003433113
620.50085 2981.5786 1286.1833 653.7586 0.0034253562
750.9615 276.96042 312.59863 437.45712 0.0034144465
609.1271 943.5639 702.72687 703.35223 0.0034109517
669.6139 1985.4504 401.3912 651.2754 0.003401473
1036.7208 102.39417 369.6705 206.34691 0.00339084
394.59763 3337.6597 624.4565 342.45157 0.0033639753
914.81647 1380.2845 612.5096 755.82306 0.0033596903
1049.2554 1526.7075 401.35437 484.36493 0.003347554
597.7261 2537.9512 284.00757 290.22406 0.00334417
881.30505 3179.27 415.6504 660.3819 0.0033393565
834.0256 1479.7972 784.8986 845.619 0.0033341518
335.84134 2428.765 147.0813 163.76842 0.003328506
1193.1287 2460.3247 180.48723 2070.6057 0.003307076
427.734 3378.7832 677.21216 260.92087 0.0033042168
834.63684 307.10846 879.31226 615.1664 0.003303967
1109.8735 3138.2007 308.96005 820.2383 0.0032879626
501.85645 1731.6855 192.16327 303.67554 0.0032771588
898.8828 2359.2922 241.47638 419.43945 0.0032737325
535.7269 1565.7028 564.3458 533.28955 0.0032653348
1134.3119 1397.7227 297.66364 2815.0828 0.0032625953
552.32806 2437.4133 681.6393 743.8226 0.003227417
477.066 3309.3557 929.5496 408.93088 0.0032260015
668.59344 2224.192 228.06747 345.76474 0.0032251521
1193.0042 3385.4038 160.59549 240.03236 0.0032215992
1166.3647 2648.8936 234.11897 1713.7579 0.0032205428
748.03394 1520.5155 436.68005 873.0634 0.0032183283
1020.0994 1291.7285 512.9523 2478.99 0.0032119453
650.2024 1762.104 1250.4454 3440.9983 0.0032064938
1154.9116 254.17796 210.98404 342.91357 0.0032040533
700.03107 1074.3636 1011.2081 1175.8947 0.0032037806
959.68176 959.12555 186.87453 291.06207 0.0032028744
224.73692 25.0971 186.52136 47.908592 0.0031924057
446.23984 3441.5894 693.3613 122.46972 0.0031885887
1067.0472 2204.374 416.34897 947.9955 0.0031852168
848.87225 3136.842 496.5666 705.91736 0.0031815625
1017.82477 654.8832 161.39777 244.94148 0.003180781
1125.1206 1964.834 293.729 564.58344 0.0031787464
552.84534 324.23114 118.650505 132.76973 0.0031620734
552.37256 2562.169 216.57632 203.59442 0.0031603423
788.155 2417.5813 172.37149 276.60773 0.0031583286
691.1176 1280.96 1012.55457 511.46317 0.003153035
1050.2074 1550.6527 287.811 410.6724 0.0031409096
1192.8632 2247.3525 178.78777 2481.032 0.0031395033
699.9259 1093.654 305.43082 487.9106 0.0031325256
985.79987 75.69383 302.4613 150.02594 0.003129183
434.81265 3448.1702 724.30096 113.95689 0.0031052525
635.21674 3390.4785 1024.604 355.3459 0.0031036898
967.07227 2115.1682 244.66641 369.3863 0.0030767398
679.42896 3265.9758 1247.0687 480.98148 0.0030692767
1031.4303 1552.1294 231.61742 364.25674 0.0030682918
952.85895 10.351943 649.1745 19.198906 0.003065433
991.5396 1745.6229 574.61383 3464.2905 0.003062431
1177.0366 2640.946 206.90121 337.90842 0.0030617558
1154.0631 1011.0406 227.45961 302.1779 0.0030616655
652.75073 1410.4457 1254.1405 2789.5073 0.0030577367
1087.8778 2635.224 395.3475 1745.6782 0.0030547497
1135.1244 938.6446 281.88315 762.84534 0.0030519979
816.0792 1221.6161 473.0509 777.8183 0.0030415244
660.77094 1906.7928 200.87073 307.16516 0.0030412916
567.5844 677.41925 745.66907 834.86224 0.003040592
578.5947 3254.102 825.65753 537.9197 0.003034889
639.34796 2190.5273 487.53958 654.71936 0.003031313
1056.5077 329.86813 409.94278 662.42706 0.0030253099
973.72833 736.17694 351.1458 482.092 0.0030200807
629.61615 2361.7964 197.4133 253.08163 0.0030132772
910.2345 1055.881 477.97028 879.2258 0.0030092602
579.2911 580.37 674.4287 1149.5741 0.0030080788
607.9902 2628.8813 336.85455 359.1555 0.0029897145
124.65756 2655.4185 210.3418 440.40964 0.0029891445
477.3883 1987.5104 145.77809 201.5534 0.0029885946
895.57 1325.6332 317.50595 352.70352 0.0029791116
1019.74347 2075.741 478.30682 872.074 0.0029761856
435.31995 1213.0682 605.88654 1190.7477 0.0029657912
801.8578 2279.9082 194.91692 382.49567 0.0029657362
461.83997 2408.5508 640.2743 807.632 0.0029636952
1051.3789 1757.2811 425.85977 886.3258 0.0029569326
532.6024 2068.7913 191.85716 274.37085 0.0029442583
651.0614 2114.085 221.95886 328.56345 0.0029416697
137.81252 3406.7393 264.11548 209.77188 0.002939612
1115.4005 2412.3755 337.2665 808.5925 0.0029181812
532.24866 2020.8352 807.0995 1484.0057 0.0029160576
950.3566 479.5848 686.55554 962.2402 0.0029159107
732.3829 2912.1877 855.9821 877.0604 0.0029139249
993.19977 2696.1833 273.78815 243.3638 0.0029137875
930.5942 988.52325 224.75203 345.9659 0.0029060645
574.87854 3392.1548 1142.3145 231.55618 0.0029007073
554.82324 3444.4663 1136.9723 174.56387 0.00288993
1158.7617 3175.7131 243.46275 678.48114 0.0028828967
458.16595 3368.57 485.1269 285.65588 0.002864455
652.6551 1448.6079 1064.1688 770.909 0.0028471858
700.4464 3405.7744 419.57864 205.73085 0.0028428514
333.2525 2588.1587 359.22046 369.24924 0.0028351126
597.8699 931.6734 721.35126 777.09375 0.0028323599
734.70776 1333.7832 741.19183 503.38855 0.002831626
1133.0739 1894.0944 221.85591 333.8635 0.0028291254
812.51276 666.67145 189.89482 229.04431 0.002820906
963.8751 1916.6019 225.9597 423.45764 0.0028170336
420.06622 1328.9633 480.6533 1058.5989 0.0028166652
843.8692 2639.71 639.61426 351.3752 0.0028133804
1125.6893 225.0333 310.44653 447.5583 0.00281088
1167.0781 2457.9504 225.63391 703.6832 0.0028056896
999.1095 1238.3828 226.64392 274.66885 0.0027981114
894.5294 1595.2449 373.66302 678.5519 0.0027966828
1136.2164 143.94325 222.22133 283.84415 0.0027878946
635.15607 743.9822 831.015 1335.2799 0.0027847781
1211.9818 1505.1265 144.99947 490.72742 0.0027846459
813.2711 1839.7588 224.10382 292.06894 0.0027729715
478.5038 2453.0732 467.09357 462.70563 0.0027722372
787.0102 2382.016 456.2921 463.3742 0.0027718288
656.87604 1229.8184 957.63855 1311.66 0.002770158
1179.1144 3376.5186 193.35294 261.51312 0.0027619845
1164.1945 860.1116 231.55711 969.8479 0.0027606399
764.06464 2382.6575 238.24902 344.07755 0.002755183
193.53273 461.07602 355.6789 846.1706 0.0027520102
964.2071 1494.6106 580.2195 809.4508 0.0027513616
588.9218 3396.9485 1145.8693 550.82025 0.0027411897
460.42453 3414.9832 543.9352 189.98459 0.0027378767
738.5733 1800.8512 191.07988 252.33061 0.0027247132
1156.0541 697.3136 221.17459 398.5774 0.0027225448
1112.7104 2143.2217 263.0945 394.29 0.0027171553
1005.5031 1356.0416 504.29828 781.88544 0.0026934184
1204.186 2854.2156 151.97003 200.69762 0.0026913148
529.0747 1900.0198 720.0161 1648.0021 0.0026904985
251.63487 34.04092 312.84122 63.100914 0.0026873783
554.4021 3285.7197 270.21167 432.54837 0.0026831755
449.8581 2042.7668 142.6854 209.12856 0.0026805277
952.1702 54.34069 641.31866 102.53204 0.0026743053
380.3636 3432.1553 271.8382 159.40813 0.0026706022
1191.0594 3299.0015 156.39655 396.95193 0.0026634792
604.13513 2604.0068 260.99673 334.27994 0.0026563774
1122.8123 2154.4756 302.08224 909.46594 0.0026503166
793.4627 980.9407 176.42822 290.47247 0.0026367765
1010.815 2598.1628 438.87628 383.866 0.0026351195
1131.9924 1075.7354 141.94363 192.63544 0.0026271734
1165.4656 2087.1592 222.14888 918.8414 0.002626786
707.1682 1144.4956 376.1001 594.86755 0.0026188465
865.56836 3417.1838 409.37378 190.79211 0.0026175128
1015.9924 1394.9894 455.7304 603.78625 0.0026170935
951.1157 3300.114 340.438 418.95624 0.0026126152
780.0671 3245.2957 264.75784 477.01767 0.002599094
518.37866 1992.6193 211.58717 319.3072 0.0025955266
1059.7837 1108.1172 258.15356 229.20197 0.002583009
998.45636 1745.198 571.53973 3474.0674 0.0025808956
1111.5623 1971.4363 316.88794 610.57367 0.0025799149
842.5913 1175.8699 747.4609 861.82043 0.0025796744
1096.545 24.307896 300.40457 49.517284 0.002578432
739.7623 1949.5393 227.37546 305.84177 0.0025752883
715.6098 2696.0022 660.62946 486.4801 0.0025738447
487.7891 1924.4385 177.63002 314.8653 0.0025716298
118.06112 3212.2405 199.70744 375.3993 0.002565961
575.7523 2734.5881 228.18512 224.28804 0.0025652424
657.35614 55.409813 180.2332 99.75714 0.0025624633
658.8404 1865.8463 777.83264 1245.772 0.002562212
837.13464 2999.7888 467.3 509.01288 0.0025594828
1196.007 2574.7795 171.12338 427.66653 0.0025588071
942.3088 1290.0312 539.75714 771.94727 0.0025582816
161.01259 3167.462 243.66862 418.9496 0.0025515032
582.8663 3143.5127 341.71567 618.3598 0.002548423
458.29877 3024.307 766.04535 863.0968 0.0025452417
395.32773 1843.8153 174.15204 258.0272 0.0025358903
725.41077 3241.6165 423.4686 534.93304 0.0025303494
830.4168 3058.974 415.92636 522.8434 0.0025273953
560.5958 3385.1953 1183.8481 432.4985 0.002522211
1147.2635 1309.1503 269.22867 886.6451 0.0025218632
955.1174 3136.9329 351.27505 662.553 0.0025216185
810.82275 620.98035 720.11005 1268.0835 0.002520501
1145.3549 1192.0944 259.60144 361.7294 0.0025188662
660.8329 1248.4415 293.29413 306.97223 0.0025144876
843.58203 3343.2244 268.36536 340.0026 0.0025134317
945.41534 953.4339 161.87526 203.91866 0.002513317
777.609 952.96796 594.3092 676.312 0.0025121637
690.9405 2696.645 177.3584 237.08508 0.0025094254
1147.2084 121.33922 262.3366 239.7154 0.002509214
746.0749 2408.4834 252.4384 325.90295 0.0025070773
717.5407 223.77168 313.83752 434.3322 0.0025015706
348.261 409.35248 282.07535 729.6558 0.0024937263
736.4002 1129.6757 297.4 423.2901 0.0024820182
1177.2208 3216.355 211.28777 618.48914 0.0024737867
682.67816 1203.0508 1074.5403 660.5803 0.0024683552
632.45306 1840.8864 175.37714 272.5188 0.0024555298
950.67993 950.40344 300.96786 439.2126 0.0024530736
1194.6926 3467.4172 169.77214 88.0235 0.0024419008
1147.5621 808.9613 255.8906 1678.497 0.0024372926
764.24756 2504.5972 687.15894 1855.6625 0.0024337347
941.11224 2979.3843 307.5247 378.66153 0.002432715
828.3483 739.8366 778.50684 876.05164 0.0024319063
1175.2114 2165.5208 191.15501 880.8767 0.0024310644
687.10126 2416.6152 146.06136 224.97993 0.0024298378
532.2315 2198.2908 289.45654 226.68285 0.0024234038
143.32172 3464.802 249.23277 92.81593 0.002416873
591.4506 3173.9233 239.31816 393.3894 0.0024160338
693.2256 1892.1094 156.11708 238.93356 0.0024130554
1021.3423 2061.8308 519.2618 1541.9836 0.0024122775
706.8785 3458.8662 335.08414 143.28098 0.0024112356
1189.9227 396.1747 187.03038 693.3938 0.0024090137
528.66345 3048.4773 290.07147 439.4724 0.002398299
532.0013 1886.2002 184.60014 295.96487 0.0023981566
679.12946 3156.0247 239.40475 395.64215 0.0023933004
1107.7643 2089.9456 334.22617 836.07056 0.002388059
486.7264 2255.3562 556.0213 472.23526 0.0023878273
974.1249 3418.6614 274.44785 176.30614 0.0023870831
916.292 714.58905 198.03337 344.34494 0.0023850538
354.71295 3447.4177 462.2627 161.82013 0.0023842053
896.70886 820.89667 383.96274 633.8353 0.0023827655
540.47925 2328.6047 363.99124 466.56152 0.0023799764
569.75183 2703.7476 225.84401 251.9003 0.0023770719
934.3974 2975.5215 546.8948 425.02063 0.0023767485
866.2436 34.74834 482.70703 68.85039 0.002376416
436.70956 2061.4949 288.85538 319.5097 0.0023749673
1066.8232 2188.7302 228.61621 393.43134 0.0023743438
96.83812 3431.9805 195.80635 146.5645 0.0023737713
237.76941 2635.945 250.56253 255.44887 0.0023730497
461.77063 2568.4072 575.81146 658.5123 0.0023627642
327.95044 1585.5747 517.0174 1994.1901 0.002357889
750.15753 1263.2401 153.72131 213.42828 0.0023563819
1139.591 1409.0842 279.66113 689.5956 0.0023556824
748.99347 1144.1442 285.88824 385.58353 0.0023536347
1140.2467 127.28696 282.04306 252.63675 0.002352971
654.6839 1425.0201 1248.119 2777.922 0.0023520992
588.47345 2528.375 787.6619 570.60803 0.0023430565
847.1598 3395.1396 365.9304 236.60402 0.0023406802
1011.15765 3286.817 432.8164 455.61276 0.002327994
1238.8529 3146.7283 95.650375 716.9606 0.0023278566
782.1014 3192.9177 206.56934 355.69583 0.00231974
1010.6357 2637.402 343.65463 293.48044 0.0023197257
905.7268 3233.653 338.05112 418.10672 0.0023180344
1002.6346 2671.8984 228.43193 258.65073 0.002312877
631.6334 2595.835 282.1677 418.9626 0.002312336
491.80975 2695.9465 308.36053 302.28363 0.0023029682
156.90642 630.8065 271.26306 621.7793 0.0022792057
1205.1989 3390.2983 161.47424 232.47098 0.002274207
1218.0194 2944.3794 207.12093 370.5203 0.0022737042
439.77823 1891.6849 169.13225 285.80368 0.0022698443
670.15375 2932.1973 271.80014 380.63034 0.0022680277
545.8021 2488.3982 504.80136 452.35468 0.0022607334
752.7402 3326.1362 276.5707 362.96384 0.0022553995
588.10315 1856.287 186.1697 277.75818 0.0022548405
641.17236 2310.1042 204.72296 306.64948 0.0022536523
981.0658 3406.98 266.1467 201.36038 0.0022529736
142.2794 854.52527 258.26883 813.26276 0.0022487245
1193.1759 3099.3203 156.98271 362.20053 0.002247488
465.37158 2385.076 417.0934 422.9015 0.0022326198
267.31607 726.04047 376.73587 989.0801 0.0022310968
759.41034 3214.805 414.10077 559.4434 0.0022293366
650.8054 3278.1494 1265.1151 464.54816 0.0022263115
1151.3556 384.21756 238.83716 781.29346 0.002223953
879.18353 1705.0785 592.6285 914.7097 0.002223262
724.78296 2407.0356 635.96515 781.04236 0.0022232335
727.68243 3478.428 524.54834 83.89841 0.002211943
1002.58264 1719.5259 554.1772 3492.3877 0.0022100254
778.5535 2857.7139 637.4509 476.07565 0.0022088648
798.7109 1261.4049 341.71484 527.77826 0.002200512
665.75946 2907.31 348.8122 495.95844 0.002199999
657.55566 3247.0461 271.1094 325.33868 0.0021968214
1203.692 469.4788 163.87053 408.15778 0.0021958996
654.8317 1766.513 1234.8203 3360.001 0.002192346
936.7253 915.5779 179.41469 182.15414 0.0021881005
552.45605 2910.725 835.4819 659.458 0.0021873377
1083.9172 1833.6049 278.68286 522.75195 0.0021857687
670.9923 1051.9979 967.2982 691.24646 0.0021768545
948.95325 874.0614 660.41644 1742.4019 0.0021744168
1215.9276 1818.3468 271.4711 837.8405 0.0021715239
1150.7725 1746.8992 269.24686 3485.1729 0.0021710817
605.76245 1478.776 957.86615 1524.1412 0.0021698931
960.891 1806.6521 230.2834 322.74362 0.002151196
932.5779 3131.5928 351.01382 526.8031 0.0021350333
683.5211 2304.9946 972.08215 484.2453 0.0021310193
359.0743 43.28348 308.92093 83.501465 0.002125313
873.9809 1252.902 240.60559 344.00058 0.002115188
736.7429 2938.6785 791.9739 642.79846 0.0021027445
1014.19464 3371.2827 192.28351 280.89917 0.0020982178
1188.5337 3387.1824 137.08298 224.89926 0.0020961491
1150.3539 2457.1992 243.14055 707.9472 0.0020941442
86.843346 581.7685 158.12315 552.84406 0.0020921056
841.7228 3334.261 746.65375 345.6938 0.0020915372
734.7105 1362.7639 1046.4133 2287.354 0.0020911938
988.002 1387.7689 217.88544 246.13802 0.0020751779
1183.4324 1991.2526 192.69568 983.47815 0.0020708377
1176.945 2629.298 190.20767 236.69742 0.0020705706
1123.3206 1408.1968 310.07626 1727.7301 0.0020688865
1162.4548 1861.5216 299.0316 993.33435 0.0020658516
336.3144 2833.309 553.5146 875.5021 0.0020545323
485.58664 2690.9663 612.6414 600.63873 0.002052452
1223.8986 1412.3417 120.39267 652.2523 0.0020505749
536.27313 2516.8972 676.83685 609.7451 0.0020498869
944.8453 10.810011 670.90985 19.8694 0.0020409285
984.7718 1921.1605 230.21094 278.07373 0.002036965
1172.3948 1500.9248 231.41545 3086.8252 0.002036958
1075.2212 1731.6251 341.66443 514.6217 0.0020322942
575.3609 2713.486 283.10037 275.57816 0.0020322653
615.29443 2932.8433 225.5109 247.927 0.002024181
957.96497 1486.4137 584.4362 837.8354 0.0020199202
1233.1516 606.9806 93.8267 1241.0792 0.0020191811
651.51764 1770.642 1252.8169 3426.37 0.0020121606
1159.7617 305.4424 219.44968 616.42914 0.0020012474
1179.779 2440.0183 197.8701 738.98456 0.0019919996
1034.9191 406.61017 98.095604 136.83911 0.0019910254
1185.4165 3388.5251 130.54018 225.06152 0.0019867632
337.12634 46.48124 155.41054 89.28083 0.00198585
1185.5951 3402.5405 138.7338 200.22708 0.0019690928
1200.83 2061.807 148.43915 922.23456 0.001960826
692.8543 1147.459 1080.2826 750.9822 0.0019597253
1189.4592 2122.921 179.75172 384.9023 0.0019591462
610.9847 3204.094 362.91855 495.09293 0.0019524002
1227.1637 3356.3608 86.159294 295.88907 0.0019511861
820.0165 2770.369 238.46216 415.97086 0.0019469295
1076.161 3299.7458 237.56627 376.6279 0.001946006
1154.0231 2509.8655 264.4039 728.4319 0.0019426858
1207.0936 2913.4807 127.316795 320.43405 0.0019394506
1193.4425 1037.9105 170.64438 1412.9109 0.0019391775
1207.9437 1347.6688 154.30606 828.23773 0.0019348769
734.9304 755.2871 858.75586 811.74646 0.0019341912
582.43964 2309.1086 243.98087 331.46405 0.0019275958
1145.631 3002.7598 242.5758 488.67563 0.001926136
1161.3948 2986.9119 231.97769 453.6138 0.0019239362
1009.2694 3040.3835 332.4879 622.5532 0.0019232259
720.1511 741.1762 1061.1222 1541.9497 0.001918831
1240.9597 315.87518 93.05495 626.5142 0.0019181508
116.64689 1132.5636 202.42616 611.43646 0.001917772
973.033 1708.7832 229.87523 384.94333 0.0019086538
33.44048 473.54974 65.24683 735.02594 0.0019065666
600.0863 2372.0173 270.65085 322.3813 0.0019013092
1187.3115 2622.3647 178.60927 213.96893 0.0018972821
1200.5372 2299.5044 181.27623 334.2001 0.0018900306
546.90955 1786.4514 189.76044 277.93137 0.001889454
1167.7902 2380.2373 222.01596 478.2397 0.0018830444
1204.253 2592.7317 160.74738 1853.9594 0.0018800239
1224.4978 2641.6277 116.7999 277.22733 0.0018795013
582.32654 2756.3435 351.99756 478.74603 0.0018785042
888.32996 2815.7837 214.86795 239.58798 0.0018739688
1158.264 1816.4926 239.21118 1231.1399 0.0018728756
1182.8928 2670.9678 187.85573 270.38327 0.0018700797
54.369423 682.7004 101.59964 493.70947 0.0018619089
657.6311 1418.7833 1220.7379 2791.8337 0.0018575125
809.94385 2900.986 249.42795 259.37424 0.0018558636
1183.8757 287.50308 204.58296 572.08636 0.0018466823
265.16696 56.59527 545.61346 108.24728 0.0018447198
1221.3575 1576.3607 126.712585 358.5076 0.0018437629
1208.9987 1996.2114 136.5361 1082.5499 0.0018407266
105.99034 1340.7742 188.23764 573.0368 0.0018310002
1251.0454 2990.779 69.426346 500.49088 0.0018269967
688.76526 3455.139 1013.0507 393.12354 0.00182106
539.9579 2264.5793 191.86572 283.28705 0.0018157234
818.9412 360.5713 377.31583 499.69116 0.0018154606
1007.1626 3047.3462 415.38892 510.68365 0.0018138214
946.955 4.669309 686.6198 8.479253 0.0018134656
1179.4037 1901.5494 185.14745 511.21808 0.0018133242
439.50833 1365.551 164.45552 204.21626 0.0018065863
527.2375 2511.227 618.8407 568.57526 0.0018010736
756.1027 2877.4521 260.37286 304.81317 0.0017988803
1145.3263 1829.3551 254.65742 396.66928 0.0017929545
442.02286 1639.3522 624.91736 2004.2583 0.0017804073
970.4326 106.80907 670.1785 219.46405 0.0017795796
689.1076 3479.3032 965.6358 307.69308 0.0017780851
654.70044 1454.5564 1034.7803 861.5318 0.0017764102
1136.8335 340.52887 287.15366 682.893 0.0017685285
919.5733 999.33966 360.63516 626.1487 0.0017660897
863.4943 3501.601 307.52237 115.486374 0.0017566828
906.69727 2850.0566 149.95808 214.633 0.0017550539
1208.1534 1962.5492 153.00754 480.14127 0.0017545125
1169.5074 192.5942 220.63118 386.9423 0.0017509167
1201.5887 2260.3706 159.94423 432.14722 0.0017418398
1232.142 3430.6108 92.51787 156.21614 0.0017284614
1245.1062 3169.9614 92.22691 407.71725 0.0017276123
1230.9569 3258.463 147.2353 273.0284 0.0017254287
966.69135 2932.7883 305.63004 288.8223 0.0017237753
540.0572 1815.196 496.3775 1608.2991 0.0017053912
483.912 1730.8922 692.1777 901.41815 0.0017051874
1113.0096 1469.1344 349.22192 1137.0356 0.0017020571
1230.7095 2556.9329 234.17714 454.68338 0.0016872991
696.7215 2398.9893 1050.928 814.04266 0.0016702978
807.5112 179.94441 923.3246 346.01602 0.0016678117
526.66925 1797.8322 260.703 432.00558 0.0016507565
426.6423 1964.6262 545.2153 975.4159 0.001647943
1214.1622 1908.1869 140.23352 469.62933 0.001641421
1186.3597 3456.0496 150.82092 99.55645 0.0016347226
756.9812 2215.6738 285.67535 283.6476 0.0016272052
497.80826 2261.8054 666.7186 611.65594 0.0016256883
1221.0273 2288.3337 124.31355 395.58636 0.0016156568
592.78644 1853.2924 189.93372 274.95447 0.0016085622
540.9647 2356.1638 794.6906 873.22485 0.0016078647
1164.8026 728.32965 235.18246 1415.2446 0.0016063666
1250.841 3367.2449 100.85541 276.67688 0.0016024361
1001.287 2901.9436 455.24506 353.79388 0.0016005414
1134.2124 2555.136 241.7488 822.70294 0.0015932029
676.3387 2275.9805 843.1428 950.5538 0.0015813261
564.392 1975.1193 211.28091 352.2902 0.0015657777
18.84486 482.04266 36.303436 522.23517 0.001564765
1016.54974 1972.1827 419.21613 610.83856 0.001549661
1042.8213 1402.5298 475.7923 2818.696 0.0015464254
1236.2148 1157.4928 99.4421 291.59827 0.0015415641
962.8401 328.90082 655.25415 671.7632 0.0015395773
1194.0107 2770.3418 150.24063 443.84558 0.0015387726
233.37788 2554.9568 395.5431 1297.5045 0.0015357522
888.5898 900.57764 513.3112 1296.9617 0.0015338924
861.7155 2887.9502 142.53848 263.16046 0.0015299327
267.53967 2213.679 281.3304 1319.95 0.0015235535
1194.9165 846.9533 171.1231 1733.1083 0.001519873
1063.5505 3494.6816 183.4744 36.216404 0.0015170758
650.99475 3197.2961 1002.2699 332.59393 0.0015135255
618.72095 1809.0886 1043.1241 1613.1227 0.0015113278
1241.4858 1654.1322 102.358345 2494.653 0.0015069721
620.7563 2420.213 374.0408 516.2684 0.0015019042
579.32825 1758.9673 188.57536 293.84467 0.0014997441
597.6928 2235.9465 537.1626 1107.209 0.0014960363
566.01086 1429.6901 589.57544 488.69778 0.0014922859
628.16254 1876.6024 1121.673 2923.09 0.0014793122
959.90985 2880.5542 484.87662 388.31815 0.0014791369
1239.367 1164.3424 92.375725 531.6667 0.0014786638
1208.8812 3118.7537 156.8462 889.2149 0.0014708526
1242.3986 3233.3472 139.95746 342.29352 0.0014704571
1201.3848 2720.6753 167.4035 282.20517 0.0014687245
1225.9437 1607.0547 103.06603 342.14413 0.0014683162
300.15787 142.11877 420.9743 287.562 0.0014638151
1211.8098 146.03789 162.34288 295.95575 0.0014486588
1256.9916 293.19736 62.027454 565.2104 0.0014332946
1115.3813 66.59477 395.50775 126.55254 0.0014321968
1248.8615 3382.2732 55.09632 248.92284 0.0014247145
1026.6 3497.6606 192.84732 102.23556 0.0014144926
1215.4724 1706.7292 157.3473 312.6612 0.0014119564
1257.2461 3199.591 72.791374 313.98062 0.001396627
651.8396 379.2736 1158.9178 1155.4347 0.0013823471
1259.8009 484.4842 65.79982 998.03424 0.0013808958
1170.8506 2090.485 303.8034 1454.9976 0.0013550216
922.0444 1563.824 271.7224 493.54602 0.0013392576
1255.2812 3403.239 64.475494 210.08682 0.0013186974
655.92706 1289.809 505.0605 1808.3193 0.0013150683
1252.9225 1047.9894 67.23872 352.3533 0.0013138402
457.0241 1883.2402 410.24985 468.182 0.0012852974
1255.1041 2885.2341 72.74984 278.0242 0.001276598
1103.5143 1609.2917 419.59073 878.14185 0.0012678746
552.1853 908.8892 259.91983 1404.0961 0.0012402531
704.2556 3419.8008 1186.6821 343.79153 0.0012397717
13.602999 867.6349 23.05077 306.33508 0.0012028316
1248.0094 1851.3894 73.09102 260.47308 0.0011623723
510.40738 2022.0609 693.0172 1095.9249 0.0011581288
1245.6772 1817.1665 80.940216 813.30194 0.0011568371
1185.5422 2917.2393 177.46364 530.2631 0.0011520096
1170.9508 2827.6426 194.33998 235.25874 0.00114598
1243.5929 1772.9031 88.676216 397.40067 0.0011450081
693.1964 792.7688 795.2686 906.68915 0.0010891629
1264.3693 3284.4788 38.06039 451.24542 0.0010879061
1213.6685 2746.175 140.27405 269.68088 0.0010740852
677.0977 285.91724 1193.3121 660.5876 0.0010739685
753.6363 702.98553 685.4048 1032.4865 0.0010467436
899.6885 422.04907 708.7131 810.09 0.0010386617
1263.1233 2381.3757 46.35298 390.04398 0.0010349591
1270.2719 2592.8271 38.414394 324.76645 0.0010260943
691.3318 1522.5063 1157.9211 2560.588 0.0010254272
960.1554 774.3048 540.00555 782.4475 0.0010244006
588.359 2318.3884 836.6742 988.2559 0.0010009769
1273.3905 3463.3425 26.855564 146.9574 0.001000614
1274.3912 3267.1633 23.135303 469.00363 0.0009997135
1255.1769 3471.4202 64.170166 94.40875 0.000966856
1236.809 2846.7175 227.29361 363.5351 0.0009653934
1266.6418 3445.08 31.80248 258.95547 0.00096469
1272.2137 2396.0823 33.78502 872.81476 0.00096138555
688.9564 1839.5317 1121.335 3299.851 0.0009600825
1268.2666 2718.8342 43.51072 324.31744 0.0009586799
1271.2025 3075.6375 30.515436 391.1501 0.0009566512
638.22595 1406.5259 1158.6267 1041.697 0.00095538684
727.13293 3511.9636 1009.19995 19.93713 0.0009492917
641.4718 955.2813 501.83368 1386.9202 0.0009429043
1271.2792 3448.091 29.203438 134.15427 0.00093360327
1039.0186 1697.824 493.00482 1174.7627 0.00091842026
526.93445 1844.8954 174.72678 258.07532 0.00091538345
678.7747 301.851 1163.3008 788.2559 0.0009062195
1269.8829 2620.4788 35.290794 302.011 0.0009035045
671.75665 2325.4517 660.3556 528.45325 0.00084432214
686.74054 607.6371 739.14526 1221.076 0.0008415446
645.53253 1558.0261 1099.3054 875.37006 0.00082989637
1005.12 1463.3599 575.4316 754.6092 0.00082451315
888.0394 1365.2229 500.64722 688.2318 0.0008238397
703.12317 1254.0668 1016.4221 985.1317 0.0008202595
1071.0669 459.47794 381.20215 528.3203 0.0007768191
1114.4761 1318.6976 444.4967 855.2737 0.000746072
993.79376 794.06165 463.05215 711.3311 0.00074209506
943.8698 267.5549 576.96497 673.121 0.00074050383
1274.0378 2682.279 43.55645 223.49866 0.0007055605
797.8037 647.49664 920.48157 723.4945 0.0006966504
631.36005 1061.2484 828.2448 1098.8867 0.00068682863
1278.371 2859.5918 17.99059 296.2425 0.0006406182
635.2648 2155.1465 914.6522 776.1232 0.0006404192
718.30304 214.87724 1037.3468 564.0467 0.0006202958
837.93805 3010.7595 808.8921 1020.13556 0.0006183267
646.96594 747.3609 1047.1691 1483.445 0.0006182483
1284.9563 3486.8772 5.5637016 49.42483 0.0005876102
1059.7795 680.3458 581.4362 891.6172 0.0005817841
933.4479 125.8762 963.7882 318.38782 0.00058083475
616.9265 1496.9447 1105.4294 911.0016 0.0005771528
556.6401 731.2985 978.6609 1035.4679 0.00056419376
650.06946 1344.1201 1127.7819 1195.6244 0.0005450397
620.04846 1171.2935 1028.3757 1088.0406 0.0005400191
1104.2892 1551.3071 624.29834 583.2088 0.0004641947
501.2722 312.53827 929.02997 911.21423 0.00040374108
