572.8692 1542.2722 1064.1475 3036.686 0.44283506
585.3677 1073.377 1043.4161 2095.9695 0.40068984
617.5081 1161.766 971.6459 1832.0413 0.15133126
583.5818 1309.0299 1036.393 2554.354 0.15096752
1014.9135 2583.9597 182.80986 981.8925 0.111425295
662.9882 1127.515 837.6337 1704.5735 0.07475569
639.26715 1225.5775 856.16315 1495.5126 0.05581178
644.5117 1096.8036 833.1541 1378.6423 0.05367584
652.0383 1037.8933 832.0289 1453.8441 0.052496873
635.1069 1297.7296 825.78534 1349.2593 0.042425867
77.19211 1115.3646 130.18086 228.30272 0.036829043
729.14777 1128.5768 721.6709 1686.8999 0.035551082
610.8895 1535.6256 970.4476 1153.738 0.034767672
648.9607 1106.222 752.8035 1235.9515 0.03318638
665.4736 912.7279 802.3121 1258.0225 0.03202681
646.60547 1080.7905 721.81 1064.4875 0.02543067
630.59955 1503.8241 878.53253 1063.532 0.023134632
684.8596 1210.9708 642.7534 1328.5448 0.020782737
656.2426 1465.4299 829.48193 1112.394 0.019955209
571.4624 1072.342 1069.59 2099.9287 0.018998265
613.787 810.5872 966.59595 1435.7263 0.015958156
676.3723 816.1516 788.08105 1081.9999 0.01589828
614.0181 1494.5992 840.23004 1024.9885 0.01566606
571.39984 1541.468 1067.0884 3035.2854 0.015419092
666.636 1522.3892 773.01294 942.01666 0.015398908
640.60065 799.25574 901.5947 1108.5503 0.014926017
747.9222 934.02637 244.25307 218.62773 0.014448362
580.57806 676.35376 1038.6561 1306.7756 0.0141209
692.6855 1462.8936 774.6974 1186.165 0.014118842
588.1003 1359.6293 766.50696 1106.4797 0.013902679
691.22546 1392.3759 728.3308 1117.2349 0.013730828
656.70996 496.84308 898.1839 961.49164 0.01311271
569.40454 602.0894 1066.3451 1180.5007 0.013108853
579.4569 1121.5723 713.5353 1163.5775 0.012369301
655.24316 844.7143 824.6526 1114.6516 0.012112093
762.5446 1340.6617 640.44257 1315.9069 0.0119558135
997.7523 204.60413 221.97798 170.06865 0.010944459
771.8981 899.815 628.92 1229.2615 0.010879799
677.5119 1647.7047 810.4368 836.27814 0.01070663
566.2918 2076.2302 1060.2695 1974.8212 0.010260261
965.9599 2574.723 276.8482 1001.0455 0.010073103
777.86646 215.01657 55.12809 54.58753 0.009763252
676.79456 1661.5068 796.5781 765.05334 0.009733727
702.5692 1398.9941 768.6264 2223.4438 0.009693629
554.2877 2558.9016 1084.4374 1022.13074 0.009549625
585.40955 594.5742 694.9767 647.82886 0.0095433
793.7944 1213.2758 598.23553 1626.7394 0.009537695
944.7549 2577.857 318.32306 991.11865 0.009537406
790.97266 1093.6364 622.7586 1907.4172 0.00912851
564.36896 1458.0002 609.1471 733.0822 0.009122244
860.76666 1146.9822 483.56415 1764.4778 0.008973335
563.2939 2023.1721 1067.4216 2088.7935 0.008962698
660.78265 1808.384 860.49384 623.26825 0.008761972
719.54675 1255.6865 515.69293 1301.0117 0.008716401
731.862 695.9372 701.8436 846.4583 0.008574895
654.21387 691.9962 873.6207 877.8493 0.008537725
363.17056 1496.0912 656.0722 977.3953 0.008350091
693.85547 1756.1193 779.5071 637.2892 0.008306358
513.9014 1403.94 643.97626 825.84607 0.008269513
712.78925 1038.8916 451.35272 579.72296 0.008267542
889.8566 2578.8887 428.18134 985.3314 0.008226989
556.2162 2445.5205 1078.0133 1248.8381 0.008148009
676.2869 972.1092 396.48907 366.80698 0.00810566
572.3375 2570.1536 1029.6621 998.4629 0.008038125
575.3491 1021.5519 696.7642 1228.925 0.008004145
894.60315 2580.855 418.32538 984.9058 0.007994353
808.862 1254.4036 567.32 1563.4581 0.007973487
229.91887 1362.1136 412.44482 719.6208 0.007968872
707.8315 782.1801 488.32953 583.41034 0.00795482
873.5182 317.46765 85.73216 83.213326 0.007938742
801.7294 1521.6414 550.0274 885.7774 0.007916585
551.78046 1301.3657 745.59424 1333.38 0.007895259
618.51227 1626.979 695.6216 717.74286 0.007826131
563.7755 1395.5371 779.2779 1339.685 0.0078108427
630.5553 1398.163 550.154 729.8926 0.007734056
680.93 577.45306 540.6101 564.7168 0.007727421
560.8602 1865.2391 1062.5298 2399.9958 0.007643324
613.6133 1004.0814 615.0602 578.3358 0.0076009766
759.9719 538.5829 434.14246 475.95563 0.007597222
1014.8201 2585.0557 181.46999 977.3075 0.007581226
847.91406 1315.946 490.53207 1312.8724 0.0075624576
650.5046 776.9058 680.5214 750.8327 0.00756211
572.09863 1415.5109 568.85156 703.6046 0.007530088
326.39816 1360.0671 315.29367 635.47925 0.007425866
531.2441 1517.7245 578.2807 685.6614 0.007340964
669.8814 1665.8789 239.85318 292.91556 0.0072986693
922.5609 2567.723 363.88022 1006.2446 0.0072942134
829.4536 1634.0963 489.25266 702.0397 0.0072716773
669.1664 1673.3978 661.7745 613.46136 0.0072410614
432.31155 656.06714 395.49136 461.44104 0.007222711
574.60876 796.06854 787.75287 1023.3122 0.0071458938
560.338 1607.3181 396.27206 451.1296 0.007124868
551.1707 1385.2859 576.98236 675.6229 0.007111304
764.21796 578.4237 634.2809 617.7896 0.0070877853
770.0668 996.59717 606.9695 973.0826 0.0070782546
677.2224 1654.0579 174.55545 229.78896 0.007053017
519.7926 1615.4049 343.8512 429.42902 0.007012506
588.84174 1215.3337 653.89813 1386.4524 0.0069709085
557.52686 1287.8585 563.64734 621.2822 0.006942526
802.76056 1648.2347 565.0499 740.13116 0.0068920883
574.7846 2253.3582 1034.1709 1631.2418 0.0068288334
314.44937 1480.3418 568.6463 942.37524 0.006824158
421.4795 1402.264 471.41025 740.89703 0.00675593
853.70215 1432.228 482.6191 1177.6562 0.006743948
1017.1754 2882.52 174.27603 381.28137 0.0066334857
926.31866 730.60004 278.32172 349.4762 0.0065958085
439.9243 1478.9547 571.09326 922.1676 0.0065865354
912.8173 2563.317 383.02563 1015.4711 0.006578733
540.49304 1248.8466 618.096 680.53424 0.0064308164
905.4415 749.6719 347.5982 582.3436 0.0064192344
864.5334 2575.26 478.6491 993.6467 0.0064141545
489.64362 1481.1162 662.2212 953.7933 0.0063916636
725.1553 1229.8937 539.6039 847.22705 0.0063828207
563.2215 970.1218 670.50323 799.1263 0.00635567
572.8807 1291.9249 359.40598 426.3977 0.006275199
419.28983 1385.6963 439.9458 665.7714 0.0062679597
581.4888 1600.7498 644.38153 730.7452 0.006267238
797.0847 961.64374 309.26456 352.32776 0.0062639336
433.29587 1498.0647 781.53925 1009.84094 0.0062618502
834.1728 2577.9795 536.44275 986.02576 0.0062439214
838.9286 682.4375 510.32162 816.3937 0.0062435693
747.10077 1441.898 217.12929 273.8536 0.0062417416
639.1628 706.3634 894.7567 890.361 0.006230102
506.5037 1138.6886 672.33716 1326.2078 0.006144568
498.84906 965.2136 850.6555 1386.4661 0.006128262
520.52704 1635.2188 284.06094 367.7708 0.0060854973
1014.9419 2064.479 184.16422 2003.9086 0.0060663885
621.6744 1847.7972 932.5303 589.93445 0.0060604257
479.41428 1501.7704 692.415 1018.5185 0.006028289
733.68585 1567.7272 383.15613 474.84604 0.0060215155
690.81793 1709.8514 439.7992 515.1945 0.00601644
837.7674 1509.009 486.5481 836.77356 0.006008219
135.35605 1016.5893 241.4067 434.25647 0.0059794886
547.03845 1366.5795 294.29926 385.52 0.0059664003
279.11514 1214.2517 219.8819 377.0948 0.0059613767
792.10565 760.2575 608.4893 1006.92456 0.0059611793
861.7087 554.8523 366.66293 510.5258 0.0059145363
461.5723 1536.6029 425.01428 559.2764 0.00590801
113.00249 1202.2274 200.54248 433.06943 0.0058966563
333.22498 1222.9053 281.177 392.95157 0.0058473404
751.1563 1425.4183 565.10724 727.69916 0.0058168373
1014.15314 1531.0859 187.30461 3062.7268 0.0058118016
1016.5963 2296.1743 176.74313 413.89514 0.0057970244
836.8914 1188.9974 225.32109 269.3457 0.0057945712
609.793 1492.413 528.6755 794.3522 0.005776535
785.293 2579.0786 631.863 980.45874 0.0057667824
156.49908 1336.5758 284.4739 670.84424 0.0057371217
831.3067 1315.5554 518.8787 1387.5139 0.005724143
275.3597 1426.0005 494.8227 832.52167 0.005724107
635.682 1274.3328 685.8782 677.1606 0.0057069436
993.10956 254.7411 231.14229 409.42538 0.005674149
637.8887 698.23895 228.77843 251.04387 0.0056706658
874.1825 1682.6835 401.42505 613.1246 0.005668744
832.44604 922.072 379.98944 638.48456 0.0055901846
858.5627 1217.6613 434.3526 749.7067 0.005564777
379.65378 700.895 284.0116 351.6033 0.005558142
775.8454 849.0904 634.80145 1201.3547 0.00554408
284.916 1424.5857 518.8299 842.88 0.005542448
689.6187 758.5285 751.1006 971.9416 0.0055265855
755.308 846.7015 672.45685 1219.1796 0.005525108
485.69647 588.24744 507.0512 587.6155 0.005523481
1014.39105 2321.9194 186.39099 1499.6887 0.005475635
464.26733 1229.268 573.6999 808.2468 0.0054681827
708.1165 1660.2908 216.08586 260.97736 0.0054584667
837.8626 2553.8164 529.5106 1034.4391 0.005454888
368.51108 1454.597 257.1305 402.21524 0.0054364614
499.4705 685.3912 637.7694 781.58704 0.0053950655
450.00388 1417.5142 619.4509 1069.6871 0.005384925
1013.7705 2832.0679 178.07936 483.4545 0.005360229
657.42206 1103.3567 404.2661 525.6054 0.0053429566
845.98456 1552.8436 313.67813 465.1805 0.0053414265
532.71954 1314.7858 238.31297 296.76575 0.0053248787
779.9329 1367.1342 602.9244 1455.1716 0.005306106
932.56854 1479.2223 337.8383 1015.8884 0.0052513685
916.1476 1674.6542 364.40036 725.0466 0.005235572
802.34973 1645.2292 610.6652 2799.9163 0.0052339286
363.7373 1427.5828 455.90225 841.9602 0.005224783
819.58386 1277.8481 372.29105 490.79803 0.00521913
95.55479 1302.7703 170.01213 641.8958 0.005216427
685.9494 852.8234 490.73322 749.0654 0.005214196
606.91125 1396.3883 599.2256 707.677 0.0052075745
558.3864 1700.0605 525.95 568.7744 0.005181765
881.54205 1244.4056 266.22034 428.483 0.0051641385
664.098 1175.8954 584.29175 656.21826 0.0051510856
1005.1681 2584.8057 179.78035 761.1881 0.005135448
244.72575 2064.3062 468.24814 2005.977 0.005113445
916.74963 161.8999 382.78494 293.40933 0.005072227
692.1123 717.3771 282.6464 307.4941 0.00502772
674.93933 1258.1241 493.9173 642.46515 0.005000125
875.80566 1486.6014 248.78864 370.2436 0.0049979836
948.7266 732.1544 273.22238 402.8073 0.004979408
94.45108 1241.4473 164.47966 505.69107 0.004953802
690.8921 779.02985 503.48355 614.2772 0.0049454253
526.39954 1583.7216 637.5151 816.0471 0.0049401387
940.76434 136.09319 119.13961 94.50849 0.0049137105
667.7908 1869.1738 811.2799 1567.3328 0.004905273
793.6676 916.74335 176.43591 190.60994 0.004882534
639.80695 1529.2633 434.58514 520.69666 0.004873699
619.98254 440.32022 968.5298 855.46387 0.0048669945
765.2849 1033.8433 331.12637 415.08884 0.0048315465
242.08522 1273.8142 429.67862 567.8452 0.0048238356
900.94257 1542.0072 419.20377 3040.873 0.0048088375
447.2548 790.8983 638.5333 945.263 0.0047765095
985.47595 181.53397 249.08325 331.0748 0.0047719534
877.85004 1530.0912 379.02762 889.28174 0.0047542294
940.2513 1212.235 296.79227 531.33026 0.0047373534
1015.4114 2697.6294 161.80872 656.47144 0.004675969
784.6968 1738.1963 327.31674 446.37415 0.0046736393
703.396 1745.9633 249.76566 415.0346 0.0046650185
1006.84705 121.3576 208.5974 220.31343 0.004660765
772.38574 812.1095 642.2194 1209.881 0.0046423725
941.5342 724.3406 238.16003 266.43533 0.0046385336
896.59674 923.1446 412.27393 1302.527 0.0046341983
777.61975 1434.6324 187.14294 224.98065 0.004615967
454.95242 1627.7279 549.5622 683.8333 0.004611268
728.0568 1043.6248 289.74362 424.04694 0.004606322
902.8589 736.02924 181.46101 227.8864 0.004571199
204.65352 2457.7913 398.49918 1211.5637 0.0045533422
392.4447 1030.3357 276.24408 338.3515 0.004544375
721.55896 329.86743 762.9906 633.3232 0.0045302464
938.2376 817.04266 326.4382 1037.298 0.0045065936
324.85855 1166.7778 350.49844 617.08813 0.0045052287
607.299 1208.7719 247.34065 280.01468 0.00448261
734.66205 1353.6041 647.47577 1452.413 0.0044420487
603.66016 1443.4059 382.20364 534.2495 0.0044393865
795.01733 1639.8694 348.4403 434.82727 0.004430765
850.5677 1576.3032 511.5029 2653.1833 0.004396123
585.25775 1151.6313 517.0899 657.83527 0.004382836
551.80237 1619.6718 867.994 967.5431 0.004380144
690.8304 634.9335 350.10733 380.9718 0.0043732147
904.19293 800.82983 393.45346 1062.6982 0.0043581077
392.6633 1098.4341 503.54648 1075.293 0.0043573584
961.8329 584.4813 282.7043 644.4515 0.004353527
502.11768 1566.5143 375.58298 503.4511 0.0043492424
883.55035 955.4594 198.77106 272.2769 0.0043112948
754.91345 1614.9319 395.15106 595.64575 0.004296931
905.988 936.6568 394.259 1335.3759 0.0042944755
459.70712 1064.3131 518.05145 699.0741 0.004277719
427.74918 1243.125 245.18501 347.1785 0.0042690877
791.89136 1883.5923 228.69849 242.93909 0.0042558517
651.6049 1747.0045 477.15738 455.37518 0.0042297794
792.0357 1871.8308 289.3061 276.03195 0.0042049424
430.3811 1136.2006 413.66815 503.40555 0.004202603
407.2065 1320.194 387.95493 552.87384 0.0041934834
991.83624 2713.52 203.73453 718.567 0.004192159
767.7105 750.141 649.20325 1010.8943 0.0041768537
400.36273 602.07306 749.1629 1091.175 0.004173168
259.1518 696.58527 491.7992 1037.9086 0.0041698185
231.53188 1291.5532 408.61508 591.7735 0.0041564037
923.62396 871.26 331.93655 767.96875 0.00415121
383.6849 1252.1699 523.909 1195.6642 0.0041187666
533.7998 983.85785 255.68973 307.54672 0.0041171317
881.84906 1302.3 436.0294 1557.0332 0.00410816
1013.28955 1604.2365 189.29375 2909.022 0.004085657
825.6581 2601.6948 548.37823 935.05835 0.0040781302
853.9582 1517.8541 465.08954 941.8812 0.004073419
834.1487 1577.7013 551.4918 2923.4949 0.0040729083
553.06384 937.0891 637.2963 647.75806 0.00406093
607.64984 1651.8615 435.69116 474.96548 0.004060313
767.34784 1490.2822 631.49084 2134.902 0.004057728
513.8263 1840.8386 230.52698 250.04391 0.004053668
447.45776 1211.3722 790.2299 1166.2317 0.0040519396
545.9371 2586.3247 936.32263 965.5795 0.0040165987
891.364 1565.083 410.06473 975.67883 0.0040133265
843.3378 217.54218 533.8314 403.3591 0.0040129167
512.94684 1620.7949 369.41895 690.56384 0.0039746794
1024.1003 357.76782 169.61404 240.6428 0.003966806
518.58185 1192.1484 499.50537 1547.339 0.0039564595
876.1387 668.8346 441.04834 789.0774 0.00394962
879.1775 1910.4229 434.02942 380.84088 0.0039458754
1061.0955 2656.6843 91.00477 820.232 0.003932913
543.16534 714.2869 807.3984 873.1721 0.0039328435
1012.0902 2783.753 169.2568 528.11646 0.0039306325
376.20016 1485.6561 173.2593 324.19424 0.003924659
654.41534 1324.9779 381.43396 425.2764 0.0039131762
970.7048 680.8311 236.64862 373.6498 0.0039052165
652.6756 1340.358 683.19336 546.4482 0.0038934576
154.27237 883.38434 282.97308 666.6989 0.0038909211
809.1733 1158.0715 349.96774 647.892 0.0038787553
774.4044 1563.7083 374.98212 409.87436 0.0038736318
1037.9723 2452.6829 120.8226 380.29337 0.0038552757
496.1632 1611.9473 195.35518 271.70776 0.0038427957
330.2899 1127.288 270.9715 319.64532 0.0038195692
897.07056 1357.6199 397.22498 1044.386 0.003807935
967.7868 1136.924 255.23979 462.56635 0.0038054558
757.2769 1039.8278 377.54376 446.45633 0.0037676627
517.5879 601.3899 239.05333 264.59613 0.0037652813
705.4066 1355.7775 424.71753 498.63007 0.003763411
206.52031 1497.5221 374.68277 964.4054 0.0037622063
651.8107 631.3747 865.7972 768.9623 0.0037619472
958.11993 2548.5364 286.4979 986.02075 0.003751965
842.2037 1522.4017 507.61545 1185.0742 0.0037299301
517.41626 2799.4976 1072.4001 548.8232 0.0037127433
732.2409 1919.9913 693.58484 1393.2806 0.0037052792
320.55518 827.60284 588.8695 876.21234 0.0037040524
751.23224 1896.8859 208.19347 264.26947 0.00368434
258.90988 799.12683 479.9189 822.6786 0.003663846
555.60535 1606.9084 398.20172 769.0939 0.003661871
924.76074 2733.5098 347.47733 682.3013 0.0036606463
290.085 1252.7042 194.1916 370.1651 0.003644203
825.56995 2759.3809 515.56885 625.5153 0.0036364913
749.98236 1616.4188 646.23944 1713.3887 0.0036349695
1023.8349 2577.1028 146.91647 329.69562 0.0036319157
786.85706 1457.4344 316.8286 645.1932 0.0036229263
993.7399 1592.3693 215.39964 581.64966 0.0036190639
877.5378 1190.7275 224.51332 313.35968 0.003608695
187.71556 2455.937 322.16263 623.8628 0.0035955852
452.0097 959.2787 641.54 1210.946 0.0035915081
499.8911 1741.0469 194.37935 241.24898 0.0035913172
762.3518 1885.8994 214.64633 284.78918 0.0035878906
518.19885 1646.1276 646.1381 909.2552 0.003563164
986.7604 1586.9274 245.86311 2955.05 0.0035514643
963.81824 745.5388 278.6086 946.8931 0.0035491113
544.0568 1872.0239 242.15578 252.53415 0.003539537
1047.8094 2773.967 106.53793 286.07568 0.0035392074
565.7082 1202.6619 921.5842 706.8266 0.0035350663
735.0251 1663.678 681.9178 1721.2114 0.0035281477
623.9365 972.82935 519.39905 349.91516 0.0035203025
971.93085 1769.8585 263.85645 575.749 0.0035107376
752.2392 1575.4305 336.22083 793.5363 0.0035058716
557.89 1340.0359 297.27536 440.50195 0.003499314
665.3949 1439.201 499.92813 464.58652 0.0034965083
816.0557 1385.3511 413.25162 663.46857 0.0034950103
256.85934 1115.5387 472.68454 358.5128 0.0034762528
698.9671 1004.92395 435.32455 668.2922 0.003470097
373.29092 2753.6711 602.10315 661.19775 0.0034627109
802.97577 1402.6522 566.25903 2151.675 0.0034517187
518.5481 1460.8687 710.1413 1171.915 0.0034500116
586.7982 1173.5507 1006.56537 498.80496 0.0034447187
793.59094 1676.6583 577.49365 1667.4508 0.0034411703
667.3014 1247.7856 189.41414 258.8445 0.003428522
316.99802 2870.4402 524.167 408.0064 0.0034257453
958.8324 1549.8883 256.39465 468.55212 0.003423394
677.48914 966.9364 348.64847 526.5974 0.0034202032
1050.4619 2386.3948 102.60637 338.29987 0.003412641
524.2735 1589.02 447.62466 561.168 0.0034111477
844.9837 1106.8811 450.5278 615.8141 0.003409851
81.70771 386.15198 170.90134 706.88995 0.0034065486
334.3943 2824.102 339.37607 481.20624 0.003397736
479.652 1544.1472 407.33673 738.22327 0.0033931986
1015.8577 2557.2893 163.51613 384.79758 0.003392531
558.258 1236.1272 363.40817 544.2493 0.0033865145
626.33325 1831.8945 197.25148 281.12387 0.0033800916
355.983 1499.3802 177.53583 315.81525 0.003377423
545.27826 2857.5742 662.249 437.71844 0.0033763943
721.0495 826.021 294.02988 409.39594 0.0033630067
761.37604 2034.7872 632.3436 369.49796 0.003362842
388.7527 1116.7935 207.64905 252.61494 0.003354443
678.78485 1740.7958 576.2222 418.3179 0.0033373223
1043.0613 2765.9888 101.98982 490.50446 0.0033336035
1053.495 2583.1108 101.43392 999.5061 0.0033300915
511.95157 1595.0884 268.38263 386.0394 0.003329737
166.72348 1156.1631 298.83786 344.54233 0.0033265185
928.3045 685.0043 215.76727 248.86552 0.003323993
981.83386 1141.6489 249.33679 1829.1572 0.0033225778
796.4824 2752.7253 394.7738 645.55835 0.0033212944
534.1908 1276.9404 323.82806 389.99774 0.0033179952
816.878 1494.6455 202.84102 275.58777 0.0033119218
688.47656 1689.0072 144.04132 207.36337 0.0033109384
841.52893 2784.1248 217.7719 555.05255 0.0033084028
441.42352 1546.8502 193.11395 323.05167 0.003302918
548.85974 1010.4351 345.46375 374.5999 0.0032966388
962.74023 1817.5912 255.63667 398.63226 0.0032959827
1048.5693 2309.6506 110.51822 421.841 0.0032860301
837.2398 1281.9098 334.4834 520.2755 0.003283977
966.39087 1858.0992 266.91425 407.9076 0.003282579
675.2538 814.05145 288.1671 403.70297 0.0032801554
1060.6595 2617.4111 91.123405 686.7445 0.0032734058
718.63715 1164.5504 371.39346 394.7561 0.003272085
555.76385 319.64163 1103.3632 627.7907 0.0032679897
868.1486 2382.0981 476.30685 1385.1229 0.0032667336
874.00635 890.46844 246.28113 340.4906 0.0032587845
502.20572 1218.4663 782.06006 594.37634 0.0032506075
749.91125 1527.8772 377.77872 461.9165 0.0032504315
778.4306 1308.5447 564.75635 1431.6724 0.0032468815
1016.84265 1509.2126 181.54991 1036.621 0.0032405006
655.07227 1662.7888 140.33357 191.96115 0.0032230772
258.82977 1135.2268 466.4113 532.0347 0.0032090552
654.386 1632.8132 182.09915 245.88887 0.0032088126
1016.97406 2530.8655 169.92267 917.6622 0.0032087062
565.55646 2056.8193 1084.5496 1052.7594 0.00319849
848.6788 2670.5044 515.81714 816.7815 0.0031984264
980.50354 2020.7468 253.08821 2094.1804 0.0031947813
333.557 944.06226 368.20215 498.32498 0.0031822054
951.16125 1523.5223 191.11742 328.0865 0.003173309
818.739 2847.546 345.79486 453.16568 0.0031699545
517.2821 1411.3817 296.83762 777.58234 0.0031697797
676.9321 2956.058 171.67235 234.68835 0.0031671878
260.39352 497.99786 503.5623 887.2828 0.003157884
390.66574 2925.0796 397.28107 311.56653 0.0031573183
674.2131 1189.7422 339.1574 772.54333 0.0031491749
961.58905 1309.4851 284.06702 821.3541 0.003144586
837.76447 549.48376 486.65912 558.37445 0.0031348583
990.32513 650.1339 201.14685 338.70334 0.0031306366
412.0897 2842.5557 370.34958 455.20483 0.0031264948
127.570465 1522.3055 234.7876 1060.4362 0.0031164023
1014.58624 2607.9346 171.19261 926.8803 0.0031114907
420.08545 1422.063 792.9923 1317.8967 0.0031087336
573.60535 329.98447 246.57585 250.35545 0.0031054046
1009.3332 1518.2488 196.44456 1060.7765 0.0030914007
749.21796 956.9697 156.17924 198.59721 0.003080406
269.61908 1385.1359 294.0807 662.15796 0.0030771333
489.2083 940.8878 366.82986 448.11877 0.003068801
698.5906 1615.0682 292.6131 647.7064 0.0030604168
861.95514 1797.0325 225.07872 354.25574 0.0030498903
408.1481 1505.8446 190.82068 317.93958 0.0030450951
448.82968 907.5826 597.622 968.128 0.0030429214
841.39453 1753.9253 202.70622 345.85773 0.003042473
989.7319 127.5687 244.29755 224.55267 0.003037194
999.79474 1682.683 213.64291 773.9022 0.003029796
1064.1744 2741.1497 75.904686 282.49344 0.0030255502
501.39383 2194.1167 812.4191 1600.7432 0.003023678
915.6596 2803.0095 332.10294 553.7418 0.0030096995
894.31494 1737.9087 202.35184 332.62048 0.0030031204
1014.94037 1634.1099 181.90262 2821.1343 0.0029984927
115.46969 2982.0723 219.98615 188.93219 0.002998212
156.82188 2745.7852 268.6687 547.7024 0.0029963225
583.8577 1812.5886 269.40317 362.3742 0.002992577
133.86551 823.3065 247.16849 816.8136 0.0029843168
977.071 2837.4941 229.17334 472.1283 0.0029840374
798.2127 1908.9302 158.31017 201.57841 0.0029641364
740.8306 940.941 242.84416 286.2287 0.0029597455
1041.7069 2980.3635 125.26129 189.32027 0.0029580335
758.9609 2870.1614 256.25793 399.67923 0.0029553627
515.9185 2956.4443 697.6896 241.45122 0.00294445
745.3704 1457.8115 328.616 834.0411 0.0029294812
568.46436 1547.7345 1072.5642 3021.9434 0.0029156655
1058.9385 2335.4358 95.313385 473.953 0.0029060522
120.330986 1722.7405 197.7191 358.23825 0.0028880879
789.783 2511.2031 482.36868 575.838 0.0028830818
1019.77344 1690.6444 176.22449 748.90045 0.0028812562
836.0571 1720.6158 493.6022 918.91156 0.0028784382
887.6396 2755.7014 370.69327 658.0997 0.0028681266
354.10477 1338.3589 321.54712 598.32465 0.0028675552
729.82495 2630.763 259.11792 415.5438 0.002864872
918.02075 1124.1687 377.71048 2012.8467 0.0028483584
1009.436 606.52136 188.16875 521.95496 0.002845953
425.35785 1929.5508 234.79384 286.6392 0.0028382512
480.5113 1780.5983 161.50432 188.53015 0.0028375967
720.47095 1652.003 380.95648 382.46487 0.0028355618
485.40442 2974.322 990.4076 201.54764 0.0028348432
717.16656 1865.2843 173.34088 234.95871 0.0028337864
584.07135 2474.138 311.4299 530.15955 0.0028284206
266.00406 943.752 491.7381 655.1776 0.0028231898
873.7838 1372.0812 409.87234 1117.3052 0.002822555
642.6432 1571.093 258.15884 354.5493 0.0028193048
931.112 1640.0723 354.37878 2852.1152 0.0028191067
916.35583 1487.0189 176.09467 268.95364 0.0028155285
586.4424 2506.8027 300.57217 569.0454 0.0028122023
333.33612 1546.5266 311.05994 579.92914 0.002807881
435.20377 627.819 372.52325 486.0758 0.0028070775
337.99384 1520.8378 305.12885 565.34424 0.0028049292
830.78784 1570.2776 531.53046 1098.5593 0.002804244
872.27155 2040.5032 442.32333 187.56073 0.0028002704
632.5346 1263.879 484.5657 422.81702 0.002799123
157.28757 471.9191 302.85587 830.302 0.00279154
403.03088 1511.4084 183.43674 312.10754 0.0027911004
1006.47235 1730.4302 197.09708 684.4681 0.0027847744
494.19437 2899.3127 1032.888 402.60248 0.0027839586
642.1232 1365.1799 201.63559 292.914 0.0027749254
671.3669 1711.2642 156.54948 248.67294 0.0027686593
847.7935 1684.656 192.23586 290.9109 0.0027584354
559.3056 2270.2659 962.8377 612.7539 0.0027570191
487.2174 1722.5957 481.92957 788.36725 0.0027519397
1072.5114 2810.4707 68.30776 507.23663 0.002749512
929.84546 2400.0464 242.76105 429.91028 0.0027484754
590.32227 1679.5487 949.5576 1548.9357 0.0027479762
533.45667 2310.9597 575.23975 438.39908 0.002744962
568.8652 1630.6752 145.47209 228.38992 0.0027418204
473.87497 2537.834 256.2094 448.16846 0.0027399657
864.2044 2799.6711 482.13004 545.3523 0.0027266857
471.62512 1549.7836 168.39133 257.7699 0.0027264305
501.28857 325.1793 273.7424 308.98892 0.0027233155
662.351 691.3513 505.41953 540.7102 0.0027205856
379.2511 2362.0361 235.4419 377.0496 0.0027147608
619.63074 1578.1648 339.16248 381.2743 0.002712914
761.31647 2436.5913 308.5615 647.149 0.002710897
713.5598 1266.7719 306.01163 373.91577 0.0027073068
689.5119 1922.9264 167.3251 205.76381 0.0027024455
649.56616 1782.1348 157.24132 238.8698 0.0027004017
683.7204 2727.733 644.1185 701.9399 0.0026987842
827.0688 1912.171 540.4838 488.342 0.0026975498
1017.6869 1114.4907 167.72034 322.04416 0.0026926193
505.6611 1589.4912 339.17593 594.9498 0.0026916591
1015.2529 749.21924 159.60086 238.4522 0.0026874817
1020.784 2832.2993 149.23888 338.9546 0.0026803927
507.76663 1073.7625 566.321 1471.0432 0.0026802705
594.11127 2723.9985 545.0169 684.6468 0.0026719626
548.2065 2379.4802 241.92519 389.6533 0.0026717377
994.19257 885.1585 217.26524 715.68054 0.0026715242
565.1916 1542.9355 1085.0056 3028.5698 0.0026614175
274.03973 408.9795 314.3308 397.99402 0.0026515608
677.0835 1560.2626 452.29346 924.21277 0.0026511247
935.0899 2646.465 195.9631 415.03247 0.002651014
699.24286 1209.8027 198.98453 253.10428 0.0026508057
1067.7616 127.685234 90.50153 235.99979 0.0026380534
744.6832 930.0445 118.58959 134.84633 0.0026331388
222.62718 574.9157 420.62402 699.06335 0.002619128
327.6482 1618.3503 197.43082 288.56442 0.002616099
120.30921 1838.741 209.10333 460.05325 0.0026054408
727.5849 150.34944 265.09207 234.7959 0.0026036482
752.9849 1291.8569 321.9881 689.51337 0.002603325
470.23056 2452.5745 603.92377 882.612 0.002596839
509.83887 2393.1265 260.96405 446.54935 0.0025920416
890.3017 2295.3345 218.08972 392.7067 0.002586274
713.1045 2370.0408 463.8724 516.9298 0.00258462
600.0073 2744.3215 849.9121 663.40326 0.0025708815
882.3236 1745.208 245.74304 465.53354 0.002568514
621.1548 1692.4423 931.6455 2724.657 0.002567824
554.13464 2316.8267 708.017 1068.0094 0.0025656181
301.20218 1047.2744 334.58505 506.9792 0.0025656107
937.20233 765.4637 177.87523 189.86142 0.0025593452
988.6996 758.8775 235.31209 1061.0342 0.002552745
963.1263 1993.5273 286.50165 2156.8801 0.0025511405
802.6813 1647.0199 516.4367 1578.51 0.00254642
911.4087 1270.5999 339.8623 1205.3873 0.0025450566
210.20578 672.3899 337.04977 438.86115 0.0025446997
115.5043 512.74915 210.13895 458.15057 0.002543989
497.96036 1454.8828 392.1523 761.3871 0.0025391513
266.00467 1482.1589 214.68842 295.28983 0.0025280842
659.36444 1847.1548 203.79565 302.38617 0.0025218488
541.75256 2336.9001 170.62173 248.30545 0.0025217265
635.213 1657.8124 319.84357 334.597 0.0025216232
647.68774 1666.1378 409.7347 343.20438 0.002520719
983.7083 1129.8517 184.32089 293.91754 0.002515618
985.19965 1079.3876 248.13022 2066.279 0.0025133397
686.3628 2943.1108 356.88333 269.49866 0.0025125628
765.89935 2047.4985 325.46533 319.35678 0.0025100291
855.95636 1755.8641 448.6319 761.33044 0.0025086757
484.47128 1756.7058 461.27237 781.92535 0.0025015373
837.58484 1717.8708 491.27493 1465.1014 0.0025007355
511.16702 2300.319 761.7835 1208.2699 0.0024983054
265.42892 2791.6516 455.95172 537.7975 0.0024976186
673.41876 2325.2 503.62567 688.3784 0.0024941
1065.051 2299.2156 90.354 364.30505 0.0024913824
464.72003 2995.642 1016.501 162.02626 0.0024899608
905.3362 2306.6274 372.5075 447.65344 0.002489905
606.8673 2448.279 557.0333 795.82697 0.002489455
799.62866 2830.5 181.60837 407.65887 0.002486506
499.97833 1457.6545 507.3164 1040.1409 0.0024692335
66.72838 743.76685 124.3493 473.92957 0.0024687273
1035.3528 204.8946 150.52023 105.38264 0.0024665396
998.3571 2887.5989 212.64513 373.78287 0.002466224
528.8258 2335.5469 250.94583 391.34058 0.00246431
472.73904 1146.7996 270.2324 471.3493 0.0024535332
411.97717 2205.6777 248.78616 339.20972 0.0024522953
603.5972 2211.6172 268.83545 358.25937 0.002451023
991.9537 956.099 227.38443 1596.9362 0.0024503097
1060.3992 2957.484 85.61836 231.06604 0.0024454775
331.3079 761.48413 586.63324 801.57104 0.0024441134
484.30283 1717.8289 564.49896 1159.158 0.0024366665
832.8868 1870.1299 148.15364 205.18716 0.0024329836
108.8147 954.2484 168.02768 273.4271 0.0024305624
1015.37787 1802.9495 177.19333 390.5518 0.0024290252
787.5865 1624.2482 574.3564 1672.8977 0.0024267582
505.54376 2986.2048 446.86667 178.71172 0.0024218801
671.0374 1622.1204 498.45828 379.011 0.0024131713
625.87604 2217.977 214.75069 292.65674 0.0024128316
497.94507 1961.4006 274.66183 344.54584 0.0024127467
125.57123 2930.757 230.47412 262.9913 0.0024097175
749.6854 2234.1462 364.11285 318.29556 0.0024063154
645.3883 2757.5881 248.93619 424.5233 0.0024034085
979.00726 1450.1198 252.83969 1257.5967 0.0024017228
750.9227 2624.4863 352.9021 557.9426 0.0024008674
884.6064 1505.6342 193.5404 274.11267 0.0023964492
349.98514 1461.3972 272.91577 614.34503 0.0023759357
942.99585 724.3976 289.28976 459.47382 0.0023750407
992.82733 1912.9078 203.38728 270.55118 0.0023724446
547.8365 31.319899 1054.9545 62.730488 0.0023706036
678.43146 1750.8861 162.12964 288.2765 0.002370397
690.1799 2275.0771 350.11337 448.59402 0.0023697442
767.31793 1665.3986 196.8005 281.19345 0.0023680641
653.92566 291.14484 930.82324 568.93115 0.0023677533
835.69653 1225.9156 287.13065 1589.5558 0.0023651237
627.7328 1535.298 957.48773 2900.9766 0.0023624382
620.52826 1085.453 346.16565 372.5472 0.0023604634
647.43256 1534.286 186.29091 314.25012 0.002359866
607.47015 2698.6355 275.4633 422.35156 0.0023505487
805.60706 1576.9508 543.7317 1578.7717 0.0023500435
114.24542 3038.5276 209.49783 77.27065 0.0023459252
738.5262 2323.3284 261.64975 454.8987 0.0023450493
517.2927 1699.9458 686.56525 872.1141 0.002343593
1067.2496 182.31972 91.861046 338.65115 0.002337669
1019.2328 686.18 154.50278 247.99625 0.002333671
691.1992 2407.755 409.7381 764.12476 0.0023310527
356.63525 3028.6145 241.7568 95.00834 0.0023305947
480.3049 2261.8577 205.19337 295.8744 0.0023286198
677.2227 1731.5559 185.66676 317.26758 0.0023209676
366.35846 1411.3217 191.26538 252.7183 0.0023178714
941.36945 2379.045 162.77304 415.24124 0.0023069715
632.5491 1870.4587 883.07135 683.97345 0.002304282
662.3736 2637.2249 182.59656 317.839 0.0023027488
1033.8336 1169.3595 148.60228 454.92197 0.0023010098
1023.07 1109.5471 165.88815 361.32382 0.0023002722
961.99554 1833.2314 253.62984 360.75095 0.0022980343
320.62173 41.918655 296.25015 83.99569 0.0022979567
891.0685 1318.1189 410.34863 2226.8018 0.0022969227
552.87805 2394.1643 221.37718 423.51398 0.0022947534
639.8362 1315.0135 151.02751 210.01431 0.0022917946
325.44458 1435.0742 248.6959 586.03394 0.0022906568
646.48785 2247.4146 537.1547 805.55383 0.002290176
146.32031 480.15683 272.1298 525.0937 0.0022894714
859.591 2800.2642 448.70502 546.0245 0.0022848719
462.59976 1157.0604 374.63406 702.77374 0.0022741095
789.96796 1407.026 358.17487 742.216 0.0022727565
769.1305 2062.0618 490.4293 437.99228 0.0022715514
527.7037 1115.1337 709.8232 1419.6298 0.002268319
1029.1378 2898.298 132.6538 309.06064 0.0022630007
752.18854 2225.855 251.26065 328.0539 0.002260673
949.2483 1481.5151 305.7169 1150.335 0.0022593495
592.7855 174.46092 1046.0574 332.6358 0.0022559005
602.975 674.4212 979.0896 856.5672 0.00225458
480.29147 1673.6626 553.3745 1851.614 0.002242101
212.19472 713.1921 405.4196 1049.0293 0.0022359628
212.02946 320.9887 374.20953 517.12256 0.002235365
414.86426 1514.8698 511.09802 1115.3435 0.0022341372
996.1268 2568.3518 217.88826 1075.2021 0.0022331276
417.21393 3029.6904 165.11945 94.59851 0.002229815
870.45984 1704.4432 422.13434 1202.9729 0.002229412
1013.42035 1370.9323 188.9985 1356.6296 0.0022281988
883.1365 1781.5634 177.59163 305.48282 0.0022229648
1026.8783 1575.6913 152.54591 414.07578 0.0022192905
977.6942 1392.8579 191.52367 372.83612 0.0022182972
645.8653 2564.9177 174.66376 293.0493 0.0022162262
748.2712 1362.792 394.42297 586.2205 0.0022159205
552.3927 1860.6416 138.05759 204.36511 0.0022107216
778.9712 2579.3088 640.7137 1018.9595 0.0022106995
1015.10657 2123.009 179.87305 175.49515 0.0022098403
1011.93353 771.6387 182.21748 568.88855 0.0022094438
578.07263 2591.2046 1050.35 1028.4829 0.0022052168
975.39874 1373.1064 255.96657 1169.4294 0.0022045528
605.47644 2091.867 613.993 706.51697 0.0022039772
912.1804 2137.46 198.38481 187.72249 0.0022019688
852.58026 2991.3184 228.35835 174.52995 0.002201815
914.5308 2915.7336 173.67368 311.67676 0.002200133
52.136944 1580.4004 99.56421 682.6775 0.0021974663
781.062 1390.2399 182.15958 240.82956 0.002191565
921.55676 2675.7422 416.2524 806.0258 0.00218939
554.3885 1802.6902 264.90875 270.103 0.0021868015
1011.8097 852.91565 191.62408 1236.7712 0.0021850138
775.47675 2891.6345 593.7696 369.44446 0.002184995
253.70644 1668.4261 331.03757 381.82736 0.002184569
366.8678 1455.7479 155.61346 260.4385 0.0021812506
623.52936 152.32721 191.2985 149.4584 0.0021766773
749.42926 2194.829 217.11172 290.74457 0.0021746051
1026.0847 1784.3829 157.46042 534.00385 0.0021734815
528.5691 2255.8054 319.36234 439.57175 0.0021700542
761.6227 2887.9172 639.90137 378.92932 0.0021660712
1023.1913 2911.2068 162.16313 313.8854 0.002163351
1012.3111 1622.6865 190.87585 2842.259 0.0021619804
317.29187 2056.86 308.35107 414.3787 0.0021593517
556.9717 2730.9434 230.28593 264.08466 0.0021593403
839.9891 2253.8245 334.9935 355.97122 0.002155616
1008.17126 2041.6962 197.16878 181.28757 0.0021553966
1022.57 694.1541 166.03244 399.89484 0.0021511754
706.7332 1801.1282 164.54683 259.05157 0.0021509964
256.05222 1901.5022 238.98062 287.59244 0.0021509503
393.51096 1317.5599 414.12418 471.59814 0.0021489493
605.98785 2245.324 365.17316 395.7886 0.002147972
814.29004 2657.4685 192.63496 350.09137 0.0021412096
59.150658 486.48984 110.47367 405.6076 0.0021385988
1037.4734 402.03 149.13792 784.0497 0.0021374892
671.363 2618.0156 236.38887 374.78943 0.0021344998
575.3952 2076.4895 171.53337 219.52861 0.0021338928
621.8985 2458.1838 300.21918 419.90744 0.0021328572
592.0084 180.36092 1009.35455 343.43716 0.0021306158
747.87085 1470.762 419.58606 537.4295 0.0021290125
507.7055 1948.4501 306.4591 431.28506 0.002127544
771.9478 2465.7327 219.7517 370.0423 0.0021109672
576.28815 1084.9232 1085.6759 2041.0723 0.002096249
593.7841 363.4874 1020.36694 728.4802 0.0020943675
616.4025 1505.868 282.64514 600.7542 0.0020930076
735.1038 2139.2817 651.05945 679.28796 0.0020864
282.51855 1789.2245 221.20734 303.3432 0.00208352
765.88885 1992.3611 614.232 708.82416 0.0020783057
527.13055 1324.0201 481.14832 506.1604 0.0020737022
776.7961 2081.2002 366.51944 713.0714 0.0020736598
495.52948 2104.1697 301.83176 502.90228 0.0020718232
784.5591 2038.8346 176.46468 210.65692 0.0020687436
613.15106 31.123793 1033.5065 57.9849 0.0020661366
871.34125 2912.2405 661.69324 68.44731 0.0020632923
151.74362 301.69025 291.39493 512.1923 0.0020622252
1070.1813 73.4178 87.84312 127.184654 0.0020620378
338.28452 1290.5414 191.16418 347.59363 0.0020596795
786.51434 2679.6626 224.61674 454.7517 0.0020590904
886.7164 2928.436 155.70825 294.65836 0.002055348
772.72925 1714.1965 236.38884 374.14243 0.0020545286
237.183 3042.542 210.31651 70.83161 0.0020472696
552.7233 2022.2035 428.4103 869.2377 0.0020384602
1007.54425 2290.4963 196.21411 1612.9222 0.0020370171
1055.8782 286.34433 114.17324 291.43646 0.0020367613
1009.1794 1879.2274 176.46567 264.37836 0.0020287104
1045.3589 2204.738 131.18558 224.00352 0.0020239623
563.77655 1789.8936 389.19974 674.7266 0.002021883
513.4463 1488.885 573.4778 580.6173 0.0020208673
490.31897 2526.383 826.3339 365.1274 0.0020204047
1018.04407 2134.307 177.19623 1995.5067 0.0020192156
723.3763 2474.4329 520.423 471.64023 0.002014042
645.8576 3035.2354 290.6303 83.549416 0.002011569
914.7807 2958.996 331.96048 226.5482 0.0020093024
564.52563 893.5312 578.18164 378.71545 0.002005155
1002.09534 1869.4149 201.94403 374.68457 0.0020047466
491.301 89.49693 245.13428 173.31917 0.002004219
841.71326 2282.389 511.52966 1004.53284 0.0020024707
619.5014 2234.671 365.41498 720.90063 0.0020013675
726.7505 3037.7083 276.8964 79.21631 0.0019971936
533.2948 2018.189 337.1534 690.3768 0.0019927428
1013.4775 1114.003 180.68478 1730.6874 0.0019922755
679.8425 1199.9772 321.88358 484.06033 0.0019913465
1032.0254 1293.4402 151.00703 665.7224 0.0019886172
1020.1768 2570.108 141.43268 233.68813 0.0019876114
439.70123 86.226944 396.69623 167.55304 0.0019873655
1073.4192 2114.8164 78.90807 152.21518 0.0019867017
623.12964 2449.122 399.44495 914.76605 0.0019856924
745.06085 1479.177 490.20517 1154.4705 0.0019843103
894.054 1563.8494 394.21613 1037.2366 0.0019826123
33.598946 781.3384 69.70053 368.08722 0.001980828
1016.70154 2624.435 135.5569 264.05893 0.001966799
718.59894 1803.6996 216.38496 450.10657 0.0019661176
792.7993 2538.0032 482.05774 178.86371 0.0019633847
688.4995 89.31872 829.77856 173.45296 0.00195552
960.0457 1139.9877 283.1252 1826.4977 0.0019541143
643.57495 2197.2388 335.74567 600.7849 0.0019509762
831.56854 2946.2896 245.00075 258.21866 0.0019469043
1091.787 210.09563 42.162132 404.74817 0.0019465273
829.23505 3031.534 221.61076 93.073654 0.0019160204
798.90356 3044.656 294.15732 64.41463 0.0019107388
661.09515 1648.03 615.135 915.17944 0.0019075205
926.5185 2825.4854 163.75621 387.39542 0.0018816065
1018.8024 1689.9664 172.38081 372.5282 0.0018797312
1063.9552 2997.542 79.87356 150.61282 0.0018689211
813.43066 2640.5266 220.92853 423.36533 0.0018584763
715.5742 2891.3574 683.646 462.363 0.0018582563
1012.57526 1962.3418 174.71211 341.3179 0.0018556807
1046.191 3044.637 120.243996 66.283104 0.0018552754
751.3358 2952.3503 734.1691 245.98845 0.0018541066
449.09506 145.27808 209.82562 178.85193 0.0018406354
832.9449 1747.7817 204.92502 440.30823 0.0018400548
649.81085 1541.8903 445.73535 343.32 0.0018270654
885.6806 2895.3713 659.37213 89.33765 0.0018262143
709.5573 2162.43 199.39487 241.9011 0.0018191274
1017.0697 2499.4697 145.2386 277.59772 0.0018162756
802.74274 2408.4731 180.48692 336.35684 0.0018129555
828.62994 2285.364 182.82437 286.5589 0.0018124034
935.146 2240.2563 330.91333 1393.2191 0.0018014943
351.6603 57.054016 687.219 106.415016 0.001800986
1020.1983 3028.8232 148.8868 94.04191 0.001799896
812.134 3049.547 200.08777 55.32965 0.0017898807
426.30838 1675.0085 329.30325 483.3264 0.0017895168
588.4228 1555.8484 1035.4318 2995.1118 0.0017891141
616.72955 1122.0941 995.47546 1859.2471 0.0017847652
659.2086 2306.967 586.9626 664.2277 0.0017824245
523.2085 1994.3877 506.21265 800.6911 0.0017797211
998.74036 3032.43 150.57872 95.06471 0.0017794839
862.0943 2210.3848 432.4407 409.12698 0.001773677
538.23157 1780.8654 696.8527 740.1653 0.0017735063
241.64465 1556.8976 435.90137 1035.9097 0.0017710159
832.596 2603.097 224.92967 473.96964 0.0017709124
917.4907 2015.5763 186.01968 166.10242 0.0017612299
812.0793 2944.3306 610.3836 318.4435 0.0017597274
1032.1317 1435.4094 152.6168 1242.1729 0.0017566183
1031.9381 1360.7083 159.21762 1472.8208 0.001754596
902.886 3010.2517 141.6093 138.94223 0.0017480046
769.6808 2123.5393 194.02917 221.06374 0.0017469641
840.8763 3007.9753 140.66876 141.37389 0.0017441306
1020.86755 1196.6205 165.76468 1602.9454 0.0017348289
802.18835 2139.582 227.7437 294.05112 0.0017260825
975.94495 1861.2964 199.83563 268.35794 0.001725106
951.8213 1101.278 298.56 1401.5226 0.0017247004
758.9589 3053.8909 486.70828 49.963436 0.0017236605
1032.148 968.7601 151.31322 697.6893 0.0017218958
727.80774 1523.9563 273.99832 435.9302 0.0017151125
1011.99536 2565.5083 128.8242 416.20245 0.001711722
757.69366 2235.0647 161.87425 217.94073 0.00170572
293.12845 88.59242 580.1652 175.08125 0.0016992164
1026.5435 3005.3801 148.18701 139.75983 0.0016880374
586.10126 2707.8142 1059.0657 784.56433 0.0016809064
873.9831 2454.2842 159.08226 366.86005 0.0016795252
594.4695 2264.3164 900.3401 1414.0483 0.0016738191
1022.56586 1633.7883 169.68935 969.3537 0.0016618273
958.1762 2193.9124 226.19133 251.83246 0.0016512971
810.65857 2229.7627 229.11873 334.4323 0.0016458781
1036.1958 2175.6013 143.29741 1782.3815 0.0016397038
989.6963 2085.4517 212.91876 285.518 0.0016308578
1047.795 1282.2932 122.98148 759.82544 0.0016268262
916.61115 3037.687 168.72163 81.70426 0.0016038938
172.12013 104.099525 339.48834 199.02266 0.0015893665
1021.095 2620.7742 168.73398 900.43176 0.0015867823
487.84576 2093.7292 517.15717 431.1458 0.0015827158
622.52185 1069.0884 970.3315 1958.4435 0.0015804516
902.3128 2989.1338 446.6283 279.71762 0.0015795347
968.0606 1883.6799 240.35983 1124.9482 0.0015579825
1076.6025 3017.1736 65.1437 118.045 0.0015488032
834.9798 2192.2786 192.45715 225.49149 0.001545323
702.7511 867.82465 459.6545 739.5047 0.0015419063
890.01654 2032.823 377.35687 499.6051 0.0015414711
1086.2312 2626.1665 40.82209 304.03522 0.0015395955
851.37555 3051.4053 269.9636 50.686256 0.0015333594
840.1365 2567.9858 513.55835 251.61009 0.0015145015
1048.3195 552.21576 124.123184 223.95114 0.0015122397
1068.2484 336.36105 91.20674 193.01933 0.0015101403
924.15674 2247.4678 320.6311 1431.486 0.0015099777
668.787 1257.548 377.31253 659.85706 0.0015083712
940.014 2255.9922 275.71597 452.08667 0.0015079338
915.12994 2350.0154 328.36502 779.6215 0.001502023
1011.9922 2328.745 152.36813 483.19623 0.0015014753
686.6812 3054.811 707.73663 56.49362 0.0014984387
1081.9534 2575.2288 68.174225 299.23166 0.0014873417
1017.66565 2122.299 157.88399 473.6043 0.0014856785
1021.3268 3000.3364 142.63768 122.63832 0.0014845887
1029.8406 1405.8075 152.488 1333.6357 0.001479444
902.01587 2115.2888 246.02725 329.3545 0.0014733733
462.40524 1460.439 401.5461 641.5538 0.0014724166
1037.1705 2134.4727 132.01192 188.86008 0.0014485222
623.3098 1538.102 367.10822 818.83484 0.0014407514
1017.6407 1926.0758 181.67804 939.28754 0.0014366008
373.41794 1047.6317 258.82892 1098.4058 0.0014340598
14.821928 392.72144 28.859325 479.49017 0.0014240593
1064.5687 1563.3231 86.49644 949.3772 0.0014216426
1048.2029 1605.8706 114.50428 335.08713 0.0014209563
1058.9081 1083.1508 102.84836 370.23788 0.0014138798
1013.80695 2809.1257 125.190796 524.16516 0.0014072955
266.48383 1431.0603 377.6954 470.35248 0.0013906679
658.02264 1062.7852 355.57632 553.1729 0.0013884956
1078.3491 1832.3705 61.903683 486.71512 0.0013820016
650.944 1147.348 901.19574 1791.3654 0.0013658056
1077.503 1833.065 66.89093 441.64536 0.0013427441
1054.9397 930.2245 102.56463 354.24216 0.0013402253
1051.0166 1708.7681 139.66977 483.42575 0.001332687
1013.2244 2339.9536 159.46489 772.8469 0.0013227214
1082.6064 1869.8519 56.464066 363.44427 0.0013076327
902.4288 2188.9673 321.8651 375.3067 0.0013073593
650.862 1406.0016 443.5928 529.1299 0.0013045992
774.62714 2580.9204 495.78418 179.4445 0.0012930151
752.4036 1878.3983 464.87604 1338.7854 0.0012888481
911.37274 1309.7339 442.01205 670.2154 0.0012806607
703.74304 1048.6676 347.50015 787.14325 0.001268626
1102.9004 2862.665 17.269444 392.76303 0.0012606957
801.9456 3068.2058 326.09256 22.127604 0.0012435137
1085.4648 3002.0234 61.325954 139.0337 0.0012287701
1041.9883 3049.5234 128.70424 63.061928 0.0012064622
845.5668 1525.8281 409.72665 881.76636 0.0011930509
942.82635 2267.5625 322.28888 397.7236 0.0011911155
550.6652 2437.366 1085.0298 1639.0863 0.0011890115
1090.4695 455.64703 42.775425 520.161 0.0011853679
1087.1172 2507.5322 40.654648 235.10736 0.0011844329
805.47516 1698.4318 442.8482 856.31726 0.0011812364
1089.0691 332.1089 46.479645 232.4906 0.0011766097
595.0873 1604.2263 1012.2272 2880.9116 0.0011727214
1076.6969 1239.877 69.17185 355.5614 0.0011691566
1060.6276 1312.8406 95.82255 276.03903 0.0011613657
448.31662 762.9668 350.23657 842.2387 0.0011462147
929.78973 1815.6854 411.71753 610.744 0.0011260685
1097.7445 2955.732 26.465248 230.28209 0.001107154
761.4597 1765.8239 550.624 1924.1627 0.0010919117
1068.3635 3056.358 74.17623 43.489937 0.0010917542
10.044135 709.14594 18.227215 326.30533 0.0010802833
1083.3284 1165.6398 56.45451 384.2157 0.0010760844
1092.8663 2190.9268 37.30138 303.03995 0.0010657858
1089.9729 754.0619 45.66483 1229.6252 0.0010564559
1096.6355 400.1307 30.56279 391.74677 0.0010548477
450.5878 1668.2605 719.4746 939.68353 0.0010368496
1078.7479 2033.1672 59.34317 242.49611 0.000997628
561.7754 1730.7004 509.187 790.0125 0.0009945793
1077.6124 3053.7627 72.74963 53.487762 0.00098461
285.74152 1574.3203 556.1449 1106.9398 0.0009737882
404.08365 1439.3301 326.24835 803.36633 0.0009720969
772.01984 1608.9973 561.1567 785.26605 0.00097081467
1092.1465 1119.4482 39.471085 426.80124 0.0009704748
1092.8507 1794.5045 37.24285 543.53564 0.0009621429
842.4284 2762.7395 421.03754 245.83516 0.00095033064
651.4112 2903.405 678.511 74.195404 0.00089904974
642.3863 1282.5098 311.1481 595.4756 0.0008956169
408.271 1529.794 305.31052 635.6397 0.000894567
968.7069 2453.4287 254.73175 375.2878 0.0008868474
1097.3385 1061.3065 28.906265 627.00397 0.00088037003
689.0409 1527.0997 393.1177 926.86115 0.0008707274
1104.4807 2730.1208 14.669887 283.58865 0.00083964947
857.1896 2805.6394 551.77997 103.15736 0.0008389033
1002.2419 2673.4727 129.66328 814.97595 0.00081570365
1021.01355 2066.2798 170.11647 155.12929 0.0008076479
1102.1968 458.13367 20.73667 424.10324 0.0008070429
835.7323 2510.1638 375.296 312.9172 0.00079049286
954.73645 2416.7905 279.01514 1743.1038 0.0007855376
1105.1052 461.87247 15.173664 448.52414 0.0007802823
781.2889 1546.1572 352.6075 809.148 0.00075961446
691.91907 1492.1729 357.43353 500.7279 0.0007388832
542.8535 1295.1113 1047.5885 1407.3613 0.0007180465
1031.1818 2964.1265 233.0699 222.67601 0.00071479427
745.8586 1606.1266 262.93805 915.87683 0.0007141284
884.0281 1663.9062 347.55984 817.7441 0.00069821306
659.9368 611.19006 770.7742 747.51154 0.0006460186
864.06946 1793.1686 421.311 538.2906 0.00061903987
795.8289 1822.4084 548.7784 995.48096 0.00060851657
813.1074 1688.105 433.73648 459.9658 0.0005602877
946.85547 2488.4219 290.0764 1109.4921 0.00052126625
895.7034 535.56006 512.9056 619.84796 0.0005130407
861.41 1595.165 488.53085 483.46884 0.00049609505
836.098 2419.702 504.21704 302.19568 0.000485117
797.5512 277.7623 659.95166 650.60956 0.00042026222
