408.6275 1230.5363 779.61584 2450.9155 0.79952556
440.5966 1426.5322 702.80035 1376.9142 0.11461799
439.46634 1580.709 712.72375 1671.995 0.09356481
421.38202 1585.1544 754.38605 1695.028 0.081164055
446.7912 1458.3484 673.5185 1202.284 0.061576016
495.52066 516.17834 607.31036 1029.7424 0.041942026
269.52533 994.4014 497.36505 1985.2556 0.037926156
204.87836 1911.7373 161.02113 167.65706 0.03576317
449.6673 1541.4689 662.2457 1027.3969 0.033147555
318.6962 1349.1697 455.59616 1240.7281 0.0303961
408.71634 1227.9673 775.9584 2449.6562 0.030212095
442.14496 1299.6876 687.33264 1125.018 0.030094082
468.01834 936.3326 629.76294 1742.9606 0.029364036
238.79355 828.61707 88.6683 209.73723 0.028620975
241.31602 939.51465 137.64406 429.03745 0.02780345
420.03018 976.3265 656.23145 1379.9092 0.026145153
484.317 1409.9579 88.32753 77.466515 0.024963243
252.692 949.51904 187.27908 448.00726 0.024880802
427.54337 1299.0352 581.9425 1081.8983 0.024147613
463.41034 1512.731 573.70856 852.9612 0.023303062
339.99353 965.88544 352.21558 479.29724 0.022711169
419.39774 871.1886 730.8468 1673.1017 0.022229578
326.31824 1029.7535 550.31323 1758.287 0.020132508
267.8449 618.6795 473.72635 1227.9324 0.019618515
267.04312 817.51465 489.70413 1625.14 0.01919067
494.27243 1581.9004 546.84 1185.1355 0.01910469
488.97272 667.69824 618.16565 1332.034 0.019031176
396.93762 1292.208 590.6738 1132.6414 0.018359
232.78891 774.08673 80.15471 108.914314 0.018242989
312.45065 1179.6398 438.25778 903.83966 0.018063752
490.85275 725.8903 613.7959 1448.3414 0.017607102
267.68597 734.7288 488.6486 1464.9227 0.017332057
294.03137 1360.4354 473.475 1268.8328 0.017221523
473.95767 745.39886 638.03546 1451.4249 0.017115276
305.74048 1113.9092 412.25204 773.8169 0.017030822
422.79294 1239.6038 699.2364 1576.5206 0.016833397
421.57236 627.8074 740.10077 1252.368 0.016752085
274.11438 1042.2756 507.56866 2069.0776 0.016630076
342.61493 1407.1674 531.09985 1376.7974 0.016522264
344.95425 1255.8234 555.45135 1510.5441 0.016143842
458.45312 2137.4646 671.4038 623.8479 0.015893536
430.6677 1125.4456 667.83136 1613.977 0.01580548
413.14603 749.5111 763.67456 1502.1925 0.015773647
275.9249 1209.396 511.6331 2401.281 0.015177861
93.48455 1552.1962 68.39851 134.72813 0.0151660275
415.3516 689.54083 743.89386 1380.3167 0.015093901
612.086 979.58826 275.72815 107.44299 0.01483728
236.83633 933.0704 104.51096 420.45395 0.014401065
215.06464 1083.8558 238.08754 718.7574 0.014094021
416.2834 1916.1576 756.3108 1059.5344 0.014066106
432.23532 1454.0718 458.69894 645.22217 0.01401118
312.74274 1120.7322 444.84134 792.04785 0.013979669
276.1363 953.61273 227.09566 455.32043 0.013651634
426.73438 589.19965 713.71027 1177.1747 0.01364012
255.8564 842.35333 470.31668 1676.5366 0.0135242315
419.84863 1482.7997 501.6936 882.81476 0.013509908
374.02646 1211.5234 516.86755 960.1024 0.013461847
459.98727 1156.9675 645.219 845.45917 0.013430763
337.8727 1323.9161 454.30753 1165.5894 0.0134192305
438.8627 1137.6993 645.8567 809.55725 0.013274219
423.26074 509.26288 734.574 1016.1856 0.013126434
501.01202 350.9746 580.20245 703.9303 0.012998504
323.36215 1671.7711 145.61035 132.8089 0.012953695
442.309 1117.0975 695.2069 764.1951 0.012904069
228.79872 997.03094 415.9924 1977.7262 0.012896983
274.2278 1356.2262 361.91464 1267.744 0.012551249
442.03397 1912.6832 705.2988 1058.1444 0.012481715
419.7523 1026.2461 735.25635 1995.4823 0.012448798
421.9071 916.0553 617.0007 1148.979 0.012296709
316.2488 1100.3113 439.19812 751.59125 0.01216461
382.84586 1132.7277 493.96536 808.12366 0.012076872
439.92563 1578.9474 505.119 821.6447 0.011909685
317.44232 1666.8855 164.7841 152.33244 0.011768224
297.84723 976.72064 515.2644 1816.5028 0.011731524
541.9952 490.56216 461.9032 810.8622 0.011687969
225.5328 1356.297 242.0261 1275.0966 0.011427913
454.45953 991.08496 636.91016 521.2102 0.011422495
420.88803 531.4307 728.3368 1058.5496 0.011173531
348.1506 1674.9691 87.55023 116.47664 0.011126493
187.29823 1157.7057 231.45547 870.1742 0.011124316
234.65723 932.2311 105.34718 418.6426 0.011118401
417.47455 1973.2253 753.47394 956.61285 0.011067014
210.81932 1214.4084 261.96988 972.083 0.010999073
232.62111 978.9928 251.07863 511.59918 0.010929644
244.63898 873.41974 107.57975 305.06473 0.010833436
458.8194 1002.47314 605.82745 340.5219 0.010823063
461.83582 1426.9668 369.5934 543.5253 0.010818704
506.59503 240.4125 523.1485 462.97287 0.010816913
191.10236 1085.4474 194.34572 726.98 0.010803371
172.4832 1354.2759 286.14005 1264.7053 0.010687076
438.56723 1128.8862 703.16797 800.7629 0.010674379
191.37315 1356.0264 318.44098 1266.4265 0.010658503
442.28793 1901.9221 703.9442 1081.6672 0.01058652
442.49152 1452.091 481.71722 1050.9047 0.010583283
518.3572 1506.1812 449.07507 691.27264 0.010516381
535.2204 1623.9905 464.7989 838.9003 0.01051028
214.0412 1357.0358 357.5026 1263.4078 0.010354359
441.39774 1202.6304 666.04266 936.9062 0.0103285825
242.62886 1058.8508 287.0482 674.03937 0.010248476
276.25027 1254.6062 485.8382 1503.2367 0.010227917
497.3648 384.8553 601.478 769.97156 0.010170238
489.17548 1314.577 566.7252 806.1648 0.010117691
283.64532 1345.5739 497.26248 1244.4364 0.009928509
177.62015 1737.6809 262.68277 517.649 0.009911596
421.5259 474.5487 733.5715 946.7862 0.009885636
263.94193 587.23987 437.23843 1155.8708 0.00984484
783.36255 396.69342 37.697735 94.779755 0.00972627
308.48135 1096.7783 368.3675 729.6395 0.009667869
502.57043 1047.2307 584.0752 2020.9851 0.009616275
518.0192 255.60252 389.1693 400.37097 0.0095497435
272.21173 572.8276 468.40475 1149.7905 0.009529509
421.99667 463.25812 731.87524 925.87067 0.009465936
535.0418 2190.535 518.64435 500.43756 0.009454742
542.18933 441.6533 443.63342 612.9374 0.009271267
611.84174 913.9888 282.83804 232.30289 0.0091409655
442.50488 1786.4637 692.4867 823.4139 0.009070599
484.96365 1802.813 577.4275 626.47736 0.009035164
192.24821 1089.5238 197.47128 729.27356 0.008982819
350.95654 1486.3469 466.16855 720.1286 0.008920156
475.1172 1634.9279 403.25824 772.88806 0.008658713
500.09177 268.49078 597.8642 537.873 0.00861424
199.67729 399.26593 290.4753 749.34265 0.008613528
544.1202 379.67538 334.45154 465.00488 0.008609534
561.48376 2210.5354 461.34146 452.37747 0.008608053
314.6372 1540.4484 469.2973 1634.4468 0.00854154
361.63266 589.6323 361.94916 1127.5875 0.008524616
496.7239 1414.9836 138.9223 147.9661 0.008462751
268.67484 857.61743 461.25848 1227.3568 0.0084471805
172.78871 1703.1814 291.79803 597.7924 0.008429525
471.64008 1527.3037 399.7858 514.75806 0.008429294
456.2802 1097.574 607.2363 717.4468 0.008421455
551.46857 530.41614 363.31537 454.50027 0.0083157
301.39365 978.2395 440.35233 519.7992 0.00829654
177.16032 393.20502 238.0759 717.30334 0.008295508
543.3305 317.66745 349.1232 432.2062 0.008261555
248.13863 473.53812 396.38406 937.94165 0.008232376
541.31177 993.15454 440.43106 152.29791 0.0082316585
361.87967 1439.4125 101.0523 126.30648 0.008214229
271.69467 1264.7854 328.4231 1072.1482 0.008170561
429.33047 1426.9727 217.01541 156.1748 0.0080410605
350.639 1573.6714 494.94598 910.4782 0.008026488
192.10826 791.6418 341.94138 1563.9362 0.008016721
429.67456 1420.3861 220.54962 167.53874 0.007938365
487.41928 1017.9265 554.2537 383.18256 0.007895057
543.1288 681.9829 473.90424 655.2073 0.007868978
151.37074 1081.0717 248.09673 714.0013 0.0077702207
674.18274 1748.0737 125.583466 116.51527 0.0077590966
509.45163 1503.7095 221.4007 294.94608 0.007730247
171.85855 1686.7527 292.15906 617.14 0.0075976606
330.21512 1342.5444 265.24603 386.61276 0.007562153
618.42175 1027.6986 311.26547 229.75623 0.007558836
279.6669 1027.1458 478.5732 1286.2429 0.007538596
232.6338 868.3531 144.04622 305.52106 0.007536412
223.2402 590.1274 379.60483 1172.4851 0.0075155594
517.63 1910.8097 542.5571 1030.846 0.007513244
554.2962 610.7631 320.6199 329.11008 0.0075041647
272.05258 959.69745 134.30144 352.13885 0.007484168
585.42175 432.26642 277.03333 490.87262 0.0074704974
616.5059 2178.5652 252.38483 301.62296 0.0074589103
268.8747 1505.5999 329.25873 722.95593 0.0074464483
461.604 1162.1029 633.6417 854.7328 0.0074350243
257.9777 721.52167 408.71686 926.41547 0.0074082506
345.72894 1323.0131 312.7733 367.4961 0.0073933844
552.8561 668.6803 254.71985 236.97523 0.007383565
595.94525 2212.934 393.13385 423.4188 0.0073815277
195.12161 977.36707 208.337 511.72568 0.007349266
555.8716 1745.9235 433.30164 1159.7439 0.007341447
438.62436 1380.0105 616.5152 693.15875 0.0073380354
448.20355 1860.6428 677.8001 814.05426 0.007328302
292.00458 1228.9557 504.30066 1550.7129 0.007316882
541.0118 754.466 374.1664 449.11118 0.007312965
424.6215 1075.0216 719.9265 728.25696 0.0073121344
307.4316 1439.1478 370.29947 608.10596 0.0072965445
327.4113 1525.0962 474.93643 1568.3741 0.00728085
262.10242 1793.2908 283.00137 394.47656 0.007257942
272.12848 930.24066 454.69495 800.99524 0.007216874
346.70248 1662.0941 230.07663 183.89148 0.0071904203
393.83762 984.656 234.81767 358.0059 0.007186143
500.86136 2027.1636 580.69135 817.81903 0.0071851835
564.81586 702.36163 424.2398 625.0239 0.0070945
465.81824 1127.9778 430.60046 732.45703 0.007040725
580.343 755.0443 337.46533 398.9554 0.0070035267
530.47107 751.6686 486.64874 538.8147 0.006950476
381.64792 1432.75 485.40253 613.1693 0.0069380137
154.95618 1082.4841 260.29364 719.4171 0.0069307894
501.09137 1294.9854 314.37607 501.79022 0.00691251
571.4838 584.32855 344.0677 569.3861 0.006909679
531.2577 2041.819 521.14606 775.1498 0.006901259
185.3437 1580.4517 299.4316 830.1532 0.00688367
206.53534 1046.6594 273.5234 656.2138 0.0068355245
166.14682 712.10425 295.7677 1412.2311 0.0068258424
278.02325 467.4738 452.11322 929.5425 0.006784853
253.90271 1047.2708 315.64926 651.0013 0.0067567653
194.18958 516.12054 292.91776 970.6678 0.006716618
613.4407 793.3828 322.65173 395.87766 0.0067112115
439.31348 1519.6295 692.7227 1562.8818 0.0066993935
231.0167 643.3298 352.32755 671.5946 0.0066634878
615.64734 634.0757 320.79907 592.52264 0.006643318
522.3326 1776.9119 470.5954 811.2136 0.006576191
194.60518 1179.6898 333.38116 916.27527 0.0065716226
185.8296 521.2088 236.737 423.82202 0.0065620323
357.77197 1412.733 194.07591 296.62808 0.0064571635
353.13864 532.83154 329.86557 906.3536 0.0064538545
422.62204 1449.8502 313.17465 502.79178 0.0064357724
199.00119 1806.0767 215.11722 379.14822 0.0064193495
419.19244 978.9397 733.9993 531.6603 0.0064008487
353.76358 1564.6592 515.3469 1666.685 0.0063317684
550.4561 1549.2334 338.93408 442.5583 0.0063191773
226.33545 927.05286 128.38618 412.25735 0.0063160495
616.9685 1694.0887 355.6966 818.8709 0.006287822
508.71042 1979.0728 560.8344 913.92926 0.00628711
567.89655 673.7695 171.77527 164.5824 0.0062855105
428.32666 909.235 706.6984 354.48816 0.006281339
692.2297 875.2942 70.40246 68.520676 0.00625615
441.86087 1460.0522 674.76025 644.8391 0.0062539745
423.61896 360.55704 733.81396 722.5481 0.0062496196
448.21027 286.98315 410.9969 545.16327 0.0062400084
448.54446 355.9861 678.7878 711.9671 0.006227413
318.26376 12.276388 211.15746 25.127525 0.0062230052
183.81276 876.05597 203.26254 314.90808 0.006183026
349.72842 691.40234 484.60696 1337.8792 0.006118004
444.98672 1424.7676 106.52484 129.86685 0.006090085
347.81854 1364.9447 128.45097 232.78194 0.0060890834
202.13841 1052.6013 352.8821 1891.7942 0.0060334653
264.70847 775.576 448.7408 927.0835 0.006014692
607.4982 474.7309 359.96912 829.3306 0.006011224
593.47534 499.1553 361.18817 534.2567 0.005991219
593.30646 517.9339 399.92252 988.1279 0.005986998
420.58328 657.41205 504.38474 984.8459 0.0059807184
202.2268 514.4804 277.7951 493.32962 0.005979718
687.05444 1859.5623 212.15239 329.36465 0.0059486185
575.8328 1216.118 435.44342 758.265 0.0059265587
369.30365 944.3423 169.65187 291.04767 0.005924733
625.96454 1114.0343 305.67215 405.9064 0.0059196744
280.7559 1069.5913 497.66925 1089.6233 0.0059134536
454.01382 238.43828 209.23024 239.97389 0.005911486
507.75165 262.74396 213.55371 272.69513 0.00590432
308.68402 685.4128 557.7846 1364.3357 0.005904007
614.8923 1509.2941 111.715515 165.72066 0.005896564
447.90887 1404.421 377.615 852.60254 0.005867563
670.57635 2185.4282 187.49374 269.92978 0.005848397
210.85818 706.63617 310.11713 824.6139 0.0058268253
632.9523 1886.483 276.13922 388.1336 0.005797624
606.4845 262.0032 207.18826 325.67856 0.0057619945
482.02377 739.10724 576.74774 705.2267 0.005761047
213.09775 1669.2173 355.47366 663.10767 0.00575949
424.02713 899.43823 698.4768 483.63617 0.005746494
349.06055 1306.6837 411.80563 367.3908 0.005730027
462.56543 1904.987 642.10547 422.1175 0.0057145706
623.5208 1542.73 232.67188 385.15927 0.0057094735
291.6228 1715.3354 220.5197 255.70547 0.0057009803
575.5058 1606.6896 420.20944 892.09973 0.0057007773
171.292 1048.3854 278.9044 668.4753 0.005684532
581.0891 1518.5334 268.0004 357.67984 0.0056730676
501.34882 1561.4161 235.07664 396.93674 0.0056610084
616.08167 1498.3868 152.963 238.1009 0.005635043
210.56493 753.0581 383.1421 1494.4897 0.005633419
451.34125 1082.6593 204.62105 215.40215 0.005629355
623.24927 401.9573 317.6478 657.7131 0.0056015654
377.7071 2127.4146 507.45816 605.73615 0.0055964277
218.5888 621.42 301.44717 355.73157 0.0055925315
527.4758 1727.2896 338.51422 832.39996 0.0055875666
422.33685 1405.6036 313.69797 355.35452 0.0055814786
470.16312 1823.0834 323.43738 839.1923 0.0055809044
581.1743 708.7266 402.41693 646.3823 0.005576254
587.48505 702.41504 409.2336 1265.5531 0.005569666
475.5717 1232.3671 420.82047 687.1504 0.0055095013
334.75894 1363.2141 300.45157 723.43787 0.0054786694
401.40417 2231.823 772.01263 497.90125 0.005476583
628.0069 1528.1587 347.20016 1221.6132 0.0054284055
414.47748 1509.6172 354.84122 878.8298 0.005427893
588.8167 2137.853 359.8171 286.80066 0.0054010334
486.9713 726.443 89.06686 91.768585 0.0053889616
525.50256 1153.5885 525.9184 783.6076 0.0053873365
590.95807 1340.533 402.9145 801.831 0.0053658024
518.96405 547.4863 452.28058 456.01617 0.0053517674
355.13895 1553.4396 426.0376 1163.7994 0.0053477865
177.71867 1621.129 181.77055 314.02078 0.0053228885
613.03217 2073.4944 371.3136 737.92004 0.0053200894
461.01913 1875.1896 231.49149 297.06326 0.005310754
189.93323 625.5059 297.965 1110.6628 0.005308344
642.47504 1205.5897 306.8454 604.11633 0.005305029
523.78467 643.7199 347.18692 507.071 0.0053041237
464.74545 1322.9553 325.74463 836.44775 0.005276819
185.01952 493.14682 258.60712 782.70447 0.005245329
581.0696 1477.0117 155.17307 227.5488 0.005211657
503.26254 835.4559 479.1527 816.4768 0.0051938724
213.60388 1810.1704 210.78589 351.9044 0.0051665152
155.86905 1184.9353 270.2453 924.389 0.0051648244
359.957 1591.801 447.23892 1099.0411 0.0051547177
533.4515 2162.4902 166.63022 244.24178 0.005151227
481.58716 964.74023 587.95667 1048.7733 0.005132046
606.0425 389.23907 197.53285 261.62006 0.0051174886
289.87674 866.7809 476.98636 943.7252 0.005102413
501.84494 1166.3217 143.48322 159.80252 0.0050938358
111.999146 813.47656 98.62552 174.615 0.0050674146
494.44754 21.262205 504.83395 41.837547 0.0050530797
287.30823 1515.952 314.9851 723.5847 0.005042318
199.18881 637.35376 179.63118 178.1176 0.005041739
524.9127 1886.3682 383.5244 362.3225 0.0050041503
474.24103 1068.1439 624.01605 684.97864 0.0050031696
344.14935 1209.7577 259.8168 530.1764 0.00500068
576.71 1653.9583 414.2721 777.17255 0.004991971
471.71295 1857.1531 387.623 413.31107 0.0049684364
331.1528 666.3799 406.07416 1201.4794 0.004943647
549.03235 1854.5034 285.71768 426.6162 0.00493409
618.53754 639.7323 297.41736 806.4529 0.0049301423
527.1061 1870.1613 281.62122 354.32162 0.004920047
312.4483 1493.6234 231.55547 478.60553 0.004909427
205.25565 1496.613 206.12263 656.0834 0.004869337
333.8395 965.1461 108.19628 247.1252 0.0048622116
531.87695 1395.8645 486.00525 818.587 0.004848837
240.12701 1030.9342 123.50224 229.61273 0.004829341
152.46678 285.35333 187.50583 476.65134 0.004826441
702.31915 1865.1115 172.64119 299.63004 0.0048247487
324.6071 292.21396 276.13123 569.3452 0.004821389
312.50107 48.10665 126.0789 95.58935 0.0048096613
210.64955 858.1267 119.45259 277.4649 0.004805094
407.506 1898.3527 586.71606 674.05273 0.0048046173
182.7284 640.9119 200.07628 223.61296 0.0048023066
263.92874 1776.5432 286.0343 430.16006 0.004796537
430.75046 945.88403 190.01369 302.86484 0.0047672223
536.42145 1346.6991 431.43695 490.30615 0.0047401646
173.2814 488.21347 188.30692 308.39493 0.004738602
501.81955 1617.2028 185.04501 351.7221 0.004725722
488.55365 555.9807 318.45126 616.7988 0.0047186334
543.2413 1915.7804 243.58562 325.08975 0.0047066165
429.81592 1674.2427 112.304 165.47853 0.004700596
424.91592 1473.4404 261.59482 346.4085 0.0046947994
483.8211 16.670555 515.5375 34.054516 0.004691485
553.0737 415.55753 252.20528 408.08176 0.0046815295
303.2976 1734.3385 387.51794 522.002 0.004678593
220.81909 1587.546 364.2769 821.8698 0.004656586
322.46832 1178.4835 162.63145 153.09062 0.0046496717
519.7104 1710.1216 237.18877 640.5458 0.0046483255
279.33847 1025.3071 497.32584 1057.7214 0.0046454803
244.89027 836.504 388.42032 619.21924 0.0046357694
420.23026 469.25012 746.73334 942.2376 0.0046255295
326.97214 1292.4279 138.57489 207.31992 0.0046188207
627.76117 592.87775 181.18694 251.26842 0.0046163835
86.758415 1522.2374 120.76867 276.32214 0.0046155863
224.2058 1160.5618 394.70212 1699.4464 0.004610012
783.81195 423.00986 38.837784 179.27237 0.0046066022
106.36722 1118.8727 190.9205 2272.008 0.004595386
165.72887 888.71045 167.01102 333.18332 0.004594001
263.96854 1490.8488 434.2781 1528.3542 0.004574685
444.8342 1370.6232 348.57697 636.4282 0.0045741727
553.2661 989.8429 162.89616 113.42699 0.0045660054
261.9865 472.3034 425.53735 956.99536 0.0045512915
210.98596 639.89996 116.596054 140.7159 0.004544502
457.5234 1060.9462 600.8668 271.42056 0.004528236
663.8652 1062.7722 256.138 316.73624 0.004526184
538.34454 2042.5172 294.95175 739.4622 0.004522155
560.2897 881.95856 343.35352 301.3808 0.0045184987
516.36707 1760.5493 231.02913 449.56558 0.004506343
272.09195 1800.7627 167.65096 262.79724 0.004506125
117.20226 1064.098 194.71095 656.3676 0.004495244
390.11148 873.9111 491.06332 700.09204 0.004478907
187.35541 521.88873 257.51303 692.1718 0.004464536
426.3582 1405.2394 278.08176 325.56754 0.004459469
242.02786 1965.0464 255.72725 304.20898 0.0044541527
259.2315 831.4196 397.7947 787.6836 0.0044441517
447.19186 1712.2347 137.74657 208.22691 0.004406635
316.7943 1719.9341 520.93475 894.65784 0.0044024196
391.708 1081.4955 174.01596 239.17714 0.0043925513
561.81287 923.2081 205.89622 227.45844 0.004390014
403.9817 1434.4541 284.09204 624.60016 0.004342858
601.7762 1945.8221 149.02745 198.91635 0.0043320716
381.48938 1728.8827 417.27835 469.7881 0.0043232
440.94315 1071.5442 290.8184 583.9092 0.0043200976
447.16397 2122.152 230.83133 283.9657 0.0043179607
271.8422 1049.4884 208.36795 301.67206 0.004313701
333.68506 1678.1357 403.0365 1163.7246 0.0043012463
178.50269 1280.6876 161.5466 333.00354 0.0042980104
495.43185 768.48126 341.43787 609.94366 0.004292284
529.4163 2099.536 253.76721 640.897 0.004292127
259.6532 895.7938 456.54895 970.6143 0.004289481
354.18063 1593.534 326.21524 883.6426 0.0042892364
516.599 1423.2847 359.7513 520.3929 0.0042797606
667.069 1735.4948 76.48792 80.22766 0.0042457683
605.04443 2047.417 376.94537 777.0002 0.0042334967
543.54144 1062.1077 386.7071 1133.6287 0.004231859
501.42084 29.237272 597.65765 59.26186 0.0042290506
295.22958 1513.8964 154.58171 220.86116 0.004185685
543.63965 1934.1104 426.95468 502.1786 0.0041784486
264.15137 1710.9064 263.5537 244.7294 0.0041705235
315.90936 807.0853 354.7066 1259.6913 0.0041701337
580.9341 942.30054 408.72595 1728.3032 0.004120445
674.5485 1835.9188 218.23041 360.18222 0.0041172295
695.8482 1948.7369 208.98907 537.6416 0.0041099703
179.66168 301.68094 246.5497 593.3898 0.0041058776
531.5585 1774.8763 282.02237 345.46426 0.0041053398
596.7598 668.6506 130.70448 152.40924 0.004094917
195.69337 587.39905 291.74466 988.1883 0.0040943646
457.0694 66.66623 451.94046 131.70795 0.004051093
259.71985 1715.2684 429.55862 660.3496 0.00403511
536.11914 657.90875 283.70862 519.1856 0.004029342
557.0677 1855.5771 186.69907 288.61768 0.0040225815
497.95862 179.47665 602.39325 358.79312 0.004019232
176.05487 1708.1237 300.30597 589.7439 0.003983634
669.39343 2028.1445 262.54935 745.0284 0.00398213
452.59232 2172.709 253.12193 394.85068 0.003969473
306.27954 1838.5922 537.6813 1190.7441 0.003962445
180.16696 523.78296 215.77887 492.98 0.0039585554
554.9054 28.563313 190.5031 55.72821 0.0039514904
261.57416 1736.3927 318.4572 590.03033 0.0039508445
494.88638 1182.8237 604.93713 2239.9128 0.0039451686
501.5836 1480.321 104.42348 163.43985 0.003922855
311.39273 824.356 266.07278 522.6124 0.003922192
549.5948 118.4891 351.4681 232.88832 0.0039091622
563.4561 1814.4984 242.31119 381.66986 0.003903911
641.4674 220.89778 165.12924 225.52507 0.0038998001
549.32306 1997.9348 398.22116 391.4268 0.0038975282
412.56497 1293.434 173.84229 289.80933 0.0038647845
105.978195 1654.694 153.56131 403.17938 0.0038417333
570.20795 1124.3993 191.75134 284.82297 0.003837898
414.19934 1670.9191 211.95277 554.7796 0.003827588
221.0953 393.2444 317.818 720.9987 0.0038154945
664.27856 1111.5411 263.12387 403.9445 0.003792151
600.89514 1802.1835 289.58832 955.92084 0.0037812847
155.49231 1034.0092 199.47983 616.15967 0.003775069
635.9194 982.5609 176.48782 108.232445 0.003730717
621.30804 1174.4097 340.0422 421.0622 0.0037304373
725.1996 777.0421 81.13945 96.55813 0.0037151813
738.3862 2174.9824 123.90903 542.3717 0.0037004573
691.0266 1319.4001 211.48616 449.5724 0.0036791558
335.0967 1438.5388 103.56555 160.03342 0.0036727532
659.1066 1060.7937 285.2933 2070.4043 0.003664114
644.20465 1134.7517 312.25323 2230.2014 0.0036383073
423.62155 1382.0568 686.01276 987.8218 0.003635289
691.82513 1812.1342 216.52802 1223.951 0.003630889
563.5333 455.53552 169.03596 202.42471 0.0036304698
354.43475 1729.3203 143.33646 232.0619 0.0036141155
332.59274 788.8903 244.10548 438.50677 0.0035853891
190.0988 1235.9464 337.05927 2448.8528 0.003584827
409.46884 1230.4678 778.16284 2448.765 0.0035811975
393.80176 481.63828 382.4807 892.0643 0.0035800203
489.89148 2173.9814 212.40619 244.04884 0.0035610502
456.79288 1725.5659 159.09741 290.95355 0.0035585994
456.56998 2115.9758 230.30101 286.27402 0.0035495006
648.3496 1759.4272 301.04752 1362.5658 0.0035426447
248.96263 1411.581 226.91264 1161.0039 0.0035343575
443.4859 496.51764 287.9405 425.0713 0.0035215253
356.50372 2081.9827 142.54001 235.12271 0.003518846
390.78354 1835.3577 192.21893 314.54807 0.0035170354
560.9481 677.48737 415.38858 501.6206 0.003512798
633.6975 832.7519 318.04633 1031.1523 0.0035038765
238.42776 1052.2123 103.64338 197.54196 0.0035027112
693.5125 1582.1979 211.28035 1436.8916 0.0034868803
215.28317 639.7701 88.23264 107.06896 0.003470514
217.13695 2150.0605 330.98724 631.1116 0.0034702832
176.63289 456.71866 185.22618 352.63898 0.0034667905
168.55992 1598.2261 301.9397 811.23645 0.0034652655
172.738 2150.8062 323.5672 652.73376 0.0034624247
751.559 2220.3162 91.08921 428.91995 0.0034577667
160.92538 1920.6963 297.15308 1116.7839 0.0034405391
192.72801 1575.4937 186.22992 374.03784 0.0034179597
423.81613 1735.1013 207.71538 385.90802 0.0034099242
374.9849 68.78802 351.37216 136.20795 0.0034038415
315.90567 1327.4702 329.43195 357.07767 0.0034030585
157.38246 741.17065 239.64494 951.5113 0.003362834
190.31831 1216.6693 174.6649 509.4825 0.0033570696
363.83722 617.20685 116.66372 139.78241 0.0033545466
748.6413 25.657135 112.83625 50.734352 0.0033493233
680.15094 397.82706 237.23062 771.8465 0.0033366596
602.56067 1187.5199 398.46017 2243.555 0.0033329052
570.56067 758.50934 415.97003 495.24573 0.003328356
498.13174 862.0165 169.91006 211.62405 0.0033243403
425.7816 1803.228 223.07782 406.1313 0.0033239801
67.904144 1067.5675 121.79461 2245.3018 0.0033225573
649.77246 2203.2134 114.86609 196.2425 0.0033174953
701.43384 2038.5457 196.6199 789.26117 0.0033110958
686.6411 638.35474 214.52458 593.31354 0.0033101263
509.44614 371.38934 189.5635 209.70518 0.003307766
141.19911 289.05557 171.82329 535.83264 0.0032985648
495.71658 509.16788 601.1436 1025.3634 0.003289391
418.284 263.13962 737.7884 526.0345 0.0032728785
637.6588 737.6649 223.44086 281.4859 0.0032695713
700.5921 1285.2942 197.65894 483.31433 0.0032474466
425.8098 1952.3252 296.32703 366.34647 0.003234361
167.82532 1750.6783 297.95956 1072.7003 0.0032342658
436.8924 2022.4272 174.2202 164.07442 0.003232563
492.6364 1172.9534 387.40814 1025.8585 0.0032306968
374.35162 631.6028 158.81084 203.32138 0.0032208322
564.1313 2256.7036 146.10335 326.4035 0.0032203454
599.78546 1236.1586 394.22867 1787.193 0.0032145174
696.0007 2062.445 168.18036 216.49403 0.003212147
216.34694 626.7883 242.84306 219.59386 0.0031960174
270.58398 655.02655 180.51923 222.30565 0.0031913498
367.08188 923.492 341.39896 1309.1448 0.0031843223
191.62865 2050.5706 146.773 152.87914 0.0031771346
695.19073 248.55952 217.48026 495.39053 0.0031757397
760.82916 2190.272 80.69614 511.95605 0.003174051
206.64278 1911.5018 153.96326 158.89104 0.0031714344
594.94354 1071.0977 357.70032 1276.9292 0.0031592445
740.2025 1893.5665 126.33548 367.33026 0.0031583526
672.40173 1623.4891 166.30878 259.74164 0.003138405
363.91098 2098.681 131.80917 200.19997 0.0031342816
375.97412 866.8065 214.98244 298.8341 0.0031312795
636.86395 2207.7712 118.72427 181.97232 0.00312622
188.4793 2124.4438 197.90536 241.03334 0.003125838
661.16376 899.47217 233.50252 246.77434 0.003120458
190.48824 1985.2896 342.22037 969.41876 0.003117106
365.41824 866.5667 353.56476 1070.2681 0.0031133147
678.18195 399.97052 230.97421 286.5481 0.0031126507
192.39561 1819.9148 195.11063 307.34625 0.0031112395
637.16254 1864.5286 369.053 765.73016 0.0031070393
751.9082 398.41547 101.28726 199.87949 0.0031033254
71.22771 2331.2556 137.46555 302.02216 0.0030971784
661.3577 2358.951 274.74384 246.39967 0.003086985
413.13394 1730.8689 211.43298 285.68045 0.0030855942
182.81592 892.9951 138.1773 315.8833 0.0030811147
346.3224 1320.0205 469.73602 381.49753 0.0030717172
656.42224 1767.5892 131.30122 172.682 0.0030694443
208.16623 899.7435 305.96115 382.19193 0.0030685544
196.13728 1823.0968 353.3596 1290.0195 0.003067217
609.9172 2177.6729 292.7898 264.9188 0.0030609642
465.80118 1774.2723 182.87984 342.9542 0.003053668
90.0817 2259.701 161.62712 480.9674 0.0030387999
564.26526 2269.2122 154.39148 168.35455 0.0030350247
604.83453 768.10944 305.82388 533.75635 0.0030212584
683.41376 1664.3328 193.65565 301.3423 0.0030208533
150.457 2037.217 112.56268 147.02812 0.0030146097
642.9443 1218.3767 218.83629 248.5747 0.0030124707
292.50766 864.02905 473.23444 662.43353 0.0030097282
443.72833 1426.9985 689.0786 1364.0935 0.0029983188
647.26447 2184.6326 240.11955 225.83502 0.0029935103
617.8627 939.1927 331.4183 1263.1478 0.0029897713
382.40656 1901.5591 127.32936 183.39973 0.0029840302
671.6122 753.0766 222.82452 378.64322 0.0029694312
244.01137 1048.9459 100.105095 228.59474 0.0029680862
477.32578 1696.501 109.40817 138.1122 0.0029657811
225.73352 715.2314 355.46234 410.84998 0.0029496453
136.53357 1451.0399 166.72667 443.68213 0.0029457845
748.80005 2240.6182 98.91581 415.68243 0.002938931
434.23016 1610.0924 172.15134 224.73792 0.002936561
570.83417 2323.9282 182.54422 252.12502 0.0029300372
521.15216 1609.7683 154.0851 336.90604 0.0029271464
40.529514 11.742099 83.09128 23.077429 0.0029271396
587.3864 1669.3981 173.7995 249.72157 0.0029242435
486.6968 668.67993 437.37952 464.01004 0.0029192914
709.728 43.207043 182.59201 84.563705 0.0029154504
702.2842 621.20984 179.26648 377.52914 0.002913879
258.10934 594.9374 181.18512 204.16504 0.0029057788
300.36636 1692.3121 112.17523 172.00143 0.0029056931
662.03284 42.194427 278.1895 83.460594 0.0028996193
329.06876 2081.4434 145.01558 188.0731 0.0028908027
391.0572 2373.6382 769.38055 220.39214 0.0028719925
504.1036 2113.99 186.39677 569.3697 0.0028690337
593.5042 1954.1381 391.09143 978.854 0.002863287
637.9275 1032.0109 306.7119 323.54495 0.0028486373
269.03125 713.70953 93.54332 104.136406 0.0028390652
238.63138 1829.6195 277.92227 392.93057 0.0028385576
517.14075 2244.1687 151.82553 280.13437 0.0028358395
584.7717 2335.334 180.9205 233.40308 0.0028267468
256.83972 442.51804 204.37573 267.84143 0.0028160159
475.477 1656.4575 121.002655 187.27281 0.002813584
593.0651 1818.8219 268.7986 414.76712 0.002812939
734.959 1460.1322 132.22336 271.5037 0.0028118172
106.287254 420.1542 47.53333 88.50354 0.002802579
156.8732 360.07214 152.489 288.0496 0.002801713
409.49594 1229.1262 775.3296 2438.1848 0.0028000746
404.1715 722.76135 304.67145 850.12445 0.00279856
159.87752 2140.4312 270.21356 679.329 0.0027782246
693.049 202.15637 223.21162 407.39352 0.0027766952
546.86523 1405.8898 326.8246 416.50186 0.0027736258
124.25253 1213.0565 209.10666 1346.0703 0.002770411
770.43146 430.69107 66.31637 323.89984 0.0027682486
712.58136 1803.9531 169.06302 218.3639 0.002762573
139.45923 179.29323 89.713036 192.13463 0.0027552668
330.05206 823.88226 594.0355 1604.4633 0.002749436
198.9991 1908.8859 179.56613 197.44997 0.0027283733
298.34515 571.89655 180.58055 192.69916 0.0027265393
784.3219 138.62102 42.259796 276.9481 0.0027107822
762.96454 2189.9941 75.72271 518.28595 0.0027034122
429.23392 960.7373 120.21468 182.89343 0.0026985814
353.47968 2129.8218 324.65875 347.05997 0.0026962967
390.08536 2188.3853 142.8903 208.8184 0.0026934685
369.46585 605.9476 344.11887 1174.6482 0.0026921018
716.2104 2357.2712 164.77422 204.43143 0.0026878717
147.23294 1211.0659 165.10316 356.74963 0.0026834668
544.2052 2254.2537 117.30053 140.29279 0.0026822875
187.43396 2328.8867 181.75124 279.22647 0.0026817762
236.41347 1174.9714 243.6357 855.7288 0.002679121
33.641006 225.46468 69.87019 458.07233 0.0026747505
595.8077 1955.1244 121.484276 177.89749 0.0026668997
243.50528 1451.8662 141.42645 283.6551 0.0026655924
738.8581 1218.3989 127.760574 2448.7173 0.0026641022
751.0452 2006.4441 97.70685 247.09471 0.0026629355
160.77065 1773.7477 185.17322 357.85074 0.0026593832
382.28867 2092.0652 114.75766 181.40915 0.0026539946
36.91521 811.9733 64.44769 393.58182 0.0026460357
40.975937 38.229294 81.74038 76.016846 0.002639862
623.28625 638.3558 166.52478 264.34286 0.0026356268
165.34404 2180.734 242.81604 458.13983 0.0026345104
472.13803 646.0352 250.79503 428.0707 0.0026219345
353.4029 2222.0437 179.23035 409.9092 0.0026199229
505.63287 45.8491 601.1719 91.96328 0.002619614
498.17996 2066.4336 129.64253 195.28201 0.002617188
463.75174 1729.2412 139.71184 324.96118 0.0026149636
522.2876 1676.8162 112.06874 174.35521 0.002610526
543.27673 1928.6936 195.00471 367.9039 0.0026032978
193.95432 1132.1302 226.91634 813.4487 0.0026004184
237.58273 2058.0056 289.00046 432.59656 0.0025919124
687.059 94.9953 240.52914 189.13971 0.0025902968
486.53445 1990.8999 240.34555 414.52106 0.002580499
201.99397 2155.6804 167.71654 288.41663 0.0025747432
585.91626 2329.9766 145.41325 243.86464 0.0025726722
367.21246 1941.1559 261.98257 365.9184 0.0025725586
788.1057 249.03189 33.164562 507.30258 0.0025707213
218.27158 700.9754 289.78043 402.27148 0.002567178
732.23517 763.73224 128.03607 189.26637 0.0025565603
685.9427 2383.1313 182.8828 178.05554 0.0025544271
731.7729 1608.644 140.93887 1478.3549 0.0025481926
610.37177 2317.1687 113.90053 218.13226 0.002541314
690.5394 1978.6726 162.66762 258.0104 0.0025381371
172.40898 509.94278 140.72806 271.91437 0.002532378
726.50494 1017.8986 142.54503 239.38412 0.0025239296
374.69873 2012.982 125.2737 156.27893 0.00252386
363.53177 2149.7048 113.02996 155.06284 0.0025135237
273.52438 2080.3125 186.75705 190.41135 0.0025106894
639.6078 2159.6907 242.03983 260.13123 0.0025087758
661.22723 1001.8236 261.91742 757.6191 0.0024967028
410.77618 1012.224 754.74115 531.6389 0.0024904595
398.23462 1850.6729 176.34688 328.24255 0.002488424
173.3503 1738.5637 270.4835 527.6805 0.002487883
690.249 2189.0117 176.75877 306.36826 0.0024635822
562.0405 2129.0051 285.06262 689.27563 0.0024588364
434.77744 340.8884 725.3972 691.1231 0.0024530583
718.9921 1397.2859 164.13103 414.23682 0.0024496021
158.2363 1944.8729 287.6245 1071.7178 0.002446414
303.42276 552.9195 179.95576 192.4129 0.0024269302
763.4213 2193.037 63.068806 264.89905 0.0024242187
568.2316 2391.5237 434.7369 184.15092 0.0024214264
277.52206 691.3941 496.59488 1048.7789 0.0024210983
51.04004 990.1345 80.927 865.62274 0.0024177192
686.98584 1004.6324 222.27733 788.04254 0.0024013985
284.0269 475.74597 165.83629 176.82828 0.0023868347
357.4543 2197.8552 152.87976 215.73729 0.0023804223
762.7813 1862.0077 82.89665 334.22266 0.0023781587
533.9348 2136.1753 354.12128 421.56805 0.002374242
312.74576 2207.4885 180.20454 245.12646 0.0023693724
676.0989 1291.1664 230.34459 1906.5181 0.0023591635
80.40731 1310.2781 118.12691 284.52414 0.0023581872
298.49615 1570.8871 351.69116 1315.9526 0.0023197664
654.8501 1729.8452 327.5156 710.3678 0.0023037833
684.0253 1245.7513 199.08 256.50577 0.0022905937
348.75836 1663.3951 301.77264 378.95615 0.0022904552
640.37555 1009.6427 272.78696 203.05511 0.0022798826
746.5311 1115.2747 111.55819 447.15674 0.002276517
724.4944 1968.5164 133.6819 225.88872 0.0022745251
676.56415 1238.971 201.10855 260.20132 0.0022736704
88.338806 1243.8231 127.77471 325.59674 0.0022726906
263.27524 1709.7555 210.43419 248.87837 0.0022713256
730.8797 1092.132 140.91371 388.57367 0.002245503
769.3364 734.31396 146.89679 681.29346 0.0022442054
532.90314 2336.0022 131.08139 192.06859 0.0022423612
346.75317 2323.047 251.43489 194.61035 0.002234593
421.63193 2326.7676 357.6047 238.8854 0.0022291902
490.61072 2053.7876 612.0769 187.70216 0.0022257809
682.4606 2437.3284 234.93953 64.478264 0.0022241063
728.5159 862.06616 151.83694 1760.1913 0.0022221697
425.40262 47.829628 745.1895 101.62535 0.0022188153
628.8322 2300.597 118.79896 163.08136 0.0022142439
697.00446 2319.2778 118.35424 222.08147 0.0022134485
239.87334 1913.1061 224.47722 269.80304 0.0022126252
794.22974 409.9458 20.16937 134.2212 0.002208516
774.5466 2281.633 52.652065 315.7571 0.0022061004
737.9207 2287.8047 117.84776 307.32727 0.0022022969
743.71027 996.143 114.158226 211.5028 0.0021956635
762.8229 2187.7678 67.59678 291.527 0.0021885347
403.4229 1778.8624 213.90785 351.40222 0.0021877321
444.93317 2317.5989 182.27339 208.95378 0.0021869713
91.02039 30.001106 176.99232 58.61442 0.002186294
690.0502 1743.9177 116.112335 135.0347 0.0021859766
683.43286 1259.6572 211.55217 388.23752 0.0021843964
711.1353 977.7685 172.20432 543.0246 0.0021821505
137.312 135.38194 148.1947 273.2032 0.0021814043
23.055855 1767.267 50.4906 364.16583 0.0021811384
411.22913 756.14386 136.36473 142.92957 0.0021666805
359.8417 2335.3599 153.79898 208.49905 0.0021597976
491.9504 2322.0154 124.65029 159.57585 0.002157814
155.08798 252.66765 93.999275 203.01382 0.002149385
147.56387 54.411133 168.65678 109.882576 0.0021440797
26.230465 36.637356 54.533028 73.978004 0.0021439572
743.4454 471.62317 120.58541 957.8747 0.0021428086
245.72021 1600.9807 255.2664 327.49048 0.0021408265
622.69836 1369.0548 362.7418 783.22565 0.0021405374
772.3596 513.4463 61.458023 439.77194 0.0021375623
504.83243 2396.0068 159.31476 93.70424 0.002120839
423.68454 2351.871 128.31717 138.00171 0.0021176585
409.60468 725.96063 729.0108 994.7853 0.0021091097
734.5555 739.5397 116.73029 161.96758 0.002106933
523.941 2392.7676 218.8629 95.68792 0.0020982786
403.3967 892.73944 149.15211 223.60197 0.0020898818
39.93136 209.89749 81.31865 421.8559 0.002089845
606.4075 2359.6816 111.30556 176.34343 0.0020863563
594.99536 2441.6582 265.77646 80.0187 0.0020826983
748.3996 2179.3315 106.4644 471.79474 0.0020796699
26.764252 800.94446 52.799103 242.11679 0.002077407
770.6268 626.0967 94.48843 535.887 0.0020755958
717.4361 624.6195 160.82231 587.761 0.0020754584
136.19075 116.38224 147.2169 237.58464 0.002069502
31.017454 1018.8704 51.01623 337.55353 0.0020500694
701.0126 2317.3972 113.01563 215.45192 0.0020475716
749.5072 27.614214 118.155426 53.839737 0.0020463031
732.6481 903.6149 120.980865 391.99796 0.00204521
204.99721 2432.6519 403.5267 100.44824 0.0020297822
420.82062 2361.999 153.13792 146.38223 0.0020274615
714.3943 297.27173 167.15427 594.65326 0.0020257381
641.4378 2280.961 352.794 409.54132 0.0020247474
151.27281 928.3409 277.19382 1870.3395 0.002022852
278.60202 2320.3792 282.7516 310.50238 0.0020058965
716.2057 643.56006 162.74513 601.7134 0.00200238
619.53827 2363.1 273.06424 215.76387 0.00200056
448.57108 2474.203 627.65546 27.91616 0.0019922452
243.82545 2411.6218 254.19067 143.54785 0.0019896054
91.30259 2306.7214 195.11214 341.69998 0.001986318
717.34686 2376.1963 151.70488 185.1565 0.0019796395
161.29767 2403.5742 312.33957 153.7788 0.001979402
719.4071 1236.8044 194.81546 1629.898 0.0019730548
248.01657 1839.9429 143.19669 273.34665 0.001970116
524.7473 2420.9648 179.89813 110.87405 0.0019677016
260.91467 2144.8354 333.32553 378.02588 0.001966726
739.6563 595.9748 127.57672 1206.242 0.0019600994
156.13625 790.1161 181.8061 168.19745 0.0019568456
252.5492 377.36682 383.57864 755.5405 0.0019480037
306.43118 2396.7383 193.50426 165.12648 0.0019459188
642.4219 1321.8013 255.5358 332.9077 0.0019443674
91.52515 2417.8794 193.80533 127.254875 0.001943298
395.53036 728.6009 361.4557 412.9496 0.0019410076
742.0328 2339.7366 108.1315 220.33403 0.0019409531
751.3487 817.07587 101.894356 326.71878 0.0019362919
768.3827 1869.2429 62.44744 888.63116 0.0019203394
410.42758 2361.6833 135.81824 138.8817 0.0019176806
651.7673 2415.7673 236.68692 74.35757 0.001916139
710.4983 1029.3966 149.32597 163.89233 0.0019143588
154.49437 2418.4487 313.48148 120.23993 0.0019135099
94.3611 2428.4978 188.84329 110.42918 0.0019073262
727.48865 738.72156 135.42474 432.67072 0.0019033309
679.84985 2115.759 232.03656 589.04645 0.0019012955
474.68466 2381.8154 145.17776 181.91428 0.0018936889
189.54378 1036.9095 272.6079 568.27795 0.0018919817
763.6993 1066.3975 79.188126 377.80154 0.0018913399
458.04794 2398.8413 116.03772 111.23763 0.0018870287
235.98186 2441.8093 122.809586 85.8782 0.0018851202
747.5122 888.83185 166.65475 477.83957 0.0018770752
100.816475 2444.942 185.08524 78.04309 0.0018667795
230.68301 1383.3741 374.55984 1266.2496 0.0018614455
416.70074 1226.3901 760.94653 2414.542 0.0018566066
498.93176 327.5707 612.88293 669.6816 0.0018506857
440.0056 588.80237 637.4042 776.53217 0.0018487542
629.34686 2458.6375 158.94987 75.597496 0.0018393621
236.10641 1665.3285 254.60175 628.40137 0.0018379923
519.7655 1640.3276 232.65527 331.02277 0.0018360321
662.5902 1214.4781 238.88522 447.3657 0.0018061454
606.15753 2454.011 217.72142 99.09899 0.0017965809
749.3053 2423.689 101.18834 113.59187 0.0017909246
752.67786 2286.9805 93.007774 260.12552 0.0017812032
723.33124 1145.3822 150.59122 349.4584 0.0017789308
187.30672 2436.9905 366.17404 138.17801 0.0017591462
310.6446 2405.587 125.55082 143.31883 0.0017432326
471.99295 622.9539 609.19904 1149.1735 0.0017357664
226.97414 1909.8263 126.418976 158.91254 0.0017329637
647.04364 2452.2295 132.75697 69.479004 0.0017242695
482.10333 2224.4878 209.70663 486.75223 0.0017222818
764.25073 1024.0812 82.71776 167.30247 0.0017217121
579.2317 1607.1487 270.36743 451.1321 0.0017193174
570.62244 2442.0752 446.08713 96.140274 0.0017076544
187.85802 435.14362 106.44222 197.87717 0.0017067979
780.04114 2186.735 46.240074 411.82407 0.0017001939
502.54672 2461.6453 549.7383 49.01264 0.0016950881
543.94147 2468.4966 463.20126 36.386417 0.0016838496
363.86197 1602.9878 543.20245 979.895 0.0016806712
774.89124 664.84 56.791958 915.12756 0.0016752238
473.4761 1507.5046 404.38574 336.52563 0.0016673354
545.65283 2425.0557 498.69638 133.68857 0.001662082
518.00806 2475.733 505.27344 24.086021 0.0016550338
788.9138 1878.1666 30.26635 485.92453 0.0016521259
204.78864 2464.6992 368.44287 81.09812 0.0016516722
103.60208 2454.8323 190.46056 59.176476 0.0016481722
381.28635 2402.7554 161.90855 131.07628 0.0016217537
717.2583 2451.126 154.03752 67.177284 0.0016186261
258.17297 421.27948 422.15305 847.53174 0.0016176332
465.7521 2447.1643 748.03784 105.90281 0.0016173443
317.87018 1148.8464 592.5941 2149.7854 0.0016127188
336.482 2453.8696 199.78116 57.312603 0.0016048553
774.3126 1013.06226 58.216385 236.7526 0.0016037899
437.21457 2434.7148 132.47546 105.59525 0.0016001376
391.2855 2438.9683 196.1371 90.4878 0.0015950364
196.73192 1481.4507 225.18474 1452.951 0.0015840138
762.34436 2352.6199 68.85497 201.46817 0.0015770235
240.57077 1510.8792 340.93616 1333.5599 0.0015711115
690.47534 2403.6252 185.44373 154.91992 0.0015706284
166.88992 1149.123 136.26155 555.1792 0.0015703294
688.6719 2393.8877 103.429985 122.546844 0.0015586525
292.92963 833.3484 551.8394 1685.6 0.0015527095
326.6811 1160.6638 482.71802 709.7016 0.0015467244
796.5392 401.7127 15.943159 898.8286 0.001542941
269.50894 881.2716 134.21153 278.40945 0.0015421977
779.83765 1064.0388 44.56751 548.5406 0.0015407131
702.12537 2405.1038 166.39919 96.03077 0.0015397848
218.3286 1462.3171 517.31885 1474.4305 0.0015326908
276.84467 1539.6217 323.99664 801.43445 0.0015273942
724.10754 2471.1953 134.67943 33.388504 0.0014981227
378.59586 1357.5548 466.44458 656.1653 0.0014897826
780.1351 940.52484 46.047222 292.157 0.0014804418
700.21027 2412.787 167.74983 82.28232 0.001472648
351.51062 1423.7883 302.11832 1000.0641 0.0014637621
793.3103 2110.7546 21.803202 612.45575 0.0014636834
466.53397 2453.7307 144.8948 70.93233 0.0014583388
729.2044 2476.1375 110.4693 28.381563 0.0014573745
685.2942 641.7137 293.18375 1095.7188 0.0014481947
558.8895 2253.6755 367.4245 469.50443 0.0014431586
494.86087 2385.938 467.92548 183.44206 0.0014414547
212.89459 1091.7413 311.78183 763.79877 0.0014291676
777.6401 2145.067 63.979027 203.4574 0.0014023567
795.2964 2273.0413 16.31555 335.0385 0.0013771397
726.5058 2467.846 121.38073 109.655876 0.0013719203
232.7453 997.9568 354.1279 1692.2529 0.001359393
155.06364 1084.7653 150.95705 717.60547 0.0013527515
531.90485 1132.1542 463.30438 710.0928 0.0013335001
793.7333 1376.1945 20.177969 1363.4338 0.0013062161
631.55743 2058.9932 332.87042 709.79596 0.0012781505
430.46158 1236.5605 293.8258 758.31415 0.0012652918
264.65204 990.95654 487.50537 1946.8694 0.001253427
796.17957 538.116 15.498509 422.0126 0.0012498773
655.122 969.70233 341.93427 1026.887 0.00123866
408.15714 1344.7313 615.3438 1353.2833 0.0012340107
789.3185 2363.9446 34.675148 195.69492 0.001203721
772.83563 2453.9336 55.962036 60.179443 0.0011979208
787.0168 1138.8727 42.592155 267.2686 0.0011927919
366.68567 859.0022 363.8978 1317.5781 0.0011818885
782.3353 2343.9395 35.177402 229.13365 0.0011680896
720.0931 2137.8953 210.9004 643.97015 0.0011577052
391.53937 2477.545 106.45909 83.048004 0.0011574411
795.1032 2025.1968 17.660536 235.83868 0.0011570933
340.84177 2191.8745 261.21786 586.2343 0.001152543
799.1863 451.342 10.052752 168.90123 0.0011513662
768.0172 2376.022 85.773994 159.76564 0.0011501061
782.5448 400.77954 30.659883 78.21369 0.0011398314
155.15717 1157.5347 200.2708 1269.534 0.00112623
785.2378 2441.5051 35.10524 75.83354 0.0011193692
212.13196 1181.4497 151.39407 558.1345 0.0011033104
213.73862 966.6535 71.78132 367.02142 0.0010967291
682.8065 2440.868 198.77823 88.7261 0.0010936747
753.1376 2394.5635 106.72117 118.59246 0.0010854582
343.62894 942.3924 328.47614 425.6613 0.0010840946
327.78314 1480.0349 377.33856 814.6915 0.0010815236
715.65765 2409.355 170.4333 159.38725 0.0010730338
148.84569 1315.7952 127.99791 1174.1182 0.001070827
781.3229 2459.045 44.60669 54.944874 0.0010539045
323.5262 1215.1417 555.1396 2362.696 0.0010287067
152.21417 1408.453 257.4462 1677.694 0.0010203292
308.7744 1215.3495 542.62225 2401.048 0.0010161356
797.1496 2365.695 13.13046 185.85841 0.0010129904
750.78326 2467.8281 88.92357 43.505833 0.0009921342
752.11725 2446.13 104.802055 68.162384 0.0009886274
222.62288 948.8136 158.0362 433.02625 0.000978035
371.0042 1761.3474 369.22446 792.6428 0.0009777267
520.13556 1138.5549 395.73642 870.74854 0.0009751683
606.3332 1213.3467 354.8801 984.0299 0.00096633844
796.64636 2133.2793 14.822129 205.43776 0.0009422676
557.92755 1306.4459 436.7687 515.63416 0.00094167795
234.66005 1363.2463 308.21884 1211.3049 0.00094028923
466.04788 2337.2761 686.04193 287.75467 0.0009301512
113.0893 1297.339 196.17534 2227.451 0.00092620566
782.0658 2411.452 52.364918 93.114296 0.00089420355
366.78275 1297.7667 676.47156 636.68964 0.00089073705
455.2587 1146.1603 614.62244 749.0154 0.0008858842
764.65735 2415.2388 82.340294 79.74401 0.0008750453
592.9345 790.8874 437.32455 900.5782 0.0008742964
153.55836 811.7435 241.84763 1299.2883 0.0008633865
312.4947 1084.8248 574.39386 2147.475 0.00083992956
551.0873 2455.6404 522.31726 59.72402 0.0008347919
174.29373 955.07074 161.75906 476.31525 0.0008329675
212.10146 949.24207 68.40996 326.07245 0.00082822476
800.7922 597.9948 6.6886945 226.49371 0.0008260069
687.22974 1783.8429 377.30795 777.74634 0.0008251962
380.70114 972.523 632.3712 629.08765 0.0008157049
501.17154 2467.5366 417.1087 39.167217 0.0007974717
667.5121 1809.1177 382.05826 559.03455 0.0007818577
335.23456 1300.3798 263.2828 1014.2574 0.0007790323
723.2613 2053.648 261.7121 724.77893 0.00075971225
798.2027 2395.278 10.682508 136.34941 0.0007147732
747.82684 2458.9578 176.86177 52.39445 0.0006903286
537.4248 2479.997 636.4752 17.56193 0.0006725723
704.0275 2297.4216 237.18274 315.48105 0.00066396076
641.5617 1857.205 403.39847 726.83514 0.00065739424
410.18466 1082.8976 555.55115 705.85126 0.00065512414
531.0554 2440.9688 437.47748 83.68818 0.0006480159
583.89044 2483.3179 368.6837 8.632013 0.0006396387
650.8622 2437.7676 310.99924 88.92208 0.0006125858
703.13696 1960.8835 349.4556 535.52057 0.0006073366
649.9822 2483.2432 368.17667 9.076587 0.000594227
431.52914 1179.1271 621.0171 737.46674 0.0005800447
432.59714 1168.5083 594.6527 810.32574 0.00053285924
649.5235 2478.8687 318.71463 15.7844095 0.0005118196
459.38147 510.45694 619.9026 900.82556 0.00049645815
720.94 2100.6838 308.9757 593.3601 0.00048774644
