508.92862 1308.4165 974.6528 2603.0574 0.77947176
887.3541 413.39972 217.6137 326.53412 0.14435083
678.43896 676.03015 636.5877 1346.1703 0.08918782
518.84406 1761.3649 936.705 1599.5491 0.07965424
519.9248 1887.2285 941.44244 1386.2672 0.07303766
557.79956 1835.4601 820.79095 1246.71 0.061811894
561.274 1875.2146 838.84784 1347.0164 0.060753457
536.7365 1632.6646 838.8786 1518.5774 0.055060454
111.728294 2120.5142 171.13515 180.01865 0.054391038
607.7407 2059.4556 175.8413 164.74335 0.04743716
851.17206 420.403 147.42924 311.7056 0.04504461
513.9299 1666.9358 950.04504 1812.9001 0.04321984
837.70764 433.0327 117.65397 286.1377 0.03872991
894.02167 342.49313 199.10078 181.46902 0.03721991
464.41995 1544.6113 665.7744 1363.9689 0.035712183
677.20074 838.85767 638.1895 1673.199 0.03312322
850.2399 292.15146 294.03723 580.87787 0.032745015
509.6757 1307.0646 971.35364 2600.6736 0.030210765
463.65732 1563.5634 698.4152 1593.3035 0.0282282
463.57947 1468.2108 641.3041 1208.5719 0.027986329
677.66724 1044.101 636.6022 2080.7236 0.027574394
678.18085 955.0311 636.7878 1899.5377 0.026718704
464.60153 1584.9724 652.2896 1557.0414 0.025118556
675.94794 1303.3549 639.6737 2605.0823 0.024073726
678.38214 563.7979 629.30835 1107.9877 0.022717306
562.41943 1036.9133 755.368 1659.2959 0.02140181
464.63254 1612.5215 744.1764 1665.9423 0.02078826
556.793 1707.2437 776.6959 923.90015 0.01997842
681.0993 342.0982 624.5502 676.8943 0.019187693
438.11325 1655.357 541.4371 795.2307 0.018703826
833.33234 504.74957 98.541664 142.117 0.018611262
565.3403 2014.9054 823.203 1133.9105 0.018217402
570.4556 2152.1877 830.7083 881.9869 0.018143926
488.37085 1733.1697 668.2753 1047.3964 0.01770645
416.17746 1523.7477 516.3604 1030.2211 0.017513355
679.1341 457.62244 629.6123 905.7029 0.01742623
404.60223 1440.1362 723.72754 1621.4475 0.01721181
555.3979 849.7119 851.41327 1642.7504 0.017194154
521.2975 1229.2803 758.54895 1703.2505 0.01715782
913.4545 604.686 75.83589 71.65743 0.017083116
488.5346 1868.1902 655.7321 1261.0819 0.017013963
533.1434 1277.161 742.6096 1632.7108 0.016841937
558.3345 1584.5195 763.1102 1103.9083 0.016157307
512.8575 2133.9106 960.2825 951.4423 0.015754795
410.77982 1727.0126 467.28473 603.8561 0.015356441
579.25964 2091.7424 769.0491 738.8422 0.014895172
540.627 1909.6113 209.4825 268.1406 0.014811785
851.82526 141.93416 291.82086 281.6979 0.014809502
561.1822 1688.9991 808.8149 872.5105 0.014687347
463.49167 1344.4795 604.1157 959.6427 0.014200141
601.23505 1015.4344 759.81525 1983.1641 0.014140097
395.86264 1349.9978 706.3345 1620.4772 0.014092212
842.44763 391.00092 296.65546 490.41995 0.014049901
512.36957 2301.2632 962.7836 623.56305 0.013989911
590.3454 790.1209 779.03296 1553.6781 0.013894113
686.11255 297.8258 606.719 587.0877 0.0137222875
571.57983 1963.5698 277.16348 372.7184 0.013349564
597.14923 2096.5278 710.49817 703.1535 0.013254067
553.9703 843.0609 854.3141 1668.4316 0.013119585
587.89703 1928.5586 758.60767 1317.7979 0.01310696
418.002 1254.6617 696.4063 1351.1362 0.013017255
615.3759 313.70956 447.26602 553.1349 0.012940946
580.3222 701.61127 806.47424 1383.7043 0.012882459
728.85297 315.20203 526.37836 621.43915 0.012860794
545.46497 1042.3997 838.8581 1829.1094 0.012694511
479.67697 1484.7695 553.0399 1046.9795 0.012681304
184.92746 1287.9734 148.26985 107.49705 0.012562411
727.6238 369.44693 509.57376 592.8907 0.012521339
687.4349 331.19345 421.59183 510.80548 0.012145912
201.10054 1292.7596 181.69955 120.60135 0.012025211
580.9205 1810.0137 699.5228 855.18884 0.011924895
672.1376 319.81094 494.014 553.64966 0.011889506
533.19684 705.1335 905.5281 1394.587 0.011875504
780.16943 701.22107 73.86086 103.087296 0.011743627
781.21277 711.402 127.95678 157.779 0.0117059825
631.22504 2154.5076 691.6596 824.54584 0.0116904145
557.9498 807.03125 827.2306 1458.4642 0.01141553
478.01968 1594.1625 313.75403 319.06638 0.011296209
885.01544 563.7588 221.10109 635.7905 0.011211448
542.73083 2077.7852 559.90137 627.4851 0.01112118
535.70154 1024.4789 871.9388 1857.5542 0.011077733
550.3058 1281.9076 785.7273 1236.7161 0.010885706
847.00275 416.25006 297.06946 827.2029 0.010868859
163.27478 1284.7223 102.60149 99.899345 0.010847912
541.7553 1151.1517 807.51996 1260.254 0.010795098
424.34177 1338.4175 466.34705 852.3169 0.010706802
488.9177 1504.6721 657.842 1226.781 0.010591336
554.0296 789.1788 846.1258 1441.4409 0.010489269
368.90387 1405.0261 482.86798 766.8553 0.010454622
846.5293 426.21484 298.09286 847.40875 0.0103650065
426.44156 1373.572 465.97543 714.5713 0.010346915
311.61172 1450.457 559.21796 1390.0425 0.01023344
506.98166 1255.7915 644.22205 1764.2134 0.010086482
368.85977 1430.2518 486.17365 1089.3363 0.010082973
530.17395 1659.7948 519.28156 684.18744 0.009986553
711.0967 2220.491 166.65636 202.1513 0.009974365
449.0953 1636.3552 390.16504 423.8945 0.009966011
589.50195 2032.4419 708.5403 835.3591 0.00990871
574.88556 1460.8593 786.54645 1096.7932 0.009895578
580.8951 660.0773 802.31445 1299.6152 0.009891518
532.6103 2326.4783 155.38011 144.85582 0.009824567
449.17453 1713.5328 358.9059 548.13165 0.009755239
488.8607 1483.577 606.5754 979.744 0.009742074
811.9915 702.4351 186.88664 200.51373 0.009716176
581.59735 1481.4196 744.0188 920.7408 0.009705836
467.26556 1169.7352 722.635 1367.252 0.009644426
450.37827 1180.0377 249.95122 306.97513 0.009617906
423.92987 1819.8307 552.4293 922.88086 0.009543341
774.51917 941.13385 430.4862 778.4167 0.009394605
535.952 1237.3171 771.6772 1281.6802 0.00938006
827.32153 491.19803 323.0242 612.7494 0.009351078
396.66153 1306.8883 358.50104 538.83813 0.009331265
245.2111 1251.6326 448.25403 1656.956 0.009268031
486.15613 1257.3341 532.2203 668.92816 0.0092501575
796.57855 432.48038 381.7386 411.76532 0.009224894
520.92316 722.2054 930.55347 1437.0786 0.009212177
309.9729 1281.1743 559.034 1494.0155 0.009199038
593.8293 2322.9443 270.18802 191.93045 0.009178825
742.88525 553.61505 485.2337 1039.4183 0.009164936
713.3267 2248.9463 185.75252 268.95746 0.009156289
598.76074 2092.5852 478.7874 644.64685 0.009067629
340.11737 1388.929 556.4664 1299.7543 0.009063085
519.95593 896.9879 928.39215 1678.1124 0.009007071
506.2079 1883.8237 538.9355 1049.8524 0.008919684
743.4295 438.63248 491.29587 860.83 0.00891218
621.04694 267.13046 286.0794 356.1032 0.008903634
452.36707 962.213 726.4598 1615.1134 0.008821389
778.96344 300.88074 426.2758 595.7147 0.008800492
809.6674 436.17032 359.12912 600.77075 0.008792671
700.7225 1919.826 580.0813 1251.1934 0.008758162
291.0145 1125.5746 539.1174 2119.277 0.008609412
192.9067 1330.7089 178.45906 201.23555 0.008606434
732.88446 2196.091 503.2116 624.28107 0.008580783
393.6013 1281.6891 299.77155 297.80234 0.008572009
568.34094 1501.1272 143.45863 142.60945 0.008531765
643.549 1157.7798 606.7859 1278.5636 0.00852346
517.8147 1330.9563 490.13712 783.7718 0.008474258
134.64154 1584.2576 186.25742 379.31067 0.008432954
732.4207 685.63525 486.78256 926.4159 0.0083836755
500.3118 1680.5609 778.95215 1462.4274 0.008349515
887.77313 412.1963 214.37062 320.6325 0.008277534
718.3509 415.75388 435.58057 674.87067 0.008242741
487.0295 1363.3555 527.2733 698.7709 0.0082387
850.81384 665.5766 291.58777 1333.7893 0.00819831
375.4873 1446.7738 347.3365 511.83606 0.008192927
626.65076 314.22787 242.73976 342.65814 0.008170147
247.00552 1249.8989 370.59903 1015.81433 0.008119918
416.90634 695.775 256.75427 292.829 0.008119531
390.77582 1299.625 720.52374 2413.1033 0.008063059
305.40967 1421.1272 560.0028 1793.9739 0.0080430545
344.8034 1615.5773 372.0839 817.6252 0.008038768
362.35364 1198.6938 661.94763 1913.0311 0.008032587
750.8492 2164.296 479.60538 797.283 0.007994481
826.99146 1194.9398 220.76488 303.0166 0.007946654
338.20807 1459.3743 529.03094 865.9101 0.007938587
455.33942 1480.2101 421.83557 462.43323 0.007938054
772.5639 557.58813 421.45346 643.27374 0.007929688
801.96625 899.5593 315.8046 473.1895 0.007910547
292.8241 1051.8745 367.9348 778.8765 0.007906566
545.38916 1088.6052 776.8723 1235.0355 0.007893672
846.7677 675.03827 217.56168 224.85022 0.007857353
558.4303 861.40405 767.8449 1094.3961 0.007810259
438.87534 1411.5918 709.56793 735.75867 0.0077992077
143.49525 1570.9523 134.2894 335.20203 0.007797067
677.2454 1217.3547 599.0849 1773.8423 0.0077924277
823.28253 736.7508 246.25627 329.5408 0.007776675
324.14267 1590.4 552.5371 934.5966 0.0077641653
811.059 526.01105 357.46713 574.8898 0.007757842
221.50664 1324.5376 229.89128 199.19478 0.0077253557
800.31805 754.46387 319.08902 400.131 0.007719648
164.38016 1500.5973 255.33897 532.958 0.007702773
509.8856 1480.25 408.18277 915.60913 0.0076971003
286.97775 2020.1466 174.23988 212.90744 0.007688717
687.40686 951.94745 602.1009 792.3659 0.007661599
724.2606 1885.9801 536.4804 1305.405 0.0076488047
800.5973 541.01965 377.5971 607.5247 0.007631322
329.5637 1604.0747 567.12286 967.0254 0.007626066
809.8674 2241.7424 363.7231 567.09985 0.0076149264
811.129 691.61896 271.1648 273.34332 0.0075521218
828.0194 679.4917 147.56042 148.5425 0.0075486414
593.62994 2286.7952 408.27618 332.7411 0.0075057414
536.52844 635.32855 892.16376 1263.077 0.0074894084
193.9273 2065.244 331.86243 309.82617 0.007455998
558.6823 994.8222 760.42664 993.91125 0.0073949876
376.19302 1560.2242 432.4082 1285.2014 0.0073900186
596.3445 211.67918 430.53522 408.71774 0.007389652
378.41492 1336.3451 682.8492 2062.1973 0.007384652
430.8758 1188.6454 711.4117 1204.6127 0.007361957
564.4469 980.4132 434.18115 715.3738 0.0073525715
406.75632 1285.053 230.23059 188.77393 0.0073468173
488.5159 1107.6566 539.76556 787.4535 0.00734406
549.1312 1883.2466 448.90555 977.8367 0.007341735
628.72614 304.27487 224.68135 326.1337 0.0073314738
336.02805 1482.116 566.2265 1187.2003 0.0073292353
584.61285 657.46716 796.00995 1294.893 0.0073084496
577.6275 184.6376 205.77629 238.02603 0.007300507
469.33597 1204.9882 593.77014 849.9243 0.007245066
494.94675 1207.5127 526.4386 452.28076 0.007241318
772.5856 291.91113 442.75574 583.68994 0.0072195223
886.1686 625.3488 216.22261 759.8807 0.00721796
481.99976 1581.2782 220.52342 246.53049 0.0071911626
761.83044 672.6212 460.78586 1247.1133 0.0071906284
512.3191 952.14246 534.4369 910.2947 0.0071790637
322.83267 1301.8395 424.31778 291.0132 0.0071669035
560.50745 1329.2053 774.9041 856.2836 0.007150463
551.29224 1520.8209 202.43938 199.03633 0.0071446355
280.75937 1095.2609 270.9868 531.5606 0.007121122
577.98065 246.25311 242.99748 313.25146 0.007092727
350.68173 1139.8398 548.9013 1228.0724 0.0070832027
659.0196 2361.1472 656.0862 468.71957 0.0070650694
774.54266 776.3549 438.0337 1087.353 0.007059445
670.53125 405.58347 251.88484 365.7507 0.0070115793
789.8998 755.5024 363.6765 462.1998 0.0069867237
540.827 2359.3389 227.19357 228.52298 0.00698133
488.08777 1461.1074 396.28415 844.78705 0.0069742394
352.98837 1390.6904 240.14963 284.66745 0.006971981
613.62787 2029.7794 477.63275 601.51984 0.0069650654
430.26404 1069.2493 665.3545 1045.3381 0.0069518653
492.1581 1120.0349 527.72253 577.832 0.006929848
461.72913 1490.8414 366.7781 415.96713 0.006862432
650.30945 269.89722 224.9955 313.0941 0.00685627
297.44876 1891.1318 262.69824 351.4797 0.0068312236
552.45654 1535.0123 435.54236 445.1106 0.006820243
755.28973 922.43835 472.6075 832.86536 0.006797776
526.4147 1376.884 862.68463 662.89636 0.0067958287
566.48627 2325.8206 119.070145 130.54758 0.006697348
553.2397 1190.357 349.15756 367.67328 0.0066752196
352.92984 1465.329 263.22336 411.98608 0.006664176
884.32983 778.0008 225.78244 1081.6581 0.0066480273
605.6619 1476.9441 206.41809 198.16565 0.0066246586
270.445 2027.2755 222.58458 294.57602 0.0066208504
521.9131 2259.3586 362.79306 279.71085 0.0065791546
706.67053 2159.2888 519.0369 815.4886 0.0065718656
607.6611 2322.0898 744.1824 555.6395 0.0065619955
581.7217 697.6778 771.9958 1174.2468 0.0065385215
571.0678 2320.9138 131.04486 137.95955 0.006526134
494.51364 2095.989 572.60046 695.2307 0.0065223263
274.33972 1044.1921 501.84793 1926.2153 0.006507226
223.426 1423.597 400.7953 1462.6935 0.0064941216
356.6905 1582.189 398.70407 721.6128 0.0064894375
771.66986 756.52374 248.8522 331.70923 0.0064820023
696.8642 2043.5392 387.1298 491.8205 0.006458944
795.7415 1026.1088 383.5194 608.61865 0.0064532612
392.6655 1628.354 299.34607 695.30005 0.006439637
789.32684 484.50125 398.15723 783.8839 0.006433496
694.6641 513.6167 437.99402 868.6708 0.0064296443
589.3 2313.511 193.24341 193.71107 0.0064049074
463.89035 1421.496 622.2792 409.49268 0.0063716075
439.13422 1088.1407 662.9593 1113.4712 0.0063381405
309.06653 1052.2375 182.35907 447.44006 0.006332536
583.97253 756.34686 482.73056 1427.7759 0.0062992494
400.15652 1949.1122 482.17398 980.18823 0.006286312
437.2481 1299.2018 643.99585 345.55344 0.0062625534
679.7055 1646.5299 388.27274 700.74646 0.0062509347
283.1766 1487.9651 396.9334 567.78235 0.0062022596
366.04446 903.3604 648.6754 1740.0146 0.0061727674
621.4843 187.66217 156.32997 186.21779 0.006168796
616.5206 1302.3428 748.6989 2504.6294 0.006149666
869.98627 677.6667 152.59349 185.0039 0.0060967645
539.0049 986.0564 828.98016 908.95844 0.0060952683
719.8033 2252.2673 226.3579 271.99496 0.006077246
752.07306 1861.265 158.90355 191.92462 0.006041377
701.27747 2420.9993 567.2824 367.84702 0.006021624
518.85065 2257.9504 200.9765 200.09271 0.0060183057
789.1446 1972.2605 406.89508 989.96735 0.00598506
243.76956 1631.3378 427.59836 830.73926 0.0059811524
622.8054 230.34898 480.23172 451.02335 0.005965091
239.87994 1044.2257 423.9546 1432.3502 0.0059631374
212.64133 1709.4503 373.94397 966.06775 0.0059617586
893.2084 589.71704 123.56033 115.2395 0.0059545506
363.26456 1380.4436 648.3219 2059.048 0.0059468504
123.02573 2289.5378 204.37526 570.9105 0.005888757
696.33887 1606.9125 500.25165 630.5316 0.005888394
719.25836 1097.2346 540.25745 1253.891 0.00585117
722.38727 403.38184 107.72059 175.841 0.005848923
310.56424 1075.1444 191.48088 485.9425 0.00584286
662.03687 2382.702 556.3463 395.46057 0.0058377963
249.17174 1371.3383 455.6424 1375.7911 0.005827864
310.5215 1624.8196 577.86115 1226.5098 0.005822222
283.6105 1742.8842 520.8896 1105.0715 0.0058181225
849.3589 1051.779 272.30316 531.45886 0.005816606
485.7311 170.37714 198.6887 267.58646 0.0057776654
233.26842 2305.3416 413.5747 571.4276 0.0057772137
603.29315 1623.64 269.95282 401.88876 0.0057593784
869.39435 944.89343 239.88708 713.84393 0.005754018
250.22131 1492.1123 455.06592 1492.6052 0.0057349703
804.7848 1663.2869 379.2537 701.2511 0.0057306895
271.03568 1889.5438 221.29912 340.89148 0.0057027647
264.34335 1986.9999 202.41934 219.81284 0.00566972
390.69052 426.89853 230.14621 726.71814 0.0056544095
323.07034 991.72876 145.52654 303.81018 0.005640317
410.96823 1992.3932 484.39496 562.6823 0.005638042
157.1515 1632.6149 273.4343 785.9349 0.005632025
633.1164 949.9781 659.78265 867.13763 0.005629456
770.3289 2299.1719 346.9811 444.2459 0.0056197965
554.47076 1815.1244 310.05737 664.12445 0.005618643
442.82898 300.01236 253.81914 540.8951 0.0056092786
684.979 2249.2917 217.74168 427.4569 0.0055931043
255.14047 904.76953 472.32242 1789.4843 0.0055787084
408.60382 1510.7413 234.55707 331.79556 0.0055786744
375.77216 737.1124 501.11768 1239.0157 0.005571412
180.06235 1582.1633 315.16528 901.37964 0.0055294535
112.75359 2130.323 160.05003 167.07835 0.005526615
204.19681 1601.4618 358.75607 874.83154 0.0055210534
238.20912 1230.4943 247.00436 317.2803 0.0055130217
508.24478 1406.3488 306.7983 426.14066 0.005501755
490.96698 2213.628 537.02515 497.0041 0.005493214
834.76874 698.1877 213.5262 280.29645 0.0054832255
411.89844 1279.3467 191.0921 149.58702 0.0054753367
184.2902 2306.0264 319.56042 582.2666 0.0054711266
697.5337 434.86826 169.61288 284.839 0.0054664663
580.13196 1408.3333 422.3955 1226.1128 0.005429739
468.58533 1966.8699 312.8303 389.1852 0.0054109967
373.42285 2016.9951 444.07538 551.4155 0.0053762435
407.57196 264.71875 184.04677 476.99957 0.0053676656
672.969 1054.0172 624.2998 1129.1189 0.0053399242
865.48315 1601.7872 262.75537 585.7297 0.0053380155
355.71652 2082.2969 198.05145 241.52097 0.005329217
549.195 1673.2352 386.1543 846.57874 0.005325449
771.9223 1184.1655 345.76404 352.87408 0.005323063
209.70032 1223.0374 191.73596 260.70374 0.0053095124
577.1835 2456.536 827.8801 342.53973 0.005257958
646.88837 1047.1416 298.25555 534.3356 0.005255046
277.51477 1420.3833 507.44522 2243.2354 0.005251657
664.5003 163.38782 219.22682 230.44167 0.0052497196
747.99475 807.87695 311.60007 464.94458 0.00524457
312.2529 2009.4532 321.0295 430.20557 0.0052442243
601.59686 1046.2471 632.39484 1054.3723 0.005242573
274.41916 1342.3147 466.4255 1276.8052 0.005222724
518.3783 1696.4293 253.57498 525.6029 0.005216878
240.6826 1407.8451 358.36905 698.2758 0.005186993
358.13293 1628.8193 289.95685 674.0908 0.005183446
420.06177 291.7011 221.42102 546.4936 0.0051804744
543.975 2365.609 126.092865 148.92136 0.005167231
320.4549 2309.14 590.8698 577.40735 0.0051456564
795.8705 1299.914 406.35477 2492.073 0.005093
634.98285 1476.5421 209.8154 198.54541 0.0050912485
797.31433 765.31415 392.16647 1074.3994 0.0050858194
627.0493 1532.7327 449.73538 1129.42 0.0050757728
790.91364 1183.4442 408.93716 2181.727 0.005072593
304.66418 1766.8071 278.688 516.33057 0.005069256
764.00616 301.54138 314.27127 563.7727 0.005059845
455.676 1963.3352 477.06583 399.49655 0.0050548757
837.33887 1191.5919 160.54297 232.74622 0.0050463593
870.08936 569.9057 170.18811 154.91327 0.005045182
264.52478 1953.0887 241.49745 385.7669 0.0050110593
745.77344 2262.0896 187.05862 287.985 0.005003414
173.00854 668.3301 334.8115 1319.691 0.0050004954
782.76666 770.19 190.45491 214.8842 0.0049927407
710.0616 1604.8539 227.7119 284.1906 0.0049904604
594.0109 1692.056 261.1534 385.2146 0.0049726954
844.41437 1198.8292 175.37935 271.58154 0.0049722805
761.76373 668.9379 391.544 494.078 0.0049451436
269.7539 1522.042 212.42111 445.68604 0.004941909
862.03564 674.257 265.20786 895.07666 0.0049381824
855.6017 2369.5215 254.68037 404.6695 0.004924445
797.8596 338.03033 197.2278 481.40234 0.0049165417
660.2206 1175.7257 218.80194 295.13382 0.004906002
457.9354 2235.0256 409.4815 322.27896 0.0048888447
575.15137 1856.5807 124.47145 161.89624 0.004883547
673.57434 1026.0814 269.82806 485.22708 0.004869633
488.98676 1986.0043 340.6426 718.2468 0.004869478
703.49286 203.37819 210.89482 255.33447 0.0048588095
843.8856 1216.3623 214.03609 313.36285 0.0048552584
861.8968 1526.3568 252.15247 424.84045 0.004850402
392.06424 498.14368 367.37433 950.0043 0.0048485263
627.38586 238.34537 140.92938 191.34995 0.0048248633
206.82486 1143.7751 73.88752 100.05151 0.0047911345
567.0865 2023.3011 329.4481 443.3827 0.004786346
353.6143 1164.0807 660.17566 2176.4392 0.004785458
517.0442 2462.9724 938.8747 351.6958 0.0047462224
211.94504 1128.5349 48.51368 55.96995 0.004743007
753.87354 506.00577 374.2389 551.81555 0.0047342093
545.3236 2288.0505 191.62048 191.37721 0.0047262264
747.38354 1915.0112 251.09686 316.58115 0.0047260425
622.477 2068.045 134.5565 150.48228 0.004722693
326.41818 1369.7113 304.0738 718.0685 0.0047167684
291.94504 1217.2753 403.15366 1240.2206 0.004715072
528.1077 1886.6995 196.81761 242.77773 0.004714752
155.85083 1812.7706 269.61752 748.7389 0.0047133937
481.96072 1731.6829 215.98967 367.9071 0.0046740053
746.2021 222.74593 495.16077 443.3314 0.004659754
432.76602 1508.781 212.86975 285.07446 0.0046515255
471.4913 2263.5823 184.23798 190.60178 0.0046374705
852.0595 866.72253 265.7319 652.8869 0.004632378
447.9399 436.17145 275.75803 540.7482 0.004628325
520.52747 1922.0146 135.79019 154.47247 0.004618198
642.15625 1101.7821 654.4333 531.68494 0.004616487
661.2159 2466.9492 771.22687 586.0595 0.004596243
858.18475 1182.3162 172.55704 283.05435 0.0045922506
928.1749 664.15125 122.70139 239.40154 0.0045870524
788.7552 1876.5189 233.71765 323.1842 0.0045766374
771.1986 1329.54 429.93936 1026.6736 0.0045551993
820.04865 1954.3304 376.16656 1308.9375 0.0045420867
256.25732 1647.1173 178.19264 317.0512 0.0045296573
758.2533 1726.0896 400.0469 1321.293 0.004523179
804.56256 1963.978 227.20451 252.88113 0.004493992
192.68402 1484.0985 349.51407 1500.092 0.004483025
773.7397 1969.6183 273.646 382.22705 0.0044728196
563.7608 2439.5376 373.22186 297.27737 0.004469997
555.6067 2336.9158 133.47237 164.47058 0.004463248
669.54553 1262.4287 601.30255 1030.0706 0.004457734
631.7867 1941.2737 720.5295 1322.3092 0.0044552055
395.59845 1597.6486 202.42531 272.9644 0.004419213
564.0325 1983.3977 226.91553 392.95554 0.0043638838
297.21835 2273.5505 538.03015 625.4668 0.0043470934
302.35602 1373.6428 583.2847 1687.2559 0.0042963293
386.7886 2122.9446 705.4401 911.70184 0.004291021
391.32587 2314.3657 722.40857 579.4004 0.0042898576
820.2407 981.24506 190.91959 225.17955 0.0042581703
582.4227 1398.7275 160.03091 199.21812 0.004255375
535.37823 1013.09863 807.15173 690.1351 0.0042483998
860.9227 784.73785 266.07123 1104.0963 0.0042438274
295.73154 2304.3738 539.33057 576.84296 0.00423931
715.2051 757.2449 516.0813 550.3843 0.0041949432
598.3293 2473.6304 237.66638 222.42264 0.0041897614
852.4956 938.5127 278.75586 763.0476 0.0041828817
310.52066 1620.2499 347.32288 1028.7893 0.0041776747
371.20505 2359.9543 332.50842 355.52686 0.004174841
789.42645 1344.1815 381.66968 1335.4167 0.004171282
810.2238 2096.4329 296.3474 626.34656 0.004169981
902.9586 111.66761 188.95912 215.50336 0.0041422015
824.04926 2498.769 337.7334 225.04114 0.004132123
838.2417 1265.5732 196.81532 275.64035 0.0041081416
831.0248 1036.1422 329.01376 1743.7435 0.004106605
397.79944 993.69476 556.9266 992.0358 0.004068864
602.1029 1279.7155 462.60455 1846.5725 0.0040678363
684.763 1117.7413 372.73123 961.51697 0.0040456173
860.72156 187.26726 175.98892 118.75179 0.0040428247
437.7736 1710.1215 161.99388 181.36371 0.0040336614
726.5372 943.57513 299.3784 528.1572 0.0040329415
677.45013 159.08258 636.7134 313.57214 0.004025664
876.9837 1047.3767 239.81795 1636.0671 0.004019211
888.68463 881.25366 186.43083 352.84537 0.0040113637
347.79187 1482.7394 329.04343 1090.4744 0.0040104208
913.58923 106.24132 158.91759 176.13533 0.003994387
829.6753 2269.1973 312.04083 657.2627 0.003987647
562.83923 747.7456 382.677 557.14056 0.003983428
713.43677 1438.1157 531.8679 945.8195 0.003979551
891.7611 1313.8676 214.99031 2552.2522 0.0039792224
651.2105 2443.1606 568.07605 332.80118 0.003972919
293.27252 2027.9362 136.78677 145.05579 0.0039668325
451.49414 1307.5771 701.10236 204.36996 0.003956619
837.13745 950.48914 306.99094 798.3293 0.003953666
361.46167 2102.3853 193.1251 214.75409 0.003953313
298.09778 1926.1112 249.7819 327.89072 0.0039502294
692.114 2487.1497 291.93973 234.18391 0.003923081
767.7065 1226.0061 436.84567 1048.7611 0.003900308
885.4324 2424.2112 213.62817 373.0867 0.003885606
550.07745 2109.411 198.19513 449.52673 0.003884921
831.603 1333.0582 259.6439 480.20807 0.003883484
852.2355 671.6498 291.8618 1368.7179 0.0038793876
584.01294 2215.5518 179.32741 268.54507 0.0038782563
634.27515 1109.6012 648.57794 521.3001 0.0038774898
789.5469 510.955 380.1357 607.9508 0.003877234
829.4135 1272.7434 317.49536 603.3943 0.0038766686
544.57306 1696.5111 175.53006 182.45532 0.0038586634
658.7189 580.6605 290.75882 408.53354 0.0038578364
514.27844 1846.311 241.62175 333.26718 0.0038569206
235.81912 1474.2985 366.68085 1451.235 0.0038436481
419.08118 2136.8267 193.87585 225.80249 0.003832711
850.37585 1308.029 298.89346 2541.4185 0.003822791
775.1359 1833.1088 433.3579 1545.8289 0.0038218996
578.12854 1268.6067 649.9661 741.36694 0.003814333
695.99316 343.37546 211.65494 422.11807 0.0037957989
621.7159 1910.198 206.79256 269.98178 0.0037849885
602.927 2449.6118 701.73737 354.997 0.0037804653
191.54857 1172.6398 121.85872 164.46228 0.0037762725
461.5341 2443.6692 237.74727 239.9507 0.0037716061
734.3772 1242.3921 479.14767 1089.5929 0.003766446
703.5518 470.47806 187.60413 351.07147 0.0037263527
887.2892 1308.906 222.94193 2524.8857 0.003715939
574.1163 2447.979 123.46582 137.7432 0.0036996559
144.70905 2333.5334 211.49503 599.0695 0.0036974929
893.9951 1758.3939 196.41762 351.56992 0.0036819566
440.71783 2467.2021 262.05557 216.98372 0.003679979
866.7 911.70703 199.91782 280.89636 0.003675478
275.10355 2181.633 498.59045 838.1898 0.0036636773
318.00275 2268.2754 193.8429 223.93985 0.0036526741
815.5746 532.01196 362.02612 1082.2063 0.0036499228
731.8911 1222.6638 504.79956 1215.2013 0.0036497286
425.53778 2150.8997 197.01138 212.2007 0.0036371322
363.75815 1405.2422 193.8229 255.45627 0.003634441
375.13202 2277.088 393.34125 558.4755 0.0036317396
371.7129 1668.3024 403.99225 1251.7974 0.0036263224
471.9415 1618.653 343.09988 1244.2695 0.0036208632
899.457 2216.7976 192.98262 462.91998 0.0036073462
511.01932 1308.5443 970.8852 2601.2234 0.0036043392
713.7224 843.54846 521.8818 923.5404 0.0035958623
785.487 831.85187 361.61176 617.44666 0.0035861216
680.46655 219.75743 629.6664 438.96964 0.003576523
703.8769 951.0847 565.82733 776.7811 0.0035540133
499.0609 984.6019 260.57993 432.02005 0.0035323885
713.80536 1482.847 353.56543 370.77222 0.0035317675
883.87585 1026.3873 199.63094 308.50922 0.0035126198
171.75179 636.2682 335.35703 1261.6458 0.003489385
579.8942 65.46114 254.57225 126.60618 0.0034893649
777.3005 1458.4937 424.4587 1279.1759 0.0034890333
656.8135 1011.7683 636.2407 674.80664 0.0034596534
167.58214 440.15472 330.19052 870.01227 0.0034480218
577.1192 2178.7644 813.8833 672.631 0.0034415252
818.7218 2125.9702 323.66388 626.252 0.0034407955
736.5985 2542.7634 512.4177 189.91318 0.003430735
455.5724 106.61129 181.36894 211.24037 0.0034230032
559.88055 386.9542 828.6579 775.1136 0.0034181562
783.8405 1677.4982 466.4179 1421.4716 0.0034159005
586.4626 1760.8134 216.80373 332.42548 0.003402606
501.41052 2524.7026 965.63873 228.2919 0.0033922151
859.7973 2316.7292 201.47276 283.82275 0.0033825804
895.3974 2434.613 193.82272 356.02106 0.0033715805
858.2473 2454.2053 195.20656 250.30147 0.003370115
530.06854 2160.3728 118.62222 136.9812 0.0033623895
866.81903 1500.4241 240.1764 302.6272 0.0033530917
886.38306 170.47876 200.43127 176.38301 0.0033480532
658.4638 245.2901 173.35991 229.20735 0.0033371272
184.45496 2084.475 296.45004 276.6354 0.0033352468
765.70215 1346.636 438.25308 1334.6245 0.0033338699
580.47375 1665.8379 484.85458 949.0094 0.0033291753
783.10846 749.0176 424.58218 1207.1699 0.003322764
432.08325 2348.3103 166.97667 155.11226 0.0033072692
873.8317 2516.3472 242.91338 197.71033 0.0032932817
443.77258 2183.1677 197.72803 183.12833 0.003290395
238.46202 2321.0068 331.30692 449.50385 0.0032779516
760.08685 2173.129 203.71022 263.89902 0.0032534515
229.57222 2094.8289 392.82666 605.5077 0.0032489642
735.8513 1930.1595 562.60535 1320.9117 0.0032467751
795.4325 766.83826 389.9923 1063.9049 0.003238042
862.6188 1835.5184 201.4166 316.28693 0.0032371064
848.75903 1006.7424 243.33202 415.04773 0.0032254097
767.4086 2500.7112 135.20872 142.89835 0.0032208306
614.78467 2178.198 243.40706 835.8035 0.003212825
876.9885 1391.7948 238.44867 661.84076 0.0031991105
187.89133 739.00305 349.9844 1476.287 0.003193266
526.88135 807.4714 833.56165 1075.4932 0.003188078
770.7147 1602.4423 437.1591 1189.5867 0.0031613866
869.631 1450.7076 253.02817 830.6443 0.0031513327
855.775 2333.4067 208.71877 271.93958 0.0031310993
827.5889 1326.9597 337.0467 2197.5718 0.0031249288
959.4313 352.74704 73.439095 214.76047 0.0031146752
709.76196 330.48944 224.445 341.5961 0.0031099971
341.24762 1313.1953 442.7041 199.24872 0.0031076004
313.43182 2133.6035 211.1931 210.35742 0.003102815
270.4867 2226.715 234.20573 229.58032 0.0031021216
287.04135 2196.4604 498.2193 394.18594 0.0030954166
430.70316 2032.9137 163.02094 230.71844 0.003079618
841.46936 1048.2288 186.24127 322.92117 0.0030784225
350.91284 2095.0715 180.2458 188.46864 0.0030778549
392.31668 2160.7449 713.1785 889.2385 0.0030484798
905.5971 1603.193 179.27605 423.66052 0.0030300682
274.46655 2219.5962 481.93988 735.58795 0.003029776
880.97797 2462.3735 161.7301 226.80356 0.003025429
851.70166 1136.5529 274.27698 1136.6447 0.00302286
393.1981 2475.6555 185.05971 164.98875 0.0030104609
453.89703 1710.3898 137.55312 164.5395 0.003010113
853.11115 852.91644 240.19356 374.20828 0.0029822362
867.92896 2135.1743 250.00813 946.7578 0.0029811475
235.22688 2233.4993 183.95811 178.41084 0.0029786075
470.81992 1158.8447 535.7171 1612.3611 0.0029743423
759.74524 1102.6958 438.3216 1589.6587 0.002969592
681.535 668.57855 626.5568 1330.488 0.0029683302
232.80016 2349.2112 373.41547 404.33112 0.0029671805
318.00333 2408.647 198.15004 341.3295 0.0029669066
836.6999 1580.4318 317.986 569.02014 0.0029633036
721.82764 823.9034 158.88792 187.25262 0.0029546968
161.40222 385.1103 332.01498 757.9574 0.0029036987
263.79977 1772.2529 169.41641 194.5538 0.0028982246
675.4164 296.70203 159.91493 224.5297 0.0028921734
869.686 1984.7108 240.68593 911.07697 0.0028887815
754.6589 1279.0596 456.598 559.0411 0.0028820932
617.20483 340.4686 121.34406 161.77037 0.0028792266
509.84015 1309.762 966.2608 2596.691 0.0028783684
856.4575 1300.5354 289.9094 2559.7131 0.0028750761
862.2619 1297.3827 283.24817 2573.4583 0.0028540073
694.14404 414.95572 117.77924 189.89325 0.002850144
793.5451 39.44764 209.58302 76.02123 0.0028391501
352.10657 1441.0367 353.9168 1667.3793 0.00283559
362.53955 1312.5466 164.69604 149.51973 0.002834536
767.2733 430.60852 404.53583 447.2357 0.0028284476
513.8466 389.89212 957.5336 782.5717 0.0028226166
919.35693 1040.8053 154.37737 531.3343 0.0028159826
824.37915 2338.7434 227.27939 364.93857 0.0027993186
784.2734 2594.265 425.50482 91.06723 0.0027850245
235.95404 598.6822 413.39938 1203.9003 0.002784781
713.17395 1435.2115 198.5293 251.44011 0.0027828468
550.1985 2032.9155 215.12628 277.2357 0.002781668
917.42834 958.86346 161.08792 764.22406 0.0027794682
870.0127 122.88742 265.01495 243.25124 0.002766351
604.70703 1224.1722 418.3259 1575.558 0.0027563795
227.50201 2030.509 367.1402 568.73456 0.0027556743
900.2716 2466.4915 179.55798 292.98648 0.0027532238
96.39052 2549.9177 183.18367 187.51685 0.0027422651
106.339775 458.73422 187.26392 431.61017 0.0027360676
633.53625 2465.6135 681.3137 314.34433 0.0027280152
881.8978 2040.7264 222.57709 518.06604 0.0027212908
910.09894 1055.4187 163.56827 276.8825 0.002719918
606.51227 595.49023 361.47293 383.31046 0.0027181543
919.4911 1012.259 146.91962 337.53702 0.0027095142
817.8278 1230.6512 342.36664 1569.1252 0.0027089575
662.9975 2522.9248 168.67113 153.83374 0.0026859844
847.2787 2576.9678 294.94196 117.123535 0.0026764849
612.2897 2463.967 202.1139 347.56537 0.0026673551
824.3893 1204.723 324.0569 1609.6421 0.0026663088
797.3789 2579.5444 386.6844 115.134315 0.0026611632
853.472 671.8374 292.05453 1381.9438 0.0026600938
680.6261 37.60158 636.4968 70.66153 0.00265365
888.91815 2006.1833 189.56512 252.44197 0.0026526658
659.4783 1677.2793 631.3375 1808.4609 0.0026510516
200.17047 2185.204 357.69522 887.452 0.00264303
818.2399 623.35614 334.53394 741.3038 0.0026400026
871.6761 994.22424 244.60411 1615.0468 0.0026326806
736.524 1338.8864 478.65012 719.13403 0.0026244398
87.661385 838.0992 155.3124 588.9892 0.0026028361
333.58957 2497.1648 192.46625 180.19676 0.0026011977
67.48619 491.47665 126.74077 627.9889 0.002584963
721.466 2507.1743 166.26773 170.65082 0.0025823272
165.7641 1991.7487 234.98917 599.6448 0.0025779365
900.35535 974.62317 200.29446 739.01886 0.0025704524
254.55528 2461.9026 243.37982 267.42813 0.0025582353
944.7643 329.18726 109.257126 167.08191 0.0025423828
937.51013 25.211302 142.46405 50.443504 0.0025328395
907.7671 2281.435 158.23299 247.5621 0.002528261
389.5958 2537.1536 214.17116 147.72534 0.0025264889
841.1205 1146.2535 310.57822 2037.8171 0.0025258618
885.0205 947.36646 217.53938 748.3677 0.0025249321
777.799 1223.888 401.92047 1115.0677 0.0025231445
450.75137 1937.5907 235.40863 430.43387 0.0025078072
716.86957 380.69427 99.89429 147.6465 0.002507651
99.67407 2584.7385 190.24998 117.7847 0.0025049045
776.2659 1863.675 421.9764 678.2806 0.0024980856
917.05817 2594.0115 160.01898 87.69993 0.0024895524
898.92255 2509.3352 174.98083 198.96771 0.0024786664
822.50476 2282.5276 279.05942 661.65704 0.002476386
751.9225 1110.7589 433.09268 1656.9347 0.0024736477
106.62275 2506.833 196.79437 266.15164 0.0024545628
912.63477 2236.2495 149.89131 276.89426 0.0024509635
60.61337 942.2748 114.868996 647.33417 0.002432855
583.01166 2553.844 821.0183 188.2621 0.0024154119
212.52893 2457.1091 280.20288 317.9912 0.0024125597
642.2963 2074.4905 169.51945 214.87347 0.0024121914
247.51941 2452.4875 398.86096 345.78687 0.002408158
829.8479 893.9569 282.4744 549.3238 0.0024058498
919.2556 773.39545 159.47581 1115.6228 0.0024012649
340.3095 1603.2046 349.96024 1115.1055 0.0024012385
137.84694 2554.2712 266.69803 173.80968 0.0023960446
841.40533 823.6061 307.0575 1477.4384 0.002393164
266.78427 2535.428 242.40695 170.3269 0.0023878384
846.02686 2229.9753 217.71631 407.0849 0.0023869867
811.2634 2210.5183 275.8972 545.5709 0.0023698132
927.0262 194.38432 148.36093 376.75208 0.0023583747
892.7044 1321.5117 213.8369 2444.7554 0.002354609
850.2442 1902.417 181.50742 180.43015 0.0023506852
300.85507 2470.4417 383.3893 315.181 0.0023391275
940.8653 1514.3741 119.90498 436.22504 0.002338263
895.24677 1453.0016 210.86484 767.6321 0.0023354904
241.54916 2419.4844 349.05957 358.10117 0.0023211972
361.85626 2494.2114 366.00446 244.91672 0.0023175506
236.61441 2525.9492 450.85413 234.11958 0.0022919737
879.4222 2523.0403 206.47891 172.10728 0.0022891075
842.5133 722.20917 279.79053 681.1138 0.002282865
915.65955 605.72314 57.253464 60.61395 0.002281496
277.29996 2559.9106 331.20193 146.00269 0.0022565017
139.46559 2549.994 267.9509 179.56967 0.0022517326
193.65204 21.658497 255.17786 41.7684 0.0022515056
59.617817 875.0182 109.81743 373.56534 0.002242885
428.72733 1648.33 546.548 795.20374 0.0022418364
35.1717 468.74445 67.086655 628.74945 0.0022416497
740.02075 2513.0278 522.08154 294.6356 0.0022389137
754.64215 1676.9164 473.96713 1607.9369 0.0022387262
300.3913 2578.9016 205.88777 130.35918 0.0022343688
853.38995 16.536114 301.1144 32.850628 0.0022330033
591.1243 2537.208 179.12245 187.44878 0.0022321087
821.32587 1501.6405 319.69202 1363.6295 0.002227585
828.13434 2622.5046 322.6425 37.30206 0.0022204374
925.23096 1502.1635 141.65047 390.9415 0.002213753
510.3835 1308.9031 961.2759 2587.6252 0.0022078615
913.7423 2323.931 132.88055 237.4987 0.002201026
459.95142 2547.091 201.63617 141.83574 0.0021973525
629.1131 1081.3212 725.5723 1293.9548 0.0021912158
203.11436 2176.6187 359.14377 886.0845 0.0021890148
924.8031 1870.642 149.36028 386.0996 0.0021829242
962.8363 102.56858 77.782295 200.94356 0.0021826364
914.62054 608.61456 64.49482 66.57829 0.0021737756
933.1719 1432.6034 134.88684 292.06927 0.0021696948
817.3933 2585.3523 187.54503 114.375114 0.002153293
715.7356 344.03894 113.88064 162.08267 0.002146463
713.5685 2539.7441 184.43245 157.07825 0.002145733
752.758 2584.3818 764.7881 197.02866 0.0021410151
709.2168 1697.58 584.38806 1761.2968 0.0021357588
899.8095 1679.3682 169.04663 166.84857 0.0021323154
623.93835 2071.1345 116.08981 220.88072 0.0021189838
32.20171 470.11655 63.467426 556.11365 0.0021183477
251.37524 2584.4854 281.4069 97.95571 0.0021142813
509.71228 1310.7002 962.2627 2588.6345 0.0020896709
399.286 2505.5981 456.5858 214.78278 0.0020885277
684.75995 1475.3168 329.56042 338.28983 0.0020768493
633.3255 2541.5676 195.73232 106.009254 0.0020747278
948.22015 2174.7004 101.00794 237.29059 0.0020739133
877.6058 1138.5114 231.01506 1307.5466 0.002059456
717.49774 1076.7891 623.96564 1430.8137 0.0020486338
715.32227 2517.6174 417.62418 199.35779 0.002042512
408.33255 1622.5859 538.615 1817.5645 0.0020265933
720.176 274.91357 224.04802 307.51016 0.002015507
963.6331 2200.234 73.15077 263.30588 0.0020028595
868.95154 555.1186 250.64781 630.3379 0.0019963945
823.5047 1940.48 340.4237 1142.0835 0.001990025
892.376 781.1334 192.59428 1113.7361 0.0019887402
652.02747 30.9962 167.61926 58.26792 0.0019815548
69.9364 2612.9731 144.06696 74.56854 0.0019809222
538.5142 1878.5913 371.0807 535.79004 0.0019804423
115.05589 2129.7715 151.98756 165.3073 0.0019798505
844.88055 2251.1008 264.66656 629.0761 0.0019795434
875.3326 652.88794 162.16698 1125.562 0.0019783624
769.9766 990.0273 435.24557 977.47485 0.0019702634
843.97955 2552.2114 201.91042 142.49905 0.0019677146
936.8501 2009.4982 122.94362 287.54138 0.0019623253
478.84937 2616.196 958.09546 72.39313 0.0019592787
896.0362 2506.5447 188.75415 216.66785 0.001956003
912.6874 1725.3429 175.51904 152.6515 0.0019478487
908.6831 865.31836 169.04588 532.71783 0.0019431842
775.1394 296.86682 435.42624 599.98724 0.0019226657
945.6124 1116.914 106.30149 413.1245 0.0019224681
79.07161 2606.049 156.90845 76.77265 0.001920607
954.7888 505.31833 90.68883 163.03549 0.001916927
840.9092 2569.7534 189.62466 103.9254 0.0019153084
812.7851 1580.8289 348.01355 1426.6476 0.0019085722
771.86383 2596.5466 181.81761 87.4293 0.0019029259
919.08765 1793.0244 153.72214 425.87146 0.001902591
957.3978 130.80786 89.62971 260.06442 0.0019017138
575.39844 1284.3613 365.58914 743.9539 0.0018911914
709.9084 15.968113 629.8726 31.97757 0.0018757525
958.33844 1165.8213 84.91929 330.69418 0.001866736
154.07431 25.20929 316.50827 47.90343 0.0018664765
714.4638 1645.1578 516.4153 1829.6641 0.0018623894
439.56204 2527.4988 437.85355 208.12543 0.0018593336
966.3446 223.68932 69.28727 430.94028 0.0018574205
870.6548 2588.36 135.40353 70.93369 0.001853817
781.88983 2525.6516 392.46838 244.40393 0.0018499733
854.3323 1579.1674 271.33548 1414.7189 0.0018411577
718.7076 2634.4731 473.65796 26.27043 0.0018279413
172.81203 28.24708 357.65088 54.60619 0.001824362
886.18225 1294.1843 209.98695 2570.197 0.001823999
419.75305 51.627605 163.25793 99.55742 0.0018216036
877.1572 2455.3982 250.56624 341.21783 0.0018101576
926.62744 2189.6445 158.97493 389.5272 0.0017886611
920.97675 1913.4645 114.757 194.76192 0.0017856318
920.10345 2469.9653 150.9087 201.59215 0.0017828377
905.01953 2541.1006 172.62048 193.44733 0.001767209
246.94121 1577.9951 323.76843 1683.1312 0.001761801
899.7371 2627.188 173.82198 31.786703 0.0017609355
779.35614 2569.2551 127.34969 104.13792 0.0017567554
851.06335 1170.0273 263.66922 407.12988 0.0017529291
953.5018 112.385155 89.819565 227.38945 0.0017514719
919.8683 436.17453 135.708 359.51013 0.0017474913
948.69684 948.2675 103.05603 719.17053 0.0017419162
941.5912 81.32389 112.429306 161.94351 0.0017379697
488.7156 2593.4722 164.9833 104.56123 0.0017291937
938.706 669.1096 114.03855 221.43333 0.0017241463
936.7683 840.57513 97.32989 103.14563 0.0017183756
659.81903 1063.2596 487.399 538.5847 0.0017153411
15.983281 272.09198 31.469967 477.47025 0.0017150888
810.1678 2621.362 340.44357 48.359646 0.0017126674
370.22287 2278.144 355.789 642.0126 0.0017078089
958.3434 41.302975 126.80043 85.09038 0.001705807
535.6696 147.29373 891.71967 286.14706 0.0016951431
403.16336 1961.6193 460.17978 899.584 0.0016867379
805.2946 2594.76 140.4365 116.6714 0.0016847133
909.67865 630.3795 150.83784 887.78174 0.0016832654
897.9884 2001.9658 202.52522 1247.5837 0.0016758108
911.42505 1100.1982 161.96387 1370.0416 0.0016675664
937.0567 1071.648 120.23468 1038.1603 0.0016573519
950.1829 2555.6953 87.55779 137.36601 0.0016514284
923.39233 1104.2416 148.44693 1429.4445 0.0016500264
707.49146 195.1493 198.26591 210.13638 0.0016455624
319.0049 2012.1313 299.96484 1107.7014 0.0016453187
624.08545 513.19806 335.31497 616.97186 0.0016424186
509.34796 294.54907 904.3534 639.9785 0.0016389264
968.0461 53.812428 67.18115 103.78831 0.0016265414
606.2308 2596.1428 208.1607 87.66222 0.0016258461
467.55304 1839.8737 467.47162 995.98834 0.0016206222
877.40045 2625.2617 208.28903 39.084606 0.0016156035
924.57904 2632.9019 142.10239 25.923477 0.0016130982
250.16739 26.47661 275.5511 50.77903 0.0016069624
383.19427 1448.7865 683.7879 1301.0441 0.0015762473
513.19995 2529.1208 876.67224 216.93826 0.001565317
927.60034 1382.5565 158.62793 2003.8634 0.001561866
574.6284 2632.57 489.33768 28.244295 0.0015417654
943.82495 1956.5406 110.823006 323.09598 0.0015336134
956.05774 2391.4326 101.165726 333.22342 0.0015331076
973.14185 2527.0854 49.823673 170.46231 0.0015214187
728.4506 455.86914 387.26193 428.10272 0.0015203268
921.1867 2630.7664 135.22813 35.736576 0.0015170426
755.9153 2634.6567 136.63788 35.329826 0.0014980057
567.68134 2594.5662 251.61192 86.72295 0.0014974666
955.92065 951.7902 88.73159 239.90677 0.0014968421
941.1864 1622.2258 121.99738 1588.0497 0.0014919179
972.012 2600.6975 53.785007 77.6326 0.0014691042
627.568 1835.86 570.7308 1195.7042 0.0014620041
967.3163 1441.2842 64.934616 326.05243 0.0014618795
173.91966 56.87912 337.78897 114.27538 0.0014593723
811.7913 2615.5457 314.4592 52.127018 0.0014454825
785.9004 69.91031 362.79358 183.1176 0.0014333929
950.44324 2608.04 83.18995 67.38879 0.0014228928
931.58276 2515.6555 127.565315 227.23006 0.0014200128
954.91 2590.088 80.145515 87.232735 0.0014181201
962.0533 1197.6107 70.41874 264.46567 0.0014112586
956.6747 1749.5198 87.76421 354.93243 0.0013991258
965.3756 1517.3842 66.6596 485.2397 0.001389174
958.34125 1981.2738 79.803734 352.58096 0.0013822758
951.6087 2574.4697 88.06593 128.74628 0.0013793763
962.3524 1368.294 78.54574 204.00594 0.0013769817
942.86255 2631.9448 84.73877 29.375238 0.0013672254
956.9267 1442.7009 91.52208 752.7958 0.0013507747
886.9735 2594.9863 193.98102 80.448746 0.0013494554
957.6437 698.1383 93.06024 233.23183 0.0013477793
580.7729 1335.6323 661.8008 980.6478 0.0013461501
965.65857 2347.539 55.193874 326.1192 0.0013311589
7.285522 472.2792 13.717502 430.42096 0.0013295321
254.82326 1845.6149 290.63742 316.40018 0.0013169107
963.61633 1654.8065 73.68201 278.08044 0.0013119377
347.78104 63.484417 171.12079 128.36888 0.0013110689
779.34174 2620.242 455.82474 54.297817 0.0013104148
911.1472 1940.7217 227.19597 914.9583 0.0012830262
594.2897 1135.7339 403.4767 1055.5852 0.001268159
672.1882 413.09775 653.9822 819.58325 0.0012597104
871.9458 2604.3926 250.94319 75.05213 0.0012592443
216.06891 2082.7617 210.5878 1157.842 0.0012583475
965.0062 678.8193 58.347786 265.71146 0.0012552715
675.5863 876.0626 636.52997 1753.0999 0.0012540801
567.18146 2596.0703 899.12476 119.29279 0.001229396
681.8409 633.96387 640.1448 1277.8872 0.0012258424
528.4885 1317.3093 931.7904 2531.1538 0.0012134919
931.76086 2604.0059 107.92997 91.616135 0.0012015016
940.0283 2596.4004 116.55972 85.19947 0.0011930491
985.2367 573.159 39.39579 290.5466 0.0011878642
720.533 237.33546 213.89511 242.09987 0.001169566
866.0934 2610.906 248.97435 79.20527 0.0011585283
815.18805 2637.5894 542.91595 25.656237 0.0011550698
981.2771 1064.3706 44.77059 119.760925 0.0011428664
727.37354 476.77814 52.36189 192.85828 0.0011183561
966.71545 2636.0225 52.83893 43.11687 0.0011174898
976.8092 1790.1245 51.204212 508.18988 0.0011127854
819.37195 2136.5266 321.15253 538.8959 0.0011024631
984.0456 2248.6216 34.141605 349.2313 0.0010890331
870.9309 2608.337 234.0476 79.70125 0.0010786745
226.61992 1722.7704 181.46996 652.8135 0.001056779
978.8936 2582.0227 39.5347 117.34177 0.0010547197
981.6302 2617.4717 51.051067 56.132885 0.0010503363
817.0385 1669.7278 382.14676 717.7033 0.0010352165
920.4764 2581.6438 152.72183 109.60741 0.0010142187
695.14844 1096.1394 498.3565 499.09082 0.0010130338
980.8602 1646.5117 71.82435 128.51381 0.0010089864
875.9387 2591.5933 244.54836 112.21033 0.0009929262
508.71722 472.23352 959.2816 856.80023 0.0009875576
990.6827 1446.3085 25.119246 302.07977 0.0009791865
740.84265 2577.8386 347.57687 122.1987 0.0009494432
796.4247 789.3096 365.42426 1291.9447 0.000943106
643.1247 410.9706 207.77496 350.31967 0.0009303608
297.66006 1705.9884 403.40628 991.38837 0.0009302457
869.882 2566.9202 283.43146 134.2051 0.0009289768
696.1908 1240.7273 595.99835 2449.337 0.00092186214
300.7876 1495.8325 509.90375 1698.0115 0.0009113338
796.96387 2637.5894 571.67426 21.124254 0.00089587976
695.334 23.604996 674.0728 48.38102 0.0008902284
811.8124 2629.0645 463.08664 36.05576 0.0008893098
774.0541 2454.2695 472.35605 567.94965 0.00088127184
239.01353 1539.6025 484.914 1671.2578 0.0008787065
698.8344 355.97653 125.53626 255.76752 0.00087766343
579.21844 2646.234 885.414 9.246524 0.0008715537
436.5375 1831.4753 256.53076 848.1121 0.0008461754
572.9643 2331.6108 417.99426 573.2926 0.0007974025
618.9055 1603.1643 540.33527 694.1668 0.00079596206
473.42157 2518.53 372.94485 203.46057 0.00079399697
335.88037 1406.1855 707.0482 1151.2278 0.00078508334
716.9773 1938.6989 283.70395 383.78546 0.0007783997
779.61255 59.905174 441.22284 124.75634 0.00077128585
742.92645 2463.897 322.15268 297.60938 0.00076400844
956.93665 717.62976 89.82372 765.8067 0.0007562418
501.31754 1651.0381 649.0547 497.37396 0.00075073587
569.56256 2627.5151 952.71326 34.016293 0.0007386386
662.04175 1915.7233 415.09863 898.4961 0.0007282346
738.53784 275.24857 228.82419 497.52942 0.000697792
678.79346 811.1548 445.41776 1198.592 0.0006828168
697.4699 1230.8845 487.18497 809.2747 0.00065910624
798.96075 684.9755 449.2294 840.4869 0.0006536576
538.5977 1365.877 745.09064 1146.4729 0.00064372364
818.65186 1206.1335 456.8697 1060.2998 0.00063944154
774.5419 368.56882 221.21693 414.42252 0.00061646494
779.0423 150.57683 414.4197 265.40033 0.00059801183
594.5355 2110.9614 553.44446 391.31485 0.0005921278
730.3278 2605.4163 500.23923 64.14887 0.0005846939
984.61255 2480.1917 76.82565 184.34857 0.00058429147
762.9304 2641.2432 481.08298 13.9005995 0.00058342336
991.8837 2516.3792 50.62516 138.80144 0.00055144564
757.7302 986.0117 417.68008 656.275 0.0005472711
625.339 2645.746 650.068 5.4138093 0.0005426412
706.78503 46.96869 598.0577 118.67946 0.00052372355
904.1642 2628.9727 365.2939 24.670214 0.00050282077
570.4349 1100.5194 705.0831 974.50903 0.0004917638
787.8339 1600.9618 552.6754 614.73975 0.00041506128
801.3729 1298.4584 612.274 662.20123 0.00037303808
