719.0031 1343.9949 1424.8171 2670.4736 0.78180003
700.6691 1794.1483 1351.8636 1608.9983 0.12869735
709.92474 1792.0895 1393.4879 1725.0294 0.10096762
698.36615 1552.6378 1343.0934 2027.5217 0.09648177
705.6878 1845.4235 1282.7056 1375.2347 0.0842059
112.65314 356.51672 219.56744 436.03632 0.07407572
726.6878 1612.0785 1213.1992 1797.9944 0.07363109
443.84198 690.4707 880.28375 1374.2933 0.07340259
146.91534 407.18674 141.62674 116.03113 0.04541684
708.6698 1947.9052 1389.4562 1441.5118 0.042247947
706.2973 1857.8269 1113.5864 1325.4927 0.03718104
800.2118 1772.9613 1057.944 1474.0646 0.031070571
82.85332 286.5122 136.15984 145.34729 0.030864784
718.4851 1343.9368 1419.9182 2667.7715 0.030331502
705.8257 569.22894 45.82434 50.267242 0.0302988
299.44952 688.8839 589.29785 1342.7311 0.028277889
445.22845 793.7847 879.82104 1586.854 0.026846543
698.4212 616.5185 65.50469 157.45818 0.026505528
616.51373 51.687325 567.80707 100.449066 0.02433911
230.20366 636.0261 138.04572 129.6082 0.024255596
707.13544 2029.8263 1376.5502 1284.4094 0.022830747
707.3623 1294.5085 1096.1715 1630.5382 0.02278507
678.65686 1133.5939 1199.766 1829.5209 0.022325987
159.8771 330.30252 310.65588 506.9121 0.02209414
1351.2097 2321.3806 199.38301 214.76637 0.02148625
439.69055 579.0235 869.82697 1139.3906 0.018761711
681.2475 2363.3118 507.72238 291.4503 0.018749231
562.8028 584.3973 140.97458 128.62263 0.017872568
609.26984 588.2542 246.5691 159.70073 0.017866226
171.64389 428.26874 330.6409 612.96027 0.017701069
706.84326 2198.583 1379.6218 954.3867 0.017400676
721.70624 1633.1881 1022.68335 1212.6863 0.017145319
444.70004 1342.5883 869.986 2640.523 0.017111346
744.8142 2360.2693 355.6872 258.09946 0.01637182
651.4013 1895.9479 854.2544 1217.8088 0.016005302
442.09317 448.0141 872.7297 886.39484 0.01583225
857.12354 1589.3358 984.68445 1690.2894 0.014834227
911.14075 1360.7881 40.93286 42.160988 0.014100627
1123.5018 1661.4766 612.8418 1490.8687 0.013798764
719.6603 1394.3834 882.4062 1589.9727 0.01378836
687.03796 808.05145 1350.8292 1605.1321 0.013533696
710.2805 2134.8037 1170.8754 812.8458 0.012950117
440.75226 301.58075 872.8887 596.593 0.012863004
699.20636 1885.1604 729.30383 1236.1222 0.012606607
710.52216 2388.9 1398.6648 588.9976 0.012552773
536.5154 715.1108 1058.5132 1418.5192 0.012440635
858.6646 1843.0674 806.3399 1095.6099 0.01223883
714.2066 720.54614 1410.3744 1431.7836 0.012231213
447.60013 909.66956 881.3268 1817.8295 0.012186698
233.67166 641.2346 201.8686 247.82945 0.012029285
471.8741 879.85706 930.3523 1742.682 0.011936317
477.13104 1319.6794 928.3536 2549.571 0.011922282
282.18317 332.61517 552.2594 584.9384 0.01188912
575.71106 697.9002 333.80405 384.34393 0.011823229
267.06805 495.2902 476.07593 732.6485 0.011698301
754.6622 2317.3245 277.33142 158.29811 0.011585703
832.63165 1570.6293 955.8674 1442.5497 0.011565174
600.62854 1383.7458 974.4662 1780.959 0.011544897
323.57416 784.8399 636.6969 1560.9391 0.011535362
612.404 721.6228 1205.5547 1434.0623 0.011487024
554.90436 1122.4362 1041.0098 1975.978 0.01140717
78.86872 243.22363 149.06383 243.36356 0.011377317
727.25586 2357.8262 640.8403 319.6201 0.011369354
565.53577 722.50305 1115.3278 1435.3746 0.01129401
35.702362 476.6243 67.38317 187.40575 0.011239081
630.88776 1709.1428 624.1254 882.25635 0.011100175
760.3344 1576.8225 252.68993 341.25388 0.011088613
728.7832 1172.1656 844.8779 1272.8536 0.010937153
867.57947 1830.5939 862.6611 1307.5905 0.010848715
812.6349 1897.1769 800.0478 1039.6903 0.01075735
873.2148 1881.4617 824.90656 1131.4238 0.010737457
709.10254 926.0412 1393.1682 1846.3861 0.010716179
927.25073 1676.7303 920.9967 1668.2875 0.010709907
404.80356 400.78653 323.59714 485.8713 0.010657252
216.41252 719.9469 423.341 1235.7391 0.010463254
643.9553 2496.0007 1263.7959 382.9631 0.010443184
238.36214 389.63773 462.30084 698.42944 0.01042757
188.96538 339.92828 365.84512 499.89502 0.010392398
914.0151 1283.3422 1012.65564 2139.0916 0.010363123
542.03186 1838.8179 898.5275 1408.6384 0.010322972
676.8543 1555.7676 431.3694 535.67944 0.010318671
990.0981 1701.6804 828.33215 1538.2704 0.010259593
646.40643 2309.2712 1128.1509 449.47852 0.010224112
644.07605 1709.167 625.55927 1003.1152 0.010079499
468.85287 1875.3883 903.17126 1327.0319 0.010074049
684.0412 2261.258 556.0874 496.50928 0.009995785
696.30725 602.60944 112.08004 196.02107 0.009948937
226.06995 579.6243 437.80408 905.35156 0.009915481
351.89093 361.0555 426.9763 536.8221 0.009861648
932.8851 1285.3785 996.213 2400.119 0.009827299
443.04758 390.17987 874.5331 779.9227 0.009783728
491.86343 1528.5962 911.2924 2023.6246 0.009781783
690.0654 2089.455 1025.6995 1101.5747 0.009781072
700.52246 2214.3691 1300.7498 631.01086 0.009726487
697.8248 2325.1187 996.7975 408.72922 0.009685668
713.69775 2262.3423 726.5861 512.1275 0.009651484
417.6704 325.38596 245.42342 286.76056 0.009649762
409.43698 321.26907 171.98572 204.473 0.009628176
654.7985 2266.3384 1257.9413 810.8386 0.009592473
1097.081 1074.1688 66.69995 80.288284 0.009493319
656.9045 2187.0042 786.4907 674.1736 0.00948841
1033.3666 1654.8043 762.00555 1578.6224 0.0094530815
1005.6644 1725.0377 718.6348 1445.0226 0.009380073
1050.7969 1560.1453 740.03284 1708.8306 0.009303282
1052.7372 1271.8386 770.9087 2397.2903 0.009240466
213.2483 522.20325 410.5023 863.7525 0.009237859
227.07536 699.2626 351.84866 366.89444 0.009233043
257.54166 389.74765 499.91312 616.2549 0.009199576
660.6494 1566.5046 518.6392 757.754 0.009186786
672.87866 1924.033 568.85516 1104.7161 0.009146288
1040.8795 1580.6221 750.4526 1655.4991 0.009145091
374.78647 301.5218 295.45715 333.28604 0.00914341
1082.9023 1439.0648 692.90924 1981.1055 0.009137287
740.6608 1601.6344 755.40784 969.522 0.009119667
282.42868 2273.8523 185.21664 162.97318 0.009114227
621.6472 1235.8523 996.3653 1488.1211 0.009107236
654.6575 2443.11 1282.9652 479.19608 0.009096669
760.2494 1871.4277 1028.1514 1162.3901 0.009079578
987.1286 1279.9578 865.6593 1880.422 0.009008566
687.8224 2196.5195 581.35175 624.0277 0.009007008
746.20667 1482.4174 756.11725 1957.833 0.008967545
1025.0328 1864.601 648.2472 1113.346 0.008949967
607.80817 1573.4341 599.0396 737.0469 0.00889415
704.52264 1545.6694 920.0381 1052.352 0.008671861
634.98444 1104.7681 909.59485 1249.3011 0.008662512
299.71548 591.60297 310.2734 438.27176 0.008656392
1044.2714 1635.2479 750.6044 1599.8888 0.008633491
753.0714 1912.5809 535.04486 1065.8145 0.008547251
619.40784 788.5146 445.51996 552.9514 0.008518859
577.7586 1662.1934 757.8254 1144.4315 0.008501996
575.1642 1781.8711 722.4872 1059.8221 0.008491383
388.21292 1222.3412 760.6962 2397.9233 0.0084833745
547.2692 676.63184 1077.4242 1344.0741 0.008475733
784.33405 1290.4152 1080.7124 1516.7465 0.008442405
643.3808 1459.5339 910.19244 1260.0829 0.008430123
880.69684 1269.0116 914.0071 1508.1882 0.008370663
703.75116 1523.9685 1152.9325 1104.8488 0.00836603
1003.8116 1555.4928 820.3711 1723.7609 0.008349885
635.1552 745.1205 487.6318 503.01923 0.008347189
201.91844 1042.599 391.9351 663.6216 0.008322541
994.7198 1864.222 695.0888 1134.1113 0.008299244
928.68427 1307.8994 948.05225 1613.0428 0.008278207
677.5364 2099.9536 174.34587 165.691 0.008210187
673.06665 141.85168 422.47153 265.4453 0.008197433
294.98502 1346.7095 577.05804 2634.0298 0.008147281
702.876 2094.937 658.12305 828.6874 0.008104919
695.57654 142.16156 324.34433 220.18112 0.008092245
605.1455 720.09674 1182.6124 1430.454 0.008091678
817.5984 1188.0957 1078.0938 1380.5494 0.008078753
712.17303 1741.4241 552.43475 796.5991 0.008078076
707.7655 613.6937 154.62743 208.16808 0.008066626
1123.8881 1902.6052 467.56326 966.88525 0.008050015
611.4369 723.03375 1181.4624 1428.1766 0.00804874
910.023 1350.0314 80.063255 98.11995 0.008043305
961.33856 1667.2155 750.2272 1239.4817 0.008037437
347.89203 1416.8892 85.78846 105.08653 0.008026849
638.5272 1223.382 1104.0111 1381.3887 0.007999467
542.34863 1585.7394 754.361 830.88153 0.007949229
901.49164 962.73785 1001.8964 1640.7057 0.007943839
228.30363 473.08163 441.16943 711.91595 0.007918334
745.9268 805.7585 955.7835 1365.5792 0.0078979
915.82135 1251.995 952.20514 1492.8104 0.007885002
802.6934 2181.7952 708.29297 663.1576 0.007846577
704.529 1252.9811 644.8711 1433.0504 0.0077830884
444.76178 1110.9855 871.26263 2185.9722 0.0077770846
200.0626 900.89136 373.6441 410.94186 0.0077600153
658.2442 2326.1455 773.24664 681.88464 0.0077429274
595.0607 1438.0339 885.10626 1190.0919 0.007724902
1073.4508 1671.9464 684.4239 1517.2034 0.0077066743
473.68787 1105.6836 933.0643 2186.4343 0.0076907333
631.58905 1524.5952 924.19727 1059.8447 0.0076615917
602.69855 2200.0227 1101.4996 698.07385 0.007653403
1022.732 1372.3345 787.42114 1725.5062 0.0076295203
726.3096 1772.6497 644.9432 1167.5243 0.0076181884
673.45355 917.2006 559.6884 788.60706 0.007613958
481.26874 1094.6316 947.7491 2135.2612 0.0076128547
674.35785 1407.3245 677.9662 1356.6987 0.0075780298
1088.1631 2191.5544 218.58586 262.94617 0.007562708
547.0002 608.75726 225.45204 211.47165 0.0075211735
773.7487 788.11017 98.591644 140.19318 0.0075200237
684.4119 1518.3678 1213.0978 1159.8867 0.0074798553
1205.1713 532.0046 541.50934 1066.5459 0.0074741687
615.8185 1311.2601 738.69434 1189.3351 0.007462978
621.87897 1514.3567 1061.7388 1250.2949 0.007453077
1049.9955 1590.5702 759.9433 1845.8365 0.007445173
979.53455 1365.8918 866.034 2011.3741 0.007417471
454.80362 59.345272 888.94385 115.13928 0.007415632
513.15753 2355.9683 184.91942 194.19644 0.007400586
217.7465 634.22955 216.39804 289.09778 0.007376296
512.11456 387.86633 528.9393 581.46277 0.007366387
370.73776 2319.4568 378.4449 265.02072 0.00736279
818.37415 2199.324 900.2774 631.1181 0.0073507377
158.92639 720.4237 308.2777 1254.4902 0.0073400848
457.48322 1270.0808 868.95764 1545.7566 0.0073353373
732.9947 1566.4817 752.4874 917.4936 0.007318918
1250.6227 1716.2667 366.05515 1401.512 0.007265567
808.10266 2135.1616 768.01935 801.50183 0.007244572
997.70575 1348.8408 815.41876 1644.5199 0.0072200894
727.5041 555.0092 692.11835 1035.1924 0.0072037494
1126.9698 1907.6464 561.9378 1047.4856 0.0071907747
282.62592 799.5037 206.71252 199.71046 0.0071856086
642.25476 1805.735 558.61 896.5288 0.0071845506
1044.0261 1383.856 752.7177 1732.963 0.0071493224
1208.7594 1687.9393 448.34607 1444.7938 0.007128482
1040.2277 1803.7463 753.45447 1480.442 0.0071130623
588.68744 899.44006 650.0343 783.10046 0.0071020545
1106.0012 1892.8379 478.75443 859.29926 0.007097097
1062.1167 1603.0626 716.9935 1699.3098 0.007078362
706.1127 1240.3264 595.12494 1086.645 0.0070457445
621.0753 1120.668 620.7931 1175.0781 0.0070267017
504.34604 1466.7031 143.91685 177.13339 0.006996278
860.7775 704.75006 778.74414 1250.0759 0.0069813463
715.10614 1517.7133 882.428 977.0021 0.006962256
533.7535 1562.6522 890.7111 1165.0278 0.0069571775
207.35297 295.05994 354.90973 379.88553 0.006952106
1078.8304 1577.0624 681.16614 1693.8354 0.0069388323
793.84283 1436.2368 788.44867 943.2755 0.0069332253
1206.5518 1789.8674 445.9037 1241.1045 0.00692434
829.5652 2269.5566 822.2376 500.11157 0.0069239703
830.06226 663.5078 749.49945 1175.6827 0.006920679
902.6111 1932.6334 546.7893 757.8934 0.0068780845
529.8156 951.8371 1042.7534 1835.8893 0.00687659
442.35544 1747.3771 168.78485 147.19011 0.006872416
1201.3774 712.2931 548.7212 1427.9376 0.006839731
577.76843 54.27398 212.12479 93.21693 0.0068371817
137.71252 483.86383 262.1399 765.7295 0.0068260916
567.5774 832.06915 139.66806 152.45757 0.0068204077
706.1105 2336.7642 167.34268 213.77478 0.0068162647
1017.07025 1291.939 824.9272 2280.1064 0.006813498
706.3246 861.9907 609.1863 732.63086 0.0067806095
357.0726 603.9993 455.90298 670.81586 0.0067793154
870.77966 2112.8984 98.324234 126.73641 0.006775332
1108.7869 1933.9735 583.176 1022.6027 0.0067740483
671.792 2293.9248 1015.14453 468.11957 0.0067017865
1073.4688 1484.4934 680.844 1251.0891 0.0066989306
258.06848 184.87039 209.49585 201.91472 0.006698445
551.81464 2553.3904 1023.1604 263.97772 0.0066959076
797.009 1618.7794 761.51263 815.304 0.006669393
755.962 1240.8131 996.0616 1044.4644 0.006662131
619.51715 1672.6406 611.8227 1680.0071 0.006661228
690.46094 322.7381 417.7898 578.6025 0.006657856
673.51715 2125.9724 227.45871 233.54306 0.0066181696
933.3444 1396.2054 880.5283 1720.6177 0.0066065616
505.6116 1963.0201 132.38951 167.17137 0.006570406
310.44473 2388.4165 585.91583 371.78598 0.006520957
676.22 1702.4231 455.25314 726.91504 0.006512159
251.48915 555.9215 360.98395 434.03287 0.0065040574
641.5148 2040.3749 560.6695 928.4732 0.0064914734
622.08154 1972.2648 543.16907 1056.0852 0.0064850952
630.4923 716.93787 632.53674 571.5408 0.0064798407
743.8038 1713.1182 335.56223 583.75946 0.0064755073
264.56894 166.01358 268.1691 214.49092 0.0064696996
280.85464 662.17755 258.927 304.62958 0.006433748
782.1039 1747.3167 122.281334 137.90958 0.006404474
772.9728 2220.4119 368.19003 403.83746 0.006387031
642.1397 1590.624 609.5575 1838.5479 0.0063779657
1068.5919 1673.447 715.71375 1871.4626 0.0063732956
414.6858 1161.559 803.8061 2245.8264 0.00636285
584.81415 1856.8717 549.7135 1302.6821 0.0063606375
873.2019 811.7029 1081.1783 1587.2782 0.006345253
484.16058 825.4054 474.9874 631.16705 0.006343317
1163.8899 2040.9883 362.65222 568.8177 0.0062996703
211.20454 544.22577 408.1788 694.244 0.006278227
722.3742 2572.5894 460.1643 205.80191 0.006240641
800.31287 1588.9275 190.46169 314.9407 0.0062394026
699.04083 137.82555 299.55087 213.3952 0.0062199896
737.58 1521.664 580.86615 1970.4589 0.006218086
710.9588 2236.599 537.91266 551.98926 0.006216062
886.44354 1201.7999 1020.4534 1531.9825 0.006202377
314.66113 2549.0837 602.5098 267.1114 0.006198492
303.14188 648.61383 373.8066 473.12415 0.006187188
604.5045 2436.8823 612.3013 470.1151 0.006146082
855.78485 2401.7588 178.3983 186.92816 0.0061337887
774.06104 1549.8213 206.71593 248.32611 0.006089421
1094.8513 2032.3105 514.55304 760.51556 0.0060813255
609.18353 917.61316 999.0486 967.7551 0.0060680504
914.07355 2292.534 336.62323 410.09552 0.0060528503
914.61035 2028.3936 444.34393 638.9824 0.006042743
704.48584 777.4851 358.52164 508.07492 0.005976323
232.14648 622.45544 454.12372 1064.6516 0.0059669036
797.4833 1066.5991 179.63876 184.39867 0.0059435
287.3706 1114.1443 557.794 2170.1619 0.0059375586
829.18396 591.0811 489.3817 791.05884 0.005911021
709.0531 568.13214 32.592377 34.73196 0.0058992817
1023.8137 1140.8356 717.5839 1237.0676 0.0058930907
192.0569 524.5165 263.47397 381.23502 0.0058835167
1063.5299 1424.0916 700.3315 1453.9513 0.0058672293
888.8738 1395.0092 955.4222 1094.9049 0.005855546
600.637 1204.5364 470.72415 551.7675 0.005845858
1028.4711 1189.9926 759.28326 1343.0931 0.0058256574
852.91034 1926.5156 388.74365 1101.0752 0.0058242707
552.38257 2571.5984 1050.9199 234.24507 0.005818285
688.06305 688.23737 1331.0227 1359.8146 0.005812824
990.3214 2278.0674 368.46143 441.6381 0.005804898
1279.4517 1947.6355 307.6092 932.6272 0.005782678
848.2362 1627.1752 308.40054 443.30615 0.0057816524
875.6895 2139.8691 146.83162 191.61703 0.005777249
482.9205 1574.9697 807.15643 1425.3075 0.005772453
311.37787 1695.8218 604.07404 1900.8607 0.0057653585
577.98895 833.32623 91.54042 119.79915 0.0057624723
860.0235 918.4681 1112.6147 1791.6738 0.0057540126
889.3972 1204.1097 1011.23083 1449.2831 0.005740283
927.2177 1124.5924 985.9179 1927.3994 0.0057299044
144.28369 1162.4773 273.82288 446.4228 0.0057214107
792.85266 907.9455 317.91278 426.50778 0.005718975
673.67145 1486.3423 420.7022 399.79248 0.005718381
837.48615 1411.5378 1043.4427 1135.8927 0.0057008397
656.26935 829.5367 1304.8462 1657.8694 0.005684446
897.22076 2409.8633 265.25504 204.77197 0.0056512365
1181.6543 1273.138 543.739 2486.696 0.0056174123
902.5095 1110.8337 568.0524 827.18164 0.005616725
522.38635 1516.5399 818.2032 811.2514 0.005596229
307.4825 1877.1307 593.2743 1478.9236 0.0055961097
1042.409 2314.6072 311.7684 354.67615 0.005592279
618.7136 1029.825 1177.325 1113.5121 0.0055906675
618.0918 829.0119 1230.8647 1634.2687 0.0055723526
880.55396 1171.0392 751.5421 1315.2118 0.0055666533
545.41284 906.40894 1084.2717 1812.1958 0.0055461996
624.48553 608.8454 406.114 315.21765 0.005544422
1047.1989 1540.9058 722.25543 1670.9757 0.0055280617
505.17932 1496.8124 786.35474 625.77203 0.0055122715
231.34671 817.3469 450.54352 1514.4072 0.005485587
1178.9406 1623.1453 515.0252 1612.6656 0.005465427
229.45363 624.9575 432.29794 589.4169 0.0054591866
606.97485 250.72955 560.55994 475.4049 0.0054501533
744.0463 1024.8519 924.66266 1073.7028 0.005447257
957.676 1106.0717 872.45825 1229.457 0.0054366365
1077.6871 1264.9169 653.09406 1102.0215 0.005421847
1180.6404 1490.768 513.31354 1898.607 0.0054174163
770.3659 1813.1052 518.47345 947.5052 0.005415738
686.72687 1451.5436 1277.6178 1138.5819 0.0054063285
746.814 1307.6775 1023.4402 1019.85626 0.005401874
700.6787 575.53906 75.16996 89.909134 0.005398204
441.04288 1223.5896 842.6408 1438.8751 0.0053883763
656.5593 1959.0552 394.93155 456.328 0.0053794216
779.1269 2573.7156 355.74097 210.05727 0.0053777383
1334.503 2205.2424 202.84752 452.2498 0.005366937
748.71423 2076.3682 541.9489 603.72516 0.005365886
511.73224 951.37463 954.31024 940.0167 0.0053585363
879.1981 1235.9893 996.9679 1303.3887 0.0053503946
1023.78955 1152.238 644.61646 977.2172 0.005330069
1231.2213 1998.2329 238.08537 397.1026 0.00532975
775.0375 2034.2046 427.45975 668.5166 0.005316808
1360.0516 2370.3477 236.50871 417.33078 0.0052974178
494.48322 2360.257 253.5384 272.28113 0.0052943863
1027.0516 1209.9446 320.2022 428.56985 0.0052877404
676.3069 1371.8435 586.5017 1613.9165 0.0052868933
719.29266 2120.735 374.72763 741.62115 0.005282847
464.6565 1881.7758 282.5653 418.0547 0.005277735
561.82587 1808.1824 644.7942 1408.6958 0.005276196
606.8864 1594.7762 540.1627 1174.7637 0.0052713407
789.37115 2405.5725 154.47981 138.76575 0.005265158
726.62244 1564.0658 492.40146 1720.4188 0.0052610966
1102.5265 2179.1172 146.47316 225.06725 0.0052609644
792.7266 1161.3204 1132.8793 1329.2992 0.0052441796
1362.8466 2144.5264 236.42773 603.0147 0.0052003637
554.4896 1303.4307 486.88095 508.9507 0.005200314
459.7721 1825.3688 221.06194 310.35934 0.005194848
133.15802 706.81683 256.78387 1307.5245 0.005156924
357.39478 232.2883 197.27603 179.9778 0.0051553585
291.55237 2336.8872 168.99193 132.34949 0.0051546716
1209.9296 1737.7122 437.43723 1329.3738 0.0051539307
702.2337 1072.0632 868.66797 1067.3499 0.005143521
513.51117 136.23053 756.99146 266.70557 0.0051434063
1137.867 1232.9895 309.02817 463.44913 0.0051379073
1208.2982 383.65363 539.87805 766.61346 0.005137646
513.5516 2254.647 313.17477 417.65512 0.0051364666
743.60077 2273.6548 219.09853 379.34167 0.0051257103
1182.565 1249.3424 323.73184 532.6919 0.0051215123
583.31506 1225.3857 309.19553 260.8678 0.005117379
460.78818 1770.0415 889.7702 1029.3405 0.0051097376
299.36703 2453.7925 550.2296 369.19305 0.005087171
1015.66626 1570.7537 304.81985 503.01804 0.0050680586
376.28796 2373.5637 577.5838 337.49158 0.005063512
729.05676 1176.4576 676.82446 920.51886 0.0050533027
179.21313 690.9228 349.52377 1226.488 0.005043547
1371.2834 2442.2356 221.60274 525.08984 0.0050422936
1102.1746 1384.6344 589.45215 864.46545 0.0050328625
407.8235 196.34537 314.1464 211.40628 0.0050164093
797.60364 1828.9823 409.49167 855.2411 0.005012391
1024.43 1224.3639 751.6429 1260.5784 0.0050071166
911.675 926.30585 305.547 340.01953 0.0049946317
624.49493 818.0562 333.7736 297.37936 0.0049859043
1371.9482 2456.605 206.26842 503.6588 0.0049832156
969.6774 1027.3832 461.03214 609.3483 0.0049771094
736.6276 2577.803 313.1679 164.61584 0.004972528
1222.7101 2029.7727 241.18797 339.8808 0.004969469
1102.29 1796.7017 448.94775 729.0852 0.00496423
928.4543 2505.3218 584.2336 349.53806 0.0048894202
322.3996 1367.4104 214.9436 249.97523 0.004888833
1140.2202 1460.8921 569.001 1043.9397 0.004871015
1070.3501 2505.2197 326.3993 258.73624 0.004858146
815.368 2393.9983 174.99214 232.46765 0.004857689
269.10416 2370.6326 473.10364 369.3656 0.0048533306
220.15701 1335.46 425.8935 2549.6409 0.0048489957
788.31323 1759.0159 262.596 508.39926 0.0048415097
1191.282 1442.0232 464.66626 870.84717 0.0048366114
1130.0359 1420.0992 579.4198 918.01495 0.004820929
1049.6196 2045.6423 260.09067 435.18713 0.004804672
1197.7485 1321.0085 390.57846 670.1842 0.0047878907
661.7284 1472.4951 1238.0314 1005.823 0.0047371783
510.85638 2356.9072 196.3238 195.35384 0.004724222
269.4383 1553.0337 520.66327 2153.6172 0.004721156
1161.1536 1256.9298 494.29483 1038.663 0.0047192494
958.73035 698.9436 162.71718 243.16844 0.004716858
1376.5948 2465.379 199.9827 487.13443 0.004715786
735.2861 2608.8533 1447.9915 198.27159 0.0047131255
802.8882 2604.5916 198.03775 132.20914 0.004709072
743.1127 1513.8787 868.778 733.0839 0.0047057923
245.83499 524.109 397.64926 388.80646 0.004703189
467.28107 63.344635 867.8115 131.02522 0.004696279
1012.8272 1727.0039 618.89545 1770.0566 0.004689261
1220.8856 1226.7445 242.20589 425.86926 0.004672331
828.5909 2401.0042 450.8018 326.72928 0.0046595023
777.2788 1380.756 253.89389 421.25165 0.004656445
1020.28204 1103.1912 303.92075 356.343 0.0046426347
1082.5212 1302.389 609.57385 854.54987 0.0046363613
1137.136 2264.7043 400.85443 517.85345 0.0046277717
1350.6891 2297.142 239.55766 321.08228 0.004611154
876.2808 995.67456 468.4434 691.01776 0.004599484
119.51248 1260.3258 213.90126 273.36102 0.004597596
1224.7936 1444.4995 389.88513 842.944 0.0045912433
936.2393 612.5161 340.8967 754.0506 0.0045903544
661.74493 2157.4924 222.74124 260.86246 0.004565336
1325.4515 2404.8796 151.58249 187.80544 0.004553448
1093.7109 1813.3986 270.26218 388.02682 0.0045395177
1223.0117 2261.2349 418.23926 396.1843 0.004529539
529.77985 1622.4631 249.05994 323.15646 0.0045196745
1089.889 1228.6908 598.36084 1030.9089 0.0044707307
602.9868 641.59 497.79034 385.04608 0.004454582
171.67778 437.37674 230.4306 256.5964 0.0044443966
627.29785 580.86945 1247.0502 1166.9131 0.0044431984
949.846 1679.1417 448.09985 695.5943 0.00443828
474.16675 985.9884 403.9189 420.96085 0.0044339085
878.0403 2530.7227 548.9246 305.3786 0.004420531
974.0713 1405.2455 418.27417 615.5451 0.004396423
1164.1431 1268.7874 347.32114 521.1472 0.004393162
1208.1562 2428.08 483.76086 430.01294 0.0043761577
206.02144 2549.077 385.82794 263.75623 0.0043614213
143.60658 1018.8194 243.41312 507.69543 0.0043498636
125.42215 294.27292 238.94135 563.55286 0.0043316726
688.2014 2050.3938 334.35 663.2415 0.004294233
353.4362 681.4878 218.22185 275.58273 0.004285228
718.5727 1851.9631 270.98453 315.37076 0.004210223
196.55766 394.238 381.22974 721.1724 0.0042027766
1323.1951 1905.2363 239.45901 1037.4475 0.0041948254
998.397 1384.1188 746.1036 1332.2267 0.0041689374
811.21484 2469.418 244.9091 394.331 0.0041574007
716.7722 656.5868 1394.8102 1302.8137 0.0041511096
187.88817 288.05667 362.24002 543.2245 0.004145232
188.50064 771.87317 297.0983 313.3954 0.004140992
1136.5479 2477.6438 224.91957 196.78145 0.004136334
843.28503 2177.8079 210.42787 304.76028 0.004122897
693.0213 2355.1091 406.0529 327.35922 0.004121537
785.9829 531.86676 889.2587 1054.6871 0.0041177394
1152.2701 2249.5337 392.81268 441.37057 0.00409815
233.47867 2218.3706 446.58118 884.5279 0.004067635
1077.5139 2401.4854 244.10686 241.01169 0.00406728
946.45416 1975.4199 285.73776 567.54175 0.0040638684
768.94006 1124.7649 705.88983 1198.8799 0.004060614
879.66327 1206.3201 497.84442 932.0222 0.004060377
1045.3083 1287.7394 761.3071 2081.0276 0.0040577645
1089.0153 2458.7114 194.07013 150.69023 0.0040500504
729.64465 1361.858 547.3243 579.6703 0.0040463763
1092.4995 2205.8281 109.683624 166.78703 0.0040393625
1126.2415 2266.8516 246.46555 271.51837 0.004037023
1098.3071 1855.5715 668.17755 1127.255 0.0040273066
1107.907 1318.9135 685.4276 2579.4648 0.0040225335
162.91408 926.11475 280.57404 422.95453 0.004016152
902.8788 1388.3844 427.07407 735.32874 0.004013424
777.1707 2302.1812 155.48433 157.45935 0.0040045837
974.9815 2076.9255 256.62164 392.30313 0.0039992617
854.7548 1106.5873 448.99393 635.05316 0.0039971503
1156.6885 1276.0719 558.2767 2435.3748 0.0039964025
1170.5471 2303.6301 484.38547 700.85614 0.0039523593
890.2804 886.27374 670.7059 1387.651 0.003951545
728.6654 778.2461 632.51434 572.95844 0.003949329
455.80536 53.07986 242.12454 94.03692 0.003944584
553.7781 1310.5636 563.35583 1375.389 0.003934082
925.5422 1653.8696 440.2222 569.10004 0.0039328435
262.51166 2539.1997 379.4795 279.15286 0.0039319396
446.04965 473.15067 186.12059 213.04645 0.0039302274
246.97743 1514.2074 469.6526 2085.8716 0.0039269268
1033.5602 1105.9604 609.9432 784.5591 0.0039090025
1149.0759 1523.2736 415.86166 1075.9127 0.0038906164
219.19145 2106.6152 420.8866 1083.2654 0.0038801415
779.8429 1497.8843 848.1707 829.4245 0.0038643691
875.4905 2465.1416 451.5407 348.47324 0.0038643656
1359.8014 2344.4504 238.81348 702.35864 0.0038613218
1303.3291 2438.7625 337.6563 494.90277 0.0038568433
296.77463 873.4796 199.00388 225.61389 0.0038496545
1328.5934 1837.9606 284.1975 1166.9747 0.0038388183
928.8815 2222.8733 697.8749 904.9507 0.0038295535
637.085 2571.7666 792.1843 249.68855 0.0038177841
1029.0638 2269.338 282.2684 435.946 0.0038096735
1134.6262 1275.0237 192.3162 246.71889 0.0037984485
583.556 693.3686 298.28467 358.62823 0.003773124
132.0156 1110.7495 229.63962 327.30496 0.0037728355
784.65344 2261.2454 211.14389 427.64163 0.0037673982
1118.0868 2330.7134 320.7292 484.73703 0.0037668787
126.422325 2549.5442 242.18417 262.35983 0.0037601353
103.77057 1419.9222 186.74283 221.65666 0.0037443477
231.3731 639.60364 110.40434 91.91164 0.0037359297
1264.6917 1558.3462 292.8127 486.01843 0.0037329632
410.55872 1443.5472 696.01324 1362.8583 0.0037327467
420.60565 1567.5406 555.51746 647.3982 0.003706566
900.31573 2517.6238 814.42255 549.34485 0.003696388
1273.1488 351.32175 412.4144 695.40186 0.0036931653
1360.3502 2303.0237 230.0504 803.3572 0.003693074
720.9105 2012.0645 233.80565 286.02942 0.0036865321
788.43195 1479.8768 194.92996 350.56015 0.0036830364
1350.205 2181.6968 256.60513 523.0787 0.0036760317
779.0245 1502.8195 408.79956 837.43634 0.003671351
1224.6105 2048.8364 421.568 808.8053 0.0036686135
1322.7937 2380.3765 246.04697 179.73335 0.0036651485
353.1781 341.53885 478.89975 615.74866 0.0036560248
1192.7021 1401.7157 489.30658 2082.213 0.0036540732
688.9825 2110.389 229.3915 285.78226 0.0036513538
1269.1849 1265.0956 413.60703 2551.903 0.0036511368
1183.8132 1652.7216 512.7831 1533.4666 0.0036505437
939.165 2252.9788 470.93582 545.88495 0.0036493298
733.1795 2555.4084 1063.4586 453.05426 0.0036457945
416.85168 2025.4546 402.93607 689.65344 0.0036425642
1162.4928 2432.5027 588.09454 483.9565 0.0036421905
990.53064 975.80426 221.32181 258.9891 0.003611388
1206.5502 2255.1672 234.81071 306.21426 0.0036099162
991.5579 1905.5872 210.98262 317.02615 0.0036014586
748.6519 2606.1052 157.84744 154.77316 0.0035985354
252.68556 1263.6102 485.6029 1388.3324 0.0035984567
647.9023 47.429897 148.7182 83.06328 0.0035929435
127.13595 831.2772 242.62575 1005.3181 0.0035797327
204.90416 2362.5479 353.22925 349.21176 0.0035796987
1169.5521 1458.3102 517.4783 1451.0533 0.0035712589
86.46345 293.8598 117.23492 131.81502 0.0035597326
1256.6636 2289.3044 170.9966 237.0756 0.0035569628
1125.349 2511.4268 397.4257 286.73267 0.003552109
852.9879 1958.9152 274.9624 519.50226 0.003540316
1175.0233 1522.535 447.0946 644.2833 0.00352855
827.7636 1479.8429 236.77312 362.65744 0.0035249926
721.9608 1847.0911 212.32549 272.7593 0.0035149388
1118.7646 2049.4924 174.28387 191.71898 0.0035116437
850.438 2042.5286 234.9452 683.3908 0.003496912
825.70575 1890.4119 167.60461 245.5486 0.0034783727
885.5178 2258.2969 187.84975 233.56502 0.0034735978
484.79626 1656.8734 375.0537 737.7111 0.0034707566
1017.5 1049.1229 705.3455 1069.8284 0.0034536677
1222.929 1287.8868 492.84552 2584.11 0.003451238
965.10785 2218.8022 677.3838 1060.9369 0.0034430316
685.32434 2398.5625 298.6907 185.26485 0.003440951
113.00591 387.56287 212.54337 345.96707 0.0034395696
1057.4106 735.89764 234.89268 416.59595 0.003425641
1256.0449 1363.9949 347.64597 677.22296 0.0034164088
934.955 2429.5042 319.59335 487.70615 0.0034104881
672.0239 565.7332 1266.9132 1148.5768 0.0034053137
657.86334 698.5746 167.93149 313.94644 0.0034035859
383.92337 1409.1819 674.21844 1043.7365 0.003400818
502.5038 49.89877 106.6403 90.352066 0.0034006743
851.0697 2566.0452 179.44016 153.03024 0.0033982494
1209.8395 1856.0592 442.5132 1104.273 0.003394203
922.6818 1393.1956 475.76047 958.439 0.0033745014
607.3951 133.97356 566.45575 258.24356 0.0033730534
1349.6987 2530.3467 242.59131 359.46176 0.0033692662
441.95633 1271.5201 747.80774 1154.6362 0.003361337
1000.62714 2263.7524 396.57892 829.7537 0.0033596056
146.61383 2652.8672 291.6154 100.014465 0.003355553
950.9556 965.53107 273.00473 262.14874 0.0033374794
807.7448 2477.8052 257.21484 395.83698 0.0033362394
773.5675 779.8926 63.66792 101.988716 0.0033319453
734.93274 389.59445 1465.191 774.9254 0.0033051935
127.96587 1333.0095 258.53232 2590.3838 0.0033024678
266.18146 1176.1652 247.31447 280.73627 0.0032964132
239.0832 657.0469 91.10458 81.81607 0.0032873657
1102.0476 1982.3992 222.92126 242.37321 0.0032830425
1206.2253 2475.9592 192.56725 200.66466 0.0032343534
911.5897 2483.9143 774.2025 453.0747 0.0032304341
876.45874 2221.0466 820.9816 1066.8406 0.0032249375
1235.9744 1869.209 219.74269 252.29984 0.003222331
93.16697 2412.1404 155.13155 304.51923 0.0032186513
858.20685 1735.559 506.7676 892.5861 0.0032182857
505.1043 1964.7578 123.24387 156.96884 0.0032042374
1223.0533 1228.5985 277.28418 440.25317 0.003183835
519.0079 2623.8635 463.2732 129.7082 0.003182458
1176.8141 1710.1199 534.0734 1418.9994 0.0031765986
1370.2474 1683.8763 220.57631 1562.6716 0.0031664816
441.78796 691.1042 875.8464 1375.5116 0.0031438775
1133.0414 2342.9956 230.91435 240.61684 0.0031373643
1158.7935 1469.4808 513.7746 971.8763 0.003131866
745.9079 2602.049 656.3405 201.58177 0.0031287144
681.01965 1985.4492 1049.7808 795.61 0.0031170764
836.40015 1555.9419 462.37283 708.6516 0.0031112896
1159.1619 1082.2634 296.5287 469.34528 0.0031058032
1346.3398 2454.6318 246.30437 502.23795 0.003102694
728.1917 2666.7585 1461.8331 90.35279 0.0030916107
233.28075 2635.3477 456.23706 128.35432 0.0030902647
1391.0984 2344.2144 155.76416 265.52585 0.0030894834
149.50829 2145.2417 268.21368 358.7296 0.0030877658
1366.9198 2267.494 227.13333 866.4647 0.0030867737
1292.1082 1567.4806 272.32794 695.5923 0.0030806796
1061.2041 685.72107 246.20988 369.37686 0.0030670436
232.2673 1838.0739 437.40118 1459.9158 0.0030647204
1272.1425 2454.8745 196.56316 170.83664 0.003054567
1391.9307 1915.523 177.73161 986.09766 0.0030508356
872.0976 2404.0635 156.09247 105.14092 0.0030356508
491.8925 2030.1014 245.77043 273.0164 0.003032139
1111.0056 1304.79 508.0845 568.0024 0.0030234996
687.44305 4.8962708 333.00363 9.26246 0.0030062932
706.8243 2623.5894 170.73155 123.40542 0.0029625513
1266.9012 349.49915 361.80286 504.23486 0.0029625245
584.19635 59.61433 675.1278 115.13202 0.002948863
1089.9008 1850.8445 305.86847 400.83264 0.0029444864
651.0327 1456.7855 589.1616 1389.315 0.0029402405
585.8156 49.926968 107.36691 86.96256 0.002937699
1335.8048 445.011 262.15445 575.9619 0.0029328202
1080.9845 1250.1536 599.3951 2399.0635 0.0029291846
93.00277 724.8538 171.75832 944.70734 0.0029093358
1183.7822 2005.3616 285.84103 492.1466 0.0029077218
489.99518 18.079712 844.5708 36.012596 0.002905251
1145.4331 1751.607 494.3824 813.0989 0.00290433
168.80763 2129.485 279.29895 374.97406 0.0028929599
1267.5251 2469.6433 374.30127 433.95123 0.0028906555
827.5447 2400.642 601.1513 740.13824 0.0028906513
892.6978 2506.4912 624.3621 855.1032 0.00288237
1301.5238 1441.2662 200.68324 370.19485 0.0028822059
770.9223 1389.3386 1072.0272 2183.1199 0.0028810753
716.9508 2668.744 1430.5754 82.17787 0.0028799113
923.3173 1499.3787 195.69397 374.2997 0.0028757285
465.79047 53.45788 190.23299 89.031334 0.002856996
668.5898 2598.7961 1143.5865 346.35773 0.002852286
1127.1599 1758.6764 542.2662 1582.5033 0.0028257645
956.81793 2577.7905 238.71735 206.54753 0.0028219926
559.6067 1602.86 506.29526 557.8956 0.0028136761
728.1436 113.064445 204.81537 141.68634 0.0028100316
1298.6226 2570.0107 292.88132 281.02972 0.0028051068
708.8361 1778.8081 406.9853 860.89154 0.002801192
434.66434 51.71698 185.31674 90.206345 0.002789857
476.99533 1391.9904 613.6649 496.07758 0.00278871
1125.8534 2560.81 561.94495 277.17767 0.0027713673
679.6044 515.3078 1342.4912 1105.9094 0.0027535195
997.15576 2194.0945 676.0265 1198.1669 0.0027533614
767.79877 2626.599 719.11914 155.1385 0.0027505371
1064.3228 1856.7365 389.88022 620.67206 0.0027392802
700.148 615.214 52.37974 147.31876 0.0027265328
107.24259 77.97949 204.42834 148.19972 0.0027166903
767.2546 1547.7485 470.3164 778.1084 0.0027136651
955.22504 1454.6372 719.6837 1877.1001 0.0026885837
1189.1968 1236.0632 536.2557 1510.5781 0.0026794432
1367.6033 1276.9891 232.49266 2561.8745 0.0026792076
1252.8518 1511.2379 295.36456 347.61142 0.002677031
1210.4141 2487.6062 180.23813 160.43983 0.0026616252
903.4988 1995.0416 308.4724 663.8764 0.002650904
1215.8467 1866.2363 228.6377 506.48178 0.0026468188
103.852234 2355.876 199.09497 435.41107 0.002642634
1216.7856 2569.2878 462.27078 282.029 0.00263584
71.96593 714.6703 146.72 278.22067 0.0026222628
1305.053 2527.12 280.231 314.97244 0.002614553
614.0884 1184.0438 1168.8896 1118.1696 0.002614159
1310.9772 1513.7637 204.3237 345.4068 0.0026020873
1317.825 2469.6572 223.42679 180.93872 0.002594664
1384.9796 2575.392 169.35268 440.12445 0.0025905
537.7856 955.1119 1034.258 1858.4663 0.002566349
1159.1161 1657.5941 550.5146 1574.8091 0.0025634507
1378.9017 1700.3501 203.94363 1445.1746 0.002560458
719.80035 1350.9917 1419.2262 2663.1223 0.0025545075
700.31305 616.73645 50.574543 143.01433 0.002550376
1254.1625 2566.015 276.92532 251.1121 0.0025443172
1313.4824 1914.7601 249.06503 979.56287 0.0025368216
1298.7172 414.24835 304.45547 457.8474 0.0025326118
1054.1422 1376.1958 359.5113 556.04254 0.0025292665
806.5281 2638.2432 166.03476 126.82898 0.0025260372
1186.2502 492.17023 327.5456 379.31357 0.0025114731
1334.8718 2590.5085 336.2927 236.90417 0.0025051977
1406.8438 2523.104 130.82335 372.0801 0.0024934928
259.1258 698.55853 521.76447 1366.7593 0.00248456
645.78564 56.227104 611.71234 425.98477 0.0024712274
511.7135 2653.4668 985.63293 114.548775 0.0024542545
606.1161 2667.8093 1188.4222 88.68586 0.002444997
1396.3613 2609.7107 143.62724 200.5591 0.0024381878
939.11096 2214.884 86.467606 87.0 0.002437972
410.70804 1785.2026 543.4756 789.0 0.0024379
391.29636 685.54236 172.15935 214.61497 0.0024355657
1382.3912 264.58368 202.00241 532.1799 0.0024268066
711.7063 1767.447 1266.9152 1305.1774 0.002418813
1178.1252 1656.2511 506.56174 1542.2015 0.0024117024
1178.3925 1084.4789 331.68997 512.02905 0.0023989596
1163.524 2554.5154 552.01587 308.08878 0.0023956422
540.2776 1625.2625 524.6923 568.54785 0.0023873807
217.48033 60.56638 408.9514 117.89107 0.002379511
1356.6083 2546.584 408.8246 328.54782 0.0023786034
892.87354 2638.9177 158.80647 107.1365 0.002377987
689.95966 2694.9905 1444.6141 38.090595 0.0023772155
1436.0012 2051.3425 94.87251 759.2365 0.0023761946
1333.9741 2523.9424 251.99759 374.6131 0.0023711121
497.0703 1471.7069 74.937546 98.48045 0.0023404944
1248.2543 1611.3027 402.47504 1633.6284 0.0023362183
1367.9302 596.26306 173.03467 401.9948 0.0023246142
686.7105 2632.1687 721.2978 151.73146 0.0023192721
1431.3444 2312.5747 98.273636 217.6824 0.0023107424
1199.437 2579.3984 303.88916 237.31575 0.0022837091
563.4909 584.6948 120.691414 122.64634 0.0022762509
1441.0016 2473.472 84.69633 474.5857 0.0022726916
1411.9166 2263.0 142.73972 328.56232 0.0022608098
1266.9493 730.28925 464.76804 1476.9716 0.0022375507
1309.3073 2645.9075 286.93372 131.92165 0.002230715
1413.0691 2155.8633 141.05222 525.7009 0.0022214097
1345.1385 1523.1897 258.82925 1819.6207 0.0022095407
1380.2924 2641.8757 200.53223 140.8358 0.002207332
1404.5858 2618.3179 132.31071 187.36285 0.0022033972
705.4114 2704.7053 1382.8799 22.277704 0.0022023418
979.00867 2614.0764 177.50716 188.02382 0.002201934
569.4867 2688.056 527.3836 41.87512 0.0021914023
746.8723 2650.0232 187.73183 103.07926 0.0021884702
690.4703 2703.8987 1382.9115 25.123367 0.0021852737
1426.3575 2578.7695 101.78948 265.9381 0.0021790278
676.48126 1165.717 1311.1602 1218.4205 0.0021771693
1072.9193 200.18129 283.0067 385.75327 0.0021720447
1207.5182 2602.0889 384.8558 214.10794 0.0021699115
551.242 2690.567 651.504 57.24899 0.0021678023
624.95435 49.68709 561.4056 100.2604 0.0021485996
1290.7646 804.535 334.44653 479.8192 0.0021485179
35.828476 489.91077 63.623722 155.75955 0.002138703
146.92737 92.19525 279.95215 182.93137 0.002131655
118.49948 2692.998 239.54404 40.51864 0.0021285638
1337.7422 748.63184 283.332 961.4068 0.0021157265
747.47424 2592.728 1438.6754 228.89319 0.0020942618
237.06642 50.770866 244.73979 94.66977 0.0020922208
1387.7157 1203.9138 194.54552 578.3602 0.0020891528
1241.3098 2630.2297 444.63535 165.67975 0.0020883488
772.24036 2118.5583 457.28473 1112.8524 0.002068347
628.71606 1800.7648 416.27045 648.2776 0.002062661
1203.4613 1888.19 263.4135 292.49454 0.002062087
348.29364 1425.8749 64.91981 81.3364 0.002050452
1206.0492 1041.2603 523.5139 1453.5139 0.0020484847
508.8619 2685.3813 427.7858 46.94368 0.0020430973
625.8703 699.07745 1290.3635 1431.9117 0.002037466
619.69696 2692.0024 238.51791 36.530308 0.0020359368
1248.5974 2648.4988 366.65256 127.96675 0.0020325591
409.017 655.3541 800.58234 1314.2467 0.0020217733
838.995 2694.0264 377.3422 37.806595 0.002016981
386.48865 358.68796 210.19809 362.53687 0.0020104474
978.3435 1381.2561 880.1067 2294.5518 0.002002508
1412.298 1882.7214 146.63922 558.4539 0.001997859
761.154 2648.498 193.25542 167.8011 0.0019978448
897.1743 1799.6095 426.23572 964.81104 0.0019967612
951.87177 1107.952 959.6649 1678.0573 0.0019869853
1338.0265 1700.0055 208.03008 496.3592 0.0019778644
1351.6399 2095.718 171.39638 251.2854 0.0019729375
1426.7665 2040.7963 128.35768 822.1133 0.0019729356
1359.9575 718.488 223.19153 1420.3265 0.001971873
490.90515 1724.1403 522.7704 1303.7288 0.0019628494
723.6666 2663.653 231.40387 92.941055 0.0019569285
62.520454 1488.1134 119.51823 337.44467 0.0019483133
1390.4167 1054.303 194.51141 646.9742 0.0019429122
1276.0702 2653.3687 375.82974 117.386665 0.0019163823
1442.3011 2201.263 88.88441 755.17303 0.0018860868
876.2452 158.8027 554.50464 315.08417 0.0018843317
910.98193 1427.6602 692.83374 1645.4261 0.0018814988
723.49005 1359.244 1400.8478 2648.556 0.0018716227
827.5861 2691.4375 294.33463 40.922447 0.0018678701
667.1981 2686.2026 545.73236 61.536537 0.0018645391
1447.6238 1970.667 71.93489 483.19476 0.0018583562
1422.4385 2110.3123 120.85708 459.1288 0.0018547025
618.68787 2685.9543 424.60605 89.98834 0.0018540598
1306.8275 1551.6006 278.4472 624.38556 0.0018496828
1318.4928 1319.9379 301.53998 480.9298 0.0018364717
654.7928 2702.7542 874.02185 22.486498 0.0018341568
564.4962 1612.2867 721.1086 614.7278 0.0018277064
1342.0049 2074.648 156.16699 304.81693 0.0018260168
948.01746 2686.0127 411.9785 55.194187 0.0018115125
1318.3679 1179.9108 312.05914 477.19205 0.0018061539
862.56287 579.4675 858.48474 1078.4752 0.001805126
506.9966 1602.2467 785.5952 1559.233 0.0017977392
1406.5557 1407.2677 150.46655 693.9516 0.0017941822
897.9682 179.79163 203.4021 362.76025 0.001792713
1310.2601 2695.4788 333.79385 37.91879 0.00178528
1446.9836 1477.3132 94.359985 230.47989 0.0017821632
51.34684 1291.1857 98.021225 325.4745 0.0017790155
882.98376 2673.0044 745.90955 91.55108 0.0017729483
1395.7001 1198.391 180.91751 486.35272 0.0017640943
1180.1497 2650.9446 207.5169 125.35609 0.0017615536
1403.6971 1346.6276 165.19255 471.24078 0.0017611511
1239.4314 2658.797 214.95198 113.08514 0.0017553938
1440.3729 1630.4674 105.908646 1203.2104 0.0017430559
158.65114 1325.4099 331.89307 2530.1423 0.0017422107
835.51514 2702.2427 405.2639 27.40391 0.0017395902
1365.059 1995.2832 125.10352 334.38068 0.0017383901
55.705227 237.58127 104.90346 219.23714 0.0017360655
1370.2588 1333.8096 233.79478 2093.9585 0.001733268
1398.8982 1487.2123 182.71906 700.6483 0.0017278155
1068.273 2677.3745 239.83066 210.76004 0.0017188584
1354.0145 1133.0278 256.5695 787.41833 0.0017081089
45.314003 886.6164 85.018776 332.87195 0.0016974402
58.756817 2309.8464 115.04048 350.5046 0.0016907444
661.98376 2693.7598 180.63142 73.39017 0.0016852362
702.9917 1297.4897 253.97432 150.78601 0.0016849049
668.2615 2704.955 515.2156 21.170097 0.001682973
1221.9784 2657.1265 514.42 124.94455 0.001680388
1404.3892 1465.9845 154.76436 1949.0663 0.001674377
1294.3224 1096.7689 374.9339 1092.7612 0.0016705109
792.90765 2044.5552 343.59402 561.26733 0.0016507037
716.551 1714.4375 1375.0352 1956.8629 0.0016411007
1071.9705 2669.8318 217.25882 97.70065 0.0016409946
1418.5682 2666.9038 108.04408 89.440796 0.0016235235
568.71545 673.05164 189.0754 252.48616 0.0016165168
30.957764 501.3172 51.641792 131.09326 0.0016146409
553.2174 24.732244 151.50453 45.430565 0.0016037045
813.83734 44.156746 197.94641 80.274 0.0015926387
433.66748 847.51447 691.88196 925.2095 0.0015883922
505.37955 1345.1658 995.86096 2615.1047 0.0015809694
1251.0677 2687.029 402.7707 51.32663 0.0015805366
625.7177 626.2968 240.97467 229.82082 0.0015596242
1247.3864 2693.3464 407.72696 43.31616 0.0015552405
812.82056 104.42371 431.0309 202.00935 0.0015434904
1458.0807 2560.543 47.645496 306.33026 0.0015426502
1439.797 2647.1086 75.3553 139.54865 0.0015165891
746.20825 2511.3833 607.79767 382.3975 0.0015143416
1026.5981 2648.148 193.90527 131.44325 0.001496835
603.02997 403.4775 870.4041 831.6278 0.001471589
1394.375 2675.8613 155.69984 74.42883 0.0014642418
1359.873 2689.6172 221.63858 54.157417 0.001458209
1373.6014 2669.109 191.03955 93.30421 0.001451113
1311.704 1562.615 255.06094 589.8087 0.0014487429
1343.4125 2682.9482 251.49863 70.77093 0.0014418467
1447.527 1456.6084 81.65129 2129.6394 0.0014388141
722.9697 1580.4631 1130.8959 1147.3303 0.0014359786
1340.6514 2679.4338 237.25487 83.72284 0.0014063489
1351.216 2666.8591 207.55272 95.23637 0.001405516
1272.5154 2693.7737 360.23718 49.587532 0.0013840885
1453.5221 2332.9502 57.78861 222.1546 0.0013679621
1382.0674 2677.437 161.57846 78.77294 0.001366978
1435.9574 1527.5491 107.68114 384.29633 0.0013660521
30.110012 721.22534 61.790924 198.08554 0.0013616509
857.55585 2710.9722 465.87683 13.421528 0.0013518533
616.26556 932.368 1078.9529 1235.8643 0.0013396178
772.4278 1582.9797 738.1471 1828.609 0.001329434
1341.0101 2710.1306 233.21124 47.28108 0.0013169992
1445.1335 1656.7876 83.60078 515.82196 0.0013123007
316.71823 1968.994 274.87268 1244.9191 0.0013116447
749.2226 321.98694 1469.3298 630.2437 0.0013111177
1478.6711 1620.2137 36.343945 352.20114 0.0013010219
615.06165 2693.6287 1108.974 53.94183 0.001290619
1426.9183 2235.9639 133.77739 314.68814 0.0012859827
1434.6055 2685.836 81.134315 52.273273 0.0012731937
1059.9114 2679.2058 306.88 207.52533 0.0012728464
289.73242 1458.964 316.1457 1174.1019 0.0012645568
272.81485 2121.3472 310.22916 778.89606 0.0012486867
1372.4459 2679.553 171.3072 80.9611 0.0012471873
844.0706 1098.562 553.4783 909.327 0.0012409195
1448.1763 2664.0845 56.873875 102.43698 0.0012360364
1404.5021 2703.0488 134.01993 49.432095 0.0012356509
671.22455 2021.6188 265.19446 1029.2454 0.001230952
965.2158 1684.7468 582.6541 926.9093 0.0012236772
1427.8547 2687.81 82.007805 83.02944 0.0012210418
1356.7749 2695.1226 199.32265 46.875603 0.0012055397
463.8637 1940.891 234.06876 960.15643 0.0012043782
1424.0514 2694.5247 99.818596 110.56362 0.0012003222
1398.2802 2698.607 133.70425 99.60435 0.0011977284
1455.349 2354.486 71.550255 210.39182 0.0011972779
1455.8542 2656.0474 48.92065 114.724884 0.0011902943
1463.6451 2125.6567 43.786217 340.9384 0.0011759537
954.8825 673.522 886.7554 926.6387 0.001159834
1424.2699 2700.5964 97.21364 69.41807 0.0011590597
244.24713 1350.3472 514.8232 2597.577 0.0011495536
1465.7018 1537.7264 45.793728 1616.6436 0.0011449041
1306.835 2701.9912 301.54916 32.17163 0.0011256449
1457.6462 2683.4292 60.059914 206.82591 0.0011217967
973.4248 2692.8591 355.03455 140.29076 0.0011205033
798.06116 904.0917 808.1594 1355.7244 0.0010935819
1476.0161 2239.7712 41.87885 313.1598 0.0010861943
105.78745 383.5155 103.21293 120.60698 0.001081366
1439.1608 2707.0645 84.97724 66.46787 0.0010011098
1455.2029 2690.5093 47.0114 113.66591 0.0009920147
437.2362 1961.7212 217.507 684.39557 0.0009873807
1093.8407 2133.2898 514.7573 659.1459 0.00096649316
698.58276 1758.7026 356.03873 840.04456 0.0009490236
932.5841 1288.0974 737.2323 2510.2983 0.0009470725
672.7254 332.3241 1332.5259 702.4626 0.0009073828
612.6125 1672.9176 1032.693 1231.5084 0.0009035234
503.29752 1655.2845 687.97546 753.60474 0.00089878205
649.6955 1746.1627 1073.4517 1175.2407 0.000879168
261.06818 1156.2347 374.21252 1077.6261 0.00086802896
606.33636 1708.4801 507.83762 840.78796 0.0008559858
492.21417 1379.287 411.20612 910.7795 0.00083169935
790.659 1993.4476 470.6913 1026.7081 0.00082077953
1045.475 1663.1631 437.4998 1532.5667 0.000783325
817.04785 2718.1519 1430.353 1.5698335 0.00074071524
1050.5944 855.9748 674.6802 800.31036 0.00072122895
410.85187 1573.6105 334.12186 688.2726 0.0007032878
756.47363 1835.2363 418.9381 933.57996 0.0006773853
842.4094 1712.6162 450.9766 1337.1683 0.00066904945
784.06213 2717.81 1286.5303 3.9332695 0.00060317165
1034.4653 1743.09 360.50708 808.21295 0.0005982356
1068.4803 1338.0409 526.6811 797.05884 0.00056888757
1010.4436 1216.2605 632.98444 709.2849 0.00054927106
1100.569 1712.8551 566.05554 1105.5317 0.0005477351
940.3113 1352.0725 729.57874 757.3077 0.0005325378
939.3423 1861.4935 572.3617 933.56885 0.0005211989
706.7929 1411.5018 1244.506 791.5376 0.0005205374
1194.3353 1636.8654 572.20526 638.115 0.0005159142
959.5379 1343.9634 754.9301 736.55426 0.0004906057
1265.0709 1719.9236 461.02536 664.8425 0.0004663784
