656.8172 1460.3284 1277.4585 2906.8723 0.6749413
1152.6238 205.29523 185.24231 152.78526 0.26891136
1012.6681 892.43494 568.61725 1777.9259 0.16930008
701.75024 2207.5623 1161.5214 1379.9783 0.09046956
510.37558 1906.8932 399.9317 598.86017 0.07954519
664.48456 2092.8975 1250.5851 1608.9253 0.06723877
463.38174 2013.9362 573.14453 831.9514 0.06608551
564.185 2004.1176 738.6696 848.6888 0.06433385
542.21326 1992.3634 716.03033 880.5596 0.060286492
914.6987 886.29675 764.40405 1767.2726 0.056044105
673.64136 2220.2712 1232.4415 1367.3271 0.052438166
493.0838 1995.6019 468.32346 789.6139 0.04683823
590.36084 1975.7128 845.8745 964.7638 0.0459848
672.5295 1976.985 1201.6266 1791.85 0.042962864
192.08992 2358.189 186.82895 205.11641 0.042894278
648.1122 2011.0587 869.4768 856.85394 0.037507955
1131.6604 216.62299 268.29205 235.98636 0.036748093
206.14128 2357.4111 219.86382 215.42012 0.036402248
497.07538 1804.8026 302.90106 341.95172 0.03513217
712.09503 2028.1598 1072.0338 930.26685 0.034160983
378.28403 2296.3254 404.2637 242.81575 0.032194562
632.42114 1660.3279 1013.57367 1622.2072 0.030624822
692.6139 2004.0746 1070.9177 989.6811 0.029590148
333.93903 2321.6543 469.9243 285.89676 0.02953191
660.9773 1911.4747 1255.0674 1972.6819 0.02932131
658.4006 1692.2627 1131.3977 1636.603 0.028659234
596.1022 1505.904 952.70825 1864.0084 0.028179554
657.57635 1460.1527 1273.9448 2905.1401 0.028006742
616.0354 1995.3567 631.53357 789.927 0.02764566
1010.3396 1457.2861 572.5135 2898.9973 0.027113743
632.87335 1883.4935 1051.6523 1395.776 0.02699492
1010.96844 650.19617 565.0501 1290.4796 0.025254237
655.6682 1610.5619 1059.2793 1777.5306 0.023892766
676.695 1840.2821 1098.4913 1328.3042 0.02331204
1046.7245 1130.6425 496.00037 1195.6881 0.022678457
1153.1268 203.95952 179.39693 147.4078 0.021751814
517.8908 2294.5068 691.7729 295.9508 0.021674283
665.65607 1969.8483 1216.0437 1052.5267 0.02155861
693.6857 2507.5364 1192.8534 808.32434 0.021283468
683.1502 1021.359 1191.3376 1934.7893 0.020714613
548.7677 1837.484 507.4076 750.03925 0.020160813
405.69867 2032.2585 656.8251 862.1901 0.020001648
620.2962 2201.8188 887.07666 1281.6827 0.019091416
709.1201 1946.5023 1089.2992 1041.5773 0.019074498
635.6438 1469.0278 1028.8682 2143.366 0.018797236
563.79816 1330.0073 922.5385 2004.4187 0.018443843
683.22876 984.69653 1188.5361 1717.6904 0.018263025
630.6711 1788.2463 900.854 1335.0802 0.018109737
669.35706 899.0337 1239.1097 1751.6608 0.017953787
579.5049 1751.072 951.6137 1423.897 0.017735153
626.0379 1655.912 848.7911 1418.299 0.017576028
803.7413 2213.7983 946.3128 1314.6134 0.017431121
728.81744 953.21 1081.0334 1583.6497 0.017135767
617.47266 70.14626 196.1451 136.80368 0.01705127
1008.42426 1169.0271 573.211 2326.4539 0.017043024
908.4102 1144.6957 760.129 2283.7344 0.016903117
1011.26483 351.6264 558.0024 698.0421 0.016697781
498.2664 1285.8127 882.58826 2278.9116 0.016615937
718.39746 1903.9952 965.91583 1138.0918 0.016534263
675.9146 2269.7656 1096.1718 387.818 0.015291304
1009.3497 473.357 563.1009 940.9957 0.015286388
384.0392 2294.6619 288.28674 183.68216 0.015216642
1015.2528 242.18045 547.91504 477.7408 0.014936396
249.72174 2367.775 134.55869 164.14345 0.014934994
642.6822 1876.121 749.2271 1040.6526 0.014919028
485.12885 2532.5479 77.53643 76.37468 0.014255416
440.04407 2297.1768 525.34717 297.61215 0.014239778
424.8277 1981.8502 762.90234 966.33527 0.014204287
914.0773 1452.9559 761.636 2890.22 0.013925918
1102.8187 247.91864 354.42456 420.8402 0.013906229
733.67584 2533.8157 1107.5422 750.1267 0.013905262
1041.6406 1046.2135 505.76544 1340.0248 0.013751164
783.4691 901.0093 1016.1785 1743.1128 0.013676523
575.2217 1798.9775 887.74164 1330.0345 0.013599666
775.685 949.38007 1020.9876 1816.0181 0.01354753
1049.5817 942.6422 478.62927 795.6067 0.013317031
472.0199 1807.1445 237.91757 267.3781 0.01331465
892.002 253.35435 317.26575 484.9308 0.0132703595
531.58575 2208.2302 723.4023 479.35687 0.013244908
730.89636 764.2712 1104.8981 1471.863 0.013161361
471.94498 2673.6602 52.97331 56.894047 0.013030899
541.3941 2190.5876 824.2508 1291.2255 0.012932989
816.01636 1168.4684 922.3794 2247.5022 0.0127708325
689.68713 2245.0754 1143.7966 455.97705 0.012478637
1051.8325 264.9223 435.25574 427.8585 0.0123278005
781.4484 2580.1577 1004.2225 653.1663 0.012282274
718.795 1910.6488 1084.1218 1077.6726 0.011976905
427.9798 2218.7874 640.1057 485.5349 0.011965535
500.03452 1892.7103 339.8604 527.9027 0.011808223
588.3499 1538.9401 762.277 1552.519 0.011791265
583.3874 1840.7402 567.60046 789.2515 0.011750989
588.30817 1174.6039 977.498 1679.5435 0.011737646
543.57465 1447.3322 707.43304 1882.3268 0.011635537
1044.9397 1039.349 496.63495 1280.8666 0.011568368
500.89398 1687.7272 824.9604 1432.278 0.011443552
1016.04553 186.49997 546.49664 368.08197 0.011295851
848.6404 2497.9087 874.1132 802.65564 0.011287568
852.08716 2579.3054 862.99426 633.86444 0.011176988
681.2026 1249.3921 821.95557 1933.6779 0.010998877
1095.051 174.10051 374.3527 327.21146 0.010709979
905.0618 681.9124 769.1472 1362.4994 0.010452373
842.9588 2483.1313 880.14813 834.135 0.010383688
575.83307 1516.611 960.51245 1359.13 0.010369278
604.55524 1442.4012 696.1453 1881.1974 0.010320606
548.1246 1094.1113 695.89655 831.4715 0.010284195
701.57544 1130.3954 1100.9784 1246.9391 0.0102536585
910.47205 293.94238 275.16406 366.16483 0.010208765
772.60736 1493.1562 953.0687 1819.7018 0.010145035
603.0702 1707.0592 735.29596 1056.3817 0.0101343095
905.99725 589.0236 766.05493 1171.0585 0.010059717
1071.3335 933.61334 420.7418 703.92163 0.010019028
562.4788 1343.3066 754.97107 1447.2538 0.009928545
1032.2134 646.33997 493.17175 713.96045 0.009904155
516.92145 827.2564 608.7737 1294.5284 0.009885721
847.3171 2355.298 863.69635 1097.808 0.009856369
721.26874 1789.1069 889.8722 1230.6265 0.009773778
907.50934 436.8741 762.375 866.7107 0.009761864
526.73944 834.4244 805.39594 1507.1338 0.009658018
885.12714 2086.9377 799.79333 1615.3767 0.00964777
842.43823 1338.6718 843.11365 2184.1538 0.0096198
769.2183 599.4589 1022.37354 1171.6487 0.009569242
676.1469 1210.1046 1188.6735 2158.1248 0.009558017
880.4657 2477.9182 814.62225 850.3157 0.009554977
734.9589 1998.5604 887.95325 747.08795 0.009553514
578.55664 1192.2781 950.49194 988.6045 0.009530427
904.881 549.4233 769.77234 1095.8501 0.009312419
514.2206 1024.1886 860.3398 1241.7428 0.009247008
635.5374 1415.0427 1105.0764 1456.1227 0.009207478
731.972 1687.0704 972.5867 1296.6871 0.009130282
1053.1348 1109.5646 479.00183 1148.8058 0.009112776
476.03882 2597.9854 122.587906 219.38335 0.009056043
937.50385 2258.0022 707.11316 1290.0387 0.009031236
650.8634 1893.2062 643.13464 630.19696 0.009030041
909.72156 270.0304 757.0057 535.37067 0.009023775
895.7547 1453.9701 794.429 2872.167 0.008987433
545.2388 1830.0549 870.4569 1870.0857 0.008949705
386.4918 2264.842 461.5994 406.7748 0.008897665
709.375 873.11926 1142.5594 1506.6017 0.008557154
889.39685 174.5749 287.99045 316.3166 0.008463439
494.38828 2370.2146 743.1304 497.97562 0.008459627
1085.0885 764.66656 383.72104 399.37476 0.008381143
716.08405 1755.0679 830.0504 1273.805 0.008279472
577.69904 1745.1757 737.6537 1335.6489 0.008270475
393.20935 1633.2114 715.95856 1565.34 0.008269806
1084.2698 843.76636 387.99527 554.4236 0.0081856605
545.9369 1738.2848 701.8683 1324.9033 0.008167207
661.96967 1319.5822 1185.6998 1191.6016 0.008156927
741.31604 2313.8389 248.98703 166.80196 0.008116343
644.76483 1172.4727 548.1231 620.65125 0.008088108
1177.7958 205.03366 125.68103 130.7024 0.008073195
172.63945 2273.4023 292.5663 391.50513 0.008069698
1055.9423 1052.8384 456.20917 594.3709 0.008062972
903.9568 271.9015 231.61346 287.8392 0.008037407
1066.5109 266.32068 376.8772 301.58353 0.007953416
1015.40265 2488.8816 547.00244 815.8804 0.007932022
639.9898 2342.4937 756.90234 788.1085 0.007895035
691.2384 2292.2817 360.1915 225.26215 0.007843965
691.0932 2740.207 1193.908 374.86728 0.007826916
469.05328 1427.8059 860.7406 2610.4875 0.0078021158
364.52213 2305.3655 196.50578 157.91914 0.0077883955
312.26498 2034.7084 558.5799 844.0675 0.007787596
1022.8594 2595.3315 519.8224 591.80273 0.007742356
1094.4241 1060.2799 372.66272 482.5404 0.007664536
989.2459 2545.6938 433.93854 522.6447 0.0076520815
752.9804 2006.4657 549.90436 682.50385 0.007649876
356.7299 1223.4698 389.38864 458.58777 0.007649699
998.20996 2673.0793 563.8343 464.21686 0.007592068
660.4414 1338.8156 1188.9639 977.15875 0.0075802687
357.50482 2221.3496 615.3984 484.7138 0.0075473916
751.1694 1617.8623 958.34955 1306.0765 0.0074784816
704.6639 2336.77 796.08905 735.9792 0.007425462
568.45306 1743.3314 584.05273 1357.9087 0.007423803
1103.355 1094.3436 357.9832 454.54095 0.007361859
1095.4021 1228.576 387.99582 860.9468 0.0073535675
318.67368 2477.8716 423.9058 486.69598 0.00735072
443.61972 2175.8213 790.71295 1288.7954 0.0072975354
1233.6504 684.35736 116.11386 197.80579 0.007283855
896.81067 342.17505 343.8255 686.7482 0.007274621
1006.6093 2267.4824 576.31177 1268.5754 0.0072695334
1136.1106 492.86044 307.2722 752.0633 0.0072589796
708.9646 1730.0385 815.9374 1364.5217 0.007257183
1067.0856 201.56938 407.6718 323.68225 0.007247553
457.50974 1184.1769 596.6112 639.0062 0.0072332365
965.86993 1381.3105 668.89 2580.459 0.007223559
482.398 2579.2073 188.94815 258.07095 0.0071895835
985.9358 954.93164 351.29004 659.44745 0.0071477112
500.73703 2510.4314 771.2741 682.8098 0.0071093147
576.3059 1602.2303 847.16565 906.2879 0.0070978026
635.02246 1707.9934 869.967 1755.9374 0.0070894565
501.19373 567.24347 561.64667 1011.57715 0.007065156
951.49304 403.6719 249.21263 241.3066 0.007064976
478.60568 2595.653 165.89682 224.88576 0.0070400853
364.17508 2544.4558 520.8458 607.5473 0.0070346175
1058.2527 1157.1652 456.24335 799.32025 0.0070315977
899.49506 2293.9417 738.4276 1227.9691 0.006994019
561.22797 2279.2793 191.60474 213.36578 0.0069766673
659.6137 1648.2307 720.4777 984.7105 0.006971971
1085.6517 244.71643 410.35757 481.38184 0.0069284565
806.4196 668.73517 928.46295 1227.7086 0.006889899
633.728 103.34014 230.58333 200.06862 0.006865878
922.8742 2717.5237 311.67215 349.1495 0.006820769
579.9358 1032.5074 476.5594 621.81445 0.006769882
715.17914 1648.4769 932.827 1042.0826 0.0067444816
850.25006 2233.3938 637.2304 348.92804 0.006692144
825.53973 2559.5723 242.27281 315.45724 0.006691621
518.9231 1086.9666 659.4974 551.9898 0.0066896277
713.071 2369.4211 1087.9987 550.6201 0.006683243
650.7721 2553.809 199.08351 149.02922 0.006678376
553.1931 1078.3094 527.2206 498.29855 0.006677089
800.23883 2249.3066 505.63242 312.53174 0.0066641476
708.73926 2392.3638 607.9487 975.9794 0.006650966
804.01483 1980.7534 915.8726 807.69855 0.0066368794
646.52875 872.6794 685.1438 1025.8475 0.0066324803
927.9461 1915.306 378.11612 534.5468 0.006627148
893.28143 166.72102 154.83263 178.56694 0.0066148755
966.7208 880.2686 242.52066 304.89178 0.0065991585
612.7419 1333.4489 1099.9204 1320.9629 0.0065940996
862.0393 2684.5232 268.61996 357.93967 0.0065450324
817.32043 2028.0541 256.767 267.55157 0.006517857
953.2662 2229.0022 470.53772 324.75613 0.006497895
413.04407 2536.3655 644.26746 695.67316 0.0064941705
907.90027 188.59865 762.24664 371.57037 0.0064760135
679.768 1738.8215 720.55286 1302.5424 0.006450727
1101.8894 1958.2821 382.86078 659.10266 0.0064393776
858.1257 1549.2028 778.4211 1492.8112 0.0064280904
605.3723 1816.3527 559.3194 536.85626 0.006393841
480.5046 1874.9877 244.56772 324.23618 0.0063912906
1070.5947 2688.5508 423.4365 433.66412 0.006381584
269.23486 1769.8961 492.53616 1361.4197 0.006375872
711.5029 1900.1254 712.67615 640.4971 0.006357441
578.60583 1448.0194 992.8357 1163.1838 0.006345304
546.4823 1713.8196 616.5264 1464.9819 0.006303167
1096.571 253.24286 378.8387 477.66922 0.0063014226
382.81644 1662.8116 670.94104 1466.0349 0.0062942756
963.0556 783.8375 321.3703 385.9049 0.0062267813
514.2152 1213.1317 364.53326 385.60873 0.0061783018
242.09679 2032.8538 436.70374 841.4403 0.0061692027
720.66833 1809.8109 694.5488 846.70044 0.006165324
1031.3733 2078.0422 530.2652 1667.6317 0.006163583
851.1242 2512.3496 356.03146 430.08298 0.0061613843
762.88086 1996.0377 327.15237 479.7893 0.006155054
1100.814 1968.5529 364.40836 460.08826 0.006119883
1161.8969 435.513 192.512 186.12643 0.006119871
1133.1105 436.9175 313.8698 746.72076 0.006109561
1114.8196 1120.8711 354.79874 1032.4208 0.006107662
700.57697 1740.0474 795.03613 1273.4656 0.0060819886
1117.3577 1300.8854 351.90607 838.14246 0.006074574
1127.7952 818.7764 327.0509 1293.1681 0.006072265
636.8456 1579.0829 598.1809 764.3976 0.006062123
233.88792 1989.1267 421.06082 922.1632 0.0060470323
330.3674 1246.5709 253.27208 271.45145 0.006041552
799.5582 238.23706 541.1607 473.81265 0.0060389726
827.3898 2023.2313 899.51434 1768.8536 0.0060083494
832.89935 1956.4506 384.25012 635.329 0.005998018
1133.0754 1167.7548 292.33704 367.00238 0.0059976717
871.9738 2622.574 654.67755 480.6977 0.0059838803
737.13696 1411.2263 625.4712 1111.1898 0.005950243
613.86786 905.4779 550.3665 744.86755 0.005948621
691.00775 1391.9338 873.0327 1201.4265 0.005937207
1011.8495 887.7713 566.7824 1765.2574 0.0059334477
663.1928 1198.023 622.88947 705.6637 0.0059327367
807.1032 2513.5222 427.73532 631.2103 0.005922383
756.09906 2373.2654 446.37704 535.2927 0.0059210663
589.2518 1240.18 1067.3762 1275.6387 0.005921058
362.89276 1512.3247 678.9084 1882.1702 0.005860761
495.4185 1784.9553 668.6139 1961.5898 0.005814232
680.7126 772.19696 275.238 309.7773 0.0058098375
1072.781 1987.3035 299.37628 404.91916 0.0058095315
680.6569 1322.5355 441.51782 343.4804 0.0057957442
828.8863 2168.735 442.71042 437.45264 0.005788432
1055.5054 2526.4749 284.441 337.22104 0.00578723
282.44916 2224.5186 494.71088 480.67706 0.0057859104
871.8766 2324.9548 631.7801 596.56287 0.0057723788
1125.1106 472.5158 334.774 843.13025 0.0057722665
788.8173 1559.4884 582.02264 1035.7811 0.0057489136
512.97565 1244.8049 808.81354 790.6772 0.0057483683
1118.2823 1442.2092 352.58307 621.5185 0.0057374914
1166.9907 1487.9637 256.0322 551.5127 0.0057262597
1098.8535 368.82227 347.21356 505.39322 0.005725581
1053.1818 816.52545 239.79764 279.34396 0.005713373
752.9412 1700.8066 539.534 1103.8392 0.0057105566
564.822 2690.9556 296.14893 331.86157 0.005704625
743.19977 1142.356 335.07184 410.87256 0.0057041873
385.79156 2587.683 247.98274 234.27611 0.0056909667
458.44467 2651.0222 118.358574 140.30789 0.0056352913
504.23535 1936.0541 234.31187 308.27258 0.00562718
757.57544 1168.8534 400.70407 528.2998 0.0056167515
654.40625 2580.8823 432.26392 556.26196 0.005614118
570.8457 1150.7832 976.5022 1443.1483 0.0056120236
745.8159 1568.848 640.6411 1879.5403 0.0056067547
1020.97076 1532.9635 542.0992 1940.4435 0.0056004734
791.11694 2045.4557 293.05634 312.4973 0.0055757808
174.98062 2216.2917 308.403 498.78674 0.0055722203
568.4161 1217.1176 838.29816 729.9633 0.005565611
1096.3903 2447.9038 387.3373 798.4744 0.005557383
536.4191 2220.795 893.38275 518.6996 0.00551074
935.7997 929.8481 405.79773 964.1093 0.0054923706
1128.036 452.1622 321.1028 730.47266 0.005482217
846.2231 1383.586 212.84084 230.35683 0.005476734
1102.7793 266.7283 375.70773 526.0861 0.005461408
795.8544 2730.1892 951.0479 377.0895 0.0054565417
779.1496 1826.6571 822.0082 1143.4548 0.0054472852
512.74884 1091.9495 767.06494 736.81134 0.005429033
436.52362 2661.9768 161.4049 164.47844 0.005423565
1002.5982 1965.263 208.80188 405.5608 0.005412172
761.57635 1488.3881 567.905 870.6548 0.005404713
795.2406 1864.312 961.7445 2069.3528 0.0053820377
815.09924 1339.6005 324.14682 375.8836 0.0053803176
828.0511 2616.1501 546.92377 271.564 0.0053355442
905.6131 1735.1564 359.62515 510.31897 0.0053226794
889.3211 1389.875 376.74643 504.62793 0.005293296
770.0238 1542.4473 566.2683 1069.1017 0.005281637
551.3837 1328.9199 491.85797 2157.8628 0.005274845
1142.3489 747.74365 293.98883 420.50317 0.0052607423
645.0393 1788.3912 689.7296 1536.3062 0.0052379295
584.2264 1561.0465 555.8451 2326.8152 0.0052317115
1079.6262 2508.707 287.88834 371.55722 0.005190353
603.60205 1259.4072 596.4686 1473.3269 0.0051518334
688.0062 1306.272 616.4371 573.883 0.005141574
1088.383 1446.6324 411.15872 639.403 0.00512922
1100.019 193.38515 366.66556 656.6408 0.0050797933
1032.0518 1877.3903 505.80075 843.5386 0.005057795
588.3911 1246.3982 267.8764 300.64154 0.005046932
611.44495 1728.298 683.0646 1325.5939 0.0050347755
878.4022 1372.9833 160.97595 190.84134 0.0050256737
777.05707 1747.7975 641.71936 1284.0635 0.0050214957
710.247 2306.7769 1142.5168 673.21277 0.005017973
449.77844 2650.3147 407.04807 411.58258 0.005011492
1147.0078 1065.1201 293.5781 846.3943 0.004993577
648.1297 2415.537 351.5327 681.3866 0.0049720374
610.19824 1408.3344 530.3252 1641.299 0.0049451087
639.03815 2582.3103 725.2628 495.27597 0.0049440926
354.35623 2495.7866 605.2642 783.9139 0.0049371417
997.98975 2082.5833 575.85864 1406.8679 0.0049240896
1051.882 234.17784 126.922585 175.4171 0.0049240524
1181.7185 469.78247 215.53217 286.8608 0.0049187657
1078.3823 2183.9705 385.43152 376.39737 0.0049090916
809.4193 1068.7915 835.7818 1251.5032 0.0049013337
619.74805 449.1482 354.18362 791.89954 0.0048984815
678.23175 1756.3513 471.1499 901.51196 0.004891228
778.877 2526.3745 512.8858 353.4379 0.004886349
990.1561 1882.5588 255.12637 533.49603 0.0048751077
823.168 1437.3944 501.05707 735.1742 0.004853814
916.87964 1965.2673 404.6617 858.61597 0.0048505124
904.91547 2349.9382 230.56244 312.8977 0.0048393523
690.48346 1409.3223 322.14532 351.53238 0.004835095
661.908 1585.6522 577.4461 843.3954 0.0048283194
691.4004 1786.123 498.62637 1279.3088 0.004820028
905.54706 1587.9297 372.85477 509.78506 0.0048169065
920.0827 1110.1096 331.32483 469.776 0.0048111454
606.52716 1617.2863 590.8378 2023.4542 0.004802388
614.81335 1611.7373 642.28613 1987.9241 0.0048010736
550.41644 1652.8505 371.8524 417.26413 0.0047927373
1111.774 223.90112 343.87524 343.90668 0.004771315
311.0637 2260.254 571.926 1307.2396 0.004748455
515.7181 1373.9912 818.0987 527.84503 0.0047430475
1110.6775 1037.0309 258.93292 265.35416 0.004731177
207.62169 1864.7101 337.18945 491.39703 0.004704359
807.08405 207.159 127.70185 233.18129 0.0047035995
656.0024 2810.935 1262.2334 240.21524 0.0046988986
1135.4246 360.8259 287.9724 474.8129 0.0046873097
1166.2543 940.52484 248.63481 712.1705 0.00468186
703.7611 1719.3395 468.34515 929.9497 0.004673559
676.83386 2265.3406 461.55115 293.02347 0.004669389
665.48706 1632.0453 657.31903 1772.0723 0.004664474
1200.0496 701.6977 187.01889 290.79703 0.004660805
700.2891 1580.917 694.4855 819.81305 0.004648954
601.2351 1735.2881 626.3362 1812.7633 0.004641174
1058.2732 1513.4591 456.59778 897.05927 0.0046334025
510.82883 1327.832 915.58606 1228.2905 0.004629408
1045.5126 1392.744 477.31265 650.0816 0.004627416
175.12819 2650.9607 332.7938 562.84235 0.0046272073
558.2987 1003.6123 537.9145 559.11066 0.004620625
1138.7092 2769.3203 292.12982 273.37088 0.004610362
731.6353 1417.627 426.96973 428.9841 0.0046035945
589.9201 1640.7563 478.06342 585.9794 0.0046026353
485.66315 2676.374 108.92616 146.59874 0.004599196
819.9785 1630.1796 436.4068 625.12683 0.0045892587
1097.5747 2334.4214 268.85526 293.25955 0.0045829588
205.18474 2000.6677 363.78378 664.89624 0.004551672
711.1805 1805.6172 1101.3668 1186.4409 0.004535081
287.16956 2224.875 530.0857 1362.5714 0.004533161
888.9647 1151.7595 207.07205 270.98737 0.00450177
553.7058 208.79851 365.60248 394.24527 0.0044908654
785.37823 2742.2964 1093.8639 332.45596 0.004448948
719.1118 2301.1013 243.35162 223.99255 0.004438725
593.3332 1398.9346 496.86478 1627.2738 0.004414908
615.7572 1336.7234 587.66986 1603.1846 0.00441314
213.04922 1812.2795 384.5211 1306.1763 0.0043902453
804.5345 1175.0554 592.6237 978.281 0.004389312
651.09155 780.42303 374.98773 426.54736 0.0043848734
985.2308 2280.8218 294.0768 315.43985 0.0043786475
913.05585 2665.3928 183.81589 438.86093 0.004372067
578.6537 982.8569 265.5023 277.32285 0.0043573007
969.78705 1240.9712 233.79312 334.48242 0.0043473803
663.79065 1546.4225 567.3647 662.80206 0.004342926
809.4669 1729.7635 482.69702 1152.5345 0.0043299887
689.3192 1775.1215 213.72867 294.80118 0.0043249982
920.5566 1598.5828 233.87952 285.54147 0.004324676
643.10486 1497.4412 428.02496 800.0498 0.0043185325
994.8523 1743.6768 542.266 2011.1495 0.004313033
924.0058 1636.3639 661.15326 1080.121 0.0043111066
994.5402 1989.241 555.5198 765.2217 0.00428108
706.4221 1660.4369 887.9014 1198.0928 0.004271902
1140.139 624.7115 286.27594 399.69827 0.004248315
993.7202 2626.8323 174.1429 197.83922 0.0042216014
831.8856 1624.7665 303.65097 384.0685 0.004218507
373.72134 1784.5055 693.1445 1346.6903 0.0042180866
659.7869 2576.7358 698.98346 297.11288 0.0041902983
656.1579 2740.3262 1261.4183 371.22278 0.004187494
187.33728 2358.8845 155.56082 186.99506 0.0041865995
592.9219 1319.6248 447.8588 996.48224 0.0041819736
1163.9952 1113.2915 206.75354 295.40927 0.0041503
750.6522 1231.3196 715.9195 922.6337 0.0041426346
1053.7185 1985.7423 469.9964 769.05096 0.0041408837
645.1409 200.39456 258.2064 395.31125 0.0041366015
1015.145 2469.886 262.37695 430.12662 0.0041304007
702.56824 2771.221 239.4046 239.8969 0.0041275756
1174.7755 1442.8293 239.5118 457.56342 0.004124681
498.0202 2757.1226 425.09012 278.68503 0.0041092345
1070.5155 1974.1177 224.70251 317.1318 0.004107348
494.62253 1469.661 452.30542 1937.7716 0.0040869787
1038.5304 2775.2903 195.99487 235.80527 0.004071868
910.85736 1883.6486 528.4736 1487.307 0.0040688487
972.859 1980.1636 167.30887 337.63535 0.004042898
703.4185 1787.6322 526.50525 1548.1074 0.0040389234
863.8039 1278.1586 388.36435 505.95627 0.0040238197
964.2935 2552.3467 189.79347 321.98727 0.0040177987
1156.1183 2195.4807 245.45311 337.3706 0.0040164725
545.05023 2654.5981 186.40404 180.1413 0.0039972393
941.3743 2242.9626 202.4887 219.79007 0.003978049
1197.143 1460.0214 195.33894 455.4201 0.003974053
676.3666 1423.8046 370.64124 361.17816 0.0039704363
915.0858 1384.9597 191.22182 201.25917 0.0039527705
745.92834 112.540726 453.8845 221.41978 0.0039525377
1177.513 679.77344 227.69907 325.0322 0.003946329
563.9541 1542.0428 310.78012 246.82031 0.003941131
847.7714 1178.8065 374.02164 489.35217 0.003924881
810.79144 1211.0095 535.7368 799.0431 0.0039112624
1092.1967 2770.5938 310.70102 289.33334 0.0039066416
992.4811 1079.9924 213.16878 299.44385 0.0038968448
962.2682 2834.5803 596.49164 182.27682 0.003882892
547.84576 2619.5361 244.1333 227.35825 0.0038816766
478.01807 2675.469 38.04781 48.909733 0.0038810242
724.5529 1549.8138 418.01492 785.94946 0.0038766041
489.9735 2530.2612 49.721096 53.138973 0.0038759122
988.9582 1636.3091 580.14856 1128.4441 0.0038579355
736.4671 1641.0862 318.66046 387.74734 0.003850181
1153.6191 1514.118 290.96414 2803.4404 0.0038440938
726.5558 2324.5354 300.69308 198.30663 0.0038414309
589.8409 2785.697 183.98613 161.11081 0.0038359931
1165.3969 2724.3186 228.59357 319.56082 0.0038234573
262.34836 1612.9108 428.13345 599.3542 0.0038079368
1176.6772 1456.8289 239.43254 493.45596 0.0038003991
958.0546 2527.4985 537.7871 752.5351 0.0037975896
1024.502 1807.197 496.2028 768.13885 0.0037903232
688.08264 1392.2969 603.75934 749.9559 0.0037898996
1020.4328 2865.5496 541.65656 132.82452 0.00377647
938.8317 2778.7068 426.28305 263.07996 0.0037757147
1163.455 2311.0037 268.4557 1208.2263 0.0037655032
910.07153 722.0723 333.207 406.98474 0.0037326936
969.0703 1176.9321 322.22427 749.7702 0.0037263401
1103.5004 1668.3164 305.49347 343.67883 0.0037251047
553.8438 2234.419 209.28581 256.97626 0.0037244838
715.36206 943.5151 237.30988 232.50304 0.0037208018
1140.8148 719.9749 225.54291 288.99176 0.0037102816
628.5134 1646.0251 661.18695 1817.9055 0.003685777
676.929 391.3795 1224.9729 784.361 0.0036839987
839.01416 1952.975 223.68279 338.6078 0.0036838446
658.59973 1464.157 1274.3636 2902.5989 0.0036718673
801.74 1765.2717 391.2809 1262.0054 0.0036634877
265.2914 481.67908 518.7798 949.7263 0.0036607995
628.21185 1691.0807 638.97925 1683.6018 0.0036532555
1176.3901 1461.3785 238.44235 453.57748 0.003641505
721.21405 960.84467 333.84555 452.05917 0.003641202
300.9448 398.5117 398.5398 771.6172 0.0036366032
969.66943 1533.9406 286.8582 408.01215 0.003634512
663.5859 1743.508 721.6954 1443.9165 0.0036305112
1024.7946 1854.3401 505.24033 1670.2754 0.0036264306
949.0473 2805.605 632.1894 245.51024 0.0036102196
920.1507 2794.7964 544.1425 231.87592 0.0035995082
470.63785 2518.1611 334.47324 769.19977 0.0035940942
280.47168 1780.3625 316.89902 420.16794 0.0035898157
644.88495 2344.9834 166.2463 140.72852 0.003582889
685.8213 1259.9258 1163.2878 1050.9174 0.0035810068
1065.5311 2650.0308 255.94203 215.37111 0.003579743
828.99347 1672.1205 322.56754 474.7332 0.0035795013
1110.9105 2038.9469 284.02518 327.88016 0.0035742805
995.2985 2370.8313 227.327 278.141 0.0035717003
707.4573 1636.6715 456.00137 1516.1326 0.0035671822
593.9577 2439.4863 250.69034 232.66566 0.0035652963
796.4283 1554.7029 231.23178 293.3847 0.0035642104
832.38873 2003.7523 134.24654 146.97736 0.0035615289
537.2401 1704.1884 606.87604 2018.3577 0.0035229279
807.62354 1767.8986 909.4219 1697.8738 0.0034940636
1021.82184 2486.7378 183.48459 224.6972 0.0034903036
647.51953 1810.0011 680.06494 1418.2462 0.0034887164
659.664 1607.6602 243.63449 315.09918 0.0034875383
242.98184 1827.195 408.28098 798.68445 0.0034840067
621.27527 1627.4219 437.63437 1734.8998 0.0034767913
1140.4336 1140.4948 313.5425 1118.6746 0.0034764195
1209.4304 56.66409 214.57991 388.81476 0.00345991
1055.3424 2038.6117 453.85376 1338.3627 0.0034554722
524.13696 2014.9813 147.37875 238.59848 0.003448866
710.1532 2700.0474 241.80438 244.88779 0.0034406846
912.6626 176.06717 770.7743 350.13425 0.0034180323
926.52185 1869.0167 319.23138 473.88113 0.0034082523
703.91907 1855.6575 342.3213 442.7355 0.0034081533
1015.99274 1734.5634 336.78128 560.8167 0.00340439
1055.1859 1423.4264 201.5085 252.26086 0.0034004787
939.6259 2807.2642 686.64935 245.07698 0.0033923343
841.9388 1656.4374 462.7193 1490.0463 0.0033846886
557.77985 1431.8964 346.9815 1486.0624 0.0033838763
1120.579 1448.6497 350.36026 477.08157 0.0033676238
1029.4618 2073.7063 462.30893 1265.7008 0.0033673262
526.4782 2075.1096 158.42233 232.72365 0.0033659693
90.17274 2875.8218 189.76038 124.56918 0.003360626
918.87897 1708.9241 412.54803 1017.87415 0.0033399563
1001.77826 2900.2102 577.8169 65.30512 0.003338582
862.8919 1421.1309 225.89992 247.6176 0.003330704
1020.81995 2383.5525 208.09027 278.87436 0.003324135
303.20572 2733.2368 458.47693 336.66833 0.0033219527
1197.2809 472.77646 171.74585 235.8552 0.003315845
1007.8235 349.8504 237.06064 376.92123 0.0033154448
843.5941 1996.5647 208.6332 251.28644 0.0033138003
1105.3229 2546.3782 210.194 270.98016 0.0033016047
992.4954 2802.8647 312.2948 220.68352 0.0032975962
1121.1578 2865.71 344.78494 125.70669 0.003295281
871.24744 1279.8209 175.44095 207.12032 0.0032812438
969.562 881.6129 160.8195 199.95645 0.0032675378
954.4176 2759.0762 496.81754 334.70264 0.0032648165
122.05553 2722.6606 236.058 425.61838 0.0032614435
713.1818 1743.8422 322.12747 384.9992 0.0032559359
845.5875 1643.8015 451.80627 1386.8671 0.0032522748
564.2262 2766.968 707.066 296.65396 0.00325204
557.9116 1581.6053 734.3379 562.9562 0.003224663
897.85455 1860.6575 189.87526 281.7034 0.003215665
1154.8364 1146.8276 272.3476 608.1837 0.0032142485
1086.3289 2431.9944 184.3779 234.79927 0.0032015792
550.65027 2177.4463 935.1767 537.2477 0.003200195
255.48792 2777.36 398.21335 314.05408 0.0031806342
238.3102 2791.1208 451.0443 292.1282 0.0031761474
686.80365 2845.8267 1175.1985 196.95662 0.0031638774
1080.4064 2906.2927 414.8099 58.947308 0.0031586632
729.47046 1681.6396 388.37888 480.4455 0.0031540499
984.06683 1900.404 185.87161 300.28848 0.0031502112
440.94043 236.2492 228.02599 413.1252 0.0031493262
231.12444 2822.9019 278.63873 215.8989 0.0031333922
514.3332 2370.5403 302.3966 1077.0453 0.003130043
724.4122 1689.9816 1061.5569 1643.471 0.0031284883
654.4445 2872.1853 1237.4523 119.43728 0.0031275249
531.12695 2697.1614 500.1676 442.525 0.0031092775
1186.5046 2893.621 230.00095 131.86392 0.0031076623
118.56618 546.1734 212.1402 586.1649 0.0030818766
641.783 1654.6582 654.37537 1230.7855 0.0030810093
1216.271 845.6396 161.31058 578.2864 0.0030748246
194.02422 999.01776 352.17212 944.83215 0.0030713624
326.40707 2078.3943 393.21066 858.2136 0.0030657463
741.41345 2798.0078 904.53674 240.45311 0.003063682
692.6023 1490.5713 651.7616 1527.8008 0.0030620848
111.96023 669.2083 200.40323 558.805 0.0030591937
581.84534 1201.4236 511.43964 1952.2057 0.0030448865
792.2768 1087.8541 457.68332 707.2337 0.0030444262
685.1415 1850.7906 530.33563 1216.1047 0.0030296491
230.89664 2246.8167 213.61978 224.51283 0.0030158882
873.8149 2693.3296 227.1772 428.37817 0.0029990873
189.52179 1712.9818 318.29263 1271.4786 0.0029947916
991.0627 2816.9578 322.8215 211.7137 0.0029839876
1148.603 1963.7092 296.35324 738.6457 0.0029784276
943.80597 2888.9768 623.8197 88.56731 0.0029722177
901.66205 2009.2687 205.11856 278.15735 0.0029681143
832.5009 2815.9407 223.07138 202.48338 0.0029646663
1043.5784 2819.1167 284.9592 197.98514 0.0029617639
1106.2689 1378.0366 176.2756 232.41373 0.0029590533
624.9837 1324.061 710.00305 1309.3308 0.0029418669
1159.3271 2451.5276 264.5755 917.9001 0.0029380666
901.8165 2840.2166 123.261406 140.51279 0.0029313217
1206.0735 1375.9246 168.04027 327.20807 0.002929732
618.74097 2851.6555 272.21503 132.92726 0.0029193468
789.627 2519.3015 1091.3114 439.79462 0.0029060869
773.75714 1644.9729 768.85767 1209.5703 0.0028945836
1132.6185 941.1117 209.24945 253.67221 0.0028848778
656.5891 1465.2988 1262.2821 2894.588 0.0028804166
909.1769 157.11871 773.4436 311.22403 0.002879012
1110.0651 1720.6173 256.46902 246.24223 0.002863946
226.59752 2831.4556 338.0268 200.77242 0.0028605817
1144.7623 2593.6042 198.02446 219.61235 0.0028570706
659.82 448.93945 1242.3398 876.9879 0.0028526522
482.70367 2826.3489 342.2615 166.47021 0.0028383739
1231.6855 2631.63 130.29803 423.41797 0.0028343794
626.7443 1410.1339 511.22134 2069.608 0.0028260185
223.81844 2871.5598 320.23416 124.0482 0.0028245996
640.9542 2303.656 374.56165 204.90593 0.0028173523
778.54095 2831.6655 841.12006 212.04268 0.0028135972
299.1235 2449.2715 488.15854 933.65216 0.0028131464
829.74506 2840.0972 710.6567 174.01804 0.0028113052
1200.4323 2708.6543 202.22668 384.6404 0.0028087625
119.22241 2849.5066 233.21619 171.37035 0.002796357
291.02548 26.054085 285.08466 48.95833 0.0027959156
1164.5316 2891.0293 266.3442 69.31095 0.0027766635
846.00867 2902.286 904.6597 68.28572 0.0027670367
1063.1421 2129.3816 442.1278 1584.5265 0.002763155
311.16312 2864.8901 516.45123 411.52496 0.0027561306
1155.4229 595.88257 212.00478 186.53342 0.0027552184
1201.6228 2286.0635 170.30806 268.13965 0.0027484505
119.994514 2838.7893 245.33743 195.8449 0.0027411503
245.81721 2794.2876 250.10919 222.31842 0.0027247195
1174.6084 1435.7389 243.49939 659.43475 0.002717379
443.62296 2776.3667 157.47221 169.9067 0.0027053014
1022.13477 2829.2405 312.6584 198.56314 0.0027031384
658.79865 1631.139 633.4114 916.467 0.0026886947
683.0641 1423.9728 627.14624 1724.0627 0.0026883779
580.2891 2776.7842 481.8133 295.84442 0.0026828363
1099.7449 2926.7473 392.974 27.760782 0.002675248
699.61224 1644.8518 532.902 747.02783 0.0026671723
1062.6227 2915.3914 407.95554 47.588264 0.002663873
176.96686 2859.2327 327.68097 156.25754 0.0026612557
1112.4438 2812.8442 161.2595 179.81467 0.0026538053
248.48698 2860.1914 328.0619 153.81844 0.0026530405
601.76434 1403.8687 1038.2765 637.73676 0.0026509834
890.55786 41.183502 816.251 76.75005 0.0026475815
1128.2915 509.28406 202.74332 173.12154 0.0026472367
178.95584 2271.2903 274.00903 417.4309 0.0026389807
596.76117 1726.431 560.0235 1397.3044 0.0026362962
518.9553 2210.688 160.81657 189.47115 0.0026221091
763.7039 911.2223 167.38052 181.31757 0.0026216602
1053.4941 2920.428 452.74506 39.071476 0.002621513
169.26477 2838.423 242.0021 196.38936 0.0025959837
1204.932 499.9332 179.92259 480.71008 0.002580152
789.62976 2873.8767 1178.89 158.3769 0.002578503
1177.8424 827.3357 229.04686 545.7536 0.0025766152
158.84665 1965.6415 258.96442 599.54504 0.0025687437
1200.28 1452.9067 193.9473 459.8092 0.0025592416
379.98688 2860.7395 627.13446 148.12982 0.0025586488
683.93164 1747.4987 1022.30835 1734.1904 0.002554782
1138.6677 2865.7349 284.7225 94.22287 0.002552948
1025.2096 53.230194 570.60425 108.71364 0.002550101
1041.578 2782.6758 408.05658 312.92612 0.0025486348
1222.718 51.26775 165.51013 94.57743 0.002536894
979.1572 2209.5981 458.72232 709.1982 0.002530353
1178.6052 2742.5503 194.3363 314.44678 0.0025015145
659.94617 1467.0042 618.7851 1435.0717 0.0025011792
701.4091 1822.458 625.37445 1313.4762 0.0025000325
334.35504 27.681107 255.93552 52.4749 0.0024982519
1039.6227 2843.8997 195.30614 175.04381 0.0024952558
1193.0193 2887.6733 210.08388 116.14054 0.0024900755
865.4193 2878.0417 625.2198 104.46033 0.0024857977
1031.8517 1351.6008 213.61217 268.5861 0.0024846795
145.81642 1927.1473 223.76268 388.40115 0.002479604
54.783615 527.54755 103.980125 645.85767 0.0024791015
595.98425 2427.9365 708.4577 1114.2622 0.002477094
1222.7393 1048.377 148.98984 411.86777 0.0024744833
303.50778 2315.61 335.2488 266.7095 0.0024659096
199.82773 2402.8206 357.27527 1065.1968 0.002464296
92.86418 1123.1675 164.52682 553.49976 0.0024512797
669.77875 1662.6622 578.168 1483.489 0.0024469588
1119.1696 1125.1259 295.5689 659.8376 0.002414268
793.2434 175.45879 1013.1429 341.97125 0.0023748418
1077.3853 82.37607 237.06538 149.43239 0.0023686634
744.3602 1611.8137 569.4802 1561.5381 0.0023685237
815.34686 2671.2485 419.78577 459.0248 0.0023610676
315.90524 2918.3157 559.7615 58.21893 0.0023556498
1029.149 2255.115 480.9278 1291.4995 0.0023553015
1176.7256 2904.006 242.32611 84.82716 0.0023477573
1022.65515 1555.8441 430.13638 2564.1301 0.002345007
654.6289 1631.9316 654.6438 1527.8464 0.0023438514
1239.2014 729.1914 115.31907 327.23233 0.0023334746
1226.1992 1298.8418 144.71736 847.7595 0.0023328075
696.0966 1784.6271 651.9058 1638.4772 0.0023259814
172.85083 2012.7134 220.89783 469.8032 0.0023249914
1217.7972 1377.2843 147.56677 363.73462 0.0023156572
493.35062 2822.9175 289.08844 199.939 0.0023140868
1156.2458 2824.396 239.17357 188.25726 0.002304996
1172.1648 1251.3988 252.50273 1945.7522 0.0023024685
911.89325 2875.225 210.47337 82.05284 0.0023000566
661.5477 1858.6816 670.71265 1263.9315 0.0022897644
421.64786 28.300636 314.01215 53.797688 0.0022833343
1003.85156 2933.9001 574.02423 18.175255 0.0022796416
1217.8396 152.3864 157.00967 288.50443 0.0022776437
1094.7334 135.71867 336.42715 251.27037 0.0022656226
1200.7545 1139.3313 176.30423 269.85876 0.0022536842
1184.6748 1958.0934 214.76526 341.05756 0.002253264
526.84796 2221.5393 857.77106 493.25592 0.0022440623
1162.5231 2862.3735 242.04567 100.24051 0.0022424636
1050.1503 1755.8854 595.5717 1137.0127 0.0022423004
778.991 2925.7441 961.56805 31.464703 0.0022405921
622.77844 1576.7028 506.0483 1189.8158 0.0022357618
379.54028 2280.7322 260.8229 212.70532 0.0022354599
251.8405 35.152214 516.94037 66.78497 0.0022345635
788.2043 1886.5155 663.79346 1409.0767 0.0022226877
1024.4558 47.237404 590.5779 95.07298 0.0022200106
1077.5471 2820.2646 403.23553 264.84326 0.0022162925
825.99884 59.334816 580.14325 117.053696 0.0022128872
1236.9355 664.0957 88.595 129.75537 0.0021984389
845.47595 1712.7441 542.7414 911.8262 0.0021979525
533.30756 1697.4913 588.7875 421.8869 0.002192271
660.3188 1509.3468 530.4875 1377.8534 0.002190115
51.96905 2866.1375 133.94398 185.32704 0.0021863668
1215.0176 2430.2156 152.3733 381.4506 0.0021807172
1157.0177 41.190067 247.3316 126.402275 0.0021777642
1154.3167 2894.8313 250.30182 65.17666 0.0021765055
1057.9835 1928.7344 413.57462 1805.997 0.0021707728
645.32947 1580.283 579.7264 1215.7058 0.002170713
1097.7788 1760.5599 361.1277 1242.2654 0.0021691457
1125.5682 2875.749 240.23364 105.65242 0.0021656982
1224.3695 1483.0905 143.06972 2639.4507 0.002164007
553.4815 2888.9941 631.11206 69.362526 0.0021558765
1222.3656 2912.0398 207.57817 62.446617 0.0021530525
1204.1819 2867.6072 181.3045 130.9455 0.0021278164
751.46375 1159.3232 994.4634 1627.5388 0.0021074926
46.512337 747.48145 89.90502 456.2746 0.0021059758
858.96747 2896.107 865.69135 53.987587 0.0020956823
344.46008 2870.894 287.15524 148.21634 0.0020923393
1058.9772 2852.1624 464.97162 193.29749 0.0020896054
396.3605 2791.5964 782.01855 326.14645 0.0020882853
958.7736 2891.956 177.71269 54.661007 0.0020818233
1205.3848 1471.38 199.85143 2858.7258 0.0020709166
1176.7844 2918.9214 200.83058 79.68366 0.0020686472
697.15497 1727.9323 687.0921 1461.3995 0.00206796
1110.8627 84.73001 390.39874 167.30386 0.0020573833
755.2292 2240.0283 1046.9014 1308.6333 0.0020449443
1228.5099 1488.2959 136.64507 410.72263 0.0020411306
304.6939 2908.4888 544.755 204.69322 0.0020386493
656.0167 1406.2789 535.3836 1492.8632 0.002038431
720.8525 2925.2495 222.73773 64.589134 0.0020281833
719.35754 1866.3413 520.9381 304.58167 0.0020209874
1221.7782 2894.218 270.62827 120.766335 0.0020174521
497.88116 1997.957 587.6532 812.8699 0.0020003086
1230.6444 1590.0809 133.92674 343.3707 0.0019930843
1224.1616 1311.242 146.6096 507.95132 0.001989132
1210.4386 756.3334 180.43138 610.3901 0.0019840563
1241.9519 2140.456 118.33409 373.66708 0.001978258
639.9326 2866.7976 690.45087 228.37968 0.0019704641
776.31464 1701.6888 872.7778 1802.1045 0.0019680602
1217.0829 474.03653 151.47803 298.018 0.0019582263
633.35724 1705.0994 436.31714 1322.0255 0.00194483
734.03986 2251.3113 727.834 295.79077 0.0019424342
603.5314 1703.083 687.3174 1384.5967 0.0019378139
1164.1263 370.93243 220.42444 511.6172 0.0019337853
872.6622 2877.6099 144.96829 109.40956 0.0019306063
893.9929 2895.9282 667.1452 84.77948 0.0019291689
1239.3293 1486.9243 114.588135 402.5656 0.0019169654
432.97 1696.2506 446.17514 511.51807 0.001910076
1225.7942 2920.0679 123.79553 41.462936 0.0019051852
911.02924 56.285736 802.25995 105.56916 0.0018925366
1220.4852 1895.3009 158.72786 475.1361 0.0018897715
904.66895 2929.396 352.2256 75.349266 0.0018864798
789.54517 2913.996 422.80682 48.781166 0.0018854126
1247.7045 999.50214 107.00329 559.05475 0.0018777095
326.97803 42.274067 391.54572 78.9153 0.0018745129
1111.8052 2905.8767 296.3754 160.39398 0.0018709119
1249.5712 1055.3584 95.95387 296.55972 0.0018692502
1043.388 2870.0068 429.4419 128.71275 0.0018683225
1018.55676 213.82495 346.35852 342.5974 0.0018660218
894.7313 2923.5127 371.25577 34.19571 0.0018584738
1052.3723 1092.3948 324.55017 1044.2803 0.0018449208
303.4754 61.90047 263.99454 118.96126 0.0018426892
1151.6198 204.99968 175.48549 132.82703 0.0018396789
1020.7793 64.37451 597.8866 126.31227 0.0018322408
1205.6157 2909.9119 152.307 71.037384 0.0018309557
981.0903 2877.7563 198.48004 125.9087 0.0018299713
789.4021 1462.1362 889.36255 1660.3987 0.0018292564
1015.05225 896.69586 562.64545 1784.5696 0.0018215508
1221.4332 2866.4407 137.52235 85.161 0.001817375
1183.0598 2838.8284 176.25359 141.97531 0.0018088872
701.9557 1611.7024 975.48413 1199.1268 0.0017948399
1236.0605 2534.5137 109.245415 344.00504 0.0017872101
354.87692 2939.5154 441.90768 89.67006 0.0017745906
665.79755 1470.224 1242.5762 2854.2952 0.0017711543
1209.7694 1620.1775 174.96107 2596.2717 0.0017641312
603.5135 2917.0571 285.7335 122.25398 0.0017628428
1069.6378 2555.133 362.54398 616.22546 0.0017585518
456.55435 77.891754 689.99835 398.66525 0.0017459074
1179.3901 1309.3372 190.04752 175.08395 0.0017184558
1234.5818 2860.534 112.53238 141.50075 0.0017158418
611.7674 1651.8762 571.4986 1031.3165 0.0017154401
669.99774 1799.3119 761.86975 1802.6552 0.0017107568
1157.1344 710.95593 211.03668 389.9225 0.0017052419
364.8444 2280.0916 512.318 1348.7024 0.0016866287
1253.2732 371.14236 109.52022 144.29196 0.0016802617
675.4597 1431.2328 1101.0038 1574.1935 0.00166864
695.3501 2923.1604 528.41644 30.516829 0.0016671156
1017.96155 1449.1931 558.17426 2896.4062 0.0016659342
523.8073 1342.1495 697.69495 1121.808 0.0016639101
661.4457 1651.4224 535.6112 1424.6077 0.0016623464
867.1331 2935.7576 525.65674 19.798864 0.0016619697
624.1803 1979.4735 936.96704 1791.9745 0.001660177
535.44446 1716.779 685.0479 1638.7363 0.0016555728
267.8876 180.86922 548.90247 355.0732 0.0016541564
1237.1299 2899.831 103.44745 86.90138 0.0016445364
1262.28 2779.1128 62.850082 240.80412 0.0016406687
680.1151 1403.2532 782.3725 1530.0125 0.0016349382
202.5434 2348.7349 196.43074 203.70377 0.0016317974
1172.6842 2932.5305 198.32256 23.574846 0.0016299628
1265.2351 766.3298 72.24906 390.6528 0.0016286721
799.9251 2933.0115 465.19858 17.521822 0.0016266195
657.34 1779.0476 614.6476 1266.5726 0.0016237515
709.5434 2584.5154 1012.8786 627.0715 0.0016220734
1047.7849 2914.941 383.30292 55.452652 0.001612365
1060.5325 2888.43 390.21384 105.11484 0.0016080575
1053.0913 2888.653 431.8107 124.07491 0.0015977907
624.0736 1998.4738 568.8223 1089.1741 0.0015926812
1261.9615 1506.3436 80.03742 503.95215 0.001589054
781.3259 1534.9331 926.67474 1371.0825 0.0015793277
915.5574 90.66712 812.1087 177.16304 0.0015741851
1253.8588 1260.986 85.073616 279.16248 0.0015624953
1171.7527 2848.124 226.46173 137.95473 0.0015601857
1205.8661 2874.8455 200.44446 133.50948 0.0015540777
1259.9158 2908.5293 61.602886 71.7126 0.0015530776
1261.8573 2531.346 73.355804 373.64578 0.0015522469
1194.7552 43.9451 181.93083 138.4054 0.0015455422
635.8067 1289.8076 688.84106 1151.5651 0.0015449264
701.7713 1757.6914 715.2136 1493.246 0.0015442946
1202.5979 121.21236 133.72511 60.93912 0.0015412781
1073.6539 2878.3423 376.67285 141.74812 0.0015349985
1262.6774 1250.1709 75.56913 403.44174 0.0015230604
1237.7443 16.414244 113.155785 231.36372 0.0015227406
1246.6925 1642.418 108.69813 451.69507 0.0015224136
501.3682 54.401253 197.08627 107.67336 0.0015221708
1214.2864 1838.0262 172.41374 733.59625 0.0015166829
384.77438 2210.957 567.3924 845.784 0.0015031062
1235.7332 1659.2822 118.30776 362.99188 0.0015008249
940.2747 1711.3662 741.996 2371.1274 0.0014928635
1211.3456 2886.6782 165.66565 111.882454 0.0014903977
1243.4354 2841.4375 88.38607 151.88176 0.0014842913
854.94586 2941.4465 1059.5127 23.583147 0.0014825036
1094.7582 2851.727 357.5132 154.7896 0.0014733705
1036.5806 2204.6023 461.36935 1424.2408 0.001472892
402.2722 1728.9889 534.6194 1117.7991 0.001466612
590.7024 904.36005 1137.3324 1560.5997 0.0014573509
1006.28174 43.378654 612.7961 84.3521 0.0014380682
482.87546 1843.3864 547.079 964.90137 0.0014270487
1228.2802 2929.1558 104.85062 30.750948 0.0014249791
1253.5707 2146.7751 83.58908 852.69244 0.0014199499
701.11896 1772.4697 601.77136 1215.8193 0.0014191808
1033.4729 2325.7131 338.9922 1027.797 0.0014078531
1139.2837 202.39986 144.53166 130.91975 0.0014005576
1237.5759 1750.4747 89.706894 81.5372 0.0013935156
1251.2462 126.96748 99.735634 269.2741 0.0013779923
1255.0709 2812.8948 148.97777 207.0274 0.0013739556
448.81073 2305.129 779.68915 1263.031 0.0013680734
583.4942 1747.1327 503.26297 1173.4507 0.0013319827
587.6795 1619.7363 525.52673 1110.187 0.0013199842
1255.7408 1850.3783 86.78821 701.33636 0.0013197133
1257.3989 1628.8528 86.20903 325.18164 0.0013182573
1010.08997 38.55306 612.44543 76.25097 0.0012976255
1243.0193 526.36896 98.40235 684.90967 0.0012919041
499.29288 1611.0254 548.0654 1796.3445 0.0012800327
1191.1967 26.299427 216.07622 47.94955 0.0012729464
1257.851 2846.8694 66.40778 149.56247 0.0012602108
649.39215 1789.6414 655.72784 1232.9977 0.0012406063
601.23975 1673.8412 601.4618 1475.0656 0.0012341059
1272.6565 2740.069 70.37372 298.75092 0.0012236877
463.9586 1810.5818 290.41415 352.90735 0.0012232233
347.10928 1563.9403 557.6071 1916.9878 0.0012011428
826.3219 1424.2067 949.5219 1968.2505 0.0011914445
610.55194 1728.0725 622.2354 1319.6642 0.0011779122
728.02924 2910.4731 1237.2218 90.95306 0.0011699755
1086.6284 2920.386 299.82257 78.08069 0.0011668546
1279.6317 2898.0083 35.517483 126.757614 0.0011409856
481.4604 1786.0564 501.092 378.447 0.0011362652
672.087 1492.7622 521.466 1146.1835 0.0011361381
1279.9501 2601.1396 41.750458 325.14478 0.0011269356
1153.4998 160.94775 291.5293 312.95407 0.0011185762
1196.3118 2827.9517 240.6672 217.21962 0.0011168071
557.6543 1920.2306 485.8029 403.56818 0.0010950769
534.8696 1743.9309 289.85587 471.04474 0.0010844857
828.25665 115.833824 723.3499 719.14923 0.0010844185
1217.9512 704.1719 185.84209 370.4851 0.0010527074
1286.8505 2903.7925 27.355854 67.39178 0.00102785
788.0685 2725.4753 323.71594 341.60437 0.0010259545
531.5483 1384.3325 518.5371 1632.7905 0.0010201723
257.8642 2242.2375 305.655 379.59332 0.0009731709
388.3877 2032.9069 361.3588 1660.0664 0.0009438593
1041.5005 262.80872 465.1409 492.50574 0.0009185559
605.6714 1973.3252 607.7809 759.17847 0.00090940465
622.3696 2925.62 966.7734 41.81944 0.0009072622
427.52817 1264.4192 480.07993 2275.3765 0.0009068755
965.4371 1629.6187 555.69727 1087.8239 0.00090294896
804.96423 2318.797 585.904 935.33594 0.0008894297
647.269 1693.78 595.1866 1282.1129 0.0008780169
586.6897 1271.5249 648.1092 1600.2795 0.00081390893
594.5889 2356.3342 1000.8303 524.4537 0.00081357826
668.29944 1918.5829 580.45776 1718.2297 0.0008135147
149.28444 1924.0316 152.07808 916.73804 0.00081144983
740.6405 2943.9019 1230.8647 4.502847 0.00073313323
630.8819 1631.8867 388.7193 1504.5187 0.00071646005
495.5529 1759.0425 681.1361 1235.1299 0.0006992505
650.31 2339.0566 1039.6698 623.49695 0.0006769081
931.62823 1763.7516 599.43884 837.0032 0.0006623672
350.2657 1790.2438 481.83807 1245.0458 0.0006459077
1054.3354 1908.2654 494.6929 860.9468 0.00062171154
590.0204 1412.7849 818.9126 1012.0148 0.0006159225
1167.0244 2926.234 426.3031 37.673775 0.0006139518
490.20587 1827.7634 827.9527 1745.8252 0.00059431564
674.5564 2773.585 1105.3649 344.90872 0.0005883637
613.0531 1700.2001 720.72614 1055.1599 0.0005676156
542.7909 1628.1309 913.8151 1136.8398 0.0005627858
913.0939 1065.4681 738.0153 1125.5752 0.0005218984
667.0493 1759.2811 1040.4764 460.2023 0.0005191287
