508.64563 1263.2638 1006.6254 2419.6736 0.8558136
454.31256 1423.2112 837.1457 1570.3926 0.08799572
475.16107 1410.6063 781.3957 1443.3782 0.08444785
952.6337 1455.2467 135.59816 209.43703 0.06237808
776.61475 1351.7777 135.50589 174.09018 0.044255167
424.0895 1125.7869 610.2903 845.97833 0.043514106
442.3404 1421.924 623.64044 1357.2134 0.037162814
456.3941 1183.1051 809.9947 1451.64 0.033998765
413.21817 1261.2876 730.085 1545.4403 0.03312798
399.3627 1393.0922 684.98663 1401.2389 0.03208454
436.88257 1217.8197 738.105 1357.4016 0.03157908
502.3347 1487.7704 668.1615 1193.1763 0.030904202
448.02286 1147.544 650.35364 865.42126 0.029414913
454.43204 1241.9412 807.65 1584.7246 0.02914208
471.14154 1790.8333 505.0367 614.89294 0.028368386
472.658 1200.5441 826.94824 1343.9382 0.02828857
508.5412 1264.2567 1001.2088 2414.889 0.02664001
458.0166 1789.9008 405.5031 529.2896 0.026189193
481.85992 1477.1477 554.6436 1173.9037 0.024645666
480.31094 1127.4159 794.095 939.12384 0.024447113
401.28638 1118.8542 537.5717 829.68555 0.0242512
480.63016 1230.2483 499.96396 626.20355 0.022864258
435.30182 1091.6134 765.8775 1134.3862 0.021321708
46.345993 1282.6926 88.90427 760.2418 0.019753778
485.99493 1901.6228 955.4496 1117.4177 0.019678598
500.07867 1285.7266 676.5659 967.8984 0.019543989
457.11923 938.9133 876.2043 1279.6788 0.019168528
455.93335 1243.6611 430.35623 557.6465 0.017522056
479.5776 1326.7557 641.7943 888.8597 0.017384084
415.16772 1126.8959 501.0894 712.7152 0.016898746
476.76617 1565.808 921.2235 1701.9111 0.016880408
364.4773 1494.1952 697.75244 1656.5278 0.016788874
492.2426 1713.02 757.32166 955.4472 0.016500698
456.57632 1075.8757 826.8704 1274.976 0.01643718
410.92105 1061.9984 756.7767 1316.5487 0.016289238
448.77917 1762.7522 328.87286 422.8959 0.01552417
863.5158 1414.7555 312.55115 301.17953 0.015461957
418.06625 1447.6836 506.17194 1239.6398 0.015423588
484.78683 1378.0586 557.7997 948.8282 0.015416212
545.5812 1183.9717 886.7566 995.3024 0.015356817
534.71735 1489.3818 811.7763 1315.1891 0.01535389
534.0269 1244.5187 597.22955 596.00854 0.0152022
477.43073 1486.7753 510.41632 1057.7614 0.014922574
510.72153 1699.516 786.53436 939.1999 0.014573132
506.2109 1579.7526 740.34814 1235.5608 0.014355142
352.2583 1343.9917 671.70294 1759.7742 0.014308299
506.38248 826.336 993.11395 1492.2555 0.013874383
172.77191 266.5438 338.51477 441.0354 0.013809806
495.14346 1771.4459 689.3927 797.2272 0.013681348
484.0765 1481.4736 925.54834 1215.03 0.013490525
436.19522 1180.4174 421.7788 644.9801 0.013469295
762.6322 1316.8207 242.75365 399.30176 0.013325154
792.25543 1394.9408 202.16978 289.92993 0.013189614
409.80838 1830.3989 707.49817 854.796 0.013135258
321.50726 1377.0664 605.3995 1534.7382 0.013119629
371.22495 1457.3555 587.42896 1180.1763 0.013100361
554.4915 1224.9768 837.9473 1014.2167 0.013010261
493.77335 1375.1063 966.69116 2189.4482 0.012889537
485.07333 1712.2943 942.55237 1469.1887 0.012737883
431.05536 1639.5482 803.7531 1368.5057 0.012727399
385.7061 965.6335 725.2053 1260.6461 0.012682557
547.1315 1204.7684 743.7237 792.82184 0.012554794
926.32605 1454.5264 199.06566 265.07428 0.012547248
492.84122 1195.8022 924.9455 1235.7156 0.012473238
504.51303 1234.4641 428.12717 539.0801 0.012366074
361.89868 1889.6862 674.9828 763.56354 0.012139665
552.5812 1626.398 593.53455 836.9951 0.012116744
358.7299 1103.0427 453.44202 843.46545 0.011913827
503.23755 1659.8552 875.08075 1198.092 0.011554271
395.7118 1067.3702 599.2081 796.3353 0.011540283
335.6431 1526.6216 644.187 1289.0219 0.011497837
437.4011 1797.4718 831.5232 883.3636 0.0113932835
316.51465 1314.8298 610.0059 2037.382 0.011322056
307.19983 1377.9187 570.64636 1336.6172 0.011192317
554.04144 1121.352 875.11707 955.97656 0.010879926
387.4019 1015.52344 689.1911 1086.3838 0.010574365
514.48926 1100.4792 940.0688 1128.357 0.010549319
457.16293 821.5926 892.3571 1489.5154 0.010503068
524.9341 1237.9227 437.5001 554.7601 0.01048345
748.023 1356.9265 208.41493 244.3045 0.010425666
364.64337 925.43005 475.00287 448.79495 0.010323163
365.85785 1816.1475 598.92236 592.1494 0.010230378
494.67432 1778.0477 959.98175 1050.255 0.010029632
503.41727 1260.0986 402.7141 480.8768 0.010009251
263.38867 1351.9012 507.58792 2025.0985 0.0099923685
250.50333 1497.7052 485.13968 1194.2556 0.009827926
544.7265 1734.3368 593.1801 631.33246 0.00979941
288.83878 912.54614 325.78378 403.14557 0.009588055
421.99292 1819.1257 299.21985 352.75647 0.009472224
346.6083 1159.1311 203.17738 255.72368 0.009422131
238.99515 1472.1041 448.24106 998.50665 0.0094153015
230.6923 1398.277 443.57733 1482.8019 0.009317845
379.12473 1938.2717 738.04205 1024.2878 0.009268845
308.12024 1458.6478 594.58734 1835.7858 0.009155973
333.35757 1616.7682 639.04193 1408.5708 0.009112371
454.67496 1667.0365 576.8236 864.19073 0.009075568
323.43378 1063.0106 385.69586 671.03503 0.009075225
423.008 1099.2332 363.61298 396.80313 0.009019351
239.54865 1304.2561 459.46887 782.18335 0.009017581
376.90616 1955.8798 732.36847 998.9749 0.00895336
322.99594 932.54675 611.8596 1223.5266 0.008923967
272.06644 1500.0278 523.96075 1215.6256 0.008793466
543.727 1245.4744 853.33124 740.63635 0.008693355
383.6101 1231.4014 284.36893 409.69186 0.008671451
302.38904 1553.4038 584.14575 1352.3342 0.008655193
517.95825 1174.5638 906.2415 1104.8478 0.008629541
516.3801 2001.3442 106.17148 120.62713 0.00857944
339.965 1320.8417 662.8891 2055.332 0.008554403
374.81894 1870.2631 711.8494 799.30884 0.008509295
350.16052 1985.5161 683.57104 966.45374 0.008370086
288.976 1367.2917 554.8933 1486.9894 0.008309466
305.54007 1052.5891 576.6113 1306.6338 0.008206864
486.3189 1020.7805 942.9225 1615.227 0.008102018
491.89148 1189.1254 741.9031 970.3904 0.008097552
847.24786 1340.512 340.80115 451.8923 0.008064703
580.1893 1274.6709 682.1562 598.55176 0.0080615375
506.55392 1278.7344 298.0468 382.0787 0.008061164
644.7101 1237.8744 677.05145 769.05023 0.00797469
468.14557 1584.6462 897.90137 1065.5785 0.007857736
407.14703 1050.456 390.34586 434.48016 0.007830475
381.53653 1806.3931 338.65045 505.9764 0.007817583
317.6476 971.25354 241.78487 302.00858 0.007814052
392.43936 1997.9896 765.25037 944.52075 0.007747978
348.59818 1711.0088 548.7248 790.3617 0.007558686
562.7629 1383.0573 669.9982 787.5325 0.0074456413
596.9193 1717.2083 793.16785 754.1793 0.0074111233
508.65665 1540.714 634.1776 1067.635 0.007402769
517.2411 1117.209 936.08875 932.94354 0.007368249
647.162 1250.1593 505.96408 633.90564 0.007357693
458.2119 679.71246 896.8824 1215.5673 0.007295305
586.59485 1717.9664 777.5216 951.9735 0.007280798
709.8756 1313.5498 291.02905 365.22754 0.0072766463
397.99823 972.99335 273.31528 248.14351 0.0072501646
615.20953 1718.6437 548.91583 924.39856 0.0071275644
338.79907 1875.1796 584.5705 662.8575 0.0071162214
572.5703 1727.0582 646.25146 754.0415 0.0071062497
567.044 1553.2386 734.1975 943.72424 0.0070723253
444.1366 1502.5905 349.0776 1052.5427 0.007048634
379.028 1177.1199 181.4253 223.30392 0.0069740945
697.5739 1249.4196 343.28043 535.3447 0.0069709746
558.70465 1287.8604 303.5563 360.56958 0.0068330322
604.97614 1002.2144 732.835 1132.5809 0.0068296804
215.66354 1513.4211 417.75494 1250.6548 0.0068283025
603.6914 1622.1736 730.92114 1099.0398 0.0068217805
390.89783 1920.0417 178.00517 156.99274 0.0068133464
331.7788 1056.8793 598.7512 1089.3677 0.0067575015
799.12286 1275.9592 426.62805 585.9701 0.006749381
543.3682 1720.7236 331.34793 386.0076 0.0067369184
317.1992 740.96216 593.906 836.4039 0.0067187683
563.8237 1457.5974 178.33965 186.41267 0.0067186537
213.4662 1430.8698 414.4147 1070.6062 0.006613453
630.3255 1579.9053 216.91632 274.44754 0.0066018538
454.93707 1642.2557 465.38004 1384.0698 0.0065767365
219.23795 1389.7112 421.97867 1961.8557 0.006563201
628.44305 1171.3617 513.4426 751.7998 0.0065233526
515.51904 1560.9044 469.57733 589.3088 0.0065020365
594.92944 1142.0659 534.6713 762.61566 0.0064493706
380.4004 1921.2734 277.06326 248.15765 0.006440906
561.4823 1299.4753 340.13104 411.25854 0.00643763
437.81897 1297.449 557.0503 1029.872 0.0063801208
709.83673 1274.1289 584.0868 686.5063 0.006370784
209.45874 1775.0333 389.38284 445.31677 0.0063499724
614.37726 1596.4957 641.72235 1545.6033 0.006303149
488.51172 1353.4281 951.36005 858.9201 0.0063002286
616.17114 1556.4873 510.4294 601.4246 0.0062510413
454.51056 887.6741 520.78827 705.0304 0.006242312
238.41298 1454.0702 456.2991 1094.9929 0.0062308223
749.3134 1252.164 522.49493 654.7137 0.0062029967
499.0711 1049.0693 234.32904 249.22975 0.006195966
599.34607 1693.5206 778.0636 791.09546 0.006175383
720.5056 1376.2671 173.4241 233.86461 0.006153068
227.3756 1754.4015 432.30273 591.39746 0.006090431
388.89984 1866.1019 211.27184 227.79305 0.0060424767
528.145 1588.9116 484.90973 531.56354 0.006020762
478.4653 1341.6234 847.3759 697.5865 0.006004697
553.33417 1732.3417 508.39294 580.76355 0.005974921
278.56207 2172.9395 539.3964 445.0597 0.0059663435
658.4425 1497.1416 424.51825 781.25836 0.005959704
623.19556 1355.4371 247.97852 304.11398 0.00591254
633.7858 1353.1891 508.03894 960.96747 0.0058829593
496.33005 1201.2654 300.67734 298.34988 0.0058346507
668.0827 1148.9248 668.2796 898.72595 0.0058142487
695.318 1556.0134 494.324 1245.1713 0.0058097714
548.0884 1443.0703 263.08176 265.12622 0.00580778
255.20714 1492.295 382.6501 510.47977 0.0058020367
412.0378 2071.419 348.59665 342.8958 0.0057982975
632.15814 1332.0557 208.42807 251.35184 0.005770056
722.0087 1270.3629 352.63403 548.25903 0.005765913
752.5371 1228.4731 303.55328 604.1241 0.005730543
512.57184 1174.3378 558.4359 1121.6716 0.005700956
765.50555 1214.0115 492.06158 721.46466 0.0056861523
619.1597 1097.4297 683.97186 946.594 0.0056601097
392.4454 1705.1038 380.05774 632.39075 0.005654313
729.43884 1204.5598 337.1644 639.2979 0.005626577
227.57018 1763.0916 256.44916 374.21558 0.005576127
269.3716 1552.9202 350.73273 463.0119 0.005567847
355.57986 875.38513 622.14905 806.0402 0.005558993
480.80942 1689.5278 950.3689 842.8592 0.005499006
185.3943 1351.7098 358.6666 904.99805 0.0054725227
223.62805 676.95245 428.63782 767.512 0.0054527284
195.55519 1667.982 379.00516 1545.6838 0.005441468
329.6408 784.5146 563.4427 612.0123 0.005426596
347.7305 1586.6729 424.15137 725.18585 0.0054222457
661.5936 1091.1305 684.7402 1038.5562 0.005419379
391.1629 1838.6628 558.7573 790.3206 0.005410132
516.85095 546.2735 1017.5692 1003.62555 0.0054072896
575.37115 1143.3589 419.74716 605.05383 0.0053987596
254.93832 835.3363 243.54944 293.75656 0.0053899586
717.7845 1524.3528 354.79822 572.26013 0.0053750635
673.16095 1574.9185 572.0572 879.1552 0.005365105
282.3981 1965.9768 547.0535 812.06476 0.0053462954
430.4783 1764.1117 848.49567 636.20465 0.0053348206
412.06418 754.1544 792.15576 932.94977 0.005331983
561.71106 1786.8403 375.07724 481.6643 0.0053251158
380.0411 1787.3059 709.583 665.857 0.0052904827
518.647 1403.9983 359.7856 349.04446 0.0052641244
576.3568 1055.6471 712.1049 1153.6119 0.005243008
221.08006 1804.0378 411.7745 511.90372 0.0052232463
496.73456 1520.5925 308.75186 978.5165 0.005209704
645.30457 992.2412 723.2002 1168.6036 0.0051837587
405.6672 1781.71 318.55118 568.6551 0.0051757363
618.04266 1656.3608 355.84293 474.16608 0.0051355045
598.63684 1262.1724 734.93744 868.2592 0.005132823
326.1084 1871.5232 498.36414 434.86197 0.005131961
356.42703 1932.4119 196.20609 162.76517 0.005128313
210.32838 669.93036 357.65573 411.6466 0.005122373
716.80493 1315.2637 140.41237 205.25327 0.0051182285
546.57587 1284.203 243.34406 263.161 0.00511658
520.9679 1309.009 269.41098 295.22134 0.005104025
271.8182 2005.3529 211.31548 209.52692 0.0051018824
740.4149 1470.2385 315.02203 438.2706 0.0050970702
778.1029 1347.9186 115.46542 158.2568 0.005095422
401.68924 1847.9509 751.471 562.26953 0.0050920267
321.15018 1928.1125 272.19012 432.2329 0.005067455
317.42902 2161.4072 620.14124 623.9399 0.0050564082
598.9172 1840.5231 307.15414 439.70108 0.0050410526
740.0252 1293.1504 538.06915 751.772 0.005021872
445.5782 1514.0245 312.36267 1099.0043 0.005001449
283.83197 1838.2448 371.89893 522.4213 0.004996163
317.3685 1616.5503 337.67706 843.52985 0.0049945437
581.0067 1265.4489 340.28857 574.49744 0.0049912916
676.3164 1409.0686 434.75018 987.94714 0.0049027763
513.4033 1816.654 259.9907 416.55865 0.00490192
686.2991 1708.7803 629.80756 836.7087 0.0048745894
396.0627 580.5384 767.216 1048.9731 0.0048557767
342.50345 2115.6235 669.1668 717.6702 0.0048494833
405.02023 2156.235 264.67252 287.5916 0.0048178732
906.8048 1346.8756 231.28786 437.0879 0.0048101866
795.46 1149.4734 437.7868 824.8243 0.004794514
586.8557 1564.0472 288.7766 377.05768 0.004792112
462.27863 1947.6975 218.12146 230.40024 0.004787509
702.86414 1467.1558 542.7977 1026.676 0.0047815107
680.6727 1558.5775 542.8444 604.8117 0.0047512115
617.95636 1465.0825 144.59227 162.38116 0.004742656
836.28357 1404.0055 166.53299 269.5487 0.004701145
693.7549 1656.1854 574.6478 761.22656 0.004700955
59.66263 1685.4507 113.12038 1594.9835 0.0046987114
430.3982 2129.1816 338.82355 334.77386 0.004698118
576.8264 1532.451 674.9708 1475.53 0.004685588
258.0034 1303.916 479.5826 1722.8378 0.0046722866
331.56046 2157.3071 433.26105 336.4298 0.0046299775
858.113 1560.3497 323.66608 459.0755 0.0045912783
324.62125 1669.4625 202.21646 276.53937 0.004577754
452.07166 2041.1698 850.3538 889.4446 0.0045503085
240.8982 695.25275 428.83615 542.6369 0.0045426213
581.33484 1490.5096 586.5617 460.2947 0.004536237
757.21155 1154.5605 508.9884 822.21454 0.0045349025
676.315 1536.1395 181.0896 229.97234 0.0045280387
805.2379 1389.1199 180.32149 255.2393 0.004506309
554.1795 1114.6086 891.1484 853.68726 0.0045062834
746.752 1430.8875 501.33505 424.28516 0.0044988026
682.9935 1602.3065 285.01312 377.10895 0.0044863545
736.4722 1276.9143 544.63885 566.9568 0.004479175
470.83243 1963.6218 802.81714 882.02466 0.004477553
678.55994 1754.5958 370.23 677.05225 0.0044456776
422.27576 1392.8612 502.11423 1104.2307 0.004444977
291.26743 1656.9639 132.23817 203.66675 0.0044423128
186.77075 538.1762 358.31192 515.62415 0.0044127624
176.32076 2241.052 341.48196 461.566 0.004387616
218.12761 1504.9044 406.27396 1047.6289 0.0043388642
415.8687 1874.9299 152.98125 196.84084 0.004316696
385.15775 931.0093 730.06665 1074.2458 0.004275463
956.1074 1451.5989 119.10256 198.86043 0.0042730216
183.35251 1982.9629 354.04834 829.1734 0.004254326
494.2621 2040.2205 126.098854 155.86955 0.004253526
239.32199 2110.326 455.9912 558.25073 0.0042408705
181.5245 1936.4956 346.8577 728.9922 0.0042332434
694.00726 1178.5697 637.22235 767.0971 0.004233123
539.7053 2004.1984 174.37042 217.09128 0.0042266417
380.68192 1714.9044 691.3888 692.19354 0.0042233695
308.8082 685.40796 577.8818 733.3471 0.004221868
729.0139 1333.1025 542.23 679.36 0.0042055696
508.0334 1535.125 375.1276 330.81094 0.0041761994
270.64444 2135.3018 442.64136 282.22803 0.004169785
408.64825 915.0754 684.33624 603.8456 0.004169387
664.4184 1695.1532 229.90997 342.68704 0.004165354
677.1174 1789.4858 155.8234 229.6426 0.00416241
853.158 1549.8478 337.9694 460.27698 0.004142601
446.28995 2071.3496 374.87546 521.9268 0.0041415524
291.7218 1787.4648 531.13226 961.75543 0.0041241487
471.5671 1064.4548 708.7313 926.91614 0.004105905
745.3824 1341.7804 515.9696 425.96185 0.004101949
188.60298 393.81683 368.58502 690.1906 0.004101273
510.19696 2272.5142 1003.2654 443.0211 0.004086944
232.0117 438.64127 454.9709 776.70764 0.004086036
231.76788 2207.0686 453.38675 522.60425 0.004074046
335.33066 1960.5367 182.84875 191.20941 0.0040416615
696.75244 1779.7706 338.2655 538.4066 0.004041431
169.03627 391.3837 332.88455 242.11569 0.0040295147
226.58727 1841.6118 216.38478 277.23584 0.0040253103
412.6334 2170.5242 810.17596 616.4935 0.0040188865
171.26999 1551.5592 332.66644 1787.7794 0.003997758
380.58212 1790.7727 165.95775 221.83607 0.0039935904
456.2951 1863.833 489.76828 377.7161 0.0039922534
703.0282 1531.1884 282.87152 353.43936 0.0039761844
426.10364 1934.1659 336.3072 280.9297 0.0039470657
705.5989 1035.5393 615.10236 1063.9635 0.0039412435
490.6194 2037.7034 345.25766 425.1222 0.00394053
308.5295 1741.2194 306.5008 482.2434 0.0039261584
435.22525 1623.9608 281.50644 305.8988 0.0039210203
149.32587 1533.9916 299.95752 1312.8876 0.0039013287
303.54813 1996.2899 143.80243 160.72835 0.0038843805
294.47055 1837.894 415.14978 735.97375 0.0038608925
210.21037 1381.0256 338.68915 473.991 0.0038605095
661.3476 1025.8013 677.32 1060.9492 0.0038594808
371.74734 648.0368 714.8014 731.11945 0.0038490926
53.45956 1534.0244 100.389725 1307.071 0.0038368353
764.2489 1202.6632 126.24718 166.63287 0.0038261006
694.5567 1426.6237 577.53174 1064.2329 0.0037961395
529.10236 1645.5782 327.9802 497.57864 0.003794537
682.8259 1851.5227 253.12128 363.154 0.0037918987
724.13696 1541.0792 530.03204 1140.2279 0.0037781282
462.33313 2157.2654 931.5509 658.18805 0.0037752844
805.6225 1256.8535 419.93787 599.77136 0.003766126
513.043 1621.7522 269.0117 458.10583 0.0037464667
683.9673 1324.6681 240.4158 261.42535 0.0037313977
277.99536 2295.5442 542.906 360.8904 0.003728685
444.48526 2205.2795 204.13983 225.15582 0.0037282845
135.99402 1512.7225 263.70255 1903.4933 0.0037189445
495.36185 2128.7576 959.45355 725.59814 0.003712429
929.6885 1564.3213 209.85579 466.16626 0.0036851927
218.9185 1978.4437 425.75073 948.4744 0.0036793668
405.60736 2193.6182 441.55374 437.98776 0.003677401
688.15735 1849.1576 303.4444 496.18292 0.0036586574
292.0744 2015.0668 402.17188 503.54578 0.0036550122
750.2428 1247.1826 482.72565 871.6584 0.003628168
818.0618 1359.7157 270.6641 421.46594 0.0036071525
612.8621 1442.2932 774.5471 1457.0452 0.0035995662
736.7233 1543.696 521.9104 910.8327 0.0035873046
356.10568 1802.785 344.23163 374.97772 0.0035514357
877.6592 1232.5963 287.6017 678.8939 0.00355028
205.07199 2013.5186 396.15198 879.2062 0.003549838
160.70457 2103.7234 207.17049 635.1395 0.0035406642
501.46725 2051.1343 268.55316 299.4338 0.0035293482
690.75085 1481.9854 585.9019 434.34158 0.0035197905
711.1058 1810.0968 312.53583 567.0764 0.0034991559
79.709076 1290.7867 151.38686 721.10736 0.0034961845
115.0216 1515.5171 219.4967 1285.1586 0.0034499592
348.83478 1919.6177 164.83994 217.49951 0.0034482419
759.1055 1223.7737 500.58417 1012.6478 0.0034421189
813.05145 1712.4005 416.32974 737.2044 0.0034411147
697.84375 1314.6335 550.3438 736.5096 0.0034404474
648.4736 1907.8768 307.79877 431.53894 0.0034304499
522.8203 2010.3551 282.77533 475.8736 0.0034284976
705.32135 1434.7012 137.19363 179.59708 0.003415662
153.9319 1274.3214 296.28754 1168.7418 0.0033974035
122.38202 194.16808 230.348 256.24298 0.0033971288
282.66534 2278.0312 510.26834 407.71353 0.0033661725
737.7559 1663.2004 537.2172 1076.7991 0.0033608894
715.46954 1409.8602 551.2014 1188.721 0.003335109
446.88293 873.7808 874.097 1149.8591 0.0033254025
511.80713 1426.6682 162.10258 202.00005 0.0033150322
632.61383 1067.439 238.45413 380.60477 0.0033132145
722.94666 1009.0468 583.04083 1130.3557 0.0033072724
293.24454 2196.0771 336.81427 253.2463 0.0033035665
298.7258 1726.3727 241.74486 310.92044 0.0032957036
517.5969 2358.3967 1022.277 275.23718 0.003288819
432.15283 640.9256 259.81372 299.13986 0.003287711
45.01005 1099.1489 85.61085 408.76428 0.0032836273
161.05663 1323.927 317.53882 2062.3875 0.0032801677
253.5461 1843.9683 246.46011 328.50623 0.0032530234
677.694 1565.1566 388.8199 1000.99304 0.0032510632
695.1907 1673.3767 296.609 389.6947 0.0032149542
213.5141 570.5622 416.50256 1065.5304 0.0032133914
390.8812 2215.046 678.04193 533.58264 0.0032081874
684.1631 1896.0304 511.45184 1155.1431 0.0032046577
634.89703 1326.3147 757.0408 1624.2295 0.0032016311
233.75266 1211.7025 262.7015 349.9827 0.003197063
86.41347 2363.4878 166.54488 238.76443 0.003174594
771.71466 1773.1932 274.6317 513.86584 0.0031277463
223.51677 575.5626 436.2939 591.65625 0.0031275102
794.4875 1712.0536 437.75674 792.3933 0.00311993
573.40063 2075.8838 485.9516 589.8684 0.0030965412
792.80914 1678.6471 446.4256 742.2705 0.0030944676
219.65727 302.9927 428.96906 506.25272 0.0030892221
615.5106 1471.4191 668.05426 969.7073 0.0030801937
846.0091 1561.8676 342.07993 439.78568 0.003061735
728.00726 1368.6952 607.07355 1915.3973 0.003059403
868.65643 1714.6914 321.36084 740.7393 0.003057779
740.95026 1438.8024 536.3973 1366.4485 0.003040144
780.85693 1691.3977 484.79727 1469.7926 0.0030340496
721.90717 1892.7771 570.09454 943.6744 0.003025353
607.21136 1605.3497 708.5868 1407.2742 0.0030216777
275.44952 2356.5283 291.98163 218.5036 0.0030207038
773.16187 1534.1849 263.22812 331.6706 0.0030106283
768.61896 1152.6671 282.4918 760.6703 0.00300773
459.80356 1331.9979 276.20798 316.66638 0.0029917434
851.7741 1197.1343 321.69992 702.25055 0.0029742364
425.95404 2294.3108 170.86542 161.7192 0.0029675004
773.23083 1882.9746 508.83755 1079.6343 0.0029648284
665.4118 1485.8115 392.40097 1089.7711 0.0029531897
765.9112 1299.488 468.135 521.0432 0.002950661
864.8416 1177.1985 316.97504 765.39215 0.0029174485
884.5864 1242.9485 283.79874 630.5214 0.002904479
778.0834 1671.3906 468.43924 643.22003 0.002900528
380.54367 2257.6414 748.76685 444.66385 0.0028861894
573.4987 2186.5044 151.4748 202.165 0.0028740594
82.31235 1455.7744 156.77838 1147.5164 0.0028547866
257.3965 962.4465 457.74838 827.08966 0.0028490613
207.9903 1921.1996 156.15027 168.48103 0.0028408652
66.302605 2370.0056 127.85598 227.15479 0.0028405467
202.78387 1688.5306 330.14682 492.79745 0.0028392691
105.73524 188.48878 201.20639 281.98996 0.0028368982
662.7328 2085.133 622.7519 793.04065 0.0028263007
269.9783 1494.4554 274.34735 256.89413 0.0028246117
614.22577 2068.7021 557.0404 824.2086 0.0028210455
810.0447 1539.6564 407.94766 948.1996 0.0028158124
776.6088 1324.6234 430.97272 920.9357 0.0027993224
109.35965 2387.7578 214.50111 196.52512 0.002792258
146.39134 2137.838 235.13594 250.1689 0.0027914203
561.77814 2184.447 242.87724 317.0758 0.002764568
815.2118 1021.5574 425.19284 1086.8662 0.0027582282
350.09616 1507.5342 238.95763 237.97469 0.0027545046
205.45546 790.42346 245.37679 276.54367 0.0027510056
433.82507 2025.5585 849.63354 569.7387 0.002749384
267.71906 2379.963 199.88885 165.82379 0.0027475867
888.8398 1765.4758 288.0613 794.96515 0.0027448758
659.9224 2020.9266 381.87863 894.39734 0.0027392493
710.406 1538.0996 366.85046 1090.9426 0.0027333652
212.62816 2369.5676 414.64456 226.76057 0.0027089214
967.2265 1809.362 168.75299 955.60046 0.0026852908
826.43005 1206.2513 172.57787 247.59293 0.002680945
703.4041 1379.2715 559.6027 386.16583 0.002667897
754.4589 1807.2922 542.7663 951.53906 0.0026669353
658.2798 2042.0247 625.5307 780.4136 0.0026608114
417.26254 1912.0591 98.48876 130.27452 0.002654637
852.37195 2337.7344 370.21326 312.60995 0.0026524146
139.33354 1434.0692 237.40501 491.55182 0.0026437568
276.75046 321.60123 551.62585 551.9908 0.0026289606
965.844 2324.8027 159.62057 343.99774 0.0026234053
499.85706 1780.2742 380.91745 427.20374 0.0026046801
592.4137 1637.9854 656.80945 575.8915 0.0025976608
931.5541 1702.3269 211.67569 722.037 0.0025973595
709.4242 1895.4357 196.02322 326.80115 0.0025921874
943.9816 1782.0559 205.31009 871.7957 0.002586616
172.40088 251.56593 329.53806 426.86124 0.002575134
275.2903 2346.9875 270.11206 213.2218 0.002569378
791.4964 1370.2048 459.2458 1430.4735 0.0025651543
647.1606 1699.1768 601.83624 1456.6661 0.00256288
652.1242 821.60016 470.69604 609.11017 0.0025455297
819.5502 1134.4832 410.76068 1044.4596 0.002540774
235.80832 2366.5256 461.60498 247.56935 0.0025362847
806.4904 1415.398 421.5253 1134.7242 0.0025337455
938.69714 2153.3245 234.37212 686.1533 0.0025236558
386.04388 2343.715 246.67828 221.80727 0.0025183726
846.0065 2129.7065 387.62952 720.55774 0.0025176469
737.4811 998.8097 290.7533 515.76654 0.0025121276
813.74994 1565.7089 422.06845 1451.8114 0.0025070868
659.25653 1564.7745 173.96901 181.29517 0.0025001778
508.5255 2070.4482 148.27647 188.68332 0.00249798
653.0328 1797.3298 644.5391 1408.9779 0.002491898
61.296944 2376.1006 111.91428 204.2898 0.0024882525
524.9721 154.33443 1042.1122 300.23627 0.0024790731
122.433716 2400.0654 217.83049 169.31396 0.0024715555
608.85614 1460.8798 503.39246 1389.41 0.002471491
800.5352 292.66473 478.9824 542.6759 0.0024672213
456.42462 2380.2598 923.25806 241.8656 0.0024584176
771.6942 1698.023 411.03284 1104.7452 0.0024576648
101.977394 2168.714 187.73457 401.0858 0.0024445585
923.6726 2153.593 228.92236 275.8702 0.0024440924
49.993317 2398.6787 87.39109 170.23148 0.002433473
307.32724 1237.9132 588.85364 1723.4832 0.0024333333
828.09247 2372.1582 227.15681 228.53313 0.002432685
486.29044 1185.3494 464.09958 610.35956 0.002431653
793.2257 1731.8749 188.84846 333.95416 0.002426913
825.54785 1555.247 265.88474 408.05756 0.0024123106
658.88165 1971.6294 577.6859 1179.8059 0.002409243
560.4132 1221.7106 425.20657 551.98737 0.0024034646
720.00507 1900.8652 258.3746 392.35974 0.0024013766
851.8528 2362.9873 315.16248 259.88553 0.0023983675
740.3765 1873.121 458.2796 1146.0693 0.0023979363
297.0512 2351.106 585.4007 280.1643 0.0023966602
991.46497 2306.9592 113.45399 376.416 0.0023931866
960.3579 2405.5632 171.66513 181.69762 0.0023923374
727.4228 2093.5125 434.20694 786.1307 0.0023876273
638.2966 1752.8889 147.63638 193.47034 0.002386459
789.60266 1640.6539 395.1974 689.1956 0.002374826
837.9722 1986.466 350.00058 985.14996 0.002374118
931.12366 1723.5402 222.3747 761.18085 0.002368471
690.77167 2004.1176 292.06683 432.60712 0.0023637658
128.60506 240.4478 248.52063 382.33432 0.0023553004
715.9292 1658.2471 578.4551 1492.3993 0.0023512098
954.7515 2045.1185 185.78952 414.06415 0.0023492142
428.34958 2025.889 102.46 121.2428 0.0023413908
712.9849 2280.927 479.58688 422.04074 0.002339587
951.45264 2079.6821 213.23569 831.60443 0.0023388136
855.4157 2364.9565 341.1501 255.44139 0.002335547
559.3895 2054.564 141.8554 256.89108 0.002329904
830.1617 221.32217 415.94357 390.93744 0.0023260321
294.98462 612.0546 517.5892 563.05334 0.0023251227
669.849 1709.0856 167.94968 233.89162 0.002320581
838.18524 1604.9087 190.80426 268.37146 0.002313149
347.90024 404.77588 692.6398 712.2421 0.0022942808
913.51385 1319.814 154.44495 166.6624 0.0022898233
821.0143 1963.3812 366.5222 695.0711 0.0022882714
864.815 1039.3914 346.20212 1070.1827 0.0022860016
489.58798 2312.6633 203.25938 210.49243 0.0022835971
819.7195 990.67993 413.05957 1205.7487 0.0022791883
686.8854 1920.3108 219.24142 419.68933 0.0022758336
615.0459 2028.3937 116.145546 166.36417 0.0022713265
596.58936 1488.668 510.19376 1421.7887 0.0022694233
885.2909 2382.4114 251.90427 221.95831 0.0022629276
254.69278 426.47287 514.1762 767.7441 0.0022612014
810.5907 1443.3796 447.05746 1739.2349 0.0022605902
230.99684 2389.6187 388.34775 189.4607 0.0022599634
205.87904 379.24588 252.40761 209.92458 0.0022592419
854.44305 1794.094 369.78317 887.2898 0.0022582083
591.2265 1561.023 601.7343 541.2745 0.0022547676
660.407 2388.7063 218.22916 197.04132 0.002250805
667.76056 1734.2177 128.49399 181.75667 0.0022477906
807.0469 1692.4647 191.31264 312.63297 0.002244119
624.57794 2277.6445 395.15985 402.32382 0.0022359872
971.2671 1763.2257 158.86372 862.50397 0.0022317967
315.53955 736.44525 592.1221 861.11847 0.0022232113
979.9778 2104.0076 154.35963 789.5898 0.0022202802
835.8519 1540.3505 480.9853 1136.3934 0.0022114539
847.8481 693.8107 373.4483 1206.1017 0.0022072177
879.5939 1309.9783 324.8759 803.6701 0.002204729
518.6013 1624.6207 486.79248 1505.7577 0.002203437
509.63818 1265.4484 1004.60956 2406.5906 0.0021990258
521.3534 2009.8943 55.16513 92.09023 0.0021771134
509.89096 1774.3422 857.64655 501.56107 0.0021750303
29.316923 2389.3218 55.949577 186.15442 0.0021619382
834.78534 918.8409 392.82114 1278.0538 0.002158613
569.63715 838.55853 629.131 1089.2366 0.0021564746
427.8929 1928.1957 398.919 1045.4857 0.0021521633
792.0363 1680.8068 315.46014 506.01886 0.0021448336
757.3542 2203.8599 386.19778 549.63434 0.0021437295
833.9256 2253.1628 361.0441 474.74356 0.0021409334
194.57068 1465.3037 285.79974 407.80475 0.0021345883
772.09094 1374.9664 282.12534 484.198 0.0021248206
269.0509 971.1974 214.04819 299.546 0.0021235025
739.74927 1424.099 541.69525 1046.5275 0.0021173924
827.6842 2367.8623 410.76782 254.76442 0.0021156895
650.3843 2405.4539 204.876 161.73637 0.0021110885
690.5505 2418.5483 211.24397 152.17015 0.0021101176
849.3946 1691.0092 357.66916 1052.3804 0.0021097932
869.01324 2268.2175 361.42642 448.39246 0.002104454
423.59937 1663.2463 131.1981 228.68881 0.0021008973
950.6712 2287.3752 182.91466 415.70963 0.0020993014
880.6885 1790.3049 325.03445 1410.2958 0.0020980951
336.6751 316.25192 686.0059 551.26855 0.0020978015
838.3545 2234.006 378.1179 508.66663 0.0020857786
471.52045 727.31793 920.7769 923.1034 0.0020851
789.576 1059.6504 388.92276 917.57184 0.0020848103
636.64166 2421.863 184.8531 139.46487 0.0020826051
990.0397 1959.8074 125.259254 535.2188 0.0020795036
599.2267 1581.7977 449.9938 1212.0057 0.0020662006
815.4907 2252.6943 199.81259 291.10352 0.002060806
43.04208 2390.278 81.40022 184.794 0.0020593805
511.7324 1263.578 1013.49603 2402.0908 0.0020494997
499.70908 2427.3542 981.5184 139.37764 0.0020411867
101.99391 1477.3119 173.84593 427.53226 0.0020371685
311.78925 1226.0726 357.0606 466.93872 0.002033789
98.300766 1075.3809 177.05992 374.29895 0.002033156
955.03253 2253.5762 188.57146 338.8311 0.0020321473
719.83826 739.06616 427.21317 564.92804 0.0020305677
677.2102 2387.9675 218.05057 173.58836 0.0020304334
428.65662 1426.7352 761.72876 1520.9983 0.0020292867
578.0195 1186.6987 189.48276 208.15677 0.0020257332
786.71497 2302.8696 249.45978 283.72388 0.0020233565
846.4645 2315.2156 300.70273 323.39813 0.0020153825
954.75903 1977.6067 212.16286 392.42685 0.0020146316
647.74646 1858.6355 169.07683 233.98758 0.0020101508
806.3452 943.94257 426.07132 692.7987 0.0020014085
858.9913 2199.5242 339.01718 584.82434 0.002000047
929.32056 1027.186 222.16373 1091.3129 0.0019961921
542.1056 1041.6149 396.17813 215.42073 0.0019798006
889.5663 2270.5154 275.9851 436.09686 0.001979405
778.1883 1813.5726 515.0392 971.5279 0.0019719482
868.4603 1042.9573 292.18112 476.42374 0.0019715014
765.4131 1907.8118 211.87389 347.48004 0.001962346
615.9633 2435.5017 210.43178 116.56338 0.0019597656
697.7778 2325.1418 171.21472 219.37706 0.001956867
745.11096 2375.6726 268.7642 229.65091 0.0019550351
607.7728 2412.1018 237.5219 158.12366 0.0019546275
790.28314 1649.3674 349.9816 1020.8545 0.0019469805
528.21783 70.07857 1040.3201 135.29552 0.0019401275
575.75604 2431.0112 231.59587 132.31471 0.0019397682
815.5765 2276.0566 205.11772 232.88017 0.0019388158
244.31476 420.1503 269.1058 251.55084 0.0019293214
923.7883 1675.207 226.79745 741.99023 0.0019289448
910.23865 2421.7705 277.57913 153.38718 0.0019286769
971.34283 2208.0823 173.27142 234.07326 0.0019185141
400.02365 2414.4407 835.0894 170.98283 0.001913364
305.47162 1553.7421 604.2594 1592.9166 0.0019107842
827.6263 2158.496 303.96274 315.45746 0.0019102687
939.52637 1060.0583 215.77968 988.1905 0.0018973064
979.91437 2376.6328 126.90616 237.71678 0.0018902366
941.99744 2267.0957 215.32878 459.79715 0.0018879502
902.3503 2391.8523 254.81375 205.44218 0.0018834405
358.53647 1230.373 148.3138 171.46634 0.0018802206
783.1958 963.04346 282.63947 371.7288 0.0018797982
907.8224 2063.2363 254.98717 472.0531 0.001879632
381.96472 1505.1158 349.89844 498.43054 0.0018772242
846.7203 1624.2882 187.21233 221.84607 0.0018749856
858.3157 1791.1752 267.4574 725.6368 0.0018744093
688.2656 1883.1447 129.16313 230.29424 0.0018712557
719.7638 2353.2454 250.12457 257.8442 0.0018691354
664.5075 2338.6814 262.84177 291.20197 0.0018681793
736.45917 1927.065 203.58165 322.6238 0.001867198
878.7432 336.14386 289.47156 434.80133 0.0018645517
803.98145 2418.1904 466.2973 156.57443 0.001864272
598.5428 2372.7986 358.98035 241.86888 0.0018635172
660.28595 760.8747 632.8214 812.7985 0.0018629628
964.2287 1164.9651 176.14188 770.42114 0.0018615279
340.09634 2386.0417 288.81018 173.30963 0.0018605703
215.12598 2396.1077 363.23264 194.79561 0.0018578565
877.7258 995.47864 314.0491 792.7617 0.0018524105
863.1916 1484.7864 352.28418 1218.1901 0.0018519528
655.13806 2090.008 189.35103 214.04625 0.0018473944
878.41003 1635.6758 327.10477 1340.4528 0.0018446074
721.48114 2212.041 339.41956 536.589 0.0018422524
798.1513 2282.5225 324.1857 376.19016 0.0018372263
857.7194 1953.6313 249.27042 436.648 0.0018344336
884.88556 493.7929 292.1408 454.65674 0.0018323123
492.95557 36.26585 362.6223 70.21911 0.001832239
780.80725 2010.3641 259.61618 339.60928 0.0018272506
142.42508 2444.6213 278.17923 84.38672 0.0018255503
865.5589 2054.5312 199.35402 300.41794 0.0018255373
874.2849 1103.6263 165.83351 221.40135 0.0018221143
909.6172 2406.467 248.3608 170.50201 0.0018216633
195.35046 603.3438 377.7011 622.86536 0.0018203538
892.923 2157.9043 175.68329 230.45018 0.0018193551
106.33031 244.50468 202.69547 387.0994 0.0018169933
776.37 1490.108 458.2419 1293.131 0.001812915
827.1775 1749.4984 297.93604 468.24808 0.0018119972
409.27457 2420.6726 828.3744 232.96931 0.0018105739
804.3501 2302.2097 250.11098 176.28432 0.0018102559
861.4928 225.23352 332.7102 391.10632 0.001809856
948.38605 2234.616 196.76918 302.46774 0.0018093393
534.1178 281.82434 474.79688 467.7626 0.0018091723
774.9469 2294.7078 281.40182 334.1434 0.0018054122
431.57492 2361.0537 405.9034 237.46985 0.0018053177
882.1928 1999.0294 167.92377 237.67395 0.0017984846
444.28128 387.30484 886.3829 680.22186 0.0017960772
493.25443 1103.8444 720.6972 595.86273 0.0017945255
910.071 2084.7544 232.95937 420.9356 0.0017930869
409.10727 2396.896 832.3262 244.04828 0.0017916075
862.2163 2394.2334 327.5426 199.57971 0.0017906501
837.4345 1941.6254 387.9844 756.48615 0.0017899717
699.5072 2033.9697 232.11519 322.19205 0.0017887709
72.18938 1486.94 143.84756 1266.123 0.0017865619
999.31055 1931.2261 113.3546 838.6058 0.0017835345
712.59106 1896.1875 136.18532 239.44351 0.0017828726
36.769646 2456.1584 70.70633 81.6441 0.001781227
868.322 918.01764 351.7117 549.1638 0.0017804675
845.20825 1877.6672 318.71814 920.25726 0.0017771721
875.2922 1875.2194 293.36365 483.61493 0.0017755657
721.09875 1897.3978 133.4899 232.57185 0.0017747511
850.42285 1993.8802 303.53763 750.7046 0.0017732336
346.94095 2361.0938 585.75775 271.27505 0.0017718972
636.71875 2102.6892 292.00473 390.60577 0.0017603363
570.3073 1598.839 553.98956 1528.6718 0.0017601077
861.23804 1818.3104 244.77974 554.0797 0.0017600155
807.9726 1689.5879 332.37537 794.1914 0.0017591579
219.87296 2412.9783 434.8552 160.22527 0.0017555626
856.06616 2037.0409 164.3381 227.68604 0.0017547389
864.2181 2245.0557 209.61244 281.92642 0.0017531259
504.0522 2354.7366 353.8597 250.06367 0.0017508625
559.85974 2425.1394 181.84291 142.16321 0.0017504734
62.79044 2461.2114 121.17881 71.890396 0.0017504634
481.0173 2107.4707 1006.1254 533.25146 0.0017490408
502.94046 301.1891 241.24457 235.39603 0.0017472667
813.5747 2090.567 431.58517 776.49713 0.0017466955
197.07487 2436.732 370.75473 91.8493 0.0017389785
567.5278 17.187563 879.40027 35.672516 0.0017359961
577.75824 2368.4421 156.22185 146.88498 0.0017318444
362.32025 193.57318 262.16083 221.2813 0.0017255438
897.992 1947.665 188.6686 302.22894 0.0017160174
869.21606 2345.1018 306.61337 296.07098 0.0017133884
819.48987 2248.2856 167.69424 224.62195 0.0017128297
511.4225 2415.6458 891.2113 231.94278 0.0017126853
1006.41815 1966.4495 88.65143 283.39755 0.0017111534
806.0961 1976.7722 263.21875 474.86118 0.0017062009
25.394573 2007.4539 50.87187 320.33597 0.0017015574
993.3115 76.744705 108.98563 246.8939 0.00168062
291.85074 806.6795 596.13293 1479.8551 0.0016789857
266.82504 374.08295 154.19331 202.94489 0.0016769869
995.2186 2409.8953 102.278915 171.23293 0.0016723139
1002.2181 1045.1971 105.730774 415.67126 0.001670375
974.55615 1448.0426 103.21075 187.11107 0.0016635607
910.67163 1902.3888 178.07858 292.46423 0.0016635235
740.19446 1303.2819 194.53001 229.92145 0.0016628315
819.33624 1720.2711 368.27502 583.58356 0.0016616343
934.30164 1133.5712 225.39418 896.4527 0.0016587211
530.48376 419.1403 192.44827 229.86208 0.0016552528
836.61066 2058.0652 259.7884 401.93045 0.0016496063
187.07953 2444.1611 334.3292 72.66612 0.0016485795
361.7965 2031.616 459.56805 741.8452 0.0016456147
927.781 850.0549 242.9427 981.23645 0.0016447972
980.7963 1944.5875 183.41203 438.24252 0.0016372171
684.88086 2293.508 179.38579 200.06766 0.0016309556
875.3413 1508.0742 339.97314 1578.9774 0.0016304898
1008.5447 1978.5568 85.42207 331.13516 0.0016276536
976.52246 2261.9114 170.4223 443.83398 0.0016271408
661.25653 1386.2292 461.82767 1187.561 0.0016264934
563.2286 2394.2126 397.50003 204.94516 0.001624906
470.2345 289.66156 213.82997 199.338 0.001620836
362.48212 1531.2495 775.3612 1257.339 0.0016181607
1025.9348 1021.3353 86.54653 519.299 0.0016166099
319.19788 2417.3914 148.52803 122.74596 0.0016158159
939.35486 1706.2131 181.98314 342.4556 0.0016115054
736.2859 2437.0964 259.54636 143.6472 0.0016113244
23.555744 2456.0637 43.78984 80.39942 0.0016109446
975.16486 143.90933 169.48851 584.0235 0.0016075309
920.515 224.73941 238.46619 454.41022 0.001606011
859.8477 2432.5486 355.07986 128.14587 0.0016057915
553.8713 22.02487 906.3176 46.141716 0.0016015185
791.702 1113.3002 448.09067 1006.02344 0.0016012982
287.469 2397.5957 571.9506 198.64186 0.0015996554
32.58346 1692.8679 62.298466 1599.0474 0.0015959335
377.61072 2407.109 400.4051 179.90521 0.0015944594
465.31622 1800.0897 777.3911 498.90778 0.0015868322
461.06366 2435.3723 282.77875 125.00671 0.0015824008
643.9947 2432.6177 423.12735 138.86046 0.0015787978
620.8859 1403.5715 450.32507 1137.5623 0.0015754927
909.06177 1732.7307 193.99672 346.4625 0.001571458
1012.15015 1957.2429 71.60016 479.81522 0.0015713434
976.38416 2360.7551 142.32947 272.14996 0.0015712694
95.39069 197.87308 179.71944 294.09305 0.0015703794
762.5624 755.4097 366.0593 430.14355 0.0015623352
1023.52734 923.5298 103.218414 251.21863 0.0015547533
98.57545 1118.1244 195.9834 1030.9532 0.0015538321
684.1648 2419.94 657.0602 279.27893 0.0015514252
340.1739 35.82034 238.80753 66.668465 0.0015494167
933.31335 1210.1354 217.5719 519.9271 0.0015451271
984.70386 548.655 140.0014 437.674 0.001538585
268.5556 2443.7234 538.38074 106.76792 0.0015305273
918.0437 1423.0177 216.7032 263.92084 0.0015239634
594.04565 2443.4487 425.99774 106.79213 0.0015199106
278.68912 2439.4082 456.59445 112.49488 0.0015123117
997.5312 2388.892 98.4542 212.71075 0.0015118871
209.06602 2451.0117 386.56564 100.5998 0.0015080853
986.59796 2311.6863 111.9383 357.28564 0.0015064979
682.08765 141.6054 734.23047 285.49713 0.0015056955
456.16248 1179.0494 173.25652 256.48096 0.0014939309
970.70294 1743.5157 177.56235 211.6197 0.0014903417
995.69055 589.2281 85.9534 390.38913 0.001486817
961.58484 2443.508 159.28485 110.17494 0.0014831899
258.88272 1322.7698 275.69623 1247.4469 0.001482587
973.5255 87.628944 142.55348 174.0391 0.0014801986
802.45984 1959.5042 217.754 376.58566 0.0014712532
1017.57776 2021.2179 68.59793 426.31445 0.0014683295
931.0705 75.57593 228.40001 151.51324 0.0014682547
512.31555 1266.5032 984.63007 2399.1204 0.0014658134
831.0393 95.70331 441.03793 194.77446 0.0014639113
204.25822 2465.5713 400.67188 65.731514 0.0014636479
1014.0712 2306.92 88.92972 373.7416 0.0014511178
445.2823 2417.3162 164.14206 136.8126 0.0014506293
971.78094 2407.1467 202.2151 175.02983 0.0014496103
934.5597 158.81654 193.29933 320.95172 0.0014478188
516.71155 1286.5066 991.80585 2396.6316 0.0014469422
214.93826 159.92555 281.96957 228.8181 0.0014453111
943.50287 1811.68 220.02135 418.8861 0.001442528
515.9404 1284.2535 996.53204 2411.3003 0.0014365099
239.21626 2467.851 458.74188 65.78083 0.001435355
306.84692 2466.6116 519.2944 59.346416 0.0014290948
53.6608 497.34634 104.96159 475.56787 0.0014271233
998.0387 169.96092 149.83931 620.09064 0.001418828
1010.76715 1700.0037 91.29773 316.5679 0.0014139088
607.967 2449.425 262.64307 104.44251 0.0014135682
234.032 2478.075 458.30792 48.404255 0.0014097508
450.18753 1895.4738 689.79376 744.2094 0.0014079657
444.29382 2427.3364 390.62 150.58195 0.0013963099
973.82794 1733.0011 146.17744 336.61014 0.0013923408
1009.68634 1788.963 92.64713 791.62115 0.0013857419
244.62724 2452.6667 259.31943 76.086716 0.0013846528
1034.4496 2424.0938 58.41812 312.86627 0.0013809581
74.58827 169.39667 144.07582 242.76595 0.0013799807
29.86575 1274.6897 53.873287 731.97516 0.0013693281
372.589 2449.5823 254.59212 77.90743 0.0013680852
953.5293 1124.5231 183.22977 875.0124 0.0013659695
332.42 2476.4812 245.75687 48.74521 0.0013595503
959.87134 1768.3823 180.30557 851.9388 0.0013570355
1013.63965 2416.004 63.54116 167.42468 0.0013528791
902.46893 1672.5685 258.64658 751.6921 0.0013429123
581.0403 1466.5306 617.6614 824.82166 0.0013399024
307.12314 40.325108 591.26733 68.468414 0.001327572
1014.3497 1654.4086 83.47045 331.76468 0.0013248111
1003.26794 355.0755 94.04793 696.7673 0.001320462
1022.9623 2375.1575 51.572712 246.56061 0.001313867
190.58147 36.53645 384.03552 64.78985 0.0013130821
494.95633 1317.3192 316.2918 456.93704 0.0013129476
453.44318 1852.9342 797.18384 1253.1705 0.0013101758
1000.4622 352.50528 89.81638 464.5027 0.0012980198
564.60205 2468.569 885.7777 89.78486 0.0012894087
419.0435 1596.7986 422.74222 1008.9993 0.0012808961
1009.8671 1196.6665 89.19908 614.10913 0.0012790217
801.3988 2437.5417 391.93753 197.86206 0.0012776107
604.0627 2467.7808 348.9561 66.35015 0.0012677266
626.5686 1153.0465 470.2896 980.7915 0.0012672046
930.0812 2454.7756 216.69716 110.81509 0.0012529955
391.31448 2472.5483 251.28801 61.642315 0.0012493927
360.0394 2224.9858 516.7988 688.2528 0.0012417957
520.1211 675.4936 567.5836 912.12415 0.0012315941
195.14876 1461.3716 353.04416 2040.8921 0.001226705
91.25728 1540.4203 163.88333 1872.0121 0.0012045279
578.5508 1994.5303 416.77805 699.23254 0.0012030419
1000.3153 1220.085 110.06787 580.0814 0.0012015108
243.32173 1286.6716 309.747 914.454 0.0011907468
940.0172 1248.1118 196.65237 221.69293 0.0011904843
226.02725 45.742195 438.93982 80.245804 0.0011895219
750.8886 1017.4444 517.79395 1099.1936 0.0011848746
1000.76263 650.827 100.95703 1402.3693 0.0011747568
562.8108 1422.9539 313.15872 876.4292 0.0011724036
316.06317 1932.1798 430.26782 859.84204 0.0011653034
544.52563 1531.2052 538.7849 1396.7457 0.0011611538
538.4189 228.27887 1024.8436 434.76852 0.0011605611
495.1313 1824.4017 268.00653 643.8575 0.0011598627
905.33374 1462.8436 259.54938 308.5919 0.0011504901
522.49695 1255.8678 710.41895 689.1 0.0011254782
904.4245 2477.2327 245.92456 77.19243 0.0011234008
56.797832 168.73714 110.20669 254.73364 0.0011217437
1016.9444 1203.0393 71.06187 304.3834 0.0011201415
903.6625 1031.9968 219.53242 404.57324 0.0011160541
345.85834 1250.1868 319.92624 886.4166 0.0011147668
270.23907 1429.8297 401.14096 1413.8549 0.001111072
159.1311 1524.5231 232.00761 1051.8009 0.0011094359
429.98135 1119.1671 579.28314 814.10376 0.0011044702
631.4316 1738.448 280.45175 459.49335 0.0011014364
1035.8944 2247.5476 33.190395 384.95062 0.0010911932
186.265 1313.8834 329.84073 732.29956 0.0010875615
1005.2016 2431.9194 95.55756 141.28447 0.0010656569
894.3412 1146.1129 222.43623 363.86 0.0010400728
770.2027 1643.8962 326.653 499.00955 0.001029694
561.55194 1685.1364 440.13614 1017.8419 0.0010263934
1030.8551 940.7839 43.329475 716.6603 0.0010133581
368.6577 1023.7732 392.3199 749.2988 0.001005505
537.9472 799.7091 429.7658 674.1604 0.000999553
384.78296 617.05035 728.994 640.0589 0.0009886666
1017.99493 2442.6326 59.219387 115.47133 0.000987147
310.79605 1379.193 330.28085 1225.2876 0.0009823476
718.0751 283.85837 620.097 549.70013 0.0009761108
1044.424 2337.9365 16.760279 309.4033 0.00096942775
500.07098 1120.2786 429.22324 743.20844 0.00095775555
882.50903 2100.855 447.8525 554.2684 0.00094923924
96.04817 132.59575 183.20314 216.17758 0.00094661606
360.7701 875.0635 845.97095 1099.7566 0.0009406185
1028.2043 2475.0361 84.598755 72.18554 0.0008864478
373.71494 1876.8281 762.58295 690.4693 0.0008660297
1045.5967 2406.365 14.888699 181.3797 0.00086042704
159.11287 1210.3906 184.30374 813.79205 0.0008520521
1048.8169 1851.6132 14.478235 506.6015 0.00085183576
380.00696 1183.4673 633.9285 687.3695 0.00084164325
194.40404 1249.5273 174.7714 681.5827 0.0008377299
567.0912 1497.9702 267.8253 829.46796 0.00083607953
236.15929 721.2124 492.96008 814.6014 0.00082539
289.3206 1584.1213 335.374 882.4405 0.0008234559
548.5336 1125.8126 420.36606 698.31433 0.0008026743
697.94806 1266.7565 449.2101 588.8683 0.00080168206
218.40977 737.8543 458.06332 998.7049 0.00076596753
534.1327 265.61884 1015.858 497.026 0.0007656709
571.6671 1020.0834 493.67606 866.50745 0.0007578073
240.12276 705.0872 511.74295 1089.0225 0.00075591257
388.91037 963.3418 594.46985 1024.3113 0.00075502455
364.79935 734.4549 625.32965 769.9751 0.0007510304
370.95532 904.9771 823.0143 1215.2224 0.00074816204
722.20355 1839.5254 488.9303 748.9379 0.00073711516
206.13625 954.0515 445.38412 1016.9783 0.0007193773
440.58926 1215.2659 721.61926 593.77124 0.0007154809
1041.3033 1819.3668 109.9805 275.5972 0.0007075698
474.9995 2078.316 917.1195 507.79364 0.0006967132
523.6016 1087.9183 422.9381 704.6708 0.0006816305
361.72916 1161.7775 664.70233 778.58936 0.0006570084
711.6685 1510.5203 530.4997 966.36346 0.00064104726
877.0256 1551.492 108.60079 214.36441 0.0006381393
692.8783 1711.2775 593.2311 581.4595 0.00060547324
536.98 1453.5125 704.63934 599.7587 0.0005557143
533.12476 1667.1151 525.9807 1002.2803 0.00055191864
872.6674 1600.9951 586.38574 583.9227 0.00053525297
523.228 324.35117 1005.46075 699.672 0.00053266546
788.4983 1142.4575 517.68176 829.7388 0.0005189847
740.2021 1192.9974 539.1845 739.7917 0.000513435
894.56934 1454.8628 386.72653 370.404 0.0004856009
834.92316 887.247 541.11694 665.1602 0.00046894766
751.61487 659.6295 702.8624 670.945 0.00046363883
741.39966 1220.8367 567.7578 622.09955 0.00043684358
816.0413 598.59625 646.3828 536.68945 0.0003946174
482.31516 674.34454 982.218 750.10333 0.0003674776
