560.51355 1201.8542 1054.9071 2350.8894 0.72575563
591.90643 1575.2821 972.2423 1498.8467 0.17245282
522.3691 1418.2445 780.8515 1160.2194 0.1412684
561.2993 1287.1049 1051.8503 2172.397 0.09254759
573.38727 1370.4163 896.9282 1422.5894 0.07146886
594.8832 1422.372 930.9006 1179.0331 0.06673275
470.29013 1411.5353 668.99066 1113.4017 0.05698538
620.8214 726.7803 377.2062 479.87216 0.056582157
532.6039 1521.7826 811.71295 1379.3701 0.05602882
602.6824 794.5833 338.6561 345.7312 0.0534126
524.4797 1337.9855 770.82776 994.442 0.053120013
564.4827 1590.9373 1043.6295 1554.2799 0.04803146
474.3214 1417.3087 670.2905 1046.2393 0.040162887
1027.1086 185.22499 125.03784 368.2503 0.036240127
582.9042 1162.7688 907.8701 1335.023 0.028651621
586.4788 1317.2734 912.51587 1015.81287 0.028122663
492.3114 1287.9023 686.4699 877.6129 0.027249523
589.873 1613.7299 794.33374 1146.8683 0.022571934
602.7804 1195.4752 824.87286 1358.2899 0.02223952
577.16284 1424.5518 973.5923 1802.2992 0.021804338
542.8197 1271.0359 816.7312 1495.1765 0.021796849
561.1112 1196.0452 1053.7113 2359.251 0.020980386
571.7097 1112.4509 921.52496 1262.0032 0.020620795
521.96063 1237.3047 741.24524 789.1828 0.019678948
484.04025 885.97894 104.36386 171.83368 0.019640666
1055.8585 274.1897 66.32867 188.95108 0.019070482
748.066 591.2255 126.52089 212.32126 0.018917697
412.4476 1483.644 535.5446 878.8576 0.018746981
593.01056 1090.7996 865.64075 1242.0743 0.018049905
521.5584 1443.1315 799.02795 1523.863 0.017923437
675.7124 758.3236 499.46356 558.56805 0.0175818
430.51782 1365.2144 528.6631 703.12714 0.017228998
657.5639 976.99927 219.95352 246.70573 0.017128581
1027.2213 114.93779 122.957794 226.8444 0.016953444
637.0086 1255.1226 730.96985 1434.7598 0.016731683
552.7447 1115.4498 849.12976 1237.1935 0.016461551
579.0509 1039.3555 910.87177 1205.9265 0.015863657
478.75363 916.6726 85.625565 113.7074 0.0145449
756.09064 600.96265 646.93414 762.8753 0.0144525245
581.53326 1069.0566 837.78925 1091.4386 0.014409351
575.8605 1128.309 828.5018 1153.7631 0.013715068
569.8216 1011.85626 1015.12427 1602.6566 0.01370889
311.19656 2018.1656 48.529423 53.83013 0.013040555
405.01886 1476.569 544.55634 940.5071 0.0129461745
571.7216 1207.3855 897.8136 854.748 0.012704339
578.5519 1225.1141 945.1985 895.1507 0.012190354
593.4307 1748.5624 959.20795 1245.6848 0.012074671
572.8069 1977.5725 1019.9701 805.75366 0.011678284
612.85254 1010.007 334.87497 321.5219 0.011678091
283.63385 1754.0795 283.27905 340.10672 0.011464365
515.2031 1080.1361 848.8614 1210.6803 0.01139727
495.32864 1148.6171 651.95306 608.34174 0.011334318
712.8476 999.506 338.6416 313.01385 0.0113110505
608.80304 1018.81726 103.434944 127.80897 0.011217788
603.345 1316.4347 113.682465 144.50308 0.010955624
659.1291 1744.0405 750.4919 1036.9878 0.010784517
112.157974 1603.8359 158.21217 189.16953 0.010716821
504.00848 878.3015 147.70161 193.56033 0.010674394
526.8848 1125.974 718.3075 575.2137 0.010510132
524.14166 1338.7505 263.9303 308.97046 0.01050726
665.72394 835.9571 480.58334 599.66705 0.010473256
297.80142 1743.1807 336.0979 382.1666 0.010357883
661.8618 1798.3275 814.29675 1077.1439 0.010333638
693.382 928.2035 143.34464 155.73354 0.010315415
480.10092 1094.7333 740.13885 1222.3398 0.0102605615
610.3555 1018.0989 139.1779 150.74269 0.010244278
429.70404 1341.9156 491.15485 510.1075 0.010184578
732.1181 550.726 85.419754 132.51433 0.010150164
743.9727 716.4053 617.61414 512.3555 0.010131009
711.2682 1050.886 111.52443 130.71959 0.009983849
524.5443 1323.9899 458.14462 686.1863 0.009950971
539.2638 1035.5476 510.45255 380.94534 0.009906292
473.62173 894.7954 72.29708 70.95939 0.00989891
669.45715 1024.899 427.76852 366.71567 0.009895592
654.65955 2146.4639 484.2492 240.35376 0.009851312
538.0823 1338.2098 497.27765 648.3918 0.009837154
804.6094 681.28723 252.30946 401.30936 0.00977644
428.66064 1578.5768 562.4392 1489.9585 0.009758187
745.3814 714.1171 628.5796 580.28345 0.009694266
576.64435 988.7287 935.6731 1189.1857 0.009693584
533.00134 922.87463 752.74506 881.34186 0.009629764
751.0923 1390.1787 665.4526 1761.8325 0.009275784
77.22685 1597.8917 88.905464 175.18198 0.009152297
560.5219 857.4045 1045.0948 1488.5302 0.009088961
468.70285 1560.8456 655.3236 771.60767 0.009047942
495.79904 1381.1965 403.32706 514.451 0.0090008555
731.3917 530.2243 79.91381 91.58032 0.008997122
464.37634 1092.1678 751.90924 1235.0858 0.008960056
710.89526 700.9024 468.60635 463.29666 0.008892397
688.092 2158.4758 792.9793 408.62207 0.008805975
792.82166 609.6552 223.07033 267.8525 0.008757326
443.69754 1271.8157 767.6672 1342.844 0.008684758
742.0195 818.4686 626.4143 720.263 0.008639059
757.927 1828.5137 637.3841 970.9124 0.008621492
481.28278 1242.1262 414.49802 525.1676 0.0085067125
742.72034 964.3825 632.4286 984.9282 0.008486989
598.341 933.3522 853.20105 942.6177 0.008267281
770.18054 666.2356 180.1003 364.61008 0.0082649905
735.0844 1169.2562 644.64905 1170.848 0.008238911
586.31445 1302.8217 164.24883 209.76802 0.008237329
775.52905 1588.6865 620.50653 1456.4012 0.008203123
679.801 2095.3513 803.8478 515.5365 0.008137554
375.5547 1703.0159 473.10135 473.16687 0.008113968
728.63025 834.37225 615.1911 725.0022 0.008053865
837.2774 672.8239 314.09964 398.21347 0.008044097
598.71844 917.10785 847.10266 952.76404 0.008027922
563.4221 852.2405 1036.345 1383.3083 0.008019809
403.0404 1299.2861 663.2841 933.30414 0.00794473
427.37686 1567.3767 578.6916 745.50543 0.007942832
383.4171 1723.2776 458.1314 417.0092 0.0078857485
636.02344 1065.6615 492.38297 463.92352 0.007870739
621.97565 1481.4067 475.06067 722.337 0.0077914735
429.77682 1385.9392 383.15598 420.46643 0.007779483
635.7965 1344.6323 493.7435 870.2474 0.0077612964
674.4126 946.5729 573.9875 922.4468 0.007708246
873.9311 689.9316 392.84106 464.23486 0.007633973
558.81964 604.09467 1044.2866 1196.1229 0.0076288595
751.6624 1096.6859 641.6264 1242.0092 0.0075889356
681.4011 2051.323 797.52325 600.3799 0.0075418535
840.7121 1681.4326 454.92352 700.76935 0.0075339917
554.43066 532.8166 1056.6599 1056.4688 0.0075084916
302.17178 1398.2919 331.49783 597.6932 0.0074460534
606.10034 1359.3794 716.71063 1670.3307 0.0074108317
630.9101 827.26404 761.8778 730.18195 0.007384061
301.62976 1795.9193 193.20525 231.4675 0.0073568462
589.289 1636.13 914.88074 787.874 0.007354698
534.67084 1663.3533 164.48425 167.89906 0.0073271883
682.8568 1509.2341 577.3696 860.5643 0.007303473
584.452 2129.5156 988.9273 501.99448 0.0072761225
541.198 1350.1914 376.7616 495.5243 0.007259347
621.4449 1534.3237 544.2529 1061.0476 0.00723539
583.85004 847.4835 979.3873 1289.3483 0.0072218156
807.9195 1646.8713 517.42523 869.8425 0.0072128945
666.4536 1482.8578 349.0656 510.93207 0.0071752616
882.0595 578.51245 402.56973 689.20056 0.007104597
154.06224 1608.3972 114.45904 166.21199 0.007065678
322.7943 1692.2804 201.17569 199.22357 0.0070350645
749.184 818.89996 472.98053 672.925 0.007022175
606.1877 1718.7566 863.0022 931.3107 0.0069991807
677.3024 1438.5533 234.07947 343.67114 0.006993943
770.32587 1978.9465 620.0624 695.17883 0.0069816476
490.64966 960.2839 636.8417 695.649 0.0069781314
491.75977 1079.0803 536.0133 379.6359 0.006974633
563.29114 1628.4692 92.45278 86.883545 0.0069550495
343.85428 1700.4773 468.463 514.0806 0.0068933903
435.7201 1411.6431 415.95126 448.63452 0.006891671
805.6201 676.29016 272.2907 404.62784 0.006883592
307.91016 1543.5067 373.30624 774.3324 0.0068640737
778.77313 1352.401 512.2643 841.37805 0.006848823
721.9664 883.5456 609.3382 580.7614 0.0068336725
710.07434 1504.4152 332.8968 483.67407 0.006833097
703.97455 1207.263 583.46655 1269.3833 0.00683287
585.3907 1138.8026 865.3396 649.38696 0.0067793154
755.40594 1946.6514 590.63995 554.4446 0.006718819
447.99652 1601.7114 527.5186 1164.7042 0.0067128674
671.19977 1838.0925 739.8866 718.51776 0.006709845
629.5611 1156.8733 399.9852 607.99713 0.006704435
671.8858 1441.0566 256.13986 380.10977 0.0067030312
721.2966 998.9766 358.04486 315.6716 0.0066719484
628.3806 749.10565 892.088 1085.4526 0.00664402
623.8448 2122.8188 181.1974 128.72884 0.0066325366
755.961 697.0907 654.19666 1011.6586 0.0065696714
692.8361 1521.6884 245.01712 370.4383 0.006563313
672.17847 1251.8396 644.6578 816.4135 0.0065536047
399.99542 1737.4703 591.80774 695.18604 0.0065404237
840.00214 1592.9856 497.13303 1512.725 0.006393753
476.51538 1310.2682 334.8461 335.05518 0.006379619
663.7308 792.6117 768.30444 767.5885 0.006367096
570.80676 1032.8392 649.0935 399.0757 0.006364101
688.83057 1202.5688 490.94272 743.7146 0.0063425177
705.3995 1478.1497 172.0807 249.30719 0.006322157
545.668 1147.6865 125.82057 188.909 0.006318944
574.7657 1979.2848 234.57697 152.68884 0.0063027577
264.60632 1709.5818 432.3458 485.6686 0.0062813126
699.65784 1507.6932 496.19278 665.42145 0.0062224627
613.8977 2127.8525 327.53592 161.29593 0.0062180148
618.41425 1669.1155 561.3821 1180.4146 0.006216642
613.99854 2102.6326 591.12933 357.7762 0.0062074163
735.2041 2163.86 300.8298 220.44115 0.0061999494
589.45294 1359.843 271.3661 320.11893 0.0061736186
725.10736 1305.6547 540.595 798.3607 0.006166727
318.75403 1992.4698 90.527954 114.48828 0.006149972
340.0742 1431.5479 289.2285 339.0231 0.006133867
790.71295 1567.0752 546.1642 770.98706 0.006099701
636.3624 657.3418 285.8318 324.67282 0.0060704206
410.56244 1101.9618 294.4331 267.19177 0.0060702167
221.26007 1720.313 343.25693 415.9436 0.006054322
452.23868 1738.7002 332.75998 353.94293 0.0060371296
595.8355 951.0871 630.715 799.355 0.0059930114
596.40765 1568.1853 952.74866 1463.1644 0.0059911963
272.3508 1659.0076 203.22752 192.68875 0.005986918
576.1641 1040.1761 386.4988 382.09494 0.005961162
718.4432 1642.0739 457.9533 831.11505 0.0059565213
434.71762 1565.9183 199.92668 209.86494 0.005952705
717.3599 1051.1693 84.510445 95.359085 0.0058857566
757.395 683.6483 650.5099 1003.8056 0.0058805533
859.2399 855.2942 379.55603 588.4664 0.0058754873
452.57993 1865.3171 430.90042 568.6201 0.0058700535
559.9456 703.0172 1031.2616 1023.8266 0.0058195433
874.3183 616.79913 345.0223 320.78305 0.0058115674
564.2187 1072.4331 384.52078 426.32074 0.0057819625
780.0478 1847.7635 285.8499 330.4683 0.0057762796
690.985 1071.1837 599.93365 753.62744 0.005766637
429.2076 1626.4747 356.1252 310.67102 0.0057503856
363.24915 1592.9496 570.415 825.4962 0.0057238494
693.0294 1221.4414 507.37338 840.4102 0.005722276
631.4676 1493.7028 529.9676 1176.6094 0.005720152
538.7567 1825.8989 847.86584 941.5916 0.005668846
453.54822 1857.7172 681.8335 789.5925 0.005622598
724.28326 1121.7249 365.10477 545.85626 0.0056212754
841.3307 1333.3601 481.52148 961.0178 0.005602694
256.39627 1634.6549 288.215 572.08234 0.0056005535
312.62866 1193.5289 542.5341 1005.5756 0.0055999267
787.29456 934.8527 228.91026 188.97856 0.005575072
514.62164 1947.7393 456.0139 470.16876 0.0055716024
874.2067 606.8912 346.03387 315.07587 0.0055709737
588.59235 1115.9957 886.8192 651.25757 0.0055576516
409.2034 1579.7207 519.20166 682.5266 0.005555568
884.58203 474.43085 392.14764 540.9421 0.005551628
837.29517 1421.8225 405.3678 586.09406 0.005544606
287.0643 1769.0874 148.79652 188.01018 0.0055428394
219.8736 1657.8903 321.57935 307.44223 0.0055076624
703.27844 2067.4285 384.76196 433.25293 0.005494585
816.60535 1553.482 396.81583 425.3359 0.0054900213
745.9131 913.8299 638.8268 970.87036 0.0054829316
725.70776 1327.4609 709.568 1785.4888 0.0054501663
512.79095 1005.7639 529.90546 315.73535 0.0054414393
887.6522 1991.8354 361.84616 563.274 0.005423105
516.61487 1975.5883 124.48984 99.981926 0.005421194
472.4537 1617.7932 280.22946 289.71622 0.005415348
757.88666 1097.0315 638.50836 1303.4869 0.0054115867
538.45996 2013.111 257.32315 204.92638 0.0054101036
806.98584 674.7041 358.24323 427.16602 0.0054059126
251.98418 1510.7952 409.60294 905.02325 0.0053890157
740.5082 1246.3386 408.29492 805.60504 0.0053624287
725.1039 602.6427 184.61598 247.86961 0.005345271
288.15164 1896.442 463.3297 661.2899 0.0053294976
713.862 901.99396 584.5112 548.2281 0.0053208615
645.7782 1727.7627 400.5201 709.9581 0.005314849
864.00806 1428.1025 408.81534 592.9878 0.0053087296
855.8947 1330.4683 462.46603 1681.67 0.0052954857
758.8007 1932.6201 374.9166 550.24005 0.0052692257
841.6806 2074.387 471.11435 486.27188 0.0052682613
765.5116 1132.3988 631.1846 1620.9142 0.005258452
420.72748 1604.5319 619.6446 1477.3374 0.0052383146
779.61163 620.61255 466.06448 417.60733 0.005227165
680.2123 1745.3142 338.12363 811.3635 0.005179804
523.3808 1681.1025 455.14554 992.7636 0.0051728054
322.8108 1170.8177 280.3996 278.1932 0.005154608
231.92839 1516.237 183.90431 245.901 0.0051361574
564.63605 1910.6599 300.1877 405.87283 0.0051231603
647.51843 1193.0048 206.01285 219.29323 0.005110028
867.92535 1204.2235 444.9071 2316.266 0.0051083514
831.247 1955.4875 461.02408 599.0261 0.00509947
809.4687 780.02527 333.3499 619.66754 0.0050792946
606.72644 979.69446 795.0567 573.64056 0.005074824
347.7868 1673.6863 559.45074 955.4364 0.0050711418
483.7708 1615.443 724.33496 1623.7358 0.0050663687
881.61096 729.6223 390.92368 581.3906 0.0050629545
802.5111 1665.1866 495.9302 844.6596 0.005053519
890.2737 649.2564 240.06812 343.59616 0.0050494997
792.6003 925.1577 190.14268 164.58156 0.0050380775
746.8827 2168.829 324.37286 237.28062 0.004972745
546.2816 2019.6248 622.069 540.59735 0.004960854
550.8497 1105.5394 402.86142 340.98715 0.0049589123
807.26746 1190.4175 520.1669 739.3535 0.0049435836
496.53378 2019.979 415.4825 294.30414 0.0049333298
899.73376 1957.8594 365.05322 676.9473 0.00492231
615.35706 1831.7269 177.03192 237.69382 0.004914972
768.3028 1021.56415 610.7576 1119.0979 0.0048956326
802.4736 914.81793 544.03375 933.18616 0.0048871865
632.6704 602.85315 875.71716 822.4862 0.004826063
379.39832 1549.715 623.93427 774.067 0.0048217527
504.3001 1809.4603 692.4632 620.858 0.0048010256
851.79016 767.3178 226.62901 268.65656 0.004797646
370.7787 1926.8671 620.9657 777.90656 0.0047495635
566.2495 1934.9174 469.04404 688.81793 0.0047445693
805.4834 2072.5308 269.92767 304.54642 0.0046945787
940.53894 415.3096 178.98457 226.417 0.0046707946
771.06726 1712.4515 365.16995 599.158 0.0046373405
707.1182 1083.4323 573.3274 579.13715 0.0046150405
586.3274 1074.2216 871.8438 579.4702 0.0046022115
619.0878 1291.0626 145.06027 175.57266 0.0045848256
760.1949 1206.4425 481.01178 859.27014 0.004561673
521.0054 1744.3995 265.87802 326.6784 0.0045358343
729.4302 1811.1864 196.27492 238.33574 0.0045274734
649.48865 1214.7485 262.44766 330.8036 0.0045266715
512.4055 1213.4708 259.53506 348.34146 0.0045005903
247.42389 1960.532 420.66284 774.8903 0.0044964454
818.8721 2190.2322 173.3255 209.47238 0.004479041
754.02954 732.97314 306.35474 515.7834 0.004427794
865.6378 1518.3254 428.21115 851.07495 0.004426688
321.1524 1566.894 406.09454 810.7907 0.0044236463
647.18207 2155.3682 163.43742 161.3388 0.0044193347
329.9357 1412.9514 344.16174 635.938 0.004402679
655.2799 1844.4832 299.75516 436.63358 0.0043440666
473.9214 2084.098 345.93405 275.97876 0.0043419595
423.87747 1243.4515 523.3763 680.5151 0.0043331576
656.0112 1846.0731 311.9165 341.8658 0.0043301266
596.3878 1802.406 939.3113 449.48605 0.004325939
537.465 1773.8944 327.24988 361.34918 0.004325863
629.08545 724.8887 397.31808 477.72336 0.0042894706
884.5361 1114.495 322.72253 557.8763 0.0042894664
555.3443 2091.879 244.46736 317.79767 0.004283357
332.2259 1226.9376 179.69916 207.16869 0.0042555104
671.31067 1285.9409 801.9381 1689.3652 0.0042312844
732.16046 685.6914 592.62335 676.4422 0.0042286287
647.4436 1834.1559 218.73068 263.38986 0.0042092092
653.22986 1959.515 124.221855 127.43163 0.004205354
762.2309 2058.0205 242.02092 306.9598 0.004201693
581.9617 2255.6912 1002.5938 293.3121 0.0041842144
1027.1436 423.88202 123.555885 853.36523 0.0041798498
800.6823 1912.921 379.75876 541.4477 0.0041683456
918.2077 1407.085 319.72574 606.587 0.0041598887
596.0823 1537.5741 418.3698 562.4825 0.004154977
728.46045 1514.9427 339.75888 897.7819 0.004144838
521.54584 1621.1787 281.1074 503.16727 0.0041424944
583.95056 1783.7188 538.8701 475.67126 0.0041295616
858.9608 1512.5604 249.7566 346.6699 0.004125518
912.8101 2195.9517 336.88034 343.54428 0.0041212924
499.13406 2122.6145 222.18898 201.37265 0.0041158083
484.39542 2073.5728 504.6023 401.64798 0.004111479
138.43486 1256.9368 202.75052 585.49634 0.0041080173
601.6939 1071.9739 152.42046 174.03209 0.004075987
767.09985 1603.3196 231.93231 257.49496 0.0040735584
440.49524 1430.8651 626.3881 1159.8131 0.0040492867
759.36395 576.3275 652.7551 793.79486 0.0040295203
756.0685 1024.0919 627.85547 1324.0101 0.0040233205
930.629 2100.7961 288.31534 411.68045 0.0040224744
911.32263 1917.8829 243.3064 308.9293 0.0040157097
772.8508 506.87476 595.12897 610.57745 0.0039965506
712.9775 917.96594 126.09733 144.21446 0.0039952714
860.2089 1497.2528 194.27934 293.79865 0.0039904052
674.877 1003.6812 143.26865 164.21027 0.003988611
662.22534 1271.9202 269.8665 501.67102 0.003984495
959.23193 2126.8494 250.24852 478.09094 0.0039818897
394.6585 1891.7715 358.76224 458.61304 0.0039764754
643.266 1523.4043 231.52487 289.59357 0.0039761486
723.5822 1828.729 256.1829 432.3168 0.00395829
749.6501 1244.9503 227.755 272.14508 0.0039427523
605.44653 706.34283 299.38458 423.6489 0.0039110747
845.1271 1566.697 432.69608 680.7996 0.0039002856
784.18256 1610.6652 189.12947 208.15553 0.0038864163
727.25726 2121.8323 223.21393 184.83986 0.0038791276
889.5533 1851.7587 404.2849 1044.6661 0.0038498936
952.98596 1273.8562 273.10483 2190.2825 0.003841133
968.7687 2224.6904 229.89769 293.44482 0.0038374655
531.57416 880.8762 195.85782 179.65733 0.0038369938
845.1603 840.4703 320.48447 374.7535 0.003828213
885.8681 740.11743 167.49739 209.29291 0.0038271789
744.53705 1291.9144 540.3426 699.2006 0.0037997859
390.1759 1985.529 585.75836 651.8459 0.0037912503
208.00215 1357.5104 329.9592 682.0711 0.003786875
329.08215 1619.6106 378.00275 293.1167 0.0037783182
892.981 1057.5796 342.79205 468.27075 0.0037759317
948.2072 1570.8264 269.6925 387.1618 0.0037669702
930.9551 2194.8481 296.64044 326.022 0.00376694
764.452 1165.0491 572.13965 721.71924 0.0037618827
615.9798 2168.463 210.07959 169.09425 0.0037617718
783.786 913.6906 173.18872 138.93637 0.0037583925
851.3048 2221.3079 461.16202 311.03528 0.003748687
395.6004 2013.7966 207.27628 204.99901 0.003746816
921.15796 1353.3629 314.78412 606.0102 0.003731568
598.8948 1448.3674 968.777 854.80414 0.0037306177
232.5885 1028.0529 206.8584 261.98022 0.0037170192
669.8133 2129.4465 328.89566 143.93872 0.003715623
567.8416 2133.7388 178.36241 161.48933 0.0037127782
617.68115 1547.1912 237.37643 389.4149 0.0037067474
442.45026 2131.0361 256.67383 267.24478 0.0037044042
958.33374 2252.1208 246.42143 210.50679 0.0036991881
890.7317 1053.0049 387.46106 1009.2747 0.0036868702
919.7503 1794.4022 340.08337 1111.9684 0.003681404
756.59436 1060.4568 374.32153 457.472 0.0036771318
912.4533 2099.7446 194.58064 288.3742 0.003638195
810.8313 2216.3398 289.3688 267.6302 0.0036347604
869.3184 729.7496 413.95303 742.9415 0.0036242916
553.1074 1054.8483 643.13135 1188.3857 0.0036199943
549.8037 1053.7598 796.5602 461.83844 0.0036056156
618.1046 640.7385 875.99835 780.98474 0.0036014637
543.6906 315.38794 1076.694 630.29095 0.0035967815
664.13025 556.1051 810.0547 744.2106 0.0035878227
528.27106 2111.2358 614.5574 471.7552 0.0035864317
554.5973 1994.895 121.33978 128.26404 0.003573866
806.3498 965.98645 201.58452 226.11766 0.00356376
445.76654 2132.555 171.1138 175.16417 0.003561436
786.7626 988.52936 472.43063 387.67715 0.0035603836
654.4181 964.671 169.72249 212.19456 0.0035414398
741.21204 1443.3971 486.22827 602.91315 0.003540634
283.2751 1756.3969 210.99663 231.58638 0.0035366945
869.7089 2247.5278 433.54123 269.55872 0.0035312537
730.13086 1748.8569 259.5549 409.53568 0.003520274
904.21173 773.1304 246.25609 271.59552 0.0035165644
869.3143 657.71027 411.13272 623.2424 0.0035108742
653.45355 2181.101 174.3536 162.95697 0.0035107825
962.9996 1824.8407 232.51979 374.9707 0.0035098535
199.75774 1765.2687 294.8418 521.4593 0.003500285
543.1078 1640.0292 203.01108 218.09055 0.0034841623
401.26782 1720.1195 700.8075 426.74277 0.0034801583
866.9431 1993.9269 242.51006 308.02118 0.0034729473
452.68768 1297.7147 643.66284 1605.486 0.003456344
556.20807 702.82916 1010.47955 1031.6678 0.0034302007
587.49664 1758.5997 336.36703 348.81708 0.00342047
755.7122 1641.5125 260.98022 526.09424 0.0034080707
510.69403 2144.172 340.62354 282.67224 0.0034077372
503.87573 2148.19 376.43674 254.87004 0.0034055114
433.7549 1823.2269 756.1956 1069.7633 0.0034046
483.4204 1584.1332 241.34608 257.7996 0.0034010073
190.70024 1377.1559 282.1614 650.0951 0.0033842465
638.65295 1391.5748 225.89908 302.65063 0.0033760779
803.75745 2277.6338 559.9195 220.42294 0.0033706212
878.23737 1313.3716 172.42079 221.25287 0.0033705602
742.55493 821.4895 280.63873 589.40295 0.0033565208
849.9185 2244.2317 139.26355 147.23198 0.0033543555
355.5213 1076.3918 375.28003 464.37582 0.0033490162
759.9147 561.0708 644.0245 765.8353 0.0033479787
939.4107 1236.0187 289.12393 717.6457 0.0033478737
513.51843 2134.165 316.5898 317.7246 0.0033390312
673.3195 2197.8079 158.40395 215.08154 0.0033247275
456.51666 2073.3308 367.37857 470.60413 0.0033241762
565.2003 1288.4526 217.11082 229.13698 0.003318265
838.39484 1351.9668 200.34084 277.83118 0.003316266
146.76274 1175.7396 137.92181 284.56775 0.0033049202
371.9538 1926.8219 265.4482 404.665 0.0032714086
893.78015 2185.6638 155.79285 205.31345 0.0032622353
709.3042 1987.122 206.0049 360.09485 0.003246567
412.72333 2010.1783 371.70267 287.06534 0.003233004
720.72156 2200.4028 127.116936 155.31554 0.0032320407
373.86188 1915.9966 424.1711 486.402 0.0032298951
838.4593 861.7 259.485 260.97757 0.0032263908
873.14044 688.46704 398.43552 495.01923 0.0032252595
781.8578 622.02844 471.81918 395.449 0.003223195
386.7091 1964.5573 265.63098 294.22687 0.0032104647
485.65994 1639.4043 199.97935 212.62015 0.0032037243
634.5681 1737.9653 742.0427 450.68228 0.0032023815
709.78894 2170.5486 409.76663 175.91795 0.0031888827
941.1825 1115.2915 245.33325 412.0508 0.0031836184
389.05188 1812.9662 643.26 731.52924 0.0031763918
670.3447 1641.9681 272.853 419.6403 0.0031673773
606.6495 1870.433 219.80945 311.99686 0.0031609328
781.4584 1311.0267 243.8437 315.12097 0.0031603244
679.2565 869.1991 624.6108 556.0988 0.0031587998
185.04054 1612.744 232.10098 193.10335 0.0031542808
962.3915 1249.3687 241.50716 356.21732 0.00315226
646.6882 2157.352 144.5295 204.28174 0.0031465164
706.21375 954.0654 599.27 340.59692 0.0031430377
988.73364 2181.4368 194.28406 381.75854 0.003140472
960.3323 1227.3907 244.49918 372.53693 0.0031388826
774.43665 412.52292 614.293 832.7652 0.0031328695
647.4278 1033.5446 245.84633 399.4742 0.0031167264
427.04544 1537.5112 118.60644 138.77528 0.0031127054
879.338 626.5039 369.8743 316.8302 0.00310659
953.6629 770.6896 244.29358 322.76303 0.00310138
551.2537 1386.0194 259.87454 274.6714 0.003093835
458.24963 2210.58 289.1114 213.00449 0.0030841893
839.5088 1566.2 200.7568 239.56851 0.0030646387
977.8491 468.11295 217.89198 542.17926 0.0030587371
961.9161 1884.8105 231.53967 395.58124 0.0030558738
676.23676 1231.8202 268.86932 473.63477 0.003054018
616.88495 2065.7239 228.189 251.87222 0.003053951
549.75055 1832.0826 233.81114 326.8747 0.0030310522
1000.3929 2231.5312 166.67017 290.7967 0.0030290284
675.41046 2132.3035 248.52228 125.33283 0.003028778
323.4196 1406.3942 344.59653 665.47516 0.0030281518
777.23 1944.6248 271.65414 297.45084 0.0030195885
678.4422 2245.181 180.02747 206.32407 0.0030190155
945.9136 2118.6108 170.98991 214.06839 0.0030121128
758.6053 2295.7158 657.92035 204.86096 0.003010455
909.1863 231.59297 362.08502 457.1829 0.0030069863
685.77344 1210.8636 427.0611 503.72833 0.0030042944
549.29803 2145.902 678.45404 394.90268 0.0030022056
586.8975 2062.2786 564.59534 278.38406 0.0029975064
679.81274 1840.5162 400.62418 302.4861 0.0029936444
579.0143 1485.1652 158.57881 222.46431 0.0029868917
561.6603 1200.0604 1057.764 2359.7134 0.0029840218
936.9217 1108.4283 295.3991 566.23566 0.002960304
887.748 1412.4268 390.21683 711.74774 0.0029525089
660.4151 2059.4524 140.77594 214.1409 0.0029473605
545.19104 204.50404 1058.5175 406.78113 0.0029381097
195.9067 1392.8064 271.71796 714.6602 0.0029365022
462.94205 1983.5593 275.24072 411.8146 0.0029340896
411.2161 2180.4048 323.75153 235.40396 0.002926334
587.3596 1661.4716 223.59988 331.65167 0.0029195552
827.90826 1890.1995 177.3288 213.7222 0.0029148045
333.87204 1865.9442 109.567505 136.72878 0.002912893
918.4904 1581.0342 344.2026 1529.782 0.0029017958
506.49838 2184.7744 576.7678 307.52783 0.002891541
576.13855 1892.7655 881.7194 481.99402 0.0028829582
535.93506 2306.0796 1065.0044 194.38548 0.0028764778
624.53125 1371.9406 319.07446 410.57086 0.0028699178
752.00275 2052.0747 156.65335 226.79753 0.0028619638
624.6954 534.81134 153.8745 135.75822 0.0028530997
980.2183 523.24 209.82983 584.07416 0.002841542
96.71922 2077.7341 180.79904 679.78735 0.0028277887
738.6595 2170.1418 127.80192 187.449 0.0028233482
669.35547 2262.3938 193.84268 182.3101 0.0028220532
456.29095 1518.9313 152.9763 154.24742 0.0028218238
103.43677 2271.1045 203.91968 266.36313 0.002813382
977.43933 1579.2661 215.39017 281.31342 0.0028120202
972.97217 2235.2244 209.57901 273.91284 0.0028079732
306.8426 1817.1279 541.22375 1091.6765 0.002807032
980.5127 2030.9745 221.09898 699.55225 0.002805759
151.38113 2226.3455 290.0933 355.39777 0.0028044973
503.29456 2211.8523 343.5731 256.50882 0.0028001426
552.7911 634.6671 1023.3321 877.00775 0.0027985945
922.8309 2102.5063 211.13344 303.08542 0.002788958
472.9817 1660.6771 146.95752 185.82648 0.0027794773
838.77686 1979.0865 288.92975 345.58725 0.0027694902
728.7672 2027.6295 182.67918 254.32321 0.0027634979
684.82684 2192.5576 312.2592 230.21924 0.0027624483
557.4048 917.1183 223.61662 160.951 0.0027458286
960.788 2310.029 252.49202 143.87103 0.002733733
918.91705 1868.9694 329.33194 998.5567 0.0027306317
292.29254 1944.2101 335.2428 337.7274 0.0027226526
519.4317 2165.6995 682.329 337.43518 0.0027152824
949.2425 920.08295 187.818 221.74023 0.0027063733
539.9993 1373.6403 146.66275 184.08589 0.0026856638
757.8189 469.73566 637.6161 557.2326 0.0026838852
342.35425 1997.8854 319.35205 248.4766 0.0026831806
550.06775 1831.7112 160.62668 245.17624 0.002671001
849.1706 2265.8123 240.65578 216.49234 0.002670527
728.1163 1391.7603 216.59091 281.8371 0.0026596729
730.1821 1881.3402 516.56006 294.59302 0.0026578621
501.0231 1542.2559 234.25545 283.50497 0.0026521133
671.4917 2222.796 151.08545 147.03304 0.0026495832
695.2953 2122.3376 168.47847 148.7981 0.0026392406
709.7954 2080.5835 179.33133 204.87924 0.0026223625
1027.864 713.3278 124.45491 1434.2219 0.0026146427
554.1444 353.67926 952.97955 711.4443 0.0026087528
889.7263 1764.2822 196.21756 280.78253 0.002608641
706.1436 1412.7487 146.47334 174.38768 0.0025970603
585.68085 2289.8125 190.11479 159.15387 0.0025873848
994.8676 1888.4279 183.55452 456.41364 0.002558823
670.6949 2017.5282 144.87952 188.94344 0.0025480627
637.9458 1990.341 139.83955 154.2335 0.002544611
613.99194 2168.6292 257.14212 324.71198 0.0025424107
612.424 1490.7357 94.77012 161.5045 0.0025421518
522.94806 2255.7642 187.0047 197.99911 0.002537145
302.67407 1804.0862 187.89034 188.5973 0.0025297103
647.338 1066.8303 734.4703 677.1258 0.0025294456
942.2315 2187.562 173.9768 264.7123 0.0025112603
1024.5966 1040.8542 131.56 2148.317 0.0025090682
819.234 2157.0422 210.30286 258.49542 0.0025060591
370.03128 1887.2609 624.5202 965.3972 0.0025000777
494.9214 1025.7941 69.53232 100.06132 0.002497457
728.6027 1540.4705 298.14624 318.4502 0.00249745
650.47455 2238.3926 123.99356 138.22772 0.0024969047
974.3899 1356.1041 229.69156 1082.6874 0.002495111
812.49426 1373.0643 181.87154 285.48657 0.0024923508
998.70013 2267.8906 163.82843 173.54968 0.0024914844
703.80896 2043.832 185.06439 254.68275 0.0024913647
471.41693 2246.4004 371.13995 214.27042 0.0024778107
395.23807 2230.0476 443.3535 240.66924 0.0024762119
893.8063 2342.763 388.72168 118.14779 0.0024722244
847.1701 1354.3369 463.93893 1933.7012 0.0024602485
784.1336 1759.978 166.54721 203.8325 0.0024555123
244.48053 2113.7966 265.43063 211.44571 0.0024552788
560.89526 1200.6272 1057.6244 2351.311 0.0024483476
771.06726 2252.3416 115.2935 132.57231 0.0024466245
927.07574 2016.9774 200.29308 192.27672 0.0024411923
598.9358 1559.9913 533.7663 488.914 0.0024345708
1027.3916 182.13988 124.176346 363.93228 0.0024289074
821.98834 2143.9497 290.51114 191.52463 0.002427205
974.3117 1997.4553 178.80774 221.55367 0.0024241577
723.36755 1471.179 142.27684 221.7684 0.0024212548
315.35492 2019.0718 46.021023 50.066174 0.0024175846
507.90433 1558.8002 141.0787 159.6772 0.0024108926
597.5216 1736.2314 139.88667 162.50317 0.0024039403
996.0584 1220.9807 160.14078 240.46101 0.0024018257
940.59296 2255.9756 132.81842 136.08055 0.002396471
873.25104 1769.2189 173.69968 180.12274 0.0023870151
793.619 2102.0579 166.70955 197.57188 0.0023821113
818.3194 2279.32 194.34474 188.22356 0.0023813297
791.6489 2074.3357 180.85342 248.11887 0.002376866
987.7711 484.451 186.06789 374.49887 0.0023727631
563.16925 1202.4465 1031.7164 2328.6091 0.0023705077
879.708 1612.4722 377.91653 688.0473 0.0023690828
642.54974 2015.648 255.97942 502.16843 0.0023667747
470.606 2230.2122 168.62395 127.65637 0.0023646904
941.4452 2125.4114 228.8584 424.4297 0.0023630587
592.80005 1806.208 243.23865 303.4909 0.002350974
1027.8557 824.5201 125.721756 1659.9663 0.0023426064
633.9273 461.69666 599.4545 526.22314 0.002342213
373.19977 2106.6821 406.70038 543.03064 0.0023399955
271.4534 2274.087 241.93843 230.22316 0.0023384187
359.34354 2239.2488 297.54904 254.05348 0.0023278908
662.7732 1499.7249 178.05983 237.53116 0.0023174612
59.92656 751.15125 110.64392 561.5229 0.0023089172
831.6217 2169.3325 158.28839 190.31859 0.0023074513
187.09375 2113.6794 264.8003 265.47443 0.0023055715
1001.8453 757.4694 171.04964 322.4598 0.0022988403
702.3976 2272.5337 156.75897 203.62692 0.0022784576
357.6473 1782.3921 244.07973 359.45795 0.0022770457
653.7894 2290.2563 546.0181 179.81241 0.0022705875
739.2929 575.7362 92.97467 176.81169 0.002269853
523.74457 220.80898 197.39038 189.39777 0.0022676857
493.8959 1091.3016 457.54706 457.7106 0.0022622978
556.3954 1771.2601 152.82782 255.13837 0.0022513224
721.89746 2055.0012 280.26236 254.30019 0.0022434422
885.752 2271.799 106.90069 132.34476 0.002242131
86.87167 2206.8894 162.6231 400.282 0.0022308042
810.8129 2048.012 165.90761 223.8126 0.002228041
48.29219 623.3947 90.5409 549.81055 0.002217377
506.362 1862.7778 546.57916 618.2652 0.0022110476
977.20276 1699.9507 209.38461 491.64676 0.002208869
907.32104 2288.5132 301.96713 175.5502 0.0022074897
955.41986 2271.0842 136.60637 149.81581 0.0022053942
832.1017 1754.4443 207.50519 223.89268 0.002194047
344.81207 306.94128 216.59189 229.62885 0.0021906944
462.23218 2225.3584 476.54034 310.80136 0.0021898022
308.57718 2324.3586 263.04147 155.80026 0.0021864595
650.1842 2307.6956 542.3684 206.74763 0.0021854392
640.90924 1957.7598 98.84696 131.31729 0.0021764475
262.23456 2225.3 374.57648 343.9618 0.0021760913
774.5939 2307.9312 241.87006 124.20243 0.002173312
845.42194 2145.6514 140.47679 179.66943 0.0021690694
188.70256 735.55597 238.2211 305.4326 0.0021640644
53.808872 418.3203 102.96338 798.113 0.0021628952
544.6105 1646.5267 826.6853 376.60092 0.0021612265
1006.9542 2314.419 158.96072 134.89163 0.002148155
189.24026 279.4959 245.66048 279.86063 0.0021448631
770.65576 2124.9053 392.33734 157.40681 0.0021430156
520.33453 2260.0 577.09656 256.8307 0.0021278013
542.29297 132.85886 1075.0756 262.7551 0.002126443
352.78467 2230.4766 531.60596 333.8068 0.0021232115
589.5656 2298.45 268.40826 148.4985 0.0021147854
988.6934 1758.9712 204.9436 461.0907 0.002112778
522.7399 115.50002 275.71786 221.15036 0.0021075075
973.2566 977.4954 198.88359 334.7377 0.0021044603
983.00433 1151.1876 212.84221 2371.1592 0.0020979354
842.0377 2340.8438 495.6485 122.641365 0.0020955328
927.4849 2318.3362 219.8268 133.85725 0.002093137
805.08844 2340.0105 564.24896 125.1039 0.0020913968
846.82306 2264.6438 396.6279 246.98917 0.002080914
1015.0847 1783.2773 240.12349 577.1488 0.0020773662
1016.4478 562.4736 141.34001 360.23907 0.0020644425
985.8206 1151.2797 187.91792 256.25836 0.0020623077
675.21436 93.7652 248.18706 177.63622 0.0020579533
317.8648 242.43858 447.1776 419.9957 0.0020563342
82.87616 2364.5833 161.58801 86.20231 0.0020509104
386.47723 2330.5935 231.34421 139.90947 0.0020484398
816.82184 2286.171 176.4289 183.5227 0.0020480596
1025.8488 2274.8596 118.74451 206.75964 0.002035892
837.5935 2312.9543 231.34229 133.76042 0.0020292422
787.37494 2297.1145 197.56053 155.83824 0.0020291198
638.38525 2229.5305 949.4615 317.07468 0.0020273977
568.3993 2293.1467 243.24655 152.21732 0.0020246904
962.54065 2283.525 109.587616 125.32944 0.0020195923
888.3668 1222.2557 417.2644 781.79926 0.0020054537
509.20526 32.468678 252.39214 68.28104 0.002000921
900.9198 1253.2004 486.76895 840.6862 0.001995323
505.1487 2320.895 201.87938 134.99126 0.0019925968
634.7225 943.4932 589.67694 1148.2501 0.0019923002
797.02106 367.1426 365.66995 534.41046 0.001984314
55.865875 325.45193 106.95712 482.57584 0.0019820442
962.3388 2383.4924 278.74347 54.70337 0.0019782684
219.47571 2330.8945 395.63742 153.16508 0.0019668017
925.5062 986.62634 287.1071 1452.4327 0.0019612284
352.63107 1491.5894 433.38257 864.9307 0.0019582876
1002.2038 1217.0131 173.07729 304.3432 0.0019554948
574.1453 2317.7554 155.77422 130.05336 0.0019553124
151.05345 2285.3145 279.15634 234.6864 0.0019552184
723.34015 1144.6285 336.03687 698.84015 0.001953166
868.5154 1139.1508 406.90002 912.7473 0.0019399372
856.2728 2307.648 184.81499 143.58142 0.0019381791
1018.1532 2327.7021 134.04651 108.42852 0.0019334825
615.82764 2305.1187 225.83504 125.0756 0.0019332019
1027.9084 2280.162 117.3337 202.00404 0.0019310492
983.076 2364.0562 204.92209 76.99987 0.0019194805
1012.12286 728.3489 154.15988 694.83417 0.0019147277
1065.4542 129.42918 47.229736 240.23735 0.0019121671
579.33356 1218.669 298.33197 1101.0548 0.0019039405
902.61084 871.84515 318.45032 616.726 0.0019010406
954.2921 2288.1458 196.07458 152.58769 0.0019005782
510.80826 1376.5837 720.61096 1052.3596 0.0018988323
1023.4372 1734.5212 280.15637 415.82065 0.0018976288
284.13574 257.91626 456.22147 441.1881 0.0018969562
724.514 2174.0024 510.55048 229.89734 0.001896171
566.4934 1212.3204 1031.2268 2321.4463 0.0018948583
920.93085 2317.8037 288.84695 133.69261 0.0018947466
117.483925 234.75722 222.04816 422.84515 0.0018917521
1006.43787 1791.6802 160.80304 317.11987 0.0018914228
554.047 1410.2725 250.96979 283.10333 0.0018657483
1028.7014 1814.9655 121.7811 332.6492 0.00186021
758.1521 2297.0735 166.67723 174.1606 0.0018595213
1019.61334 2319.1472 133.98238 126.17337 0.0018556392
1023.88324 1845.1154 126.710266 250.98329 0.0018542239
533.37787 1160.0912 848.0696 1039.1061 0.0018535323
460.47183 2266.8384 439.85394 210.97417 0.0018468624
497.66638 2338.6914 242.10254 128.82372 0.0018355716
344.50067 2329.4639 453.40463 160.34695 0.0018266663
965.71155 931.23193 182.6002 224.61769 0.0018230435
25.953825 500.63144 51.442886 846.75635 0.0018165143
293.04132 2307.074 214.58617 158.76053 0.0017932141
630.6006 603.8358 917.31665 819.6111 0.0017849997
908.3329 2191.0542 370.24362 403.90216 0.0017692737
1013.5611 746.4586 145.58353 291.67975 0.0017685142
625.2858 1646.5736 336.77988 1076.4288 0.0017663193
985.4848 231.9439 231.12209 440.85724 0.0017599988
763.6682 2321.895 184.8102 118.3385 0.0017595482
1014.3567 2362.4915 144.20964 80.01115 0.0017433182
641.0663 1820.7179 827.759 337.87317 0.0017415822
33.796608 245.65007 66.46388 419.20874 0.0017379583
1041.4666 2236.7754 82.235535 274.92627 0.0017355739
925.9308 2266.1086 121.38276 96.209694 0.0017313795
863.8874 2382.9817 420.15414 44.019 0.0017093965
848.9909 1315.4941 408.6235 1885.1205 0.001702378
832.7469 2310.7605 129.70235 121.702995 0.0016960575
564.6138 2354.069 197.8564 109.45289 0.0016942031
999.3524 1302.0813 215.35219 386.8042 0.0016894195
1002.41785 1497.1875 182.13821 449.6729 0.0016888542
1020.6464 520.74207 123.45937 296.911 0.0016746392
538.77844 2362.2417 229.87473 66.35373 0.0016679601
132.01546 195.44527 251.62 356.14008 0.0016657137
863.82086 2381.1655 429.77182 50.56505 0.0016631528
881.8972 2323.164 128.18289 112.69242 0.0016483763
963.0644 2354.224 246.27905 58.80711 0.0016418229
1034.6566 1610.6669 271.13782 428.45703 0.001635504
979.09937 2311.8772 140.3274 109.9969 0.0016318953
413.93948 2329.1006 570.1419 146.7732 0.0016250607
856.01434 2348.039 252.13065 228.25067 0.0016245657
581.8177 1328.8424 976.4878 2099.9102 0.0016226171
789.61285 2320.4407 157.11165 123.38827 0.0016212743
413.2641 2355.9058 213.9158 97.4493 0.0016171602
1025.9285 279.07013 120.14561 242.79555 0.0015882477
646.6629 2339.1357 257.0222 116.64815 0.0015872546
382.09665 73.035194 236.53342 130.95006 0.0015844898
687.15497 2353.8416 266.7144 74.94925 0.0015815565
963.375 2374.4797 227.2947 43.96213 0.0015812997
355.31723 2354.2336 207.0442 107.68806 0.0015803492
1009.41943 1935.7269 124.1882 172.25568 0.0015767991
702.51666 719.06555 559.3736 522.5145 0.0015651799
361.74832 1532.2256 487.82178 1300.9331 0.0015647904
204.94374 2362.2942 385.81955 99.799034 0.0015476437
990.77747 2308.737 177.0087 117.66678 0.0015412899
419.62497 48.223866 213.4206 95.37863 0.001539674
506.3642 2362.4746 368.9161 79.86988 0.0015329346
803.62024 2322.2017 151.61101 106.99465 0.0015263443
1026.0967 474.53336 122.40567 297.34186 0.0015260472
305.11908 1568.914 312.89517 687.133 0.0015242072
757.8246 2308.7065 568.41815 183.17465 0.0015241767
636.13226 2122.283 366.42035 497.84683 0.0015222947
272.8301 179.76662 526.9504 330.93274 0.0015145933
654.01807 2319.5034 160.37032 173.08566 0.0015121679
594.685 2243.794 413.24423 464.92642 0.0015037712
376.35803 34.86236 381.23447 66.698975 0.0015016284
959.8288 2345.1226 107.71324 90.1116 0.0014996942
297.2328 2387.354 588.38873 53.85607 0.0014946793
1031.8944 1773.9286 109.038414 250.93459 0.0014865558
257.71024 52.642025 272.75345 101.30855 0.0014823886
409.39413 30.311283 794.4783 56.964413 0.001481264
991.3407 111.89129 173.80476 213.01283 0.0014738706
1032.0791 943.6653 116.31432 302.9491 0.0014717367
601.1356 2349.2393 142.36423 114.716286 0.0014651973
1033.2162 613.50836 92.94833 93.733574 0.0014581763
1043.118 1578.4476 92.86673 237.56065 0.0014552196
990.7262 2323.4595 202.43118 114.025 0.0014540047
1012.98486 783.3684 261.07812 358.33505 0.0014535361
477.40463 891.0822 81.01985 149.46379 0.0014473901
977.7605 1173.206 228.08104 2374.6023 0.0014323415
794.3349 2331.0508 219.47595 104.20095 0.0014316862
875.58734 2342.3044 145.61938 88.203064 0.0014312358
19.103325 278.22104 38.116055 470.40256 0.0014288354
1000.91174 2402.4912 153.65564 33.69873 0.0014288027
585.6712 797.8458 261.01193 282.5314 0.0014253088
524.8478 1828.6726 492.0718 298.97455 0.0014085531
402.6473 2376.05 461.92896 67.8986 0.0014059244
527.2772 2357.1294 432.50037 97.25536 0.0014027187
521.75397 1802.5922 622.97156 963.71295 0.0014013015
1030.05 63.966106 124.64683 128.3977 0.0013890377
306.34183 2382.4158 195.59186 97.80366 0.0013853025
314.0723 2372.0393 298.6623 81.981735 0.0013823832
243.9427 131.10938 468.78708 242.62921 0.001375084
1040.7556 803.6188 101.24305 568.07574 0.001367422
716.0484 2359.443 347.38483 82.994446 0.0013669495
1026.8478 1730.51 145.73741 254.27103 0.0013600904
809.99115 2138.1606 378.46802 317.10568 0.0013557626
857.2616 2402.357 382.72787 26.434149 0.0013535216
1023.9017 2309.5745 140.60962 143.91235 0.0013529517
448.10294 1312.2054 761.55334 1296.9205 0.0013506062
1054.2245 427.13742 71.60643 520.4772 0.0013389215
1044.2471 902.394 94.86239 542.76184 0.0013326711
1057.9341 2170.4573 63.34218 289.15826 0.0013288782
741.38165 2376.8982 220.29637 85.737404 0.0013234351
1050.4547 1470.6031 82.2826 426.15408 0.0013224392
837.4502 2364.1038 171.43121 71.15783 0.0013136631
210.87799 104.03677 407.10367 201.34673 0.001313354
801.5724 2351.6228 165.97426 83.39686 0.0012976193
775.34143 1918.1769 504.24408 902.09534 0.0012927257
583.94727 2376.5002 140.38689 82.07298 0.0012883554
1004.0367 2307.7659 189.02711 156.85211 0.001276437
532.8523 2380.9045 219.71454 64.682976 0.0012760041
1031.4299 185.48465 119.39375 372.50754 0.001273463
744.3175 2394.9978 723.15497 88.536415 0.0012693475
1030.915 2393.7307 102.87208 33.20076 0.0012688495
990.8909 2334.5542 174.21198 120.3049 0.0012641179
829.92615 2402.934 196.5453 40.193554 0.0012634799
1033.8809 2189.5107 141.14833 211.11607 0.0012548269
436.0682 1763.1171 315.70667 261.13626 0.0012544845
1017.47424 2373.1323 137.88882 58.71476 0.0012320786
962.9816 2366.6091 221.22655 76.65248 0.001227795
1055.7604 903.4766 70.53582 459.9608 0.0012124694
633.1117 1292.2439 343.6196 1128.6382 0.0012028258
1027.2026 2308.279 120.84988 182.71306 0.0011982842
530.4949 1560.4451 581.6656 966.7417 0.0011980148
1032.1866 2329.3594 101.09738 144.56949 0.0011907393
1026.0066 2394.2488 104.264854 35.418957 0.0011893129
1010.9593 2334.4202 146.26718 135.92804 0.001187983
1006.68414 2391.1992 140.73868 41.795277 0.0011725974
36.129375 2374.5266 88.4057 160.75331 0.0011692785
1057.3353 1356.1827 69.135864 265.23877 0.0011655377
1061.6819 990.94714 79.63846 304.87238 0.0011613833
1021.52875 2330.4624 118.14723 148.7502 0.0011602632
997.026 916.9025 233.09769 380.11255 0.0011572955
1025.9591 2389.9836 137.69452 52.161133 0.0011547711
470.06058 1404.3878 565.9701 918.3911 0.0011457977
1072.9792 181.93341 35.970055 361.62277 0.0011225695
1061.0808 965.0373 62.27954 310.94186 0.0011156901
1063.395 2364.4224 53.676964 73.580246 0.0011100428
996.77466 2389.8914 158.62027 40.41429 0.0011061919
1020.9316 2390.508 115.65866 39.581783 0.0011044376
357.06458 1436.2437 423.0587 947.8176 0.0010984396
982.8436 432.8847 382.57208 451.2011 0.0010963035
223.54051 1953.9783 203.5561 793.30084 0.0010925162
1031.9884 2335.826 105.27465 120.25503 0.0010871461
466.30472 517.39905 737.70953 1038.5382 0.0010800688
1065.0641 1260.8329 53.516785 521.04285 0.0010675723
345.36642 1882.3567 249.86415 781.45 0.0010673582
1063.7655 70.98202 55.046207 139.37039 0.0010476395
1058.3938 2207.6965 170.50739 208.53653 0.0010438786
1033.1584 2312.7732 168.56767 132.38205 0.001042824
436.1683 1593.5499 542.09375 1227.0759 0.0010418152
1006.33405 2344.885 182.83524 97.148506 0.0010377819
991.6004 2347.999 192.09946 100.61501 0.001033339
372.73618 1757.8453 417.00522 1104.6465 0.001028667
1049.6073 2359.1812 78.50459 90.49368 0.0010278744
726.49603 604.80664 503.54282 512.251 0.0010276038
1051.0436 2393.526 67.23826 41.86211 0.0010245284
1067.1727 1369.5488 49.515915 376.13452 0.0010165955
1012.7973 2186.2239 158.0131 128.42938 0.0010008814
980.1481 2368.364 187.26202 75.773346 0.0009999727
1038.4631 2387.5488 85.29834 46.442913 0.0009997422
1072.5917 983.06177 39.761654 327.7045 0.0009925946
814.0852 1270.1968 454.13864 1382.3381 0.00096035015
979.40656 2366.1187 214.01979 82.24268 0.0009587206
797.5838 2275.7046 370.70203 291.8585 0.0009551047
1045.7289 2363.8103 86.70545 69.872955 0.0009402095
666.1414 2261.9233 709.22144 509.6096 0.000939545
999.5824 2383.4119 148.70721 55.800194 0.00093607366
1073.9 1941.2777 36.95534 314.14435 0.00093352457
1042.59 2372.056 107.23078 65.50909 0.0009295921
975.5637 2385.772 252.24513 85.50392 0.0009157211
1071.5582 623.5599 41.141018 202.99911 0.0009022906
554.3168 1943.5123 1008.41583 846.2694 0.0009021444
1038.4573 2119.0046 145.84311 431.46536 0.00090172596
1085.846 107.909004 15.308131 195.44933 0.0009009878
517.64844 1489.9637 1025.3298 931.45404 0.000891771
425.0128 936.7528 423.11032 892.8236 0.0008876383
125.215744 1488.1326 221.10226 1682.3303 0.0008835993
934.7677 395.92624 415.9114 772.5918 0.00088287593
1077.2325 1856.9119 30.364355 344.86307 0.000875368
486.72147 1004.307 650.2252 1048.5736 0.0008736049
1039.2194 2367.5222 106.450134 69.5056 0.0008609962
1079.1873 1476.5125 27.374287 199.28009 0.0008462262
591.7085 1787.8215 430.55576 849.4611 0.0008454887
1076.7351 2182.3958 53.097507 152.5397 0.00084536907
706.88855 2411.642 808.5832 5.089853 0.00084166817
1072.1041 1138.3346 42.591145 335.32263 0.00084123434
921.99304 2391.8486 429.71002 57.154778 0.00074793166
846.7585 2410.814 536.7196 9.592505 0.0007445758
763.89685 736.74854 639.13684 918.03973 0.0007269602
642.5773 2179.2683 271.51398 338.68906 0.00071407226
620.49347 2410.1768 920.5078 13.011879 0.0007081537
544.7485 2051.2278 607.40985 530.4053 0.00069816085
678.29443 2293.7722 342.88846 222.21822 0.0006915586
459.18906 1742.0121 750.01044 751.9872 0.000680529
815.48267 2359.6602 554.3272 94.6813 0.0006716407
1086.5823 2316.3154 13.502478 165.26582 0.0006697828
828.6524 2407.7668 646.8784 9.692872 0.00066395954
813.4571 250.50388 599.3186 638.3135 0.00063552824
693.13245 739.32263 512.80634 490.03165 0.00063136255
742.0012 396.10153 729.99493 760.7134 0.0006235993
920.0863 1647.2075 431.1947 534.35 0.00059774
601.5022 1152.1816 758.6808 606.1361 0.00059650844
773.22864 500.1474 691.0344 576.8727 0.0005862877
628.45197 2409.2637 1005.8879 9.013967 0.0005690533
676.5959 2276.2795 920.9225 131.0539 0.00056377717
722.99713 1862.6608 572.58746 594.4243 0.0005616324
868.7593 363.7279 566.8882 578.15027 0.00054217025
713.242 433.001 769.2637 484.52475 0.000536652
751.7283 292.18402 586.48334 697.27344 0.00052900554
747.22003 567.80255 729.2597 529.74036 0.0004922464
1028.168 2318.5156 157.68849 164.23137 0.0004884143
945.1704 599.6686 448.39734 415.86978 0.00045703267
561.0363 776.20435 946.8817 726.1533 0.00045548627
755.9358 174.5049 715.17 473.4092 0.0004356563
946.1318 567.12585 478.59943 401.16714 0.0004351182
942.7771 494.19397 440.04166 423.60748 0.00043400575
938.2979 504.89923 398.2403 590.3986 0.00042869447
934.7544 467.49112 478.4356 415.74408 0.000425452
956.9552 387.2213 414.51923 506.1439 0.00037707618
