336.78973 1241.1866 666.9264 2474.8125 0.7048886
318.68195 1682.8627 633.0526 1522.6034 0.147332
314.52896 1597.1819 618.8574 1338.5312 0.1143115
146.06587 281.8016 120.282364 177.32857 0.09059011
106.245575 205.4763 210.51578 349.9594 0.09021617
636.8696 1877.0789 150.41757 178.52371 0.070456535
292.3138 636.7229 577.76776 1270.5944 0.06403957
91.473854 122.50845 174.15504 182.78787 0.05890777
315.23993 980.09656 572.7133 1813.8804 0.048229035
328.62665 976.95276 638.3862 1934.0454 0.042273067
297.51392 1677.4927 574.8607 1097.1893 0.042184755
305.7866 1550.6759 585.13837 1019.70795 0.040740967
296.9409 1717.449 581.20105 1089.0278 0.04039066
314.49805 1468.926 605.763 1097.2792 0.040254023
324.40146 833.90967 631.0694 1653.6621 0.03713745
110.05333 268.76514 219.46326 487.19827 0.03524383
292.18774 760.7228 562.993 1488.942 0.034906074
145.13916 193.45999 288.22073 384.11328 0.033971652
341.25305 1239.7823 671.8595 2474.9595 0.032863438
430.19696 1166.7314 332.83893 511.58273 0.032046776
314.72794 1386.6487 588.03357 1465.8826 0.029683156
289.46033 501.8282 572.1164 1004.5549 0.029433865
298.5295 1004.07764 529.1544 1418.4716 0.02899103
317.5141 1539.4742 624.024 1779.9094 0.028543165
331.63412 645.53 653.19476 1287.5737 0.028227212
312.34525 1165.174 518.6061 1648.7545 0.027216438
310.20367 1416.1779 589.23285 992.31445 0.027173165
464.22806 702.49164 398.08203 1407.2068 0.026812915
334.4768 724.5883 657.5102 1446.7638 0.026156882
245.30292 633.8979 482.592 1240.6521 0.025720386
290.67288 1788.4105 568.6239 936.4876 0.025292097
332.87988 710.9682 653.7746 1419.8494 0.025224617
382.4368 1090.9364 241.42047 367.09515 0.02511102
311.69745 1358.3066 590.9639 1720.4746 0.02386096
152.05191 250.22855 302.05237 497.46957 0.023131868
309.7767 1137.5516 573.8344 1438.4939 0.02275406
330.10428 1856.6465 653.53467 1225.6594 0.022301167
485.21646 976.88635 371.03223 1954.275 0.022182683
426.4108 648.5556 326.98776 1285.6549 0.021785175
108.988434 283.1769 200.0547 207.91115 0.020993888
322.88025 1885.7809 638.2966 1167.1368 0.020696029
172.77701 276.33597 343.07645 543.9464 0.020670574
448.14825 1430.2968 362.60562 1029.0862 0.020596556
299.17514 1623.0416 520.55444 770.00507 0.020370308
293.37744 406.305 581.66693 811.9363 0.020130547
307.19653 1304.4777 575.36664 790.5552 0.020078786
310.56064 1452.5892 553.8221 818.3149 0.020002961
316.15497 1181.6896 525.3406 543.38104 0.019621724
200.45981 193.83755 396.80237 386.49976 0.018885462
291.62143 1165.8407 494.2195 523.53 0.018324316
464.5664 957.9027 407.64874 1916.8643 0.01812817
349.86145 2136.5823 690.59827 717.3241 0.017983371
257.99048 995.152 478.11786 1541.6633 0.017607441
265.7129 1433.6165 487.39203 1423.5507 0.017441593
224.7203 1089.7882 438.10086 2079.1794 0.017186202
233.43822 1246.011 448.42126 1869.7911 0.017078167
463.59476 1221.6368 256.40475 403.99734 0.016718015
253.15741 1712.3062 472.08405 876.4416 0.016569104
237.85152 517.6131 468.4674 1014.9337 0.016537767
255.22055 913.1522 490.09088 1736.6963 0.016454363
213.35602 197.44324 422.61905 392.25784 0.016383303
203.61565 2015.4744 399.23215 443.1033 0.016145168
160.46025 322.5693 317.7872 631.455 0.016144834
380.00034 1452.9816 461.9893 1066.2329 0.015911499
426.2925 1124.6184 153.8179 231.07695 0.015777858
222.79463 793.41223 194.35054 208.86038 0.01571327
238.8603 761.15985 463.15717 1010.6913 0.015705463
220.2176 803.29626 243.737 268.53696 0.015558547
153.69649 1208.1406 173.3879 218.43217 0.015476859
287.41113 260.74146 569.3891 523.66705 0.015457303
175.95428 1262.4811 221.36073 332.15805 0.015091441
205.2721 1668.8743 404.3457 1142.0934 0.015041485
280.88617 1890.1415 554.4123 1054.6387 0.0150119765
369.8198 855.3866 529.3264 1668.9866 0.014814095
233.92432 897.463 444.92593 737.20496 0.014810769
302.6786 1050.2327 506.25632 728.6498 0.014787783
303.81107 2132.2554 604.6549 693.2933 0.014754038
307.94177 1079.5721 573.41113 1042.8848 0.014751992
310.63712 2042.0542 614.407 866.3831 0.014737688
46.64152 2057.3613 92.77712 327.03384 0.014733272
433.63617 1282.3087 354.20215 733.68463 0.014624051
208.29591 849.59106 391.09073 502.50314 0.014518335
285.38907 998.71533 533.15 1150.9934 0.01441454
350.61475 1087.5673 187.70526 361.6565 0.014377767
477.6502 1438.4999 430.5541 1062.0728 0.014219478
300.3266 1029.2288 570.55054 1021.8523 0.013965845
204.24629 733.5577 387.28195 737.20776 0.013766694
215.79874 244.1703 428.2493 486.1774 0.013675759
184.79915 858.9887 287.06744 388.21463 0.013605097
184.17732 548.05426 360.70526 1022.6973 0.013602621
253.37408 874.3702 491.712 845.5118 0.013522121
449.52393 1333.5524 179.05501 180.01694 0.013470278
463.28122 831.01807 407.1592 1665.916 0.013387336
509.15616 688.6594 305.09183 1370.2765 0.013378145
98.12229 1357.4047 163.9053 152.19443 0.01334078
261.2703 1423.9131 505.08203 1547.5458 0.01329198
131.29918 1309.4922 250.303 426.47104 0.012957976
341.3158 1440.1582 575.0848 1092.3862 0.012954372
311.82007 362.15784 616.44684 720.2945 0.01293812
39.024628 2058.9233 77.684975 296.13782 0.012929889
222.23073 938.838 345.07803 533.5416 0.0128797125
301.2148 1046.1705 580.34045 740.47064 0.01283155
362.66397 678.6492 555.3981 1350.7258 0.012660139
191.58177 250.86665 380.58298 500.917 0.012631168
238.29489 1705.9095 475.585 1231.2325 0.0124142235
416.77588 901.0546 474.99918 1799.0673 0.0123767825
184.13498 366.98395 364.11365 727.01776 0.012272779
215.60129 1424.1095 420.9131 1625.3679 0.0122040855
328.16074 1171.5149 497.7862 556.3081 0.012077658
516.2894 983.1125 377.74396 1965.6743 0.012027556
301.56863 1060.8192 551.7363 843.63074 0.011986472
230.30795 304.26566 456.20853 605.6154 0.011933033
266.29758 1704.5167 382.48743 656.42126 0.01192594
201.29356 459.7547 397.02383 912.7172 0.011878391
202.79317 896.7742 387.4313 703.9516 0.011875862
248.14375 1586.9426 424.692 709.2706 0.011693269
305.2395 1564.1393 396.77484 580.668 0.011683073
380.9915 1568.1555 423.66455 882.28815 0.011680128
304.95657 1049.5005 583.4567 1139.4564 0.011650957
191.47986 635.6842 377.0592 1234.4016 0.011611412
233.20113 1433.926 415.7524 674.58374 0.0115801245
201.63805 366.9338 398.29947 729.651 0.011529719
441.91132 1360.6603 336.1098 821.4296 0.011517863
433.9063 880.0966 327.8181 1020.2667 0.011439275
185.50351 1311.9626 278.33328 432.90323 0.011379634
462.69324 996.2631 433.59473 1996.5189 0.011271481
178.3735 1578.8651 347.1277 947.58057 0.011266334
107.57599 430.0816 214.48994 829.90546 0.011155811
192.14055 393.5472 379.51492 781.7809 0.011110554
355.96088 1025.9388 497.98322 1361.2665 0.0111029865
172.24995 1192.7783 337.12314 2315.4646 0.01106034
471.22977 1307.4235 233.57346 233.96558 0.01102425
307.89896 1080.8245 591.41394 708.5683 0.0109214
422.66852 1115.541 113.36811 154.11058 0.010841554
438.88428 793.94336 451.9547 1591.4825 0.010784487
434.47314 794.8062 363.1994 1169.8115 0.010757949
289.12256 226.75626 574.0557 453.15952 0.010742635
217.552 2101.3755 431.891 673.78534 0.010729649
292.27628 1671.4254 361.943 661.6777 0.010717888
204.68889 807.6706 134.86661 154.65689 0.010687
237.7896 821.4458 322.61765 343.7032 0.010635258
233.68658 628.80286 322.5476 544.60626 0.01053487
235.50018 781.6916 458.16992 1513.8391 0.010494541
308.07446 975.8503 592.2001 1144.0952 0.010417995
432.23413 870.448 431.74893 1749.3469 0.010394238
301.12726 1186.9434 577.4416 522.10986 0.0103673935
153.92616 1473.3324 300.34024 753.2865 0.010361729
441.39304 1668.3121 311.03522 586.9069 0.010302833
251.61626 278.81946 500.6906 557.0999 0.010284073
139.33133 1723.6033 275.2934 1258.906 0.010236812
237.14288 1979.0972 472.53076 973.8424 0.0102249775
354.99423 798.7712 420.1661 1196.3141 0.0102231335
463.8081 608.13605 393.07162 1224.5354 0.010218479
54.182068 1519.6885 99.58908 141.15617 0.01021548
432.98248 973.6752 361.50217 889.9771 0.01018251
137.88008 99.206696 273.4504 195.43906 0.010122105
195.89574 1393.7975 344.5888 587.33765 0.0101195015
285.96497 269.48355 136.84155 229.85106 0.010063194
380.48157 1014.6296 257.98288 515.1298 0.010054319
405.7976 1672.9598 303.81516 570.5994 0.010014432
308.6567 1070.897 595.4205 818.4312 0.010003342
108.887825 1379.0243 196.54308 230.89595 0.010000183
424.47266 1664.691 344.35483 624.943 0.0099955015
127.265144 379.43445 252.20346 751.19116 0.009991477
189.48882 804.5619 367.7275 933.7512 0.009878428
464.13965 906.4944 381.4831 1834.2787 0.009827053
121.179276 1232.9468 236.6747 2391.8137 0.009815293
329.61462 200.87025 392.4687 400.45166 0.009801487
299.74136 1737.8701 318.5655 479.2782 0.009793416
230.34508 1989.6251 452.44717 580.446 0.009755865
49.085697 2144.8894 96.523476 171.87883 0.009621377
524.92706 1455.9628 329.44522 1020.1639 0.00959148
381.6242 1332.7377 480.40207 1299.3444 0.009590035
416.36914 1550.9679 541.7767 1248.0494 0.009578235
305.4304 1200.2458 486.46002 405.42816 0.009569536
256.86923 1987.5684 344.7268 416.11893 0.009531021
432.6272 1055.2233 349.62463 721.758 0.009507669
205.48677 769.0922 401.20154 1102.1407 0.009417419
457.2448 1428.5294 484.31607 1116.9402 0.009392821
318.43466 1008.8396 406.41656 639.2475 0.009356858
119.05621 1379.3046 209.06317 230.55882 0.009331592
340.85693 879.71967 464.14902 1058.6864 0.009329829
248.24176 878.9797 281.72894 431.16043 0.0093239965
187.00612 1372.7117 352.35397 565.1331 0.009320556
442.0167 1343.4852 397.7541 1202.8885 0.009277151
59.762817 1530.5918 113.57861 169.61188 0.009244147
238.04712 947.7496 456.99515 1296.6826 0.009241723
85.58643 2063.8206 169.13567 344.8706 0.009201259
243.38924 1101.8167 355.81805 381.3971 0.009193624
351.22696 243.37585 153.31741 261.67206 0.00919081
350.6091 2014.7802 695.153 495.58334 0.009183483
358.42233 1652.4762 380.27856 959.5099 0.009152482
318.17114 1356.7765 624.41644 1286.2139 0.009128799
305.32428 1043.713 585.16626 1141.0492 0.009122995
15.649975 2055.416 31.393444 289.57468 0.009118573
289.23984 1948.7728 220.81601 322.2498 0.009054481
374.23447 254.92297 389.72397 511.7139 0.009041177
39.244717 1992.2992 77.45519 186.64142 0.009030378
351.36166 1970.7645 693.3134 1051.5115 0.00896866
206.16458 572.0826 394.59 676.47894 0.008964575
467.71692 785.96576 319.29944 1209.9607 0.008934504
289.85666 1145.441 420.03354 434.1344 0.008886504
227.36522 2089.492 308.09625 281.81277 0.008880429
302.18124 999.39386 324.66705 580.89185 0.008820176
212.05118 732.6762 404.32748 661.951 0.008750681
249.25388 1817.4664 316.45752 687.6628 0.00873879
445.92752 948.62634 360.73123 1048.638 0.008732724
366.01996 1445.3148 409.203 721.1075 0.00868466
308.95905 93.384766 241.66228 185.19963 0.008679579
121.3102 1380.9685 236.47844 562.2763 0.008679234
141.55347 2115.891 281.16565 616.4159 0.008667545
252.172 890.2254 231.82413 328.17664 0.0086458735
420.6656 965.9844 332.776 641.54114 0.008614245
524.6948 894.11237 281.97873 1792.6865 0.008594546
348.7909 1028.9075 407.05826 896.22974 0.008564232
392.2173 887.38306 284.82605 778.5519 0.008554273
389.05338 1722.1636 174.40544 303.64795 0.008548937
262.89465 64.36942 161.96764 125.88904 0.008546965
481.1915 1666.5311 253.87999 569.2266 0.008523432
483.41788 1058.0762 272.67456 572.7257 0.008486247
538.1502 1491.157 224.04787 924.7857 0.008481794
391.2149 2047.5942 547.4572 2134.638 0.008481629
291.81482 1139.5858 263.44244 306.85785 0.008466565
122.81773 1512.0063 241.64839 833.56036 0.008459195
448.3547 1572.5503 392.30524 1370.607 0.008441662
448.7808 1220.9385 396.87668 1550.2916 0.008386066
151.31958 691.67334 292.1543 660.0664 0.00837936
327.98004 1078.5013 190.2272 380.5796 0.008367221
262.3552 1614.1963 219.9902 352.9926 0.008365571
323.5958 1080.4519 179.85277 346.02924 0.008360008
480.2938 1581.5873 286.09308 748.61786 0.008358458
48.307793 2135.509 96.049904 556.57965 0.008322603
305.89044 353.59332 603.4082 700.72565 0.008294822
200.29471 528.55804 390.89212 753.0648 0.008277018
506.25616 1486.3849 287.90613 957.27 0.008272592
287.38034 596.9453 292.76736 495.83063 0.008254498
444.1744 532.0755 420.99457 1066.4937 0.008247721
368.15747 361.18237 416.92432 727.0133 0.008190423
9.519111 2018.286 19.265501 416.74948 0.008189865
476.11807 755.1499 275.50394 875.4163 0.00818379
238.50084 423.72647 335.46893 558.2281 0.008162049
588.96576 1617.5577 144.01883 694.3903 0.008159941
228.26927 1239.6047 346.44772 331.66183 0.00815366
332.9805 419.25012 665.9629 839.00543 0.008079938
5.686282 2021.6802 11.589009 285.17273 0.008079784
133.8785 2270.8481 128.68484 167.69308 0.008064264
172.91618 1423.3137 166.67026 277.00745 0.008058804
354.97546 1303.7087 330.9561 580.79095 0.008050609
330.12518 1091.1438 407.7513 740.6374 0.008020594
249.70177 1603.267 127.80789 223.08221 0.0080136005
291.6246 1317.7288 479.55225 502.55225 0.008008072
37.575363 2105.7004 74.63983 190.04414 0.00795582
378.65906 968.9828 126.80076 157.41525 0.00794897
379.74915 1628.9037 398.14093 1129.8081 0.007927603
460.1902 1204.72 406.37424 1598.1486 0.007907224
483.0355 637.6203 251.53632 690.07245 0.007888509
182.23943 753.67236 357.65866 1464.6016 0.007870378
42.32997 1956.6603 84.195755 480.44696 0.007840915
455.1482 1609.9518 359.07248 1422.0133 0.007821042
402.8113 945.4626 439.54712 1494.1736 0.007812687
155.7174 1811.8436 309.99924 1323.0126 0.0078107393
137.2922 651.01105 270.2229 1250.5771 0.007809361
155.68448 1685.9187 298.01248 499.71777 0.0078039914
503.7657 621.0358 207.1806 545.59033 0.00779419
294.77942 1833.51 265.87 665.1474 0.0077935006
21.95707 2180.6636 43.869904 583.1117 0.00778219
493.58542 461.5146 325.8539 926.5378 0.007773618
117.564606 601.96173 232.78397 1156.0928 0.0077449754
412.3726 1740.2026 253.2935 406.4442 0.007734287
294.72504 231.66035 161.89563 271.47055 0.007721065
194.25371 624.2766 382.32193 868.62885 0.0077167223
195.87256 1028.4987 382.9602 1375.5742 0.0076506254
433.22357 441.49307 313.42734 876.47235 0.0076123006
306.10098 1714.476 174.98409 315.41486 0.0075760367
546.89825 1442.0852 228.46896 1041.9565 0.0075755958
470.44803 842.5547 283.88193 1062.0574 0.007574248
594.8136 1863.5232 241.88353 346.28845 0.007568694
165.67319 485.81808 327.78366 962.0885 0.007550674
156.55734 563.535 310.50476 1077.2258 0.007546234
103.35808 1133.0107 203.30743 2218.9424 0.0075250966
264.1877 2078.9502 201.3747 235.38293 0.00750997
33.446327 2004.6777 67.031685 523.95593 0.007459753
491.5507 1199.5275 420.49786 2415.6472 0.0074472516
293.00815 1846.7386 247.29518 422.6722 0.0074092466
490.12476 1755.1152 210.37672 355.78632 0.0073973224
202.59503 1858.5629 400.12494 767.0559 0.0073854066
469.57758 958.6773 301.38766 851.326 0.00738281
449.00702 1183.2744 372.85645 925.3935 0.0073491237
59.179993 2135.536 117.225464 656.1136 0.007346397
265.16248 721.465 267.08008 385.17096 0.0073409253
315.57376 1177.1936 118.97452 189.03114 0.0073309187
142.30792 2238.4963 281.7839 476.18848 0.0073189116
320.51834 1128.4572 243.1516 380.45865 0.007305094
502.7148 1441.6864 272.10123 1004.68036 0.007302688
414.65747 235.01898 259.3492 410.84283 0.007299505
360.00848 1089.9618 377.233 684.4549 0.007293475
527.87494 485.13464 272.61206 972.1126 0.007275744
274.52222 2060.461 175.10239 210.32979 0.007274862
330.76724 521.83014 621.7425 1042.5664 0.007266925
244.72586 821.17035 205.51549 284.81662 0.0072593135
497.19012 1084.9745 302.91702 1435.5303 0.007255005
147.5142 281.42786 112.178185 168.72336 0.0072326846
517.11273 1193.9001 192.07938 321.47534 0.0072314315
461.89023 200.45486 233.53748 397.15448 0.0072219116
323.48654 1569.6746 224.62653 390.28372 0.007215323
305.06494 887.5017 315.59158 722.7814 0.007208825
480.23337 668.2271 223.50511 616.8855 0.0071635484
542.5557 1691.0216 320.32068 588.1731 0.0071525923
158.02127 2310.225 307.81775 340.25055 0.0071235695
369.615 474.77414 398.2799 956.66675 0.007116989
288.7857 1535.6233 286.81567 610.9217 0.007101467
230.34047 1896.814 267.75186 579.34314 0.007092307
578.8097 1582.3965 256.12378 783.63885 0.0070911082
375.73065 171.69427 337.7297 342.96973 0.0070826462
292.60822 1314.4106 358.18353 758.1706 0.0070667886
519.7443 1689.8971 165.4553 394.8564 0.0070498525
606.85284 1550.9136 205.42935 852.0509 0.0070331655
595.7316 1650.9653 129.64412 620.30426 0.007018163
242.92715 1460.977 193.32516 349.79193 0.0070078024
126.9157 83.125 254.69044 228.5917 0.0070039844
52.346306 1770.7876 103.83526 977.3434 0.007001829
36.823784 197.21835 74.296646 333.09232 0.007001262
509.5541 1261.6483 296.03998 1400.6703 0.00699438
142.09709 885.9992 278.8867 1736.0117 0.006994201
461.22852 945.32935 382.72714 1923.5916 0.0069862804
138.61523 645.4295 272.663 1254.6805 0.0069844616
57.297215 1948.8398 113.38947 1040.7822 0.0069804513
292.66266 187.19392 586.3743 370.66272 0.0069553293
315.8577 1714.8853 171.74641 383.2938 0.0069417274
120.85929 1493.2664 231.39471 428.08575 0.0069354256
353.0763 2256.975 696.9357 515.11066 0.006897691
490.79453 760.0745 191.84846 452.164 0.0068898234
247.51158 454.09653 143.17664 229.63147 0.006888871
174.32608 1929.0787 347.34128 942.5013 0.0068518394
242.34557 533.95764 220.98396 337.2516 0.0068307286
183.30504 1324.6614 354.17682 916.3294 0.006816271
120.73538 2342.101 234.82677 293.51562 0.00680925
177.2168 375.09937 304.84805 365.52585 0.006795619
59.871696 2286.307 117.62264 378.26263 0.0067816274
478.21414 466.40894 343.32507 942.6363 0.006763793
568.0882 1760.3616 134.30086 387.90677 0.0067589865
435.0468 1245.4203 123.022644 313.5444 0.006731825
506.50598 841.7012 234.96126 688.3462 0.0067064706
10.430183 2093.205 21.088074 213.6889 0.006694525
390.36563 1356.7706 241.50424 547.6651 0.0066764285
627.61237 1715.0002 172.91191 523.4288 0.006672059
439.7143 1200.8566 395.21182 1202.0468 0.006656617
143.3512 1837.8408 291.1489 770.1685 0.006654675
296.2568 866.66907 169.71736 218.97539 0.0066436077
467.59064 783.7898 389.8562 1590.3251 0.006641909
243.45537 794.5289 156.39624 154.56152 0.0066261934
303.494 954.8075 599.0091 725.0127 0.0065788054
628.26874 2144.9502 206.9003 736.6761 0.0065677115
418.9765 676.0937 286.67352 684.0672 0.006565854
478.2592 729.0154 210.04668 848.0984 0.0065636397
533.3706 615.0146 273.0737 1240.9463 0.00655376
256.7258 1712.2646 526.8802 1093.4194 0.006551643
307.16812 951.5425 339.83466 527.30304 0.0065469956
529.1959 680.52344 219.92006 1283.6324 0.00654453
489.07004 1551.0322 207.02567 343.68756 0.0065366663
515.15076 1690.2269 157.93787 238.83472 0.0065270215
53.270714 1778.999 103.485794 1406.8943 0.006525006
117.20996 1611.5878 222.96063 341.82837 0.0065172333
478.37848 766.3605 220.90189 474.90527 0.0065155905
328.9712 320.06366 655.37335 641.1696 0.006507996
359.3257 959.0985 394.4033 789.33704 0.006503761
92.00359 1823.2631 183.89096 781.4944 0.006426184
138.28275 2005.4855 277.41013 886.7786 0.0063880305
38.90339 2290.6895 76.9562 387.62607 0.006382007
63.031956 1840.1702 125.559 802.05646 0.006363833
322.61343 1986.8989 633.5452 458.4103 0.006349957
195.31433 555.1325 288.4587 363.3598 0.006339165
29.98374 305.15204 60.19018 213.76936 0.006310294
434.95007 1793.1613 465.96683 880.69495 0.0063010463
114.29478 2162.3467 217.59256 206.61429 0.006300557
38.227962 389.8162 77.23982 215.20795 0.0062956866
215.51904 864.1772 426.0481 813.902 0.006294905
376.62207 998.7249 255.07669 555.00616 0.0062656584
381.4878 1869.0483 621.71185 1933.3604 0.006243058
395.32462 1243.1227 213.25523 315.29312 0.0062310966
283.995 1909.5565 234.15767 385.1563 0.0061930544
374.85672 1380.5597 275.49234 381.0823 0.006173704
597.53754 2011.2081 235.57936 468.21368 0.0061707264
427.13956 1597.7596 377.5496 1372.6536 0.0061542345
429.77615 992.5806 308.89038 1562.2714 0.0061485237
84.283615 1962.9342 168.61006 1022.4978 0.0061205095
477.75504 1236.4193 315.41107 1449.9196 0.0061094104
241.89246 1207.7732 359.07928 557.5701 0.006107575
490.76917 692.28204 214.1248 639.863 0.0061067212
150.09819 51.793015 289.12418 102.28915 0.0060902783
158.98706 1378.4608 316.14096 1984.4327 0.006073016
573.41956 1506.0829 126.77445 387.4221 0.00606023
62.96965 2333.7153 122.92281 309.57367 0.0060535646
406.79312 875.2908 122.066895 162.63834 0.006047694
393.3127 818.8914 411.30984 1197.7042 0.006040169
640.2411 1876.559 139.33414 170.62581 0.0060325246
247.77785 1211.9158 450.4166 698.49335 0.006005602
308.40594 1574.36 247.02383 336.78183 0.005990739
318.93863 1314.6056 239.82452 496.12802 0.00595697
262.85297 548.1457 221.53592 515.30365 0.0059533315
46.098175 203.19096 93.20667 330.02258 0.005951904
126.358604 634.7272 249.01468 1227.1514 0.005951613
201.85114 1272.4591 185.31812 345.05072 0.005946208
455.84033 869.01575 403.40848 1771.024 0.0059280647
607.05066 1805.4214 233.50668 480.54068 0.0058934987
328.52454 1629.284 200.1321 298.19104 0.005890133
545.94434 559.46313 202.56155 1021.2175 0.005870159
520.6658 1597.7477 158.62657 305.8688 0.005849331
560.32227 1400.0776 230.27342 1127.4336 0.005847432
200.6261 5.537909 401.94803 10.697734 0.005835234
638.0254 1724.5344 151.44217 493.85376 0.005827579
445.4463 956.17993 370.33832 857.8224 0.005825867
503.85767 1687.2822 317.33405 1604.7516 0.0058178576
500.1784 978.06494 271.0127 713.556 0.005817703
386.18488 1640.8002 380.4111 1130.9584 0.005810537
96.114006 2241.267 196.71236 467.4054 0.005782206
459.59497 92.44289 236.28008 183.19531 0.005768691
559.8774 1699.0566 171.91045 520.9049 0.005758698
404.64194 1721.3302 305.32413 617.01025 0.0057408405
372.7365 90.660225 391.72333 179.15083 0.0057381634
446.2094 1083.102 395.5965 1729.9458 0.0057204366
539.7763 676.03815 269.77798 1364.9663 0.005719474
114.84915 809.3396 222.39479 617.6621 0.005705066
491.26202 737.41895 462.26727 1471.6725 0.0056994585
398.32224 348.50903 213.6166 558.20416 0.00569622
513.6579 1014.7916 263.34537 781.693 0.005693695
341.69324 1140.2979 166.11717 426.00845 0.005668795
555.5023 1354.1206 138.67203 223.80832 0.005668739
2.0505285 2071.2805 4.5383067 477.92328 0.0056582903
499.26575 1635.4633 397.20645 1486.8297 0.0056580063
149.68886 695.1144 282.56686 409.39612 0.0055681765
525.16266 1114.5277 220.61453 486.35016 0.0055621387
10.103383 1925.368 20.422539 685.5807 0.0055580656
563.4079 818.3301 235.7847 1647.3982 0.005556448
515.1225 530.6618 200.64268 518.02527 0.0055184127
386.25995 18.417007 259.30334 36.94835 0.0055147866
414.7812 888.9593 341.61996 781.8729 0.0055124075
78.244736 470.9224 138.26942 222.22105 0.0054894723
523.3925 1328.7001 146.96739 171.36551 0.0054764533
462.9341 1552.4323 251.06487 565.8807 0.0054764017
244.75987 1021.7576 249.96478 319.63995 0.0054494063
456.31857 493.06604 304.80045 975.2489 0.005445576
526.29065 395.26617 213.87967 506.55634 0.0054450226
460.20877 920.2953 250.40121 1736.9546 0.0054083895
484.4623 1596.6625 226.32677 424.925 0.0054008774
371.29282 1309.8547 513.431 945.4294 0.005397387
419.0458 338.29367 358.6443 680.0107 0.005397211
372.7929 2092.4229 100.90572 202.27936 0.0053909123
63.206703 2351.5469 122.98166 267.27127 0.0053837732
6.503717 2113.5825 13.433584 748.7044 0.005381111
187.67984 983.1562 193.19789 330.23648 0.005360496
545.48047 1239.4922 350.07 2475.2832 0.005359515
195.44366 949.1452 380.69556 1055.9111 0.0053392104
190.1236 876.2796 375.9324 755.44434 0.0053276503
460.5368 1134.5563 342.57117 1022.18317 0.0053219395
395.62427 659.51825 199.23888 354.56314 0.0053211246
400.98495 324.78857 351.11044 653.8093 0.005320314
434.04205 1682.5295 284.81625 583.3714 0.0053170095
644.6771 1474.3057 172.90639 985.6141 0.0053155343
94.78892 444.61795 165.22159 197.52675 0.0053108498
469.33383 497.7086 276.63968 984.08545 0.0053017996
477.37085 97.4988 208.14922 193.23659 0.005290621
108.67063 1458.0409 213.4611 1657.0485 0.0052740364
373.4327 176.53111 411.92227 354.04388 0.005262507
350.9546 2015.2559 202.0889 367.63324 0.0052574147
562.3613 1522.3226 157.93039 478.30734 0.0052558016
485.7633 859.2542 224.09366 814.5512 0.005234646
4.858708 1872.0339 9.873623 683.07056 0.005232124
575.48413 1253.2505 247.92448 1425.1012 0.005223935
233.89525 616.06976 166.96632 206.09099 0.005219643
67.08758 1497.344 129.0188 434.93402 0.0052158535
204.25319 2131.5105 290.4158 731.37244 0.0052103614
641.05634 1583.7959 173.84378 767.63544 0.005210233
337.4316 430.3895 682.42834 871.16595 0.0051888833
31.999012 1823.5352 63.669968 876.9543 0.0051815636
427.46988 682.018 167.54843 326.8667 0.005180848
354.24155 1577.5098 158.72675 253.48244 0.0051646554
401.09845 149.59978 337.4957 296.80463 0.005138899
100.474754 1379.7751 195.80449 580.05347 0.005138838
243.22049 2111.8643 337.66687 368.6191 0.0051336777
71.32483 2299.113 126.437996 288.11877 0.005118047
68.04636 1342.3145 128.71239 486.96313 0.0051003965
210.40195 461.72464 426.44418 914.0474 0.0050983164
452.40942 1207.9252 311.8562 1316.012 0.0050930893
535.6587 2122.7908 361.50528 687.2121 0.005087678
96.604744 2316.1992 99.208984 149.54538 0.005086891
362.98755 2397.3076 710.98395 240.76186 0.0050746966
106.642685 589.5739 211.9278 1148.8127 0.005069867
407.3937 1564.1387 165.25049 301.25647 0.0050691115
5.0896397 2117.7236 10.510266 720.5726 0.005063968
487.63593 1877.8933 333.89575 1094.978 0.0050608604
19.018494 1802.0873 37.811184 1365.2982 0.0050477795
521.86017 1051.3279 233.05295 634.92236 0.0050466517
544.9343 281.61417 232.54263 568.4956 0.005045754
676.1896 29.624561 134.89832 59.555515 0.0050140866
405.3546 2061.2646 187.31352 346.17657 0.0050121816
406.0519 1930.3762 184.84657 347.00885 0.0049969144
531.43964 1472.3563 125.69625 243.58928 0.0049934494
107.82327 1716.3469 206.56308 398.38254 0.0049923477
432.62943 1063.9557 317.64215 401.86368 0.0049784677
336.08307 2085.5652 250.11995 490.68213 0.004949923
241.2772 922.9618 390.52286 1385.78 0.004949305
338.77985 2124.4614 167.42201 297.14713 0.0049448176
648.20184 821.98395 182.58461 458.7477 0.004934175
460.31467 1139.7914 352.29135 854.8252 0.0049256743
350.97778 1926.6217 192.40474 298.9364 0.0049114986
348.031 2076.3318 297.89316 593.9904 0.004905583
471.96262 1743.7684 217.20006 377.71646 0.0049032904
620.19385 1410.4569 156.66911 1108.3141 0.0048887543
350.12766 2031.7455 205.90985 372.95917 0.0048881583
445.7368 56.757168 261.85303 112.75929 0.0048860894
9.940939 2172.0002 19.309065 595.4652 0.0048771896
11.395814 2331.7473 23.392607 325.56522 0.0048755035
389.2274 1693.2634 136.37119 217.43265 0.0048726373
648.8163 1433.1196 166.40372 1085.3907 0.0048711025
571.72327 1394.7661 203.50937 759.5246 0.00486331
219.21005 48.304947 428.559 95.6361 0.004841507
500.3175 322.5679 310.94345 649.0077 0.0048337504
513.30927 962.24896 261.52448 849.8271 0.0048119053
638.43646 647.46484 182.42937 603.97906 0.0048091
274.47757 1632.6012 130.35025 210.40646 0.0048077903
2.6580057 1881.1116 5.5214467 584.47327 0.004807149
434.1291 324.66537 363.9971 653.316 0.004785124
110.27323 813.4826 204.75697 500.83884 0.0047843773
130.52194 741.5478 237.33025 414.92953 0.0047749346
446.367 1405.6356 530.0848 1244.8721 0.004773849
315.4175 2058.34 231.31851 326.13074 0.004756182
503.22113 1759.7516 394.13046 856.2289 0.004755737
93.193886 158.69759 178.13622 246.20203 0.004752301
667.2666 2035.0571 198.48137 489.72418 0.004751343
338.8611 1424.2888 198.27907 318.08234 0.0047370885
568.87024 1980.3512 277.37558 460.9451 0.004735297
496.41644 1158.2131 298.91135 1007.29926 0.0047141523
646.476 1239.5461 174.93095 1459.1321 0.004706918
232.61305 2152.9746 282.94217 516.70966 0.004701669
500.10254 1722.4762 279.7613 663.1995 0.004698457
463.8364 995.9523 422.01932 2008.305 0.0046971417
503.73526 1091.006 362.42728 2193.0566 0.0046941307
536.9966 1155.6676 294.63464 2338.2815 0.00466261
482.86063 1264.815 324.65338 1385.9856 0.0046481383
169.85033 553.9638 317.90103 635.53186 0.0046340446
13.435321 1874.461 26.7524 1142.8646 0.0046331035
592.8714 2336.641 248.12683 355.7917 0.004628657
548.2953 1340.3129 244.1762 1252.5475 0.0046269
250.125 893.5239 497.67636 1748.4679 0.0046152924
29.99977 2348.48 58.527786 292.20956 0.004596553
529.2264 1156.5479 321.1839 2339.493 0.004585505
232.82726 1388.9398 327.07486 505.77362 0.004583183
575.1682 2058.701 286.5119 882.4221 0.0045811823
293.42352 1671.0931 110.022514 218.09796 0.0045784344
432.4511 1862.5762 304.83792 998.69507 0.004578369
149.0557 468.30948 139.39505 129.60721 0.0045703985
216.15608 1440.6648 411.42087 1943.7616 0.004568271
460.56998 5.771301 396.30417 11.23412 0.004565438
115.39942 745.63794 220.38362 567.9409 0.0045484942
646.0228 796.90704 187.41296 609.49146 0.0045382036
409.21133 505.5523 470.01074 853.85876 0.0045336904
226.99178 1172.329 283.95493 389.81253 0.0045171864
571.53375 411.20883 138.75397 485.57925 0.0045124735
506.8109 38.464268 209.55432 74.84387 0.0045006354
562.2643 1877.7916 98.41731 184.15266 0.0044989716
550.8215 9.737965 263.36356 19.883793 0.004490365
455.88974 818.58344 159.2657 298.47482 0.0044903285
489.17587 2064.1123 375.74866 582.62177 0.00448543
393.45862 1153.6509 271.3215 502.41928 0.004483525
280.5055 2383.61 583.4511 339.5019 0.0044783796
489.35794 1119.759 239.0452 691.8673 0.004462945
500.71613 1595.3911 391.24216 743.34204 0.0044520893
23.301271 392.56168 47.412003 720.1593 0.004433039
623.4355 1903.8398 203.19916 586.4343 0.004432374
168.05006 2297.8477 268.26028 329.97247 0.004430891
171.61288 2328.496 337.73022 312.25247 0.0044298163
587.0204 1563.7153 204.92766 806.32495 0.0044221785
710.74414 102.06919 68.17095 205.71266 0.0044120187
88.53358 1322.3798 151.8591 374.37036 0.004395459
547.23663 2004.458 329.57916 481.1247 0.0043837535
505.84262 1004.49036 283.49393 677.9564 0.004373952
250.21191 1883.1285 114.66754 202.989 0.0043621873
309.53497 1304.731 309.0969 1180.9861 0.0043614525
529.16327 1142.9479 321.34286 2319.4856 0.0043567857
446.18863 1269.5511 108.267715 227.49542 0.004338918
8.683272 122.52358 17.269394 239.67392 0.0043119765
115.31637 607.9655 212.7641 533.7043 0.0043069925
96.37729 2199.959 140.37009 146.80104 0.00428281
670.34924 699.8025 136.42433 485.5345 0.0042481883
365.9034 2122.9016 146.72145 258.41772 0.0042422498
401.21762 1929.0748 104.648155 207.42761 0.004237215
425.30832 1965.2123 120.92689 203.98427 0.0042362977
603.9373 1455.5952 250.16174 1061.1086 0.0042330567
299.2856 1205.8546 288.22513 997.59186 0.0042147595
548.01105 1614.1311 305.15985 997.90015 0.00419433
447.67554 2112.2222 249.11836 462.4009 0.0041865176
415.599 250.34853 279.07175 496.07074 0.004181678
182.42719 1788.7941 155.90485 223.71053 0.004181636
468.55127 2174.0974 325.4452 579.2625 0.00418012
528.12115 123.67081 200.38216 245.74237 0.004175406
585.42236 2396.016 262.1161 241.00415 0.0041749403
487.3868 681.08545 273.6731 581.5872 0.004167012
3.7772422 2258.9402 7.5236177 433.59595 0.0041654017
23.251959 2403.8923 46.046352 194.39502 0.004131501
510.80658 1701.1367 279.5677 1533.5831 0.0041231913
593.8423 1634.602 238.36562 866.6566 0.0040794844
608.45526 1769.5839 312.89215 1095.8832 0.004076763
638.71063 467.13818 199.51306 941.1735 0.004060323
568.2134 421.18054 136.58511 239.67996 0.0040587494
33.22246 2459.039 65.16762 112.63162 0.0040583275
645.9346 1052.0461 175.14244 1847.0923 0.004055709
261.22043 2294.5098 546.91956 417.41122 0.0040427153
644.1629 2400.7234 179.93231 236.1128 0.0040376596
294.7657 84.391045 592.9397 167.25574 0.0040350235
268.33774 2094.253 148.3234 231.60774 0.0040348475
160.41374 1838.9241 331.78326 884.03186 0.004031415
190.32014 362.62692 378.59293 721.2404 0.004026377
418.86526 1340.2021 94.20747 149.25607 0.004023372
570.29785 193.24602 164.49648 378.6737 0.004020068
307.01868 72.594124 616.241 141.2346 0.0040164785
166.68442 641.5024 308.96472 471.35202 0.0039958213
564.6261 2378.236 316.23166 271.45505 0.003993194
224.4144 1101.0789 323.04886 544.7271 0.0039926576
586.14307 2384.8352 221.11928 256.07715 0.0039704023
317.92584 1906.6533 116.89023 187.52458 0.003958354
310.47568 2166.794 363.07678 388.9905 0.0039545414
143.12956 819.7312 256.051 915.6729 0.003941404
546.6253 2087.978 277.00095 424.32718 0.003937445
383.8498 2108.9644 357.9803 366.41388 0.0039351475
684.52344 1539.1525 154.73009 1018.8061 0.003931697
672.4389 528.0071 136.85951 1065.5282 0.0039206217
559.7396 2358.6006 298.91797 388.4304 0.003914225
470.7171 1184.825 106.3368 139.85812 0.003913903
17.82511 2074.9814 33.120872 242.7072 0.0039073927
94.21926 1265.8123 181.92165 1304.9464 0.0038863758
443.86316 2052.045 233.57335 527.02893 0.0038820435
555.43896 2199.376 277.28406 577.58887 0.0038820067
513.9005 117.556694 238.41815 233.45554 0.0038788843
148.7362 1229.9446 308.14093 2391.8638 0.0038787778
67.351326 901.41046 130.03929 491.8783 0.0038735818
665.68646 2240.4612 152.68561 510.59195 0.0038633086
607.2813 1385.7671 331.65152 1146.6299 0.0038622075
31.029903 2405.3005 60.673992 205.61809 0.0038617875
3.4365778 1784.5098 7.348719 301.64215 0.0038547958
5.666143 1663.6985 11.659103 503.85513 0.0038369354
1.3753312 2098.9766 3.4061925 267.3959 0.0038335961
644.70807 2271.706 189.31929 481.7143 0.0038310708
593.59796 366.34866 135.58797 719.39154 0.0038277535
17.844318 2362.0374 35.230675 231.47253 0.0038219427
363.39923 2014.6547 125.5383 245.91666 0.0037879795
66.20444 2432.3215 129.12685 146.72128 0.0037744972
400.2483 66.68062 351.5474 136.70316 0.0037558742
355.60477 1701.4823 704.1007 1603.1035 0.0037249685
404.68405 1989.9243 129.74501 217.28151 0.0037236735
457.6765 1967.0704 111.91969 238.7203 0.00372275
388.58664 1692.9635 135.38145 292.50754 0.0037164083
342.58517 2427.299 665.19257 182.84364 0.0037098252
566.5672 1103.7 146.68327 399.3732 0.0037069218
608.10944 298.5098 132.13206 597.2261 0.0036977036
334.0654 1541.9374 660.6705 1898.8346 0.0036925776
614.4145 2383.778 201.26591 267.05585 0.003686972
122.79327 2326.8274 172.28166 147.48802 0.0036646451
298.863 1361.0142 575.35895 869.2331 0.0036627236
501.87695 2152.397 325.64026 715.5358 0.003659038
21.785128 2351.5537 42.374554 217.6976 0.0036588171
391.40787 2245.8516 224.7333 398.588 0.0036450466
533.5493 1203.4158 307.53168 2418.9753 0.0036350542
409.90317 2137.114 101.361145 182.75436 0.0036318672
480.19254 2074.6665 140.56042 235.50258 0.0036199
2.926696 1759.5084 5.981359 1029.9032 0.003610736
657.8588 1915.8411 209.64066 304.4842 0.0035991985
506.8405 266.32025 258.82346 527.62274 0.0035917505
4.33276 2404.0159 8.714613 179.04388 0.0035721024
665.3882 1020.32697 150.56294 377.43088 0.0035679128
648.84717 2412.1865 143.17265 207.00064 0.0035593214
577.536 2003.8417 207.57172 278.7625 0.003552828
694.14557 2237.7144 88.48809 559.13556 0.0035473125
452.3453 1394.9066 107.401794 140.48569 0.0035459592
387.3031 2038.9478 154.75568 317.09247 0.003544672
659.0978 1543.2697 129.92409 845.89886 0.0035424714
577.7947 1908.6503 89.22294 167.87848 0.0035393322
222.72 1292.9401 420.44543 678.2891 0.0035307305
674.50824 316.43643 136.96799 642.1293 0.0035037266
454.78418 1125.7195 75.93612 111.39678 0.0035008907
636.55725 1007.7304 181.5207 631.2442 0.003485353
575.3353 2040.4585 222.56804 359.86136 0.0034769499
477.71597 1475.396 353.99954 1872.351 0.003475422
156.80424 1901.8622 211.17001 780.0478 0.0033842786
663.1527 985.06415 262.2508 946.5516 0.0033837205
6.0873585 2401.0437 11.95004 172.15216 0.0033534532
280.71548 2261.5261 288.93158 368.04956 0.003347406
516.9897 2401.3362 200.56517 222.0026 0.0033087188
664.4335 2393.8965 125.469734 244.85602 0.0033017662
552.7836 1617.198 115.12039 217.6663 0.0033016219
529.06116 2171.2397 389.1998 751.7061 0.003300094
421.30627 1438.0309 430.86786 1572.9547 0.0032855365
660.8046 2448.1 142.26938 132.33784 0.003283996
380.09875 2245.5085 103.5513 200.26607 0.003275368
473.70996 975.37836 387.0785 1975.0267 0.003270759
467.75183 2245.3694 139.46529 211.09637 0.003266167
509.51242 178.67276 124.66031 212.82721 0.0032611147
6.9618006 2396.3015 14.7864485 186.3016 0.0032592416
256.55807 2406.3088 464.97516 223.69943 0.0032547785
526.15594 1967.8663 146.8695 217.22856 0.0032532874
697.0614 2248.5854 82.65744 528.7043 0.0032450163
82.32173 2463.6245 161.83534 106.56731 0.0032442254
646.4025 2368.4329 151.84938 291.7521 0.00324148
492.34012 1715.7455 132.94995 169.33224 0.0032391485
301.38348 2139.5078 382.24777 279.44028 0.00323668
673.3656 2417.446 126.50913 199.66092 0.0031926378
680.8166 1326.5457 123.0572 407.26474 0.0031841814
378.4379 1678.935 255.91843 566.9645 0.0031757245
3.4027002 1822.6407 6.9331274 1055.8528 0.0031745264
74.08829 2422.6702 124.03439 143.88991 0.003168591
110.01923 1122.9777 229.37213 2202.9407 0.0031540394
625.2111 980.62213 157.02348 331.05972 0.0031507292
685.1516 467.11807 111.88379 441.55334 0.0031507069
666.25446 2325.5366 136.7552 182.03981 0.0031506529
482.06683 1434.9357 429.98026 1102.9471 0.0031432677
85.012245 2468.9385 169.98857 94.85272 0.0031373673
639.10895 2418.2346 162.28387 197.93584 0.0031314045
342.70032 986.8553 689.2138 1504.2008 0.0031302555
617.78937 1408.6432 89.01593 222.1699 0.0031269274
465.59244 997.4401 396.24677 2026.0547 0.0031203409
4.8606677 2342.6738 10.179297 254.69102 0.0031152708
647.00964 1267.3469 154.32147 1413.9738 0.0030848812
621.21185 1054.3671 177.16536 476.3892 0.0030846568
0.839412 2046.615 1.9132863 578.58105 0.0030788176
545.6207 2360.155 225.18382 302.21194 0.0030687603
667.4941 2449.6282 122.26022 130.48257 0.0030638478
649.3546 2324.8362 138.4286 378.43622 0.0030528742
353.15576 1859.9813 102.01883 195.5743 0.0030458462
649.4965 2301.865 150.0356 306.48013 0.003037418
644.0879 362.50977 196.56729 739.55865 0.0030331481
646.1535 2259.018 153.6186 276.87363 0.0030091344
641.73676 754.6906 145.64006 360.02823 0.0029969022
555.8126 2241.1853 245.91719 423.44376 0.0029933054
5.3724303 2334.6821 11.097164 272.48862 0.0029837154
684.7291 1180.1686 112.775894 348.54648 0.0029706822
527.6191 2180.8313 393.5599 842.8771 0.002963047
155.79916 2406.3574 265.43478 175.23637 0.0029598398
685.50323 354.8963 112.36974 715.6248 0.0029529273
357.07 1243.5359 713.946 2481.4456 0.0029477726
507.6113 2318.4744 148.1491 201.56337 0.0029194772
683.6108 2391.951 84.949104 249.30318 0.0028912658
465.50012 2337.1672 194.61983 307.06784 0.002877229
646.62286 1642.1267 151.80293 641.84076 0.0028694347
531.1543 2230.9214 137.60207 256.33395 0.0028624346
268.47482 187.578 473.33783 390.2986 0.0028586385
317.7652 12.278925 643.38336 24.452581 0.0028383322
518.0085 1993.0623 153.93411 184.16902 0.0028160466
588.4133 2277.1038 145.07391 203.6776 0.0028000374
279.8202 2338.3567 135.7165 199.09804 0.0027977442
243.33961 2407.2256 497.81046 227.93265 0.0027974609
530.3352 2315.4395 147.1359 242.36526 0.0027908417
53.992104 2267.0286 120.57029 385.55014 0.00279077
74.25851 1262.3638 137.07948 365.2234 0.002788653
478.7221 1561.0111 381.42035 1412.651 0.0027870832
408.51187 2371.7966 125.853386 180.51263 0.0027610455
204.73053 983.54724 261.42142 1469.3691 0.0027489786
644.3406 2051.1575 134.6587 249.0343 0.002732887
479.01883 2132.7544 161.67867 236.36252 0.0027060877
231.50899 2424.1143 389.48895 187.0501 0.002691362
196.89738 1004.6441 271.29996 1084.297 0.002690048
532.29205 2159.8567 159.55821 261.03848 0.0026831592
687.56647 1410.6611 103.26746 407.65228 0.00267704
545.4682 105.98812 266.0175 210.62367 0.0026764786
216.44649 2481.271 457.5274 79.25404 0.0026712369
718.49634 1292.9214 44.79025 275.5883 0.002641869
174.72063 495.88516 365.07104 997.1332 0.0026238544
153.91437 357.366 345.13315 728.4378 0.0026204886
312.77997 2495.62 636.02356 48.773632 0.0026197247
673.37823 2459.8604 113.55368 212.95871 0.002610941
340.21875 2335.358 103.45386 205.06197 0.0026106515
593.381 1853.9658 166.03949 259.48578 0.0026096161
497.47708 2095.4214 190.7624 429.88806 0.0026074538
486.07047 1815.9052 244.27953 1233.6346 0.0025941879
324.11017 2464.887 345.84525 105.78129 0.0025916954
487.91043 2478.6567 177.61404 90.74774 0.0025910903
323.34967 1238.3217 646.945 2449.6016 0.002569824
411.3119 2464.9602 173.14249 107.28625 0.0025523105
505.1944 489.20282 150.158 510.8835 0.002536309
704.5071 2136.304 68.97082 306.69543 0.0025286507
572.06433 2181.9202 166.79816 257.46133 0.002524464
681.73926 2139.7175 126.80345 298.63632 0.002520381
681.9719 2111.7808 131.42622 246.18184 0.0024861312
539.9874 1198.4321 272.7861 1832.1316 0.0024859337
624.0392 2347.9453 266.1631 328.5588 0.002484358
547.92993 1101.268 179.36227 417.39764 0.0024831577
691.3098 1302.3527 95.25273 319.18982 0.002480963
126.75843 2462.1418 143.84886 82.34981 0.0024615934
419.7186 2485.5815 417.04044 66.82965 0.0024601163
326.74182 2373.9722 126.58024 186.61385 0.0024593417
583.4733 222.97404 299.0233 492.47272 0.0024566734
358.96957 2422.2715 134.55867 139.07411 0.002452775
97.87148 1214.2373 167.73964 276.60214 0.0024459555
219.5161 2384.4863 343.12378 254.51077 0.0024375604
305.1721 1332.6255 594.26245 922.01184 0.0024340844
222.80977 2404.5686 105.49146 158.61783 0.0024161588
665.98694 2150.5234 139.59627 255.97066 0.0023906324
341.7595 2458.4749 143.8973 117.26732 0.002382473
172.48947 1569.6584 243.35118 1131.534 0.0023809331
278.4242 2206.903 440.60648 614.096 0.0023776838
654.7877 1641.0881 113.847374 313.07724 0.002361519
690.6969 2471.072 81.98345 88.07623 0.0022793652
697.6974 2307.395 87.818306 420.4364 0.0022687626
697.719 1867.7312 73.87032 185.0617 0.0022660238
248.87495 1175.9395 376.35324 1535.5126 0.0022579697
335.2025 2469.2224 167.03253 94.88804 0.0022558405
147.5526 556.43787 312.54077 1099.2034 0.0022390939
210.51166 1179.3213 257.56433 1831.2135 0.0022357288
313.97653 50.71146 643.3702 99.504295 0.0022310663
686.8506 2355.9705 104.69726 316.3469 0.0022292996
651.84467 1685.348 138.78139 307.43427 0.0022247105
459.85144 1228.3667 203.64606 367.12558 0.0022006931
392.37372 2468.596 400.5632 195.66989 0.0021782534
384.4469 2466.6802 141.94572 126.17663 0.0021766506
496.2778 1270.7881 229.70284 442.18506 0.002166467
106.586624 183.42557 212.61691 355.74503 0.0021588616
515.14716 2471.1992 498.186 79.68076 0.0021504958
693.8831 2477.5874 76.8785 69.29887 0.0021442827
200.15099 2472.0479 286.9069 85.981224 0.0021442815
660.1752 1697.801 130.06966 281.7505 0.0021234986
184.3814 1246.3911 343.50513 545.0641 0.002119117
484.7711 1131.6525 359.24918 2262.253 0.0021154427
591.336 291.94513 285.20398 582.14154 0.002087411
269.97098 2424.8472 132.13805 131.69688 0.0020719375
692.8862 2304.9734 124.63536 145.91277 0.0020398672
188.80473 1853.4025 370.189 376.7674 0.0019893905
728.8034 2301.6343 25.726357 427.39932 0.0019859069
451.71506 1321.807 268.1373 871.9753 0.00196805
156.97762 1505.7224 275.937 1303.2756 0.0019414908
215.95065 2476.4126 160.94142 153.02931 0.0019314582
258.31647 2266.3647 263.56342 433.5442 0.0019299027
319.93985 2491.637 142.26474 101.13216 0.0019283695
581.2018 1451.0785 139.60638 375.17694 0.0019140963
298.22693 1223.4979 584.56287 2358.785 0.0018992969
139.79128 777.79456 269.98816 963.07965 0.0018992309
319.0486 1691.1935 632.4003 1545.7417 0.0018937197
688.05 2487.5718 90.350365 76.813934 0.0018569353
352.5504 1245.1627 706.9415 2478.6213 0.0018545303
621.5035 2276.681 303.09683 474.7907 0.0018266158
697.4841 2490.3499 70.365395 45.08837 0.0018263847
260.48096 561.68024 518.37103 1142.1312 0.0018203277
156.26617 942.66724 268.81055 1274.1003 0.0017570866
223.87134 1388.6816 319.50058 987.23425 0.0017356531
184.97557 1991.7845 275.0542 383.1997 0.0017304444
449.50775 1173.0541 255.31396 472.88403 0.0017290249
155.88492 1891.2819 270.45654 1126.1704 0.0017253886
276.36786 1469.0525 236.56487 1216.3085 0.0017206225
700.36005 2487.7947 68.02793 76.47819 0.0017199665
601.23206 1832.8389 248.43195 898.43835 0.0017155258
260.37378 1221.9594 116.05211 391.24634 0.0017071221
107.76207 269.38394 128.87556 203.84976 0.001701989
336.36584 1249.1088 663.9069 2461.581 0.0017004155
733.6078 2096.5225 23.142117 169.79901 0.0016997302
727.2638 2174.3645 29.488817 240.02141 0.0016983367
371.3469 2508.6653 582.2481 27.107527 0.0016927344
412.02625 633.009 518.38275 1271.9735 0.0016695665
289.7248 1395.4884 238.81662 1094.5085 0.0016427102
212.16188 478.4903 485.81332 978.55316 0.0016064048
60.754066 1554.7966 75.791855 1366.6165 0.0015814368
468.09714 896.7231 377.27472 760.18756 0.0015516166
446.3277 1570.3608 215.65842 736.96564 0.0015487256
370.1934 2475.7642 501.2621 128.88805 0.0015333972
239.38574 2024.8474 202.6222 898.5954 0.0015324645
462.04553 346.5812 363.09818 718.88904 0.001503406
730.0974 2434.362 22.36713 168.48987 0.0014998169
470.86118 1531.224 386.04254 1583.8206 0.0014718607
185.26012 828.39825 427.5125 1617.926 0.0014526234
463.18475 2326.95 494.3276 390.50235 0.0014363355
347.86655 1288.4698 304.04922 1326.6588 0.0014297972
210.44977 1134.4132 184.64603 518.94543 0.0013930167
297.407 380.87607 601.98 780.41986 0.0013817258
284.76398 1631.3992 420.64313 762.4722 0.0013578804
276.5711 688.1914 665.40625 1166.2704 0.0013433472
323.61896 84.81479 670.2201 166.83014 0.0013225399
137.96455 1731.6208 149.80322 448.85123 0.0013189504
217.50912 1813.0988 258.57556 166.17772 0.0013076302
231.37009 401.04556 520.1199 856.47363 0.0012810463
285.50342 272.56104 567.3421 642.36444 0.0012627689
465.80704 1275.61 415.48352 768.7655 0.0012338919
356.66556 268.22702 709.3203 538.705 0.0012113595
123.70298 434.45966 269.11328 860.3823 0.0011290008
377.39694 1083.2355 183.45825 291.2316 0.0010978982
215.26402 832.81537 458.94806 767.32214 0.0010785789
256.26987 1389.6372 339.8383 790.38043 0.0010526723
724.37775 2505.6094 27.518557 31.63424 0.001045592
205.61415 484.16156 480.25943 1040.9607 0.0010383109
243.31226 1481.1555 577.6173 1242.9169 0.0010121544
419.59402 1542.8398 388.40387 507.21234 0.00089846825
279.47784 1311.3306 618.9796 1155.3169 0.00089630194
283.75894 1524.779 667.9287 846.88324 0.00085827225
415.64282 1607.65 607.5285 947.4243 0.00081406796
594.7451 501.43906 322.55276 633.8205 0.0007630552
472.13022 1511.1975 315.75116 942.77484 0.000760642
409.2649 1444.0474 429.41296 1041.2909 0.0007602152
282.46753 1087.9253 633.5213 1038.9802 0.00071444764
315.72037 1080.1836 636.22235 779.4618 0.0006866728
295.9991 1458.618 518.7127 635.5932 0.00067006046
248.99632 244.77736 603.3821 713.65515 0.000609818
337.13373 433.2094 682.62115 994.0848 0.0005743484
294.19025 1018.36725 628.7047 1037.3262 0.0005656077
609.9091 2202.615 340.03348 567.4135 0.00056019047
