660.83984 1377.1166 1196.2882 2740.8455 0.5941784
655.7993 1744.2177 1199.3539 3465.8599 0.23939463
671.9159 1941.15 1161.9923 1584.6648 0.2039971
864.01874 213.76611 153.25894 214.15596 0.07848675
1039.4338 565.5697 110.63039 117.12044 0.07839741
669.5594 1760.5685 1148.2004 1920.3728 0.07162648
662.3025 1901.83 1016.9106 1349.1743 0.06479673
1145.6984 402.8826 124.11405 113.707924 0.06147841
1219.1278 2985.6597 82.51529 1046.9291 0.055284586
1200.6653 44.172054 114.39986 86.44564 0.046469066
727.00183 1322.6055 944.1779 2105.83 0.04495814
624.1969 1846.2101 919.3491 1222.3422 0.03805987
750.16425 1157.2155 907.61273 1929.3815 0.037182387
661.74805 1374.6226 1190.1711 2742.3293 0.035052493
875.30225 375.799 758.97797 745.98816 0.031545382
570.0768 1932.3899 888.988 1383.6101 0.03084664
867.9503 643.2835 773.13025 1269.8593 0.03045685
744.79584 237.5346 496.72806 471.76727 0.026220042
878.5348 217.93088 212.40373 242.49048 0.023965497
724.61755 1082.3575 937.50037 1586.7786 0.02164594
1219.0481 3090.1409 79.079346 837.7631 0.021161396
667.32336 2390.1738 1165.9321 718.6054 0.021005189
880.39514 583.97345 107.48022 149.6814 0.020144448
659.5221 234.7385 331.3072 453.67426 0.019954162
681.8529 1588.3776 995.0139 1465.2351 0.018788408
789.9205 675.3893 910.38574 1323.6204 0.018214362
389.16595 1229.7119 660.89 2216.1772 0.01764944
659.46136 2319.977 1188.4396 2321.2104 0.017432649
850.0328 1137.563 793.5561 2167.0715 0.01705358
744.4812 798.1189 994.67737 1552.95 0.016821878
862.094 1341.336 778.84247 2631.138 0.016674342
654.9411 2006.07 1178.108 2920.9167 0.016595956
845.633 906.61176 804.45667 1767.1226 0.016557688
837.7609 904.2228 819.4576 1747.0898 0.016127067
876.51587 248.0413 756.14636 491.59192 0.015697261
841.1304 805.26074 811.989 1584.3064 0.015274664
884.9981 457.80466 723.69965 898.4478 0.015256286
690.13293 880.73706 1115.1113 1746.2803 0.014832965
865.2101 490.59317 777.5347 972.03204 0.014727181
986.8018 77.390854 160.8742 153.36183 0.014608611
1243.1044 2584.211 39.494 231.12086 0.014257118
639.65546 2802.7085 1220.2048 1399.5757 0.01422417
870.8603 1337.2117 760.685 2608.4153 0.013909944
531.48553 1417.1246 878.6814 2148.5466 0.0137198735
639.4238 2956.7874 1218.7314 1094.628 0.013444145
757.2256 704.7348 979.81586 1390.4413 0.013368229
770.5212 702.6509 936.60034 1299.3564 0.013367168
562.26624 1792.9967 695.0061 980.4729 0.013331022
969.7603 572.0893 260.0252 153.06381 0.013201846
709.68665 2527.336 1041.0206 445.25775 0.012914095
1198.7177 107.68795 122.13572 213.43007 0.012741205
96.11791 2220.942 170.45891 247.80734 0.012711225
677.91846 1938.6162 707.32367 1014.8909 0.012597897
934.47754 345.1168 620.0192 651.27576 0.0125739155
731.0296 1072.1566 869.75635 1430.8934 0.012542434
679.2813 1633.9927 1071.6672 1022.7592 0.012338971
446.94974 1881.4369 620.89496 1048.3395 0.012261547
593.10516 1692.2919 924.64935 1798.7373 0.012131594
1102.0049 486.8568 258.2261 300.6669 0.012009115
413.56726 1339.5422 716.3289 2576.841 0.012001463
1195.8365 549.6485 56.582817 70.064224 0.011980257
412.21347 1897.9073 595.4479 1214.2697 0.011907087
774.2794 608.44946 930.88135 1202.7134 0.011848972
724.48425 1280.0441 816.86755 1160.7201 0.011842006
364.85526 1110.3469 158.66888 94.061356 0.011771274
694.07996 1261.5973 955.96594 1443.5103 0.011685964
707.5549 758.2831 1079.8723 1508.3005 0.011586545
613.6894 1803.7095 660.4123 872.07416 0.011514454
764.2045 619.8058 966.2398 1224.5442 0.011478159
709.90295 438.59012 106.10796 123.38045 0.011458071
858.759 572.098 782.905 1134.7092 0.011404267
680.8942 2369.2756 1050.5491 651.9805 0.011380953
1004.5295 377.3288 481.94006 619.6852 0.011340299
797.5076 583.67316 280.8876 409.04068 0.011337433
797.86096 248.46376 601.29016 493.69516 0.011328688
677.81354 1492.4084 1027.1617 1419.2935 0.011193399
584.7933 1891.4702 676.2516 963.75726 0.011142784
632.2755 1397.8943 877.9133 1622.6957 0.0111328
831.615 842.0361 745.07043 944.7731 0.011108464
849.9068 634.8631 183.83244 267.444 0.011038372
481.2122 1840.4817 470.63132 826.4007 0.011002893
671.4466 1024.9517 481.07953 580.8075 0.010816862
751.1249 1947.8584 726.7229 869.13916 0.010695866
681.007 1614.435 920.84766 916.0012 0.010558716
400.58688 1894.693 513.06885 913.8993 0.010484708
1159.0039 400.13556 156.4872 123.92661 0.010409469
715.44257 1525.4382 963.1216 1244.6648 0.010369404
744.84357 2350.5967 940.9665 671.1715 0.010367183
911.83875 2358.6208 420.0972 552.0919 0.009994472
784.6596 1249.7966 817.934 1243.8129 0.009860484
398.46146 1848.8691 543.78015 960.4203 0.009834085
1102.3176 562.7611 249.84247 145.8464 0.009765917
812.6076 751.34235 582.4735 743.3884 0.009718921
1208.841 595.8371 89.08095 180.72351 0.009697901
928.4653 1948.0684 633.2105 1452.7935 0.009531696
667.7351 965.55054 332.5891 409.38266 0.009468139
711.3777 234.97005 212.91017 361.81003 0.009453336
965.70715 2357.7444 555.41376 683.57275 0.009446658
701.2394 673.1095 1088.5192 1339.951 0.009415685
536.03046 1966.8076 208.87294 466.86966 0.009406781
987.92554 416.03616 507.61194 665.81464 0.009385738
826.83954 192.70363 333.38422 337.78812 0.00932477
586.6223 872.0352 585.3331 979.88824 0.009268197
656.5346 1744.4065 1198.5114 3473.2117 0.009182529
689.1806 1509.418 667.5695 670.0652 0.009165153
595.0174 855.1119 470.4331 874.9866 0.009082003
488.28174 1348.4669 839.0945 2549.905 0.009053262
570.0096 1224.5103 183.38365 170.97882 0.009046548
756.2326 1621.9865 833.51434 979.7727 0.009007799
832.9971 838.8028 559.7242 898.49774 0.009005101
1041.8075 1185.5171 150.85631 181.41084 0.008880172
781.7828 958.07 769.1239 900.0557 0.008821488
747.6631 1109.682 680.2439 771.8917 0.008726662
642.4781 971.00635 609.068 797.5501 0.008714148
745.5719 391.20126 507.00726 769.1414 0.008631847
1037.1138 564.8471 137.91696 141.25551 0.008630948
1056.799 1606.068 228.02977 313.65717 0.008562969
757.6309 1068.0029 779.4187 1034.1958 0.008525371
777.3824 568.5342 909.089 1123.4769 0.008449526
874.5812 2352.0085 697.9016 660.9837 0.008436895
602.1398 1344.1501 836.91425 1565.4924 0.008406834
745.41986 1028.0687 554.3923 571.73346 0.008382633
1163.7476 488.5653 174.50061 312.18015 0.008328147
1217.6173 2721.25 89.82204 1575.3337 0.0083032865
822.5766 2359.3616 798.3616 651.2347 0.008235307
640.8257 1539.7554 686.62885 1593.2921 0.0082350895
636.8067 1716.9325 485.5111 745.1313 0.0082214
719.0204 1118.7996 960.54596 1285.3256 0.008208284
945.939 848.3217 566.158 816.4524 0.008110599
671.725 1491.3821 426.9596 458.46286 0.008031409
892.41986 1864.0515 677.99054 1248.821 0.008027008
742.58026 921.8831 940.8188 1087.8615 0.0079845
823.7899 1499.1693 764.1066 1480.999 0.007944749
860.64056 232.23845 416.43073 454.33105 0.007911325
428.5337 2007.1666 433.72296 608.42804 0.007906387
888.3383 1946.1255 616.15564 1082.5479 0.007903914
760.74725 1174.2402 793.3195 1427.6096 0.007899679
671.6123 1946.5837 1160.523 1569.2998 0.0078434525
882.7866 566.0703 459.70514 449.01135 0.007824217
673.0482 909.9696 228.5249 306.9526 0.007818297
713.6467 1656.9392 584.1262 925.0914 0.00780257
453.14548 1989.9009 386.5062 581.99286 0.0077949357
1222.0327 2539.2192 80.25663 316.46054 0.0077464054
408.54794 2027.6831 469.2843 621.41064 0.0076472233
704.5963 2223.9014 660.6759 797.3396 0.0076338393
600.47974 2349.463 422.8084 403.8063 0.0075887064
678.6914 1900.6313 526.0913 1310.7705 0.0075838096
881.40186 578.60333 90.61207 122.92271 0.0075317877
920.1163 370.29706 366.44437 550.33075 0.0075183907
784.27014 954.5856 868.50024 974.81287 0.0075079445
873.9826 525.96375 753.39655 1058.145 0.007494596
1040.3241 564.1071 102.23013 109.80671 0.00748482
594.7449 982.3738 726.25433 1205.5051 0.0074833995
467.33762 948.6037 688.904 1676.6431 0.0074698897
523.75006 786.7088 346.64645 642.31964 0.007433324
956.1666 2347.6191 481.5331 520.1356 0.0074231746
424.70255 1156.2468 648.4019 1635.1 0.007397529
768.36145 1166.4127 859.44293 1254.3004 0.0073164413
772.0527 1161.0304 708.2099 1312.1035 0.007291873
916.9585 2567.887 221.44116 195.28404 0.0072267707
1132.4971 49.01511 260.31827 96.46648 0.007220202
665.476 1507.3673 963.2687 922.15515 0.0072035957
962.19257 2226.145 569.91394 987.5325 0.007197596
828.47504 1020.1233 755.04517 605.30273 0.0071769026
603.002 1048.7096 580.27057 657.54425 0.0071715186
994.4466 1940.9408 515.5193 1524.8657 0.0071635656
632.57666 3117.861 1214.2572 774.7634 0.007033316
913.01715 889.0973 268.4867 283.9138 0.007017651
727.41364 1214.1174 631.1413 1141.0009 0.007014698
839.28 2286.6277 268.29907 416.07794 0.0070031886
989.0076 610.1176 503.63373 1031.508 0.006986413
597.9255 761.6781 580.4359 1124.5922 0.006946058
444.86096 980.6697 502.5809 1125.217 0.006941635
366.69095 1173.4105 221.95676 246.93738 0.006940478
774.6685 958.2222 865.9404 778.95355 0.0069378954
729.22363 153.10562 195.05658 286.42007 0.0069201975
980.88904 569.0651 308.62714 243.20808 0.0069082496
697.07635 2316.219 441.86978 476.0321 0.006896646
519.28186 835.8631 801.2641 1652.9406 0.0068814666
1177.759 144.52423 157.27527 230.2136 0.0068698847
637.2028 656.7844 338.19077 529.7948 0.006863427
1006.75525 252.03267 487.54303 448.0562 0.006837017
917.1035 1505.9698 482.2934 613.9767 0.006825933
1011.04663 860.08453 324.9823 371.14108 0.0067959125
660.80695 1483.6868 561.2476 2161.5066 0.0067706746
778.61554 1454.138 857.88855 1325.1958 0.0067425813
470.34985 971.6429 778.77246 1902.1124 0.006724594
645.28546 2510.6611 1214.0343 1987.7352 0.0067127375
883.0228 1133.4338 647.8761 1256.2546 0.006652916
1089.7036 1531.0729 319.04764 525.5919 0.0066324864
1171.4652 2975.382 178.19122 1071.2639 0.0066062864
732.65674 1390.5056 884.5399 1265.6277 0.0065959115
900.7095 2176.2322 566.60657 811.7367 0.006588273
502.53775 2315.52 676.05115 515.65594 0.006587109
694.8882 1729.7506 490.34708 717.9255 0.0065791793
779.4558 162.92299 325.40427 312.9607 0.006560783
905.01764 617.50256 450.548 670.4854 0.0065596704
890.2872 1022.3983 395.72482 531.5819 0.0065321065
658.0698 2524.0618 1182.74 1947.6343 0.0065309335
404.1156 1949.3445 479.56296 627.6899 0.0065249037
862.40247 738.4721 524.59674 803.7833 0.0065225856
973.7867 297.20264 410.41415 416.9752 0.006521384
375.44193 1081.1188 636.24506 2016.0697 0.0064800614
788.38043 1215.9873 170.74013 217.32188 0.006477649
1179.4495 2943.1582 162.34541 1136.5422 0.006461322
905.04785 2577.9707 630.6915 328.44962 0.00644199
635.8495 1233.1578 468.8225 275.6273 0.006429403
499.6965 794.87415 709.35864 1546.003 0.006389792
994.57153 1538.8098 342.6222 493.8487 0.006384974
723.5055 1203.773 751.9079 929.4869 0.00637531
588.50653 1714.8732 364.13858 606.39856 0.006337408
665.3465 1161.9945 605.19147 873.7465 0.0063240035
691.6348 2392.839 750.1617 492.77353 0.0063151214
838.7818 715.2923 758.437 686.98315 0.006299318
762.55145 953.25366 617.5573 1188.8132 0.0062812055
427.5369 1140.5999 733.79926 2240.116 0.0062270174
739.1484 1031.454 959.0556 1849.3982 0.0062188692
1016.03217 881.8526 429.9246 637.4589 0.0062058843
822.16064 964.2422 279.08243 372.51334 0.0062012863
406.74142 2190.4543 287.3568 291.5903 0.0061878064
368.113 1813.0176 401.73718 680.4232 0.0061713867
474.66608 1102.6576 795.7334 2088.7834 0.0061650965
944.6021 1653.5706 605.7585 1969.3983 0.006158015
1003.0805 2579.2837 442.5053 318.2898 0.0061521814
843.4324 796.8101 341.65347 614.3935 0.0061484943
674.8451 1463.2826 857.48834 631.57135 0.006147434
725.1786 643.52655 560.3856 1152.4087 0.0061203097
741.6485 1161.9894 865.5019 917.7359 0.006083234
830.5917 1250.3828 599.10614 965.0676 0.0060788356
856.673 979.59393 699.9048 533.7879 0.006044138
679.58813 1361.2185 1035.0614 1153.5432 0.006008814
579.48474 1954.5387 361.66364 621.588 0.0059763715
910.6011 1374.3871 183.19531 242.75768 0.0059470115
776.2957 2314.5938 661.41925 692.16174 0.005915189
1067.0754 1951.0515 98.693924 118.49165 0.0059012924
714.1788 1424.4001 593.0992 1532.3324 0.0058974666
377.32596 1191.3898 573.19336 1550.106 0.0058832406
604.52246 1122.4548 597.798 791.15326 0.0058734934
920.62225 2098.457 524.25543 718.05005 0.005866259
866.6256 2573.5493 683.75134 337.80783 0.005759739
893.8599 2497.6138 268.96606 281.69052 0.0057347557
573.1826 1050.8848 559.8029 1345.3374 0.0057255756
500.52917 1052.757 871.5898 2087.7048 0.0056921137
336.72302 1706.2369 371.55798 521.0711 0.005675704
429.92126 1184.6722 188.68068 246.56625 0.005621865
426.1086 2026.6586 651.888 1033.9938 0.005620412
967.2586 917.5242 565.4812 1689.594 0.005611851
725.7664 995.2553 972.0451 1028.7725 0.0056107864
448.01712 1826.9221 333.22885 658.5739 0.0055935546
117.33062 2311.876 216.43344 480.9266 0.0055887005
1094.9448 343.74612 324.329 685.9675 0.005583906
646.116 2955.7197 1124.4913 946.86475 0.005558682
444.29794 932.1608 380.4864 841.3173 0.0055095563
977.3003 1595.9062 244.43887 311.33157 0.005500427
535.00916 1006.1956 479.6869 1179.647 0.0054790797
742.0897 1092.083 943.13153 735.32434 0.0054740775
1094.8779 1200.705 285.15732 287.22598 0.0054311557
1025.3054 634.7442 459.9729 1276.7068 0.005414072
1212.6545 2600.436 99.67896 1807.6401 0.005387102
519.6032 2365.328 787.07684 620.4931 0.00538504
997.2772 1224.3069 238.34627 267.1367 0.005384693
802.5787 1677.3737 354.44452 556.0383 0.0053841975
789.4232 1503.3848 691.9342 1611.4353 0.005374724
682.5679 1372.1317 572.6517 1249.707 0.00536805
779.7997 810.4601 690.0996 1020.6645 0.0053649372
397.69705 1406.7047 688.7471 2573.7646 0.005354621
943.2455 2482.1907 250.67792 294.8714 0.0053416216
698.71716 1142.1566 776.7918 942.3191 0.0053385217
416.95984 2072.297 624.3893 891.3665 0.0053312923
950.2974 1486.68 339.45163 509.31317 0.005325808
762.99097 2182.471 225.45985 252.84818 0.005265141
1099.7828 1593.4993 311.40143 837.9509 0.005262919
955.3148 1521.3362 558.9912 833.0798 0.0052559935
390.88068 1631.8412 221.52118 346.5947 0.005249919
1040.6156 1475.5968 408.35135 686.26025 0.0051836036
871.3542 634.32446 153.08646 264.77603 0.00516727
902.87744 355.4696 279.44354 525.6426 0.0051600365
1045.3497 1933.4595 190.36711 260.64368 0.005148357
853.027 899.9428 373.6077 367.91547 0.00514285
969.1506 68.60211 116.082634 135.38855 0.0051088235
1010.4824 1359.5392 498.04272 2700.007 0.005105626
995.3596 23.851177 191.70215 47.37152 0.0051041483
578.1669 1103.7025 418.23557 705.68225 0.005103841
675.7723 2327.5427 283.82672 363.30936 0.0050844783
644.927 559.05 666.37256 1106.1044 0.0050836992
1104.5242 1937.9573 301.16525 1602.3903 0.005073416
227.34561 2221.3284 323.9013 312.3975 0.0050652004
417.7587 1035.1064 411.48248 870.8745 0.0050648954
524.9336 1244.0109 872.4263 1706.8634 0.005052977
517.3416 1873.3888 604.057 906.1754 0.0050074277
466.04727 2286.9436 632.6631 451.55692 0.0050000306
601.84186 1107.5715 582.3847 468.42416 0.0049892906
1124.8838 331.60132 256.12238 593.5603 0.0049877143
434.03528 2155.8643 641.14044 913.42847 0.0049798023
878.8095 954.42505 325.39352 641.6901 0.0049771923
1013.1218 770.3611 195.46889 218.49898 0.004960508
510.8874 1280.2305 319.13513 318.29825 0.004955248
678.9553 2219.3342 158.48285 195.31073 0.0049149115
1218.8795 3319.2156 79.200424 377.83878 0.0049124006
883.206 924.72473 234.76018 306.36926 0.0049101566
1193.3877 2552.4724 135.07127 333.0144 0.0048988024
513.09454 2458.8755 280.79446 263.44623 0.004893995
1088.6259 835.4122 216.59818 292.49496 0.004871086
502.96048 2301.315 823.78815 860.2241 0.0048593953
396.5853 1144.0585 299.65118 430.38638 0.0048583117
1064.7388 2485.7727 149.84564 224.37286 0.004856839
1190.7793 150.37025 139.95946 299.10056 0.004836595
297.30478 1889.0293 367.02655 871.79895 0.0048319683
1054.3127 1628.2367 400.76285 988.72845 0.004828056
1015.21954 2520.1006 94.520226 164.77509 0.0048257974
1199.3087 210.58185 121.97867 424.1392 0.0048229126
703.0502 979.13 1028.0375 1109.1217 0.004822329
313.09723 2346.2454 449.15588 551.90436 0.004804173
653.5107 3104.8645 1098.0612 822.73596 0.0048020603
800.31195 1917.2101 235.42809 260.9872 0.004801625
916.97034 1177.5697 424.52924 820.0174 0.0047901315
561.59393 2081.6958 453.1194 861.9073 0.0047624335
583.32654 1037.7715 145.70547 161.88069 0.0047585727
896.8188 1540.9475 522.495 1600.7188 0.004750071
468.92227 2475.2273 393.88086 342.68225 0.0047379453
1135.7229 2364.1248 242.95618 680.1597 0.0047309124
1055.5524 418.6875 236.45744 426.24075 0.0047224374
609.7224 118.3277 214.78075 232.15898 0.0047188597
788.9799 456.6253 152.82278 158.29945 0.004703102
1085.5155 995.8828 314.19397 487.89236 0.004697652
1215.985 2336.7332 92.26735 2312.9595 0.004678075
1029.0924 146.96997 233.66252 292.12753 0.004673311
794.0501 988.21155 629.5743 498.58847 0.0046512256
719.15826 1463.0862 968.97925 714.5063 0.0046480456
1093.3927 2974.7415 332.9144 1064.3392 0.0046329475
742.8909 2236.4673 293.05704 352.04993 0.004630191
995.3889 1455.4604 311.14938 559.207 0.004630118
994.25806 1609.2964 494.7649 953.7842 0.00461842
674.2068 1248.9506 741.56995 1043.5259 0.004616316
821.21924 864.9489 733.3279 784.7403 0.0045878584
1241.7305 2707.323 45.6871 482.38123 0.0045846384
648.4324 1338.7838 932.2418 994.2223 0.004557262
838.35364 1929.586 277.22427 299.72653 0.004553355
767.691 1013.038 837.14044 646.56036 0.0045327973
1224.7391 2719.592 77.182556 519.6401 0.004515615
704.6 1979.5905 350.70068 509.50357 0.0044967616
579.84753 2390.1553 903.3996 688.565 0.004491006
1166.9644 45.46899 172.50006 87.533554 0.004487019
519.8835 2203.5369 415.99594 851.81244 0.0044860397
914.2911 1378.6799 146.78769 199.99341 0.0044828653
1007.3606 161.1852 194.55257 320.45813 0.0044475794
449.91354 886.2306 301.83823 492.0679 0.0044246125
1054.9336 1939.3037 404.7803 1572.4207 0.0044138143
448.1867 1273.5667 773.30145 2355.1584 0.004379851
1025.1333 66.19799 124.31038 131.05232 0.0043760724
722.61523 2602.31 312.39133 278.63974 0.004349007
646.6714 1419.2162 204.4612 239.2736 0.004346497
413.2052 909.8543 509.97525 1157.0947 0.0043432913
1116.5072 2550.2092 276.59695 375.69403 0.004342011
462.31616 1197.4906 381.09268 554.32025 0.004332993
1064.2223 79.50654 394.71625 157.1572 0.0043021427
653.64 2591.4675 508.63763 296.91635 0.0042889756
627.472 2280.2896 240.09534 280.8552 0.004287267
1242.9615 2493.9717 40.30182 413.73593 0.004265615
624.09546 1902.9806 299.0126 523.83545 0.0042650965
628.3573 723.3666 623.0729 1158.8042 0.0042637824
1005.2977 2981.8596 506.83328 1047.824 0.0042130286
1104.274 2226.8184 259.0836 422.94812 0.004207411
809.6383 748.72797 314.84747 350.74332 0.004191574
382.35727 1168.2644 283.8351 392.14624 0.0041912417
1157.958 2362.2988 202.11449 684.464 0.004186345
670.4503 960.2752 219.52557 287.558 0.0041711
973.0623 1371.0531 535.3988 1325.3119 0.004168071
1073.1495 1935.5804 225.78021 315.70737 0.0041667135
1027.6233 281.32953 180.76205 301.9896 0.0041538305
1184.9902 2451.2078 149.77466 505.3609 0.004150341
614.6504 2515.937 452.90057 295.2017 0.0041444153
1109.2936 2471.677 193.54076 246.17348 0.004142473
870.9819 3080.1052 756.6457 845.2035 0.0041240132
622.0953 949.6729 789.8856 1058.8446 0.00408987
492.44165 1366.405 418.9311 713.29706 0.0040883706
737.5876 2697.406 1047.1477 625.2151 0.004084474
487.63263 1956.4849 276.2517 452.43362 0.004084086
1099.126 1626.0795 197.99162 257.21658 0.004080366
1076.8541 71.850784 347.9426 308.579 0.00406007
421.29794 1297.0867 725.8719 2094.2092 0.0040414063
1036.1971 16.385159 287.5676 30.453157 0.0040218155
932.107 1454.2094 610.12665 660.18695 0.0040157596
1048.8639 1709.01 368.30038 602.8332 0.004003452
890.4684 923.4732 245.57399 294.00644 0.003989528
1157.9401 2743.3962 204.8418 1531.9967 0.0039750896
609.89246 1672.5846 894.07855 1897.0331 0.003973919
877.06055 2386.4294 212.5943 342.75046 0.0039696447
1106.9288 648.22003 297.8956 1177.624 0.0039649205
493.381 2070.8857 159.85303 286.40237 0.0039493535
1098.8447 1364.0211 324.54803 2748.0088 0.003939477
839.69775 1203.4 447.71518 1660.2911 0.0039264173
543.4646 1921.0656 168.85814 283.8941 0.0039177197
642.9376 2937.76 1161.5414 540.58136 0.0039122137
1219.3168 3337.151 73.39879 340.29086 0.0038941072
410.05676 985.8524 712.22815 1950.9407 0.003890938
1045.234 1196.3226 247.98042 344.30554 0.0038826356
1115.6952 1120.3636 267.96658 341.41278 0.003879041
1012.7409 987.2554 484.34045 1953.331 0.0038734623
1030.9895 928.3305 389.01566 579.4447 0.0038725792
671.1533 427.59827 1169.2789 857.2545 0.0038555579
612.55597 3352.6106 1185.1279 315.31573 0.0038480726
1010.5236 1955.8645 259.52795 299.10034 0.0038450125
1131.689 315.4899 255.05338 642.7792 0.0038203364
698.0486 559.96124 1079.4502 1130.4656 0.003815641
1086.2676 1642.0167 277.48532 386.65274 0.003813494
1222.7201 2878.3857 77.27173 413.02954 0.003772468
461.70798 2527.582 301.89954 335.3932 0.0037718301
1247.6172 2992.3086 30.946154 1043.6018 0.0037696376
613.381 3410.6018 1233.7777 206.11273 0.0037562328
628.4885 1459.1484 436.35403 651.6761 0.003747225
510.40268 1959.6901 195.81477 346.71085 0.0037423314
988.3466 371.38968 216.8914 478.67838 0.003707054
644.69006 1667.7004 304.3744 454.98282 0.0037068813
844.7833 1008.08325 164.78806 180.79788 0.0036914167
1157.3767 474.02847 150.9425 267.0467 0.0036739297
1230.277 2805.225 63.74158 251.28137 0.0036719157
891.011 76.50728 331.41156 146.79686 0.0036635033
951.17413 1564.1423 572.7875 942.61273 0.0036437549
283.68118 2285.3936 359.5925 449.27158 0.0036429104
614.5635 3411.264 1133.1837 198.97221 0.0036245775
878.5007 133.43935 753.93524 262.95914 0.0036195025
960.70734 2561.6306 126.4366 158.07463 0.0036181372
874.83844 68.3695 763.7785 129.69913 0.0036020982
863.85846 2399.1824 169.5487 231.20218 0.0035756156
1114.0275 2346.3955 295.57632 2321.3413 0.0035722142
1017.6753 735.4898 456.17252 963.2032 0.0035712502
408.08682 1761.2694 523.34143 654.52576 0.0035697424
831.6153 1193.0675 575.92957 879.18536 0.003568189
1213.1337 3163.0005 86.686905 694.59265 0.0035551786
1227.057 2593.5896 73.13422 1820.0829 0.0035534697
899.2466 1752.4332 691.2688 3394.9355 0.0035515775
626.68835 1845.8937 810.6985 1153.7971 0.00353534
803.31366 300.5744 584.49457 601.91565 0.0035353184
651.6915 1002.351 315.63412 489.02017 0.0035315356
621.21466 1612.3856 360.0902 429.67197 0.0035161832
463.43158 1268.7275 333.99023 392.92093 0.0035019158
1199.8755 48.394665 116.87273 97.10772 0.0034973375
932.9375 921.4346 336.6876 638.0176 0.003492955
506.58 1381.5844 355.42447 530.5208 0.0034834475
910.60657 212.11526 297.25146 247.03882 0.0034796093
1198.9753 3165.4048 110.58831 732.38 0.0034568876
970.1772 1785.1128 289.20404 551.7881 0.0034498181
1055.5577 3097.5925 386.60892 825.8461 0.0034230212
1239.9784 2424.143 46.937725 553.20874 0.0034205934
601.45935 562.5477 363.7543 752.3348 0.0034190463
863.10767 2423.7834 178.97931 317.90463 0.0034072646
436.64236 2292.0078 584.347 463.6262 0.0033968107
812.78284 1345.5725 419.35214 382.35788 0.003379441
1026.1749 1314.6744 447.9573 2033.1073 0.0033709381
833.8814 952.32324 553.265 358.0491 0.0033592146
874.81116 73.24081 763.87024 140.27539 0.0033589401
657.39954 1316.4309 426.40036 433.45023 0.0033535822
1007.8537 1607.116 328.09897 334.69098 0.003335529
515.5941 1909.7305 184.75505 342.61694 0.0033251527
910.9193 1067.8629 419.127 673.6355 0.0033158136
1125.8816 588.782 256.7771 120.610535 0.0032949238
1008.2615 2468.1055 195.18684 228.225 0.0032902588
793.0638 314.67618 573.0755 633.8608 0.0032816415
1196.5916 2525.043 132.1193 393.83606 0.0032789814
807.4165 2435.0427 222.64233 303.62653 0.0032766962
546.15485 1692.4908 514.7752 1613.7823 0.0032715362
597.5334 2322.4446 260.2253 382.5155 0.0032685427
959.4036 1110.3884 355.70474 596.5245 0.003265723
228.95871 26.87044 183.67253 53.51674 0.00326158
1123.7136 1363.9158 272.14883 2751.9468 0.003258337
1050.5497 33.550503 426.90244 62.931343 0.0032336093
1071.7875 1325.6267 357.38663 870.67535 0.003203715
1112.2916 2013.4008 230.2964 286.09494 0.0031905489
1217.945 3311.54 70.630295 396.95963 0.003186342
1157.3336 2716.5964 205.99634 1583.3204 0.003167903
453.88144 542.6964 754.4473 1097.1595 0.0031650295
713.6525 2802.5703 976.3634 386.6363 0.0031602702
729.5197 2246.7617 159.21933 269.1102 0.0031500568
835.0707 2643.2275 181.75684 252.95451 0.0031493846
1005.98755 1743.0872 518.6634 3486.3687 0.0031418696
1220.5476 3413.3767 77.00883 200.19287 0.003128774
1140.1207 2822.5024 242.61884 1374.558 0.0031264578
782.3572 115.015465 113.13109 179.24829 0.0031245293
591.5671 1925.926 340.73965 514.27594 0.0031240676
1216.4546 3258.205 76.24462 499.28094 0.0031050455
829.8073 1379.357 732.41327 697.7145 0.0031020038
980.60474 1549.4027 311.2816 574.2075 0.0030974052
766.3715 1389.4476 870.9306 875.28973 0.0030886817
764.6505 2223.4802 176.75835 268.65274 0.003081597
942.3833 1917.3635 331.28665 1296.0692 0.003077868
1153.3394 2027.5671 205.96114 1267.3765 0.0030772504
403.9431 2152.46 433.10095 447.3334 0.0030710748
370.45422 3394.755 543.3321 226.89568 0.003065809
1160.9529 4.806746 183.90277 8.997984 0.003051445
1114.5032 1050.7241 289.6283 2083.8672 0.0030385545
375.17764 1107.4803 96.57554 66.05777 0.0030302396
127.66075 3402.6199 242.79936 218.66074 0.0030194721
809.50604 2163.5652 156.15805 189.82791 0.003008741
922.4944 1457.178 614.251 656.6654 0.0029940314
609.0816 2647.04 228.12662 210.659 0.0029908589
482.35596 3288.4607 844.09143 462.3204 0.0029889997
381.22116 3424.4075 288.20935 172.62102 0.002977806
772.7896 221.45535 565.6706 444.7625 0.002974529
665.31726 1405.2832 1078.2302 852.0635 0.0029719733
593.1965 1850.3978 331.70184 1301.288 0.0029697474
1100.4498 2020.134 292.21353 585.34607 0.002969105
414.8262 2165.1907 150.63495 198.53586 0.0029679618
1081.7072 1845.6097 249.06844 356.76895 0.0029650691
1068.354 27.7021 378.67456 52.70177 0.0029596852
1023.3209 3349.456 680.75836 151.37244 0.002949135
876.3428 76.453804 765.13135 147.33134 0.0029413984
931.6834 1281.6147 517.573 663.5247 0.0029368193
1148.4713 874.2515 188.8306 285.5688 0.002936498
773.9283 1974.2937 178.52887 275.0961 0.002933714
678.9855 22.099834 215.72998 42.606476 0.0029325066
789.62396 1676.9869 194.8519 263.38007 0.0029231482
1010.70074 1737.4684 508.37933 3489.0857 0.0029167356
524.80457 1987.7213 689.08167 1503.0607 0.0029014011
1240.8251 2378.876 44.755146 645.0454 0.0028910444
1032.6106 650.1869 429.1528 1092.4117 0.002889456
1199.7677 2955.1267 123.61322 1135.7517 0.0028747974
976.90265 1899.3898 249.88084 289.65698 0.002873472
341.23044 3397.5544 601.0156 218.13045 0.0028728626
553.5513 2635.8757 174.94455 231.56918 0.0028709208
663.9943 1380.7417 1188.1124 2708.396 0.0028693213
1041.123 1348.3503 432.60275 2681.7468 0.0028638681
1024.8007 1866.0392 182.02995 232.64297 0.0028563847
1215.1829 1870.9641 93.61588 3235.9153 0.0028551857
612.5389 2025.4039 385.30148 613.74646 0.0028550294
1155.3649 2342.692 212.88637 2301.8074 0.0028453777
1015.8149 767.9419 439.06403 994.99603 0.002825802
577.88275 1873.3531 814.94824 2032.7397 0.0028143974
1065.5012 2628.3958 392.3109 1759.2288 0.002810919
1144.4447 1594.8721 189.87563 316.17572 0.0028107092
789.63885 569.31696 247.74454 365.76175 0.0028106945
848.9406 2897.938 703.9905 449.1423 0.0028088533
517.128 2379.3977 173.63777 211.4595 0.0028059152
781.734 1831.3121 321.10373 639.18494 0.0028009296
709.8216 1671.1678 227.69844 453.16647 0.0027924306
760.4365 2917.0127 971.2597 1206.1871 0.002768654
925.3441 2978.2883 399.48672 509.86108 0.0027681051
1068.1096 3072.5046 255.86955 611.6037 0.0027675668
981.65924 3433.5728 403.006 145.11398 0.0027672127
486.2843 2073.9954 168.57317 312.34198 0.0027510826
616.57245 2296.4336 163.30185 227.38818 0.0027461187
595.9263 1888.8563 252.30693 396.19226 0.0027448665
528.3573 1927.4462 165.39719 316.58432 0.0027392365
88.361115 541.79987 168.07692 968.72485 0.0027337463
922.4344 2764.5786 378.9625 774.86383 0.0027223157
707.8536 3412.2854 315.03427 186.85162 0.0027217385
365.6094 3325.9724 708.73553 371.5626 0.0027135578
1103.1073 2954.0078 308.13367 1108.2258 0.0027097152
764.4105 2642.5066 247.43442 256.36243 0.0027094947
1058.2125 2025.1406 373.55872 1214.5884 0.0026995004
1143.7363 778.3111 208.98836 416.2611 0.002696789
943.43677 31.006975 324.6204 62.137047 0.0026958557
681.58685 3315.094 710.8837 408.74567 0.0026952724
933.4497 1310.3044 546.8312 1301.6146 0.0026920112
968.43756 3128.589 305.34045 479.42603 0.0026865283
1164.0884 1584.1194 193.5414 545.22736 0.0026839694
424.47067 3116.9976 698.3241 765.3817 0.0026774995
746.12964 2683.3208 297.10217 377.36807 0.002673371
1150.1221 398.80905 137.53416 123.698 0.0026684208
1145.4674 656.25055 232.13141 1331.514 0.0026648499
1198.334 3258.8696 155.36728 512.8308 0.0026640273
287.94904 1769.4668 325.91016 463.66473 0.0026589027
637.845 2349.4573 164.22133 302.67007 0.002657157
332.8584 3094.531 559.3792 835.69855 0.0026548593
1178.1115 2191.945 167.3566 2610.9138 0.0026543317
873.66833 65.51671 240.1221 130.67992 0.0026541927
931.4965 2993.2063 551.4899 643.62396 0.0026524009
934.26215 3357.872 478.91904 312.66617 0.0026507552
1228.2676 3116.4429 63.49856 783.98804 0.002638849
1013.672 3413.238 323.37646 189.67303 0.002632917
1197.7953 3293.8079 102.792305 438.15015 0.0026293846
560.3419 2634.63 420.8486 403.92404 0.0026289644
967.4465 3434.1116 288.88007 140.40161 0.0026197447
241.41534 16.79139 508.3052 32.16416 0.002608611
1223.511 3281.7703 79.47362 455.05164 0.0026013807
756.44727 3243.575 391.4272 511.56207 0.002596869
1008.2614 2479.36 134.60075 187.51262 0.002593989
1230.7273 3408.8247 83.52696 184.45287 0.0025926852
1110.838 274.4943 235.5529 353.1169 0.0025925238
82.4707 1020.38837 150.64471 699.24097 0.0025708168
744.19525 1777.586 234.03932 294.555 0.0025681378
370.55472 2482.505 431.08322 439.20328 0.0025672647
1218.3849 3322.7397 73.36178 356.6206 0.0025567317
201.93198 3451.6226 228.73438 116.318565 0.0025488336
958.0937 1153.8428 554.7832 1431.7257 0.002548001
1058.5612 1274.2521 381.84677 1454.5731 0.0025458059
633.521 1064.9495 519.486 437.6985 0.002544449
836.3016 3336.4575 409.06442 346.78052 0.0025442457
588.2527 3389.0107 515.5502 244.18059 0.002537473
1201.8162 569.69763 48.660862 63.13132 0.002537366
1075.9186 1708.9429 195.9868 257.81897 0.002536894
943.9114 1444.1807 146.18431 203.08488 0.0025338707
1206.5396 2027.7439 109.93416 2963.215 0.0025293638
732.40735 3305.825 408.18314 398.67612 0.0025198176
681.2085 2169.1702 673.27826 1026.1427 0.0025150771
1082.4305 3382.0505 228.75381 259.65118 0.0025058303
1202.9186 2405.3394 116.57946 583.2741 0.0025027846
1195.1323 1832.6732 133.03691 3327.4487 0.0025021122
684.5845 2661.102 161.90892 202.84102 0.0025005345
1219.3536 3293.21 69.95009 388.84824 0.002498882
1177.6294 2197.862 164.74577 1047.3984 0.0024843875
1222.9717 3434.5232 63.594948 140.68898 0.0024680889
1148.3397 927.1194 221.70345 810.17194 0.0024638143
684.87646 1336.0929 830.71875 1230.6461 0.0024613675
666.18164 1478.9884 509.4337 1246.1531 0.002457085
1083.615 1878.2374 283.56595 384.15152 0.0024557435
360.4136 3049.702 443.77878 602.2349 0.0024503283
1251.1017 3125.965 27.68646 749.3267 0.002449388
80.73212 3410.325 161.54721 194.12225 0.0024476384
1220.0238 1810.5966 81.76428 3320.6248 0.0024463162
733.2429 2893.5144 356.65942 408.9557 0.0024360847
857.4477 3215.7173 442.53183 543.3115 0.0024313002
775.61725 2970.927 279.98645 322.102 0.0024285645
835.5552 3122.6912 331.95154 463.9546 0.0024252925
887.50745 51.75631 753.8992 106.25777 0.0024248254
1068.9052 1179.2728 375.39893 2280.068 0.0024208575
947.66846 2990.6914 361.89984 391.13947 0.0024189856
1240.4816 2807.9368 44.301872 249.602 0.0024126319
1052.6992 3101.6235 282.7165 278.57904 0.002410574
987.6815 120.75552 456.7887 244.11858 0.002396048
376.4972 1164.2894 444.8115 825.3801 0.002391399
997.6904 2878.9448 421.55646 393.3182 0.0023897896
74.1589 1254.9397 134.03093 585.0995 0.002384153
429.22433 1460.1079 681.3133 2506.383 0.0023824186
806.049 3444.0366 227.64076 137.08466 0.002376364
884.3936 3404.145 302.5947 217.4692 0.002376068
729.58655 2073.8184 168.65842 246.03357 0.0023735974
794.6614 3429.091 358.72256 155.185 0.0023721287
318.6531 3279.7676 368.72894 412.01855 0.0023719121
615.67126 3166.6606 418.27313 562.0933 0.0023712115
519.25116 2678.0015 330.1559 357.71384 0.0023694253
1014.0343 2681.6367 199.24295 186.79802 0.0023564189
806.63184 3049.6455 333.0641 500.96167 0.0023556163
659.28345 3148.699 496.32303 555.71326 0.002354607
1005.1225 3370.6277 343.8822 285.66263 0.0023492968
555.05237 3177.9087 398.71378 539.5354 0.0023471408
600.63556 3442.712 312.95615 141.89563 0.002346635
1181.8328 3316.1538 124.613686 398.4815 0.002344419
785.3504 119.53063 569.1039 230.64001 0.0023426854
841.8781 3174.4558 408.13364 358.33896 0.0023392509
785.2491 2310.5652 241.15552 446.14432 0.0023300436
327.25726 3081.0374 462.34506 645.4764 0.0023290473
991.19 3435.0188 410.29263 143.03026 0.0023254922
88.38072 425.6739 160.09328 537.61566 0.0023230477
975.6433 3362.9807 235.56776 225.94652 0.0023169653
452.46002 2693.9163 677.864 1296.2738 0.0023159788
719.8114 2943.6997 357.05072 477.2464 0.0023118265
1092.5273 1732.1979 347.88013 3490.5103 0.0023101005
849.21405 3311.123 223.19246 328.32953 0.0023050583
758.4642 3293.7014 394.38354 450.0784 0.0023036618
1222.5967 394.8349 77.617615 125.45679 0.0022959777
1235.7651 2898.6934 53.510242 785.44507 0.0022783906
652.7625 1769.883 1221.1572 3454.7605 0.002276632
873.2695 43.786934 778.9241 83.809044 0.0022756618
570.36444 3036.6216 372.94333 620.3318 0.0022743854
410.23477 3440.1125 313.83063 130.35497 0.0022615853
739.51013 3250.2524 208.67609 335.21066 0.002260145
740.7308 2737.9514 434.94946 441.67484 0.0022561452
1211.3037 2069.8435 100.45737 1267.2406 0.0022518013
548.5217 2409.8735 510.58682 584.3503 0.0022508854
787.9053 3218.3955 858.53204 597.55585 0.002239927
342.19275 1706.3915 498.83475 1323.5869 0.002238347
542.84143 1952.4292 112.7925 267.96997 0.0022378752
1133.3269 1090.6569 264.20374 412.50534 0.0022351749
1150.1393 754.8364 211.7634 826.32446 0.0022289294
1160.7896 1313.7448 186.75946 347.0637 0.0022245655
628.2039 2165.591 238.61308 372.16138 0.0022238037
685.501 2119.349 160.91322 256.8964 0.0022237974
582.9778 2207.7483 187.16472 276.29807 0.0022214593
773.354 3131.2693 238.60681 333.8181 0.0022175289
949.8771 3274.8662 226.85616 384.91605 0.002216259
382.28415 3166.9592 290.77188 469.1372 0.0022119947
969.51 2894.7458 347.50793 420.1741 0.0022095155
1173.6509 1177.9962 155.0977 237.07326 0.002208435
1151.2103 2083.8655 198.7857 363.14954 0.0021921385
1210.8296 2061.7139 100.53715 1301.8337 0.0021916493
303.80832 39.515022 189.70634 78.60982 0.0021827
1044.435 2313.5254 347.01355 815.0526 0.0021798
658.8282 1763.4077 1211.1224 3402.9 0.0021774243
622.13586 3477.4841 1081.9509 239.81001 0.0021765323
1236.8574 2862.3176 56.25249 381.91183 0.0021699674
400.62805 1925.1578 556.79236 1126.1936 0.0021655138
1144.9927 778.12103 220.65636 927.29425 0.0021624207
614.46686 3000.355 235.49402 449.59348 0.0021601974
493.44467 2903.6733 220.22523 316.0524 0.0021601326
1210.1958 1716.9325 99.213425 3482.2556 0.0021574579
598.02454 2190.2007 214.76337 339.9589 0.002157232
644.9008 1833.8431 696.23566 2288.8525 0.0021564132
940.21814 3093.0361 236.56703 391.95654 0.0021523025
646.4558 2722.6086 196.04776 216.09277 0.0021467458
428.3546 2709.0498 325.08667 349.7338 0.0021452683
656.33856 1762.0072 1197.5001 3489.6262 0.0021418924
766.3367 2870.5347 195.91225 266.2986 0.002137488
1131.6178 1448.3082 251.45802 620.31146 0.0021261545
1215.3745 2070.4385 93.63891 1267.1353 0.0021228823
395.06042 1914.8676 498.2299 1373.5765 0.002121407
1155.7987 2785.4521 156.06816 253.18373 0.0021190806
1228.4672 3241.955 54.383217 529.291 0.002117502
1069.1666 1821.3826 346.5065 1065.9801 0.002104193
614.70197 3085.6736 310.2668 400.33008 0.002101445
1245.4829 3142.7185 36.985092 700.41144 0.0020967626
563.60284 2837.8489 282.63623 411.66135 0.00209512
1130.4426 1240.1624 253.19315 2475.4946 0.0020850424
550.68994 1655.5082 568.7191 977.1478 0.002081659
1185.9753 1989.0371 145.37985 213.62328 0.0020755196
819.2078 488.16522 237.60336 412.97263 0.0020752253
992.30054 2962.9927 389.6713 309.5333 0.002067964
534.35626 2729.171 182.5075 204.23746 0.0020515653
719.9127 2748.835 145.05656 188.62656 0.0020467504
495.79684 2088.1814 195.29709 338.77762 0.002043106
1074.7623 3300.898 259.58743 275.64322 0.0020430584
1186.2706 2019.8212 138.50009 479.6628 0.0020314404
859.1626 3407.775 243.87799 209.00673 0.0020214415
576.57544 2731.274 691.44257 561.4305 0.0020131462
603.0287 3502.8555 1175.3926 128.16364 0.0019890952
797.12305 2803.527 299.4339 425.0337 0.0019886268
476.29166 2830.0547 312.2816 451.93576 0.0019883143
1222.6948 3430.7117 68.53087 161.8893 0.001973932
833.5418 30.08322 874.47235 57.090252 0.0019733084
1244.3087 2844.7776 39.821182 317.59457 0.0019729834
1069.7134 3430.18 257.96506 141.02895 0.0019724616
694.175 2792.33 180.37209 232.7263 0.001970313
1163.5542 1452.1184 193.54582 1935.463 0.001969521
664.1402 1384.4861 1186.1261 2724.1514 0.0019617912
1169.9486 2730.0535 168.89764 324.88757 0.0019609586
650.056 1749.5437 1194.2456 3473.4995 0.0019556559
1189.0186 1483.0774 147.2304 541.50604 0.0019511962
1041.1526 3335.3047 209.80122 335.5431 0.0019361419
1231.4355 3323.7007 83.80391 367.2277 0.0019356738
1054.267 3282.366 215.23302 434.21146 0.0019327004
35.472176 597.02045 66.47404 449.59348 0.0019259361
235.90569 63.21916 470.4476 123.10056 0.0019248163
1186.7719 2852.473 184.4853 713.20026 0.001924276
1129.4825 2655.4558 184.75113 191.88608 0.0019226429
850.79395 3059.562 202.53865 280.0808 0.00192012
1239.1798 1976.977 48.83936 1444.2501 0.0019059044
1186.4683 1078.4639 141.74179 374.5084 0.0019015409
314.83398 2830.1028 501.66104 1087.3276 0.0018954914
1133.7186 2821.8625 181.62143 353.21622 0.0018927898
1160.7888 3214.9277 175.35976 626.031 0.0018879448
196.66045 2568.91 162.30064 646.07886 0.0018871767
1022.2293 371.58957 417.98212 546.2076 0.0018813198
1223.5912 2422.7268 77.847084 2287.1858 0.0018778802
1197.7275 3415.9973 168.7748 182.16884 0.0018709833
667.9824 2842.3433 213.554 267.7122 0.0018687353
1145.7969 2943.696 172.445 389.59372 0.0018674709
766.9566 2265.861 242.84404 393.31302 0.0018659232
1042.2415 3426.5598 474.37213 380.16516 0.0018558706
1142.8733 1594.8208 229.91606 2215.1233 0.0018554105
834.45557 3404.0884 609.26355 232.4791 0.0018538005
1201.6249 2014.6774 155.2353 408.3126 0.0018473399
499.3034 1227.2325 704.32733 972.2605 0.001841077
1201.5771 342.3713 103.140495 699.17523 0.0018254112
1220.763 3364.3857 50.079895 289.65564 0.001801364
1084.5892 3381.4204 192.48923 263.5326 0.0017984658
877.3804 427.44763 781.9404 865.4895 0.0017946792
1203.7919 677.90485 119.92999 1381.5933 0.0017944298
1239.0306 2792.0767 47.3414 225.4671 0.0017775199
1030.4769 3469.0054 348.4818 88.21502 0.0017722809
1197.6691 2939.1587 127.274895 1171.8024 0.0017701337
1076.6865 3155.3462 266.7966 669.5743 0.0017652737
1106.3138 3425.8728 200.17293 154.03632 0.0017542728
499.28433 1985.8171 187.99898 386.20474 0.0017526429
1240.1631 2748.383 48.51602 425.78293 0.0017506576
1099.6622 3147.0703 241.89581 547.044 0.0017503776
1205.5238 2574.0496 120.50557 277.82196 0.0017498644
1199.3475 2402.539 101.680725 157.15057 0.0017379011
664.6611 1377.7003 1174.601 2732.7795 0.0017312329
1196.1416 2815.442 113.21023 263.86636 0.0017304831
821.98065 2831.2822 178.46384 220.5468 0.0017302486
20.663038 381.9551 40.959393 666.33875 0.00172076
1239.9337 3261.522 47.148495 485.18817 0.0017205667
1089.3394 2997.2192 246.22067 387.95383 0.0017167135
1167.387 2783.4182 130.59442 233.47112 0.0017161685
1168.4535 3257.4292 194.25581 523.911 0.0017136965
840.3572 725.9642 388.5226 807.4853 0.001705647
490.7935 1912.3354 221.00946 333.15756 0.0017044101
925.26843 2781.145 156.58344 184.32773 0.0016925788
1215.4994 3414.362 78.75944 201.3157 0.0016906037
1244.9807 2300.4202 38.729805 793.4935 0.0016889651
430.78705 2437.0051 451.9222 1081.9027 0.0016827438
1163.2983 1334.9137 172.92848 2723.1917 0.00167793
1235.8499 3328.0063 45.36804 351.21954 0.0016740598
1176.5715 1891.9937 157.10016 524.9578 0.0016674108
1148.9976 397.41092 106.14524 199.02763 0.0016585239
411.37378 2248.1028 314.18506 469.9105 0.0016556097
1181.083 1781.0469 146.98271 350.3602 0.0016536878
1224.3964 3475.2407 72.32574 82.487 0.0016325418
1209.271 897.9272 108.00027 847.5613 0.0016239972
1059.3369 3434.8481 250.69308 140.82884 0.0016168156
1216.9689 3452.2422 104.11765 121.18302 0.0016050441
1068.9724 3420.786 233.06067 180.0522 0.001600799
1053.6334 3474.0532 227.80249 72.814995 0.0015975938
1123.7354 3347.703 284.4217 338.80377 0.0015944161
1188.2537 2279.9219 139.65224 512.335 0.0015910342
674.8864 1380.2339 1149.2025 2722.484 0.0015859184
1083.2161 3124.6038 252.14445 321.85934 0.001581028
274.8233 1307.714 466.25745 2015.0598 0.0015730516
1229.0103 477.73074 68.46344 352.80222 0.001560997
1194.8337 3474.7776 115.924545 73.29992 0.0015551865
1148.756 1721.808 221.9169 3500.0986 0.0015518855
1237.672 3453.1086 99.565025 183.93687 0.0015425943
767.2668 3499.4275 1083.0437 66.325226 0.0015408269
1175.4316 1964.4922 162.77979 280.52936 0.0015341853
511.04514 1898.8645 187.92972 303.27264 0.0015311606
1235.55 3418.5598 45.478016 175.28267 0.0015280392
994.6214 375.95255 418.93906 502.27856 0.0015252634
1247.861 3038.6262 32.82481 467.00403 0.0015248627
1224.262 3477.7603 67.297 81.77227 0.0015231953
1229.5889 749.1211 68.14333 165.30792 0.0015097118
1238.1315 3327.006 81.50413 338.4332 0.0014766593
1111.6993 3448.5117 331.901 325.1395 0.0014756296
1239.7421 3401.1035 44.114193 208.46155 0.0014688441
1131.4442 3431.8145 167.24904 148.77625 0.0014630904
1234.137 608.54675 53.943417 168.81342 0.0014587868
888.196 296.0979 779.0627 602.738 0.0014533713
1195.8127 3438.4624 105.55347 154.23692 0.0014481463
1216.9816 2533.8042 89.18597 306.51517 0.0014473784
1240.1917 219.83946 48.006706 437.0834 0.0014312234
1225.7917 3486.0037 72.74045 73.692535 0.0014014576
1236.1632 3311.1956 45.77289 326.82004 0.0014008231
12.705039 520.0426 24.098705 354.7941 0.0013986949
1246.2355 1928.5494 36.23147 1532.455 0.0013949249
1237.5929 1075.6492 63.56314 630.3744 0.0013786855
1238.9514 3058.2722 46.804302 341.71146 0.0013343222
1246.7095 3197.6401 97.588646 279.58704 0.001306065
1237.2388 3435.6396 61.571266 191.33296 0.0013057645
1248.1168 2795.5166 34.068077 223.63829 0.0013044135
1219.385 1919.3826 105.41617 406.53235 0.0013027528
710.4488 2940.9553 1166.4847 1061.534 0.0012990264
1243.515 169.60641 42.962402 170.28659 0.0012987445
928.485 202.53287 237.44254 290.66284 0.0012966259
1214.1682 1809.0549 168.26814 402.70752 0.0012666621
728.67365 1641.6376 1038.6635 2079.423 0.0012634492
678.7689 1493.2303 1127.1003 2401.778 0.001255616
362.66855 1926.1548 543.333 1344.5757 0.0012426819
1241.1052 3415.7593 40.68142 190.21791 0.0012344028
1223.0787 3478.395 80.465836 79.18656 0.0012247168
1179.369 3474.5303 185.73233 221.89594 0.0012166122
1219.605 1295.9303 99.22995 169.66116 0.0012109886
1233.7035 906.52277 70.55176 410.98096 0.0012030333
1230.4266 2710.697 213.8427 443.27145 0.0012028207
719.3649 2565.6292 941.4532 361.12363 0.001194086
317.2792 2050.8635 450.80508 1950.3296 0.0011837499
375.52734 1419.2361 511.32523 2516.195 0.0011664707
1073.2062 1961.5936 355.46664 1654.3336 0.001158568
13.083202 825.28143 23.441786 317.97998 0.0011395785
529.90454 1874.8684 509.4018 1190.793 0.0011357492
1156.0211 2263.937 337.0075 894.8264 0.0011277824
1166.875 3458.639 125.89957 116.62487 0.0011249724
268.41174 1460.1454 358.05634 1422.2427 0.0011237711
689.6116 2590.7212 905.81866 569.8169 0.0011074033
1235.9493 2188.9788 57.64942 387.584 0.0011051166
1255.5626 2257.7368 18.908445 881.06964 0.0011040568
1251.6353 2368.435 25.168938 659.67053 0.0011037093
222.62392 1752.5227 316.6016 1999.9122 0.001087949
830.6167 933.3991 729.5084 1870.9305 0.0010858332
848.0587 2727.2917 740.5932 686.9197 0.001077522
785.38794 314.2109 484.83966 615.5356 0.001072501
1064.6056 1566.0254 410.44775 942.0291 0.0010666787
649.81067 2065.761 994.3753 2885.251 0.0010504173
1247.4669 1908.0875 33.047844 1572.757 0.0010454092
1199.0234 3135.661 169.6642 169.22148 0.0010382492
866.89026 3494.947 961.32043 54.231075 0.0010315002
1170.5592 1967.8821 273.22702 1412.5562 0.0010247163
607.3733 1911.5845 775.7336 3148.9788 0.0010216832
1244.3938 3491.67 36.526764 49.61827 0.0010190887
1239.8174 1322.7858 52.324417 410.70624 0.000994939
1249.3109 602.06036 32.279987 175.76433 0.0009875566
874.7537 387.00043 778.4047 786.9495 0.0009861445
1251.156 3162.4944 27.38066 679.8113 0.0009658383
443.72046 1299.648 638.16406 2486.2163 0.0009457457
1254.8243 2748.718 20.143946 209.66156 0.000928545
733.86676 3430.0176 1021.33307 179.71884 0.00089105417
846.99725 1262.2169 736.10455 968.1758 0.0008580519
1260.2174 1863.7009 10.48914 1606.8927 0.00085708726
1249.5718 365.0418 29.896894 192.31657 0.0008513465
1242.3517 3501.0366 41.23737 31.925978 0.000831003
615.7921 1105.842 712.92737 1025.3639 0.0008278251
1066.931 352.18674 313.1297 596.2158 0.0008268727
1189.1432 813.495 164.31412 387.34293 0.00082267483
716.3934 371.79788 1066.7202 927.45886 0.0008218003
746.442 1231.228 823.66486 984.0143 0.00081769086
1222.453 2559.1404 73.6564 298.2994 0.000806989
1261.3839 1856.5753 7.4433436 1175.4232 0.0007931118
1121.3226 3485.9817 317.67758 111.60124 0.0007831152
1260.7843 2006.0339 9.001215 1338.4681 0.00077639177
1260.9437 1620.7633 11.522641 1295.7189 0.00077589403
867.17365 1281.7682 515.3105 1349.88 0.00075915747
645.3048 1114.4545 811.23395 910.6241 0.0007341768
1262.5044 1862.9066 6.387226 1134.4397 0.0007193451
837.9769 841.04865 680.06116 983.8492 0.0006872762
1261.8434 1747.4586 9.280984 965.54364 0.0006654936
1009.3434 3210.1296 502.036 591.4761 0.0006425765
538.8833 1410.1058 683.8706 1050.5457 0.0005953889
925.4984 261.34637 935.4386 448.0078 0.00050520635
1197.1732 2323.899 336.65604 713.45 0.00048675438
1197.2372 2497.4597 263.66498 692.29364 0.0004863655
1121.1147 2913.4443 516.8981 796.72534 0.00041709963
1142.9535 1266.7914 532.18933 498.12646 0.0004130666
