549.336 1140.597 905.0473 2216.3313 0.8962623
578.45044 1078.0198 763.3865 1322.4282 0.06362905
70.435356 1131.3834 115.092926 173.57791 0.060795177
475.4887 1031.7788 551.8252 979.2015 0.058252357
88.91332 1132.7454 152.63284 178.47433 0.054923233
465.9258 1046.4048 500.8413 799.2755 0.053968973
572.824 1220.3182 694.1573 1293.8894 0.04870721
571.2086 991.76733 742.2997 1128.186 0.042533223
542.9517 1003.96356 691.3963 1143.9113 0.037424583
581.2243 962.2561 769.3373 1107.5436 0.035421066
505.4292 1087.1423 628.3795 1175.1194 0.034093138
581.46436 1158.869 758.5655 1427.6675 0.03260734
585.2109 1253.7653 780.10223 1553.1417 0.030513229
552.77905 1140.0149 896.4645 2215.4302 0.027101295
500.95486 1105.929 629.8591 1204.1592 0.02701875
550.68195 1138.6833 605.3109 1035.6261 0.026001237
578.81244 934.3982 792.15826 1108.8601 0.025840279
462.9491 1095.2036 501.0509 695.6431 0.021062933
489.5813 1048.6259 393.64227 636.5981 0.020993534
521.26904 1042.1107 663.96857 1422.4697 0.019406255
583.25037 977.6411 771.57745 1421.9879 0.01935379
581.90985 1095.9323 642.8937 968.29205 0.018657934
581.18536 831.30664 795.23065 1237.7698 0.018533032
593.80646 1184.8114 706.6482 1109.7964 0.017904084
571.0372 908.5846 826.97925 1496.2122 0.01689339
561.08887 917.61053 633.3657 923.01337 0.016869728
593.2128 939.29565 728.9644 966.63 0.0165177
563.1309 763.67926 860.1473 1357.7598 0.01595704
556.15784 1640.7285 884.00165 1205.471 0.015867267
554.5183 1333.7053 705.65314 1099.4397 0.015807394
547.0797 975.73553 620.48615 1034.8893 0.014983926
478.89496 1219.6385 439.81796 453.8754 0.014822921
439.5927 1209.9386 250.00438 221.54108 0.014740409
559.746 1675.4668 876.4733 1138.3898 0.014232893
474.5372 1104.1921 414.60843 494.29266 0.014094882
467.8329 1127.4282 519.24335 657.3802 0.014071934
508.76242 1190.0441 437.9288 871.8168 0.013751054
563.0739 1197.454 665.6868 886.9055 0.013408471
582.90497 892.56976 521.3 819.9889 0.013230701
596.6247 906.39233 600.8011 908.1054 0.012861145
511.7098 1521.3102 337.86102 321.50143 0.012647866
578.33984 903.3192 208.75221 301.58078 0.012224514
619.1199 950.8717 681.9475 980.2175 0.012212198
487.57407 1300.3112 573.98236 741.5374 0.0120945675
483.2834 1261.93 368.60672 338.6148 0.011879035
495.54648 896.9126 446.08008 664.5646 0.011838965
535.1495 1076.8038 462.3669 696.0854 0.011596105
472.19302 1125.9617 409.59595 404.92218 0.011582155
580.5831 987.0355 229.65025 466.83887 0.011534216
557.5195 1299.5266 721.48474 1265.0474 0.011482196
499.90222 925.2847 393.1435 640.22845 0.011374356
602.962 837.6713 722.9614 946.02527 0.011146878
629.31494 1058.0885 588.1501 1039.6896 0.011076902
594.33826 1164.0525 711.9651 1080.0514 0.011018766
571.1453 1002.8596 251.45108 506.8004 0.0109127965
600.3444 793.3156 694.4408 757.73615 0.010690545
570.6242 1091.0691 673.0568 739.9827 0.010625999
558.5964 1539.4989 875.23346 1388.714 0.0106184725
583.54047 832.56555 787.6505 1097.089 0.01056181
488.60507 889.2009 385.80396 435.367 0.010364689
462.20178 1298.1375 587.74414 1553.7046 0.010301841
576.12006 1535.2666 811.77826 979.2526 0.010228404
543.58606 1529.3763 429.79398 373.90067 0.010129255
481.79288 1212.0139 322.0581 244.56522 0.010067826
552.64545 1388.9519 710.4781 729.08295 0.010006501
576.143 1446.3798 794.03796 1227.4535 0.009907775
439.6056 1078.5554 446.07037 683.05786 0.009895985
136.6707 1133.983 246.15953 193.23831 0.009873868
627.3085 1220.1237 629.2868 1043.8176 0.009849526
620.6005 1552.6449 686.65485 1019.9992 0.009631719
567.85065 1370.3229 767.50055 867.3485 0.009630382
556.08655 651.5664 879.3807 1225.991 0.00960301
572.2426 1414.8074 812.84906 953.6825 0.009544012
572.6604 729.2764 828.1485 1140.9507 0.009535699
136.61017 1132.8951 63.28155 177.11533 0.009511801
466.07022 934.62537 679.35876 1144.122 0.009391841
590.48737 790.43414 760.191 821.5133 0.009326132
231.24767 1646.3672 438.0839 1206.1187 0.009182477
589.44714 1358.2135 701.1714 893.7136 0.00916899
553.3227 828.9945 330.63498 486.9635 0.009110494
673.7228 1102.9462 590.0007 1448.0013 0.009078772
613.9021 778.8914 377.03348 559.7382 0.009050576
615.7926 1270.5891 633.6297 962.3614 0.009037973
654.82574 1161.6794 568.26337 1180.098 0.009028458
545.8698 1530.5774 249.08199 281.54172 0.009014037
517.00684 1277.7036 449.56537 392.3404 0.008892549
581.629 1416.284 784.3643 1176.3269 0.008807391
459.53445 974.50256 402.98535 595.15155 0.00872389
656.6233 1776.9172 675.1078 876.1393 0.0087046875
285.8324 1639.9015 539.4002 1193.036 0.008664989
506.04004 848.24115 523.8816 729.02 0.00847348
95.48124 1649.7212 179.99854 1221.0519 0.008394914
586.98206 879.60284 453.2224 795.69214 0.008373284
699.52405 932.7105 99.95638 219.99348 0.008358007
570.0628 938.8243 387.3258 849.81195 0.008256622
433.04016 1125.2332 426.58652 467.02283 0.008252449
438.29224 1098.3689 475.2988 642.5407 0.008229378
657.14667 1774.5022 672.7521 865.2107 0.008211417
635.84064 1640.7057 610.2727 597.08563 0.0081293555
700.1617 1202.1765 565.04944 1363.6931 0.008021668
98.74295 1192.7639 175.09833 318.68732 0.007963603
559.908 994.66846 248.0297 482.68832 0.007953736
527.7376 1331.4388 518.0551 1618.5243 0.007884458
445.17636 1440.4397 223.30379 165.0451 0.007850045
612.154 1055.723 510.42004 695.9639 0.007825617
628.6343 1352.224 540.2135 1125.0521 0.007792148
481.1322 1116.659 368.0832 315.856 0.0077754804
511.86853 1064.8452 297.51562 337.44672 0.007675431
613.3775 1059.8087 373.6179 786.61554 0.007624842
503.1002 1125.8904 342.11914 374.72568 0.0076061036
666.84436 986.0945 456.80603 703.5906 0.0075914823
587.4974 1071.543 268.45422 659.20325 0.0075766174
619.491 1197.7498 526.24615 844.39044 0.0075168223
583.21204 577.76 165.06293 156.43207 0.007392506
610.10394 776.04156 713.19495 776.73663 0.0073881233
535.82367 1319.0072 419.99405 684.531 0.007349941
710.9162 1210.4415 552.46716 1433.0881 0.0072844764
424.75217 1272.1002 623.189 1718.4574 0.0072608287
356.13235 1643.2994 675.044 1203.6896 0.0072155655
619.9629 1630.1637 686.32666 728.19965 0.0071738623
644.1873 867.2229 618.11694 833.3624 0.0071510286
552.4803 891.73303 399.4787 813.7991 0.0071500866
559.34985 1381.3372 845.0322 1026.2266 0.0071097696
606.96027 1349.2145 656.2196 847.824 0.007107036
675.2927 1663.4672 554.2716 602.61475 0.0071021654
189.32118 1142.6697 352.56158 217.61737 0.0070879767
578.4072 589.219 821.36414 1089.496 0.0070526465
653.83 1191.0354 565.6164 1045.7812 0.0069942637
715.4692 1100.5991 493.53265 1148.5808 0.006948568
548.3435 1102.7146 241.54837 302.5902 0.0069143237
455.2542 859.8915 314.78723 337.37888 0.0068639074
595.9463 1589.8849 602.42163 660.83234 0.006802852
627.26074 1052.8441 330.01663 637.09454 0.006802105
585.0174 1498.4056 554.031 494.91647 0.0067778644
285.61136 1209.0685 226.82495 308.9623 0.006735263
704.2864 736.63184 535.2798 837.8528 0.0067245434
792.8025 592.1163 303.42526 308.16364 0.0066623576
745.8797 402.16907 262.52536 287.4651 0.0066622472
746.893 557.9785 460.41165 478.5915 0.0066528628
540.43274 1102.9484 236.65796 285.37985 0.00665159
656.8502 896.3423 631.4758 871.37897 0.0065791793
97.6972 1285.43 176.6965 500.57242 0.0065744626
456.1136 1262.1503 267.57938 314.7675 0.006555182
906.15607 727.0742 177.37993 107.85964 0.0065548685
652.8178 1566.4777 370.66556 376.68234 0.0065485705
526.34283 813.0807 332.80032 409.284 0.006528011
403.39206 1162.0759 419.69586 366.65228 0.006514069
121.50359 1276.7098 222.9489 475.94662 0.006458736
353.74435 1184.4724 670.27106 344.43338 0.006439872
610.4906 917.7958 277.0985 361.34406 0.0064334646
676.6788 1772.6248 628.0858 812.02686 0.0064199795
533.1128 1169.3601 666.5486 920.91187 0.006392157
563.5592 1409.374 577.66614 602.9825 0.006392084
631.0336 628.2706 666.5988 562.5013 0.0063367053
566.5225 1208.964 356.32428 867.47076 0.0063308324
675.5226 446.78067 361.31882 325.5987 0.006301151
644.9361 1556.9004 243.05424 275.99042 0.006287235
712.85504 599.30347 337.9522 326.31622 0.006287098
635.6824 1323.9307 448.6747 955.17175 0.006284936
733.10803 1683.1206 377.49988 460.04062 0.0062837326
610.6705 1573.5354 167.37737 196.83992 0.006269665
461.76398 1507.2814 251.96887 293.3057 0.006203532
720.78406 778.2211 503.26874 739.6487 0.006167627
559.0429 1369.6918 688.5256 753.4046 0.0061586834
472.46396 1466.9879 650.29236 1495.774 0.0061582397
514.63574 726.8571 449.12076 493.9453 0.0061473697
636.308 1536.8245 652.68866 427.9704 0.006133791
463.04733 1165.0105 580.13086 1241.4523 0.006131969
593.2776 520.6886 791.0075 973.73016 0.0060974956
740.1816 1848.7573 507.41113 712.128 0.0060746977
96.804306 1467.7903 178.70798 872.02295 0.006064396
566.014 1287.2654 821.91833 570.2986 0.0060583
153.89983 1135.065 96.763565 187.38658 0.005989581
574.7376 1578.5461 211.38121 235.53244 0.005922023
544.8909 865.0689 140.95631 243.49553 0.005912574
906.7684 653.87415 185.46156 242.55795 0.005910209
735.54236 1157.764 510.62967 1311.4042 0.0058765234
474.14334 1472.0436 89.46896 99.93155 0.0058756657
714.925 1089.1821 508.18427 1266.346 0.005830862
646.93164 890.2715 349.20398 730.39484 0.005814601
531.2246 1252.9377 359.5616 921.25134 0.00581381
525.5514 875.2614 362.02487 546.4903 0.0058107707
508.2879 1139.774 982.15564 2198.5942 0.005794753
746.19635 601.65234 227.53047 276.94373 0.0057882452
157.7377 1333.5549 293.54385 586.7165 0.0057557235
568.76605 1291.7675 501.50116 410.86926 0.005684675
447.4748 1180.8584 168.8019 135.97157 0.0056595625
778.2241 1920.2592 354.1152 365.01123 0.005578045
439.72293 1251.3434 508.00217 1051.0945 0.005574435
715.8923 943.45605 201.14502 321.21893 0.0055703344
227.32645 1234.7579 423.54745 393.35593 0.005543331
693.92316 1216.0687 392.06476 645.1206 0.0055395076
218.93861 1421.7374 405.96722 762.5306 0.0054914383
588.7485 886.0237 714.1715 844.94293 0.0054737194
569.7332 1152.7971 254.54912 415.66476 0.0054481584
591.75653 1055.249 212.22644 593.4416 0.0054309545
730.0199 590.51764 499.7657 605.36145 0.0054285983
652.0873 572.32764 650.30884 825.8516 0.0053969007
394.5119 1308.3136 432.04965 440.55362 0.005395585
548.6093 1344.7441 182.00203 197.22957 0.0053877914
491.69012 1154.1497 939.1753 348.02496 0.005387214
550.14795 454.24548 887.8091 868.4854 0.005375675
730.2557 1304.8989 276.0587 370.5063 0.005360697
550.0081 1583.4703 426.82654 447.31482 0.005356948
773.2117 1557.7458 276.49042 397.87305 0.0053332117
529.014 863.0196 605.5854 586.0044 0.0053125075
538.02045 1362.9014 610.01953 1297.6632 0.005311757
722.14154 1886.3965 403.7195 518.6118 0.005286958
507.0433 1351.4644 962.8043 694.171 0.005269481
573.091 1421.5251 337.0582 405.45755 0.0052327667
422.79892 819.9883 263.88895 282.4619 0.0052287895
585.15845 1416.1385 396.0946 564.78674 0.005228747
434.70712 812.957 330.55563 432.47543 0.0052239825
686.8337 602.15674 471.94406 391.04736 0.0052067568
680.9131 397.88092 242.15535 217.13373 0.005178064
403.98996 844.9606 239.92157 289.93484 0.0051542143
675.7428 338.09595 619.79114 599.8668 0.00515262
783.1788 1625.2894 258.1467 325.0041 0.0051510585
666.11127 1404.398 401.86972 628.4129 0.005142772
513.55585 1037.8489 233.84068 426.02164 0.0051214932
806.17615 1651.2181 322.8653 458.78418 0.0051153814
774.7086 345.27155 195.03911 226.01689 0.0050699827
584.4227 670.21893 785.287 796.43744 0.0050605526
760.40753 1210.5907 482.59003 1666.9825 0.005034909
290.99622 1274.7108 270.6222 410.0675 0.005033515
601.2945 1658.017 493.20065 591.0452 0.0050296974
341.26288 1173.8014 638.21375 283.71793 0.005029423
198.1371 1276.5142 364.9888 474.64508 0.005028276
514.336 1057.7427 622.0093 1063.2305 0.00501462
505.2301 1328.086 271.06104 368.8394 0.0050104125
622.8033 1335.7751 249.52621 278.15897 0.0050049433
766.232 1614.0287 401.37482 705.74005 0.004970634
603.4139 718.40375 740.5118 727.5479 0.00496306
674.3704 1331.3375 234.73962 282.97754 0.004955629
608.9086 1745.7316 530.7987 800.7923 0.0049426337
714.9765 1383.834 161.01546 201.48065 0.004922053
804.27716 1990.9338 387.03296 501.4741 0.00491944
507.36603 1675.3824 415.41245 636.21484 0.0049020112
541.271 1672.8915 438.26416 658.02313 0.004898593
587.3055 1505.0569 372.45868 840.6674 0.0048498055
618.27814 1435.2789 580.7894 628.4125 0.0048423987
641.75366 1334.5605 416.07016 495.69763 0.0048343716
89.65858 932.1896 161.76418 588.7373 0.004834315
761.0011 1917.1932 218.1393 261.45395 0.004790493
731.4908 998.5013 514.4821 1126.3477 0.0047832807
454.05795 889.317 168.28271 244.84612 0.0047763507
813.7891 1750.9348 334.52225 569.05457 0.004753993
633.29663 1100.8853 125.81194 203.39848 0.004747337
473.9006 1209.0436 600.60046 476.36142 0.004740689
380.94247 1538.687 454.5046 870.61694 0.004736434
534.2582 532.4381 909.77386 1023.2461 0.004717523
559.0879 1574.0975 415.02032 423.6427 0.004706726
691.66205 915.07794 435.11932 490.86142 0.004700284
835.3322 1086.4935 323.1731 710.9099 0.0046922173
677.1824 1756.5522 600.7831 781.50653 0.004650649
824.9127 924.87885 326.0065 399.47565 0.0046490557
766.7332 1812.4183 455.51804 789.00903 0.0046418617
338.68845 1388.3799 622.95593 708.3083 0.0046410398
472.7175 1608.2784 376.21494 503.2984 0.0046324614
194.64 1169.2266 82.152985 128.3614 0.004601825
66.78531 1128.1731 105.51759 166.69865 0.0045948406
417.602 1216.3542 791.43756 390.38928 0.0045895567
303.32224 1173.9021 577.3687 2105.5896 0.0045868326
744.37805 1346.1326 398.6786 625.87067 0.0045788973
832.9312 1214.7797 316.99808 458.9012 0.0045721214
830.2656 814.8617 334.3219 645.1103 0.0045584585
613.99426 858.72986 714.8681 777.759 0.0045541376
264.5082 1382.8322 487.31763 689.1167 0.0045453026
644.6173 1374.2985 171.87297 199.93427 0.004537413
416.02963 1523.6858 319.44833 358.02182 0.004504891
722.953 1488.5292 332.52512 382.371 0.004502471
592.4539 1613.9956 133.70604 143.1319 0.0044962363
611.97327 406.21573 235.60716 214.03677 0.0044956347
609.4519 1550.2162 437.28964 958.82965 0.004491842
734.1581 784.2281 479.3991 726.69507 0.00447179
787.24304 1226.0184 426.67285 1436.1736 0.0044702766
785.1883 1234.2141 270.76767 394.64682 0.004449951
833.7411 959.78955 314.8284 493.2828 0.0044308575
808.7454 2032.8354 382.48453 416.98096 0.0044252425
592.6662 1345.5654 179.03255 211.49432 0.0044199475
488.53067 861.3814 142.79361 227.65291 0.004402338
550.2444 1915.5762 901.8369 676.28784 0.004400372
641.082 1410.0535 278.0983 534.46375 0.004396444
631.33215 1707.4673 483.9855 894.652 0.0043961518
273.17322 1210.7043 149.98627 187.72046 0.0043848297
216.88335 1642.2026 409.95334 1222.6312 0.0043750796
746.276 1727.9666 200.51965 260.2772 0.004361879
806.19763 1771.0902 392.4881 930.9189 0.0043295836
726.89966 950.2691 221.01588 340.9488 0.004325612
686.3927 1766.6112 311.01007 688.308 0.0043046004
729.1371 1043.3766 188.17102 450.66824 0.004303534
333.17947 994.0146 268.48264 359.72665 0.0042902934
849.0388 1924.7969 297.05988 623.3695 0.0042881286
881.46796 1047.8757 223.1219 179.53821 0.004258963
768.9296 353.62045 161.39131 163.97021 0.0042576767
593.6928 1300.1034 358.14227 990.6993 0.0042426065
793.7637 1955.2223 400.5224 577.84015 0.0042225295
512.50885 1363.2794 295.5708 592.07104 0.0041955705
827.21704 1106.8779 346.6236 1202.5049 0.004172861
331.78662 1315.832 275.95135 304.32053 0.004140911
684.7581 1301.4958 269.68927 358.89014 0.0041254396
823.6892 1322.7368 357.9041 1676.4053 0.0041182656
506.72845 1270.263 964.58185 532.33954 0.0040992773
688.45514 1183.4161 571.0149 1723.8234 0.004080271
347.32498 1192.5745 125.74259 194.80426 0.004079384
719.8678 1691.5447 358.91034 465.00397 0.0040762927
812.28485 248.99744 364.6544 409.32205 0.0040482157
428.80127 1601.7561 785.7204 1289.5981 0.0040408056
588.93445 1114.4779 599.832 798.5376 0.004028655
607.5 1804.5133 212.27972 344.8124 0.004023038
622.8302 1833.9496 211.4026 345.50812 0.0040127435
284.96756 1001.3035 178.41934 251.93417 0.003981716
197.74344 1137.1525 371.5441 228.3939 0.0039796475
532.0745 1284.8284 142.16167 163.13527 0.0039591044
868.6311 235.01799 244.6958 316.299 0.0039482242
699.1697 1859.5035 346.28156 467.6596 0.003937782
639.8193 1129.3807 195.73082 288.02545 0.0039335666
276.5604 1759.0083 516.3872 980.1389 0.0039305896
588.0106 1592.4401 444.29114 448.9034 0.0039252373
112.17977 1128.7423 207.24995 195.07312 0.0039090025
263.8948 1259.1968 502.2239 1941.0985 0.003903553
831.191 1271.2434 337.95663 1031.0574 0.003895633
732.13995 860.136 513.0128 1160.3895 0.0038866468
604.84985 1219.0171 360.45676 552.30774 0.003881203
373.10217 1562.8682 191.15443 229.94771 0.0038702292
804.6031 1273.8407 385.1276 990.1569 0.0038670187
620.02924 517.9711 192.16039 169.96367 0.0038653517
742.9071 1350.0974 184.23201 246.59464 0.0038592808
741.9147 993.93353 505.6359 1346.0658 0.0038504514
629.0396 1954.0775 728.101 595.3501 0.0038462053
632.66943 1612.7177 524.2333 485.31195 0.0038333556
680.26953 1919.9102 299.11813 359.86786 0.0038222282
510.99673 1722.7832 407.9531 793.04285 0.0038198046
794.1195 1396.0055 180.67592 198.0859 0.0038037137
579.956 638.7864 800.1903 830.9018 0.0037986704
837.07336 1139.3124 336.84735 2171.4395 0.0037802302
759.3425 1947.7809 165.74687 192.03749 0.0037725756
807.0177 908.63556 381.06097 900.1852 0.0037718678
683.5927 1590.8159 413.42 905.031 0.0037572626
767.92566 1462.3285 326.77222 648.1658 0.003705233
632.55066 1870.836 196.09486 314.25674 0.0037041227
650.0602 1945.8563 686.35034 611.1279 0.0037010708
700.60175 1997.3721 587.5939 508.36368 0.00369825
594.9925 1793.2539 414.9546 859.407 0.0036870574
880.86163 1595.2073 229.55305 361.58435 0.0036831973
589.9426 1241.8154 487.96628 401.28656 0.0036782608
750.3411 1574.3947 359.69858 956.0009 0.0036496457
476.3549 1516.9884 321.6385 402.33777 0.0036398047
842.0924 1626.5946 194.22209 292.6195 0.0036390286
817.4724 1765.0261 269.6689 343.624 0.0036349744
743.84454 1682.1394 513.19415 1074.5289 0.0036283368
198.5559 1825.2056 380.66165 865.1889 0.0036280781
914.1993 1600.3363 175.85187 365.5751 0.003627256
609.83923 1886.5172 346.36063 489.8326 0.0036211608
266.22842 792.55664 144.26819 180.15134 0.003619016
819.16724 1120.879 349.31882 596.8019 0.003612083
872.4936 1244.3064 249.43208 417.3321 0.0035768424
806.2252 1942.4651 208.84584 267.94415 0.0035713962
145.09265 2113.6216 279.92993 291.92834 0.0035531926
239.67448 1319.1223 453.78104 1834.16 0.0035511993
647.39996 1589.0581 496.9249 501.05176 0.0035426614
605.91583 907.9708 404.53012 704.93976 0.00353422
557.23285 1568.1823 399.95602 633.0111 0.0035282464
162.6219 958.17615 297.9587 548.13574 0.0035217497
603.0951 1228.8147 216.80173 386.5092 0.0035216527
803.9614 1345.4863 380.6322 747.0146 0.0035092398
544.99854 1892.7142 216.05577 310.87677 0.0035092214
156.93065 1966.1136 305.0687 590.48364 0.0035090698
681.4181 1463.4263 366.55884 878.76483 0.0035083047
711.7669 1291.6377 246.56847 310.26257 0.0035033186
817.97144 1156.157 355.22482 715.10657 0.003501032
778.1376 1981.1715 424.8671 486.4933 0.003500435
652.9934 1388.211 240.4412 232.20288 0.0034958175
644.6261 1335.2466 240.51323 438.20587 0.0034727675
847.7316 1321.8564 197.77441 359.35898 0.003459257
843.1635 1127.3591 313.74402 825.9274 0.003458935
366.07892 1432.6138 421.94162 659.419 0.0034489708
813.9573 1229.3048 357.8955 513.9006 0.0034479287
750.0494 1199.0237 348.1493 1239.8666 0.003442786
724.7569 2057.693 539.56055 394.42606 0.0034388786
679.8941 945.38477 120.0888 220.3944 0.0034388145
581.0012 1561.6974 366.06085 616.1729 0.0034181268
541.40173 1879.2897 282.2208 416.04626 0.003417287
184.65556 689.5 353.28125 1081.6145 0.0033524064
697.59674 1674.6118 222.59084 261.72607 0.0033477417
851.0216 1598.6233 161.69948 282.84583 0.003310737
528.608 1899.2095 202.71547 285.981 0.003310323
683.7634 2027.1129 288.41058 364.9626 0.0033069297
802.0424 1374.144 198.51611 235.96527 0.0032906812
262.33173 872.4211 279.44168 526.05005 0.0032847326
728.9031 1521.0807 448.89352 1101.2295 0.0032809242
584.9535 1887.9778 378.41403 494.95963 0.0032771493
668.02545 1081.802 235.60406 492.66797 0.0032675704
200.4829 1372.6515 379.4858 1755.3389 0.0032656563
588.6405 1209.4385 239.94693 849.577 0.00326151
782.22156 1160.5933 445.06848 2104.7913 0.003255772
726.1206 1733.679 381.7244 357.66525 0.0032554346
706.1809 1834.094 255.67134 336.21585 0.0032453001
113.95504 1568.6786 195.53162 366.37766 0.0032324723
807.91174 1190.8147 377.29996 1005.8983 0.0032309487
684.2316 1614.1963 526.9409 717.504 0.0032167395
80.94067 731.6653 150.14311 996.45557 0.0032150627
667.90216 1957.7723 183.24126 259.42664 0.0032084177
570.152 1923.3269 203.4368 295.58646 0.0032083765
447.17783 1599.0826 381.0166 381.883 0.0032073748
852.5145 1147.181 198.92119 314.0694 0.0032022502
754.93475 1690.5146 223.7479 381.96075 0.0032005827
770.6101 1708.6217 161.80655 192.91962 0.00319289
811.70636 1387.3131 372.7237 1156.8333 0.0031797395
444.1876 1630.259 643.98627 1224.4808 0.003168766
86.167076 1255.5472 146.1944 431.8649 0.0031576694
575.6134 1977.3982 832.5355 559.4152 0.0031498726
735.02814 1518.8792 496.02045 564.144 0.0031496286
783.0585 1353.519 406.9294 858.16345 0.00313771
836.9693 2041.017 206.49811 236.43338 0.0031372374
414.1406 1171.7758 159.5737 170.47853 0.0031366795
910.37524 2078.646 179.1369 335.92026 0.0031220883
216.74908 1274.2468 399.93396 793.7427 0.003119181
650.182 1932.8539 163.88982 249.19609 0.0031183404
151.82593 2176.26 288.13684 170.68787 0.0031030744
697.58606 1549.194 132.03542 228.70102 0.003102542
142.78574 2039.0162 243.7901 401.47446 0.003101765
785.3377 2057.5513 436.26962 390.44946 0.003096295
534.33624 1776.9492 345.84995 797.5744 0.003095206
665.8 1876.6903 238.28053 338.20554 0.0030889122
795.51917 1875.5332 342.38705 697.9247 0.003079109
865.21405 1650.3533 256.5166 484.91833 0.0030746653
396.26648 950.56384 183.26122 188.22346 0.0030682131
682.93604 2035.5154 458.3428 534.99976 0.003067866
620.8297 1362.3357 448.71838 645.0458 0.0030637619
651.1642 1942.3705 210.63367 445.23282 0.0030489366
753.61456 1794.1368 230.22556 390.78955 0.0030377617
78.54052 893.62885 141.3975 664.1294 0.0030344045
657.06586 1597.7405 758.1767 451.40332 0.003028892
688.93024 2072.4546 303.9534 332.2533 0.003028526
651.4501 1572.5726 517.2958 506.1697 0.0030264591
699.3268 2141.3113 758.1011 162.76933 0.0030155815
555.46765 2041.5911 876.8807 442.42743 0.003015031
839.4864 1535.0598 249.97505 414.94614 0.0030109475
798.45807 1330.7578 387.98453 1668.6656 0.003007993
484.63843 1143.7898 211.54166 236.87152 0.0030043772
278.18756 1848.9208 532.6717 818.8766 0.0030007001
436.37866 1706.012 328.479 1034.4901 0.0029971246
662.1141 1506.3289 382.41583 645.5468 0.002987941
483.0806 1241.2465 445.85022 1197.3457 0.0029844532
214.21173 1141.3694 402.24628 2016.8121 0.0029836146
514.73645 1946.7493 161.3117 203.99333 0.0029785181
552.5636 1971.7415 269.20312 356.2047 0.0029766199
166.61551 2036.8326 322.32544 448.9295 0.0029736154
573.4416 1912.4683 673.6989 659.6397 0.0029686391
607.9336 1319.6719 153.61696 184.08324 0.0029544241
849.2987 1879.2166 224.05608 271.7232 0.0029501698
922.571 2017.0547 163.68633 431.29373 0.0029419845
755.6819 1551.4775 159.90741 199.53307 0.0029182325
873.7453 1210.0145 253.81592 454.6208 0.0029153964
730.7532 2039.5795 225.66559 407.0567 0.0029088792
111.747086 753.8952 211.01675 952.6156 0.0029067998
332.32535 1545.7092 146.28879 192.27354 0.002905316
751.5136 1810.1487 292.2467 285.8287 0.0029022745
885.0116 2047.1396 225.19914 394.9422 0.0028917524
667.3458 1680.8286 323.34787 325.47467 0.0028887019
428.26675 1526.1202 328.96155 295.86185 0.0028868702
75.42417 1699.831 144.86617 448.3284 0.0028728994
900.35956 1600.6595 202.19177 423.4932 0.0028694442
572.00244 2053.43 202.02464 262.80832 0.0028635631
226.23305 556.03796 432.03967 1032.8274 0.0028568653
408.86685 1777.793 265.93976 368.9663 0.002856826
663.7541 1756.3995 177.17479 223.36221 0.0028513651
836.13477 1849.5924 171.19954 198.67793 0.0028503106
699.8579 2072.7043 548.6679 362.6706 0.00283901
703.61957 2162.5605 785.99316 153.69597 0.0028289938
810.60956 1367.3285 173.12009 227.73433 0.0028050332
523.0501 1923.8115 313.97855 488.7856 0.002804784
442.5861 1849.982 189.67574 240.55605 0.0028024588
479.1804 1656.5109 153.36668 151.31502 0.0027929165
598.8283 1441.5984 360.90164 384.88947 0.0027861863
543.042 1862.5621 243.30922 233.21552 0.0027827027
755.64075 2068.8481 385.07202 448.3516 0.002774557
81.70947 1768.3549 155.68013 701.8381 0.0027743368
638.2667 1080.3123 286.80167 526.9898 0.0027666048
813.2236 1418.623 169.19414 204.83208 0.0027662036
61.6564 660.31665 116.233536 445.6993 0.0027580354
532.46405 1873.5055 450.63303 685.33264 0.0027575397
815.19794 1062.8883 315.07077 584.3932 0.0027494794
852.69366 1851.0486 281.50977 600.3962 0.002746081
711.6029 1423.1414 123.83943 157.77217 0.0027309174
407.5086 1864.2808 563.7203 724.6592 0.0027246417
237.3091 1448.3542 442.99017 1150.8026 0.0027238633
460.79172 1419.9108 159.9952 138.6645 0.0027207911
852.747 1397.9681 289.36414 561.8067 0.0027187902
104.95803 623.479 197.86418 1203.0573 0.0027177266
908.43024 444.37766 174.85101 277.56326 0.0027121014
592.5684 1001.8066 124.38417 149.24734 0.0027072656
602.1554 2045.5234 172.87704 173.05269 0.002699919
778.3807 1944.0098 162.87209 221.97626 0.0026975307
718.6762 1746.4569 425.63235 296.39227 0.002690277
868.6859 956.8596 264.53397 953.41345 0.0026863152
886.4374 2135.8396 228.78883 213.93143 0.0026811017
722.8719 1445.547 137.6819 179.06552 0.0026727365
715.8997 2051.1504 174.12196 187.66924 0.0026698527
710.95575 1023.09845 208.82233 416.29214 0.0026680494
805.8746 1663.9603 152.65768 184.69331 0.002666588
170.58768 1680.4788 304.50464 957.2064 0.0026594603
847.924 1396.6389 217.18977 319.69937 0.0026543064
700.13086 1335.0469 173.32477 261.21255 0.0026520416
918.09717 1948.0192 159.1134 335.80536 0.002645704
570.0251 1518.7107 415.53586 293.36136 0.0026408953
530.2482 1314.8291 226.84937 686.7201 0.002639056
636.645 1216.916 129.27937 196.11516 0.002635905
819.51514 2086.4036 205.01411 303.30893 0.0026348874
370.5461 1799.6254 650.64185 909.101 0.0026342534
739.52045 1438.3875 401.75745 876.23804 0.0026314412
766.6158 1616.46 370.21976 940.9096 0.0026285881
504.22736 274.3446 985.0298 519.09705 0.0026281143
95.76004 382.58865 174.37788 369.63754 0.002609398
473.60605 1848.8461 217.21504 303.2457 0.0026060157
356.72876 1882.405 442.96756 659.374 0.0026044818
439.74368 1440.8965 121.31604 120.631004 0.0026020936
653.51056 1593.1788 152.54633 201.55418 0.0025996282
772.95514 1419.509 432.08154 1146.2411 0.0025946517
832.5664 2046.1473 184.88211 183.52737 0.0025932984
867.03674 1504.6022 264.50848 1035.5132 0.0025887438
768.2582 1500.2704 446.04327 1225.2072 0.0025823321
471.8638 1660.6174 412.29037 374.69595 0.0025643578
764.6596 1090.4207 164.0969 207.60585 0.0025621476
800.9237 1407.7529 379.3547 747.0874 0.0025498546
930.7005 1647.8474 141.54391 255.58739 0.0025494944
831.457 1993.2335 309.2317 482.12573 0.0025491393
547.6027 1968.6063 158.41841 178.26006 0.0025467311
745.75806 1699.9027 182.87888 216.61954 0.0025458676
779.2177 2064.2546 155.50911 196.84897 0.0025441234
384.60437 1928.6498 412.71573 582.1257 0.0025374466
200.16974 1444.5402 293.8415 348.0349 0.0025328444
488.14084 1909.9209 203.2398 333.5249 0.0025293422
114.195206 676.8797 199.03017 313.2174 0.0025293254
217.15968 1742.2057 357.26782 390.8439 0.0025253657
183.35571 1137.1642 270.631 290.4532 0.002516306
912.0748 1879.3704 164.74991 275.85596 0.0025156671
309.48233 2020.934 380.94928 460.0208 0.002514448
922.48175 1883.0219 160.00684 723.5981 0.0024965403
766.7034 1175.6111 191.49187 381.94278 0.0024927917
618.0385 1486.2979 212.54964 191.13623 0.0024889258
677.0708 1336.041 324.7764 500.4306 0.002484651
744.27563 2077.8933 181.68253 154.21294 0.0024836985
623.7426 1892.191 196.26 190.12274 0.0024786629
761.5148 1915.6761 192.12904 195.36766 0.0024777409
689.9828 1927.2732 159.87285 235.74608 0.0024777197
286.71686 1595.3896 229.4518 275.1197 0.0024776384
905.60095 839.39124 183.88841 447.7771 0.0024773085
127.15039 533.7394 216.60599 364.04437 0.0024746775
206.65858 1648.3015 233.92319 233.99525 0.0024738773
917.4347 1942.8494 171.52164 355.97272 0.0024702393
505.8791 2148.055 944.5007 236.90532 0.0024672893
76.70209 2228.6982 149.55962 75.92668 0.0024663857
766.3249 1117.4724 150.04527 200.994 0.0024658076
268.89728 1923.7032 500.42123 672.42584 0.0024654886
828.2473 2148.5955 341.99194 225.6069 0.0024641908
791.35474 1918.4525 141.74333 194.25636 0.0024628758
753.10034 1339.1328 173.74298 262.10962 0.0024623792
882.14185 1350.4325 237.90984 1797.1971 0.0024609307
833.3785 1901.779 330.7015 660.17316 0.0024593382
614.6093 1802.8059 277.91428 669.9918 0.0024567016
689.9544 1997.606 134.07784 187.82349 0.002453139
99.6861 756.4572 187.26302 598.9975 0.0024328274
642.49585 1538.2511 537.6489 420.3065 0.0024320048
481.59497 1764.6317 186.43196 230.3631 0.0024246005
935.5246 2110.4739 130.05989 267.16754 0.002418774
157.58292 2101.2935 311.24457 318.16788 0.002418294
827.00916 1561.5188 182.64577 230.77429 0.0024110086
736.01587 1894.9473 172.09471 242.56801 0.0024084009
198.66676 1757.3197 347.81088 408.49606 0.0024078223
164.86601 391.65738 312.8364 632.9102 0.0024077157
899.67395 956.25183 206.25337 921.5434 0.0024038134
518.8704 2048.9172 155.56396 142.93372 0.0024022576
412.46143 1975.3683 416.83566 477.98944 0.0023987668
249.88419 2051.238 494.53076 421.58914 0.0023965712
867.8125 2167.0645 254.9117 158.71588 0.0023903786
830.3206 1392.828 332.97467 792.9492 0.002381596
744.9314 1899.5247 211.84067 440.92282 0.0023815064
594.0866 1600.0629 96.43106 123.933624 0.0023758884
876.5614 1467.3724 245.39134 767.81775 0.0023713817
762.8425 2165.9233 478.32645 191.67741 0.002365971
555.3421 1143.8479 892.5887 2198.7573 0.0023639773
454.42416 1885.1754 280.1413 352.30685 0.0023629768
670.6736 1421.2996 167.16522 247.98344 0.0023469978
558.6099 1143.0818 887.6927 2197.1165 0.0023460367
892.4954 1900.5487 182.22873 249.61288 0.0023402504
379.06747 2130.5815 253.85379 244.36537 0.0023337998
103.26644 308.11163 191.34799 453.13428 0.0023298063
428.371 1746.4667 393.48694 402.13037 0.002328981
887.13367 1629.3945 227.32904 1246.2373 0.0023242733
640.48047 1570.1393 164.16313 258.92538 0.0023241595
770.4575 2111.6409 389.4715 367.25375 0.002321374
692.79144 1823.3522 159.0842 203.94559 0.0023179373
377.43967 1983.06 212.27101 200.95102 0.0023144842
500.90393 1114.3767 666.1706 1322.9182 0.0023068683
877.3492 2160.4321 246.7161 173.8608 0.0022984268
476.7755 1966.3575 466.42923 538.7483 0.0022915418
443.51184 2070.5676 204.95203 205.3331 0.0022802101
431.8338 1916.5493 193.07024 217.26428 0.002273387
894.3385 2030.2764 167.6761 208.31056 0.0022697947
260.66208 293.0156 348.7756 349.32474 0.002268957
610.8776 2052.7988 138.30872 140.77557 0.0022564114
468.59256 2031.7468 199.13231 243.12569 0.0022552835
906.21295 2020.2612 188.98396 469.41122 0.0022522565
79.64903 448.453 152.26816 716.89856 0.0022517198
659.46716 1490.8832 194.58206 245.8677 0.0022413
484.86975 2142.3354 975.53656 377.97092 0.0022400517
629.3133 1121.9879 393.29578 571.7171 0.0022353737
338.59018 489.7899 430.59106 565.9367 0.0022269737
743.3057 1506.5876 130.89462 200.20554 0.0022195755
279.92078 2194.6953 294.55057 135.81903 0.0022167924
865.6868 2126.7554 225.47754 237.9682 0.0022139056
694.22003 1803.7947 167.64603 233.49496 0.0022072366
859.671 1104.317 278.64502 1640.6875 0.002205303
635.8439 1923.3005 243.52083 617.30493 0.002197942
913.0921 961.239 180.41347 652.61584 0.0021699704
504.60135 2167.9119 925.5873 195.5568 0.0021658354
745.2168 2159.7234 182.9083 147.62111 0.00216066
278.20148 2067.8496 566.351 389.273 0.0021562695
327.49194 259.97406 174.37021 167.6049 0.0021506667
853.8838 1755.713 256.0501 465.1664 0.0021505768
792.242 1813.913 172.97641 206.95003 0.0021497183
775.3699 1872.5264 145.38422 175.8478 0.0021466794
586.048 1456.7517 162.58885 255.62346 0.0021461586
904.7438 1363.7808 183.86852 288.99612 0.0021449071
886.42096 1543.783 223.81976 829.9434 0.002142927
743.1625 1568.3315 390.5456 846.9969 0.0021378696
844.18146 1536.2205 321.30792 1132.531 0.0021367723
650.4393 1859.765 195.03253 478.02573 0.0021300907
660.3839 1109.9187 120.023544 184.48647 0.0021222057
791.3463 1765.8798 160.96658 196.74399 0.0021187016
457.4551 2175.2385 226.54034 162.5731 0.0021118473
918.774 855.43787 161.9447 359.8063 0.0021025734
242.52367 2119.8293 474.16113 290.75635 0.0021012372
858.9627 2151.937 269.57797 184.09608 0.0020986102
844.6759 1411.8503 291.87247 1019.16473 0.0020953196
874.7605 143.30399 267.5032 246.92233 0.0020927098
872.9032 1206.0358 255.62735 1754.8729 0.00209
850.0009 1436.124 293.02524 1007.52246 0.0020878946
206.15599 245.62416 256.24237 259.41553 0.002079748
895.83026 1437.0027 221.32584 1147.301 0.0020772913
923.184 844.5926 157.3648 380.17728 0.0020727708
312.27686 2024.761 227.78198 265.93774 0.0020674623
196.65456 2201.6196 368.346 128.61977 0.0020672223
330.33078 2046.0295 212.28712 209.78891 0.002047326
363.68628 2073.2659 406.2346 373.78467 0.0020426481
873.42694 1742.5723 150.11343 198.34926 0.002037475
899.44275 1205.2133 201.5297 1464.9974 0.0020281477
535.9831 2094.289 307.83856 255.11961 0.0020204796
930.54724 717.73395 145.23572 412.4757 0.0020134298
341.85355 1883.8073 206.93623 229.95074 0.0020100533
921.5002 810.1739 152.90726 240.6363 0.0019972774
718.16034 1137.2837 400.11874 1431.0708 0.0019906152
394.01627 2197.2847 263.03595 135.76906 0.0019883164
639.5926 1925.2711 135.2432 204.27077 0.0019841725
643.4983 1505.6808 433.28226 293.05576 0.0019840582
732.3512 2122.338 462.89883 292.69293 0.001983369
917.37305 546.5841 170.5254 480.63828 0.001976404
477.15738 2193.0146 985.7024 142.4598 0.0019699745
886.23975 1322.3389 225.52562 473.64502 0.001964838
854.7295 1868.0773 143.17029 235.46672 0.0019478841
297.6481 170.73686 283.23224 249.22183 0.0019478347
888.5066 1892.5529 177.17346 192.41948 0.0019462921
245.51123 423.95673 458.63962 599.20734 0.0019415257
830.89246 1882.5615 167.94437 193.18933 0.0019401126
60.22154 272.31247 114.90833 450.64026 0.0019398513
885.8628 2168.3179 212.2667 159.53424 0.0019324291
759.5266 1850.4817 323.19836 359.94818 0.0019304308
756.5283 2007.8577 259.84912 155.3869 0.0019292121
657.56116 1630.1664 347.57254 800.86395 0.0019282639
691.382 2111.4194 333.9573 325.28604 0.0019281142
457.16815 230.9713 176.96506 208.54346 0.0019240937
650.03845 1415.1957 333.45926 682.7995 0.0019213477
271.47906 2154.9119 556.50476 226.88246 0.0019213395
529.9818 123.55728 189.15681 159.92436 0.0019150559
928.4257 1962.361 156.12198 220.37744 0.0019134516
770.82367 2179.1946 457.15765 169.52336 0.0019035211
936.51965 1251.1685 134.73878 348.2379 0.001902293
529.49335 2190.1729 246.34804 138.20866 0.0018950992
832.0829 1234.6919 200.8277 247.76932 0.0018866415
777.45624 1437.9314 165.21758 208.65692 0.0018795764
783.82654 1593.6383 414.28506 1246.4949 0.001875798
458.2525 977.6579 539.2135 1169.6957 0.0018745369
706.92395 1133.3838 296.12408 744.30804 0.0018578104
422.11078 118.42268 272.6841 197.59564 0.0018558503
861.9804 2185.95 282.33044 123.420906 0.0018553106
894.0741 1380.3755 222.58382 1754.908 0.0018549424
696.249 1572.8695 311.3643 575.58624 0.0018438447
831.82965 1610.3799 318.18295 994.9345 0.0018414248
871.66693 1954.8707 295.48547 602.1802 0.0018390573
566.3107 1501.2963 755.93475 1204.8699 0.0018266723
536.5574 1767.3088 288.89975 585.9203 0.0018235059
899.3119 2172.8516 194.65672 165.50021 0.0017974175
907.66534 1270.7681 187.50273 278.04465 0.0017957371
419.9145 115.516464 181.50749 134.69946 0.0017893814
710.113 2171.6592 249.04433 166.55434 0.0017815068
471.92227 1075.4897 365.62747 569.3243 0.0017728716
328.21817 1633.9747 585.8579 1236.0549 0.0017621632
641.43445 1414.5474 312.36694 858.8789 0.0017550203
817.89575 2131.9333 314.77164 242.81924 0.001724198
440.37805 1572.4309 481.86166 732.909 0.0017218161
742.7725 2126.3022 440.5036 375.76727 0.0017107006
239.48962 37.48729 191.27905 73.57094 0.0017092264
689.83105 2155.62 271.6663 278.0725 0.0017037642
708.18274 1255.5891 251.17996 510.7599 0.001701192
592.51544 2196.9878 840.3975 206.47113 0.0017009962
927.3691 2044.988 138.77783 198.32059 0.001698821
857.04584 1123.9503 279.10236 1259.3843 0.0016984683
588.11646 2176.1182 511.1042 266.56027 0.0016922937
933.99414 2052.213 125.78202 254.61816 0.0016883533
416.72787 1484.3282 279.81342 366.41504 0.0016814683
888.2505 1032.3606 231.20418 468.91736 0.0016803592
428.4662 1109.2933 487.9638 1159.4501 0.0016795258
933.8287 2212.2224 139.06842 103.9466 0.0016780028
808.3827 2128.7258 382.6227 350.56293 0.0016760844
661.3886 1545.6628 453.6679 643.6159 0.0016749501
945.6002 1759.7583 119.27208 240.78381 0.001674341
948.8464 165.10712 101.02514 275.87997 0.0016721061
932.34326 2129.9316 143.2615 221.17754 0.0016625441
486.8962 1889.8048 498.4954 250.94789 0.0016577739
869.883 2095.7153 192.99104 195.33171 0.0016562002
946.9941 1383.7668 117.41653 772.6467 0.0016520221
856.37164 2053.0244 299.45935 382.9348 0.0016469274
707.061 2180.4614 169.4043 160.63658 0.0016413891
388.17343 1119.4833 659.64886 942.90356 0.0016399074
292.8986 76.474236 194.48505 110.70276 0.0016264399
262.4432 188.50862 451.948 326.37512 0.0016240065
587.13745 1476.4513 255.04848 487.42764 0.0016215638
921.389 1369.7 170.00687 1093.0087 0.0016105643
935.1668 1956.5016 127.25421 352.87473 0.001609502
932.5184 1392.4464 209.1885 750.7308 0.0015950926
912.53613 1379.877 175.16994 1024.2874 0.0015923217
945.09955 638.75336 108.14214 226.23509 0.0015901575
939.31976 1938.2358 129.59187 168.46666 0.0015712538
952.2206 1879.8688 96.12754 239.87431 0.0015711444
665.95026 1613.4213 340.54898 749.3015 0.0015673843
460.1852 2235.1418 981.5185 78.18909 0.0015614341
558.01666 2212.7798 850.61005 162.16428 0.0015589138
665.919 2205.833 196.405 111.88262 0.0015536856
319.43774 38.13372 595.27606 71.525604 0.0015319409
945.40546 1994.6787 117.959915 175.2286 0.0015278101
949.5574 1598.8132 113.28165 720.7776 0.0015216041
761.0144 2215.6138 495.72092 105.80126 0.0015183548
892.72363 1556.3228 281.37637 468.2958 0.0015170758
917.3082 1138.5214 159.69891 980.30286 0.0015126546
868.3752 2206.6143 251.98338 77.92787 0.0015102417
808.1445 2203.5598 243.85367 109.30438 0.0015064318
939.3286 1428.5294 128.34253 1649.1124 0.0015047975
950.1825 81.65703 113.58262 136.74438 0.0015030898
404.02066 1341.0867 405.88995 1008.5724 0.0015019872
495.87805 1223.5101 506.9168 1604.0441 0.0014984072
946.0385 536.7246 99.03175 438.5541 0.0014858143
936.8402 610.4021 122.774155 555.38763 0.0014751189
792.8997 2212.0842 409.03122 101.346436 0.0014721194
950.4991 1855.2457 98.388084 236.08751 0.0014678206
396.79926 2245.9663 383.27747 54.64387 0.0014648709
959.5503 1568.0026 89.45005 361.1658 0.0014645903
941.5657 1143.9077 129.03447 567.74005 0.001463305
821.7566 2217.0286 218.47148 112.90892 0.0014518255
587.7908 1207.6433 148.44232 177.10742 0.0014510785
920.14484 1129.2203 161.36266 2213.3933 0.0014499928
168.08675 45.416546 332.96188 87.78117 0.0014380976
306.06735 2247.1013 588.90656 45.065292 0.0014356757
755.2643 2225.3823 242.35248 98.552376 0.0014284226
964.3447 1213.1312 82.896324 395.2457 0.0014138105
955.2683 1711.6078 98.3226 583.9942 0.0014084746
961.74536 1522.838 88.66859 578.44965 0.0014063348
691.9122 2209.4875 534.58673 173.26663 0.0014055817
537.0061 1746.7839 912.6814 1713.5001 0.0014053923
901.9885 74.02778 205.18997 124.75976 0.0013902388
974.2456 2137.147 50.569782 226.37447 0.001388875
547.9999 1100.5338 138.5203 185.36029 0.0013885378
420.62045 1132.1337 460.1639 1128.3256 0.0013826881
971.34406 279.8821 65.927086 533.01276 0.0013795885
965.8311 2152.1326 84.73168 194.13599 0.0013686722
957.3582 1100.9465 96.335594 289.58725 0.0013616107
956.2176 1906.2466 100.37542 235.66948 0.0013541378
22.244125 183.6868 43.82707 343.7185 0.0013522009
777.8456 2238.2646 239.12419 77.76036 0.0013488085
629.15857 2116.9392 752.69244 142.1656 0.0013469575
671.45233 1930.334 265.95404 669.6963 0.0013459815
516.4722 2250.9163 850.22675 75.820786 0.001342308
965.7134 2103.8394 70.2401 287.45908 0.001340902
497.02783 1472.552 344.3373 558.6168 0.0013325067
962.95294 1392.3798 78.00264 294.3916 0.0013310588
165.03955 95.78199 312.41745 182.54155 0.0013283322
242.88168 77.98889 484.13434 150.76332 0.0013187043
949.8523 2184.3672 119.95493 129.60234 0.0013079671
553.9381 134.22256 882.6837 267.75073 0.0013066311
983.38403 2192.7866 76.33959 135.03398 0.0012989362
982.3682 1679.0533 92.94545 215.45311 0.0012970181
564.6269 94.542564 879.4653 263.14825 0.0012871737
967.39246 860.0381 77.61164 305.68848 0.0012853831
605.11633 1104.9158 137.17358 174.70308 0.001281698
965.57947 640.9881 74.63154 233.56595 0.001278638
942.3973 2243.444 119.79963 58.6064 0.001270412
660.7877 1349.133 565.80164 483.67844 0.0012664648
604.46826 1918.3083 298.0699 684.5435 0.0012483192
979.19904 1672.459 51.777065 387.48438 0.0012393096
782.82526 2207.7546 473.69568 66.46304 0.0012244106
761.3954 2231.0098 181.24532 140.6984 0.0012217346
931.33417 2204.1733 141.65862 100.268814 0.0012101595
971.1303 1439.7491 66.51642 360.0943 0.0012047321
967.085 2184.5505 68.75507 155.8707 0.0011955753
685.6379 1300.5161 272.52042 863.2241 0.0011831316
970.4529 2161.328 72.76721 177.04935 0.0011797874
978.88904 2229.1252 49.58829 72.65984 0.001179219
971.3223 811.1504 63.768124 372.65826 0.0011789404
585.0415 1915.5869 248.0085 650.0534 0.0011750708
978.6587 1221.3978 55.403442 484.74765 0.0011736087
976.43665 2220.4316 51.23166 84.91621 0.0011694167
836.52136 2150.647 506.27393 239.78925 0.0011607391
973.281 1557.65 61.905006 303.36197 0.0011563501
972.828 2091.9514 69.9721 293.80206 0.0011513782
883.0256 2258.345 203.01027 61.14757 0.0011422837
974.1529 1808.8303 52.00202 307.8375 0.0011355836
466.10208 1320.3785 410.1117 355.566 0.0011320717
934.0013 2234.0095 146.77074 47.33716 0.001115842
968.6184 2251.9753 67.642075 35.58125 0.0011081167
762.64966 2100.0942 458.2098 496.08292 0.0010941019
975.79504 881.5284 54.517513 842.3255 0.0010928467
426.89624 1389.7783 502.97086 726.5237 0.0010906736
982.3894 2157.2761 112.80435 204.48538 0.0010664724
786.873 884.1938 397.45703 848.68976 0.0010614353
985.2734 2155.9785 35.19516 187.11995 0.001057151
981.79706 1515.0504 48.439068 359.71432 0.0010489563
733.8005 2230.148 483.24042 110.15171 0.0010449338
977.53546 849.65137 55.98196 254.85078 0.0010438483
973.5298 627.245 55.00438 242.79124 0.0010411142
984.1112 2181.5256 37.83072 151.44464 0.0010348373
982.9403 2222.3147 40.636738 63.85147 0.0010283176
852.7641 2216.158 283.43747 165.91653 0.0010281953
982.36633 1820.0104 48.867554 367.47034 0.0010253809
606.26514 2081.115 308.06937 379.2371 0.0010166062
970.7317 2254.736 60.287987 31.943407 0.0010085088
494.06427 1337.5852 499.99588 709.5415 0.0010082882
942.97675 2239.877 114.87467 52.2381 0.0010073775
970.44836 2186.6616 102.58671 121.61434 0.0010044096
952.5166 2229.054 96.54426 77.06226 0.0010040102
828.71674 2254.4238 492.5535 33.34882 0.0010000812
783.8973 1229.1733 345.3231 1121.4119 0.0009984581
316.14072 1339.6616 169.74612 1006.94543 0.0009960172
559.4712 1915.4908 679.43945 352.31357 0.0009863442
984.3393 947.6361 43.103214 379.80057 0.0009795238
983.4535 1025.8888 46.948524 434.3754 0.0009787743
985.58234 1432.9786 41.863457 420.84198 0.0009785845
986.05396 2115.028 35.045174 266.59988 0.000964131
555.9221 1470.1398 412.35446 928.1255 0.00094864884
983.89954 1815.241 42.525986 294.84457 0.0009430907
664.6948 2124.6086 644.3726 139.0092 0.00093493407
983.70526 1881.2435 42.935345 221.70372 0.00093350495
988.5291 700.58154 35.201786 321.50586 0.00092356995
567.25055 1916.7339 592.2569 531.056 0.0009211721
425.5563 1496.4266 321.96158 1453.5629 0.00092071923
379.5003 1136.4656 408.32892 1614.3108 0.0009157551
491.8619 1130.7246 537.2105 1568.1589 0.00091544277
689.21436 1852.97 304.2541 527.58966 0.00091451086
989.13666 1725.4266 32.781322 337.26663 0.0009122929
333.0648 1481.9517 320.37445 1059.7496 0.00089806167
445.2682 1244.3164 379.02182 834.10535 0.0008927775
992.9951 1666.5494 25.9384 620.0594 0.00087062374
990.26953 1020.22406 30.86641 513.88763 0.00083878625
551.11816 1593.769 283.59363 765.227 0.00083619746
389.2101 1688.5358 326.7803 1131.363 0.0008294817
412.33972 1684.7507 234.21689 752.563 0.0008284177
434.21063 1709.6808 203.95004 893.5115 0.00082212035
681.9329 2020.3647 389.95953 382.70575 0.0008162993
585.877 1638.6873 278.85944 704.03064 0.00081306056
449.58633 1090.5197 255.01762 717.00415 0.00080841867
589.445 1475.9886 675.6442 873.5937 0.00079636107
418.40836 1460.5874 358.64154 906.62665 0.0007816692
488.8033 1085.3898 444.5481 920.4907 0.0007809392
614.5227 1379.9514 650.5524 700.2627 0.0007741957
408.67398 852.52216 382.54083 956.8377 0.0007662899
423.83914 1455.6095 339.66196 1178.7297 0.0007584394
487.13135 1526.7153 314.61694 620.49 0.00074109045
997.87744 2167.4065 15.793142 175.60532 0.000740693
652.34973 922.6487 423.78946 652.6468 0.00072797964
560.9612 1815.3579 658.51697 502.96112 0.00072104996
514.5466 1379.4885 250.21136 620.16736 0.00070445833
506.20697 1704.0414 332.08054 974.43726 0.0007010862
1002.2683 1879.3223 9.052652 356.29538 0.0006477911
610.9249 2265.9658 835.991 13.858594 0.00064717926
720.4253 1238.4299 236.3452 578.1172 0.00064509566
902.76294 273.33118 290.43063 564.0088 0.0006391278
731.0226 2181.8506 470.57126 208.44435 0.0006381293
999.2755 2099.6614 44.33741 171.54909 0.0006364571
412.34915 837.62665 582.1267 832.4091 0.0006332742
475.41068 1258.3787 334.1737 689.62537 0.00062635716
725.5042 2252.5823 561.59265 41.687157 0.0006147508
545.386 1562.7069 608.0177 867.83093 0.00059985166
698.67456 227.68275 613.6961 584.70776 0.0005860952
673.4007 2264.1775 515.62274 20.163393 0.00056792895
579.1899 261.08728 801.0121 486.77167 0.0005634983
619.3314 1469.5917 555.8128 489.93234 0.0005540309
619.3764 1442.2212 584.8325 514.3101 0.0004991502
828.2974 326.11288 414.29034 509.47397 0.0004857685
885.4016 228.419 367.58914 429.47263 0.00044163564
603.8544 1780.3445 783.72736 495.9354 0.00038203032
