455.17957 1171.1982 898.8985 2330.4402 0.7853386
398.3137 131.97357 362.54187 260.14575 0.09970663
404.49026 1684.0197 785.94507 1235.1196 0.09739735
437.89203 1722.7894 861.4307 1214.436 0.068543494
435.3992 1280.9556 729.4209 1459.6385 0.06310877
437.22177 1622.2623 855.4084 1393.6816 0.062953815
412.3024 1487.949 756.40356 1402.5396 0.06110855
405.73962 1556.3241 731.2917 955.944 0.058403634
400.9405 1612.6846 756.73785 1208.7223 0.05319989
263.46625 1918.9186 42.261715 42.131493 0.052965626
435.80322 1461.9757 832.52014 1684.7601 0.042188775
252.01996 1817.1172 132.26482 135.95409 0.03874145
266.2379 1844.85 181.36801 211.86827 0.03481132
453.6288 1169.6333 893.14606 2329.5334 0.03255475
775.6623 1852.8116 165.182 177.87996 0.031118745
460.8119 1343.2566 704.7559 1300.6516 0.030187164
462.97086 1080.8466 695.11475 1508.2126 0.029721815
474.44635 1329.0822 585.8544 1189.4083 0.029155603
517.07074 1223.4298 626.74036 1438.7349 0.02651513
296.17816 335.89542 579.187 670.6344 0.02646258
294.21112 1839.6941 231.0667 216.15794 0.026286514
451.97913 685.0341 874.0151 1356.7189 0.02515003
429.90332 2023.7294 841.5474 625.9737 0.024197238
425.4743 1350.1685 658.94885 1040.0203 0.02395878
450.32416 842.5312 743.70496 1333.4486 0.023937907
457.58475 1417.783 612.45764 1394.2035 0.023431858
465.78952 782.8722 740.0814 1380.1993 0.023064462
256.6241 1849.5831 139.6383 194.31796 0.02223631
429.92636 1934.7072 838.57666 798.0584 0.02214778
405.34988 1878.3817 784.3367 896.49207 0.021162285
318.39148 1855.0204 283.7958 259.44827 0.020579172
350.09735 254.53883 466.26123 502.8568 0.020554379
433.68146 1885.7125 843.61505 896.55194 0.02015198
449.66327 823.0052 833.5777 1571.4213 0.020140162
502.8112 966.0079 667.4237 1587.4303 0.020137973
416.66782 1571.019 541.29095 701.369 0.019390192
445.19644 1248.3801 777.53455 1453.1112 0.018927801
515.8483 1147.6797 639.01184 1317.5133 0.018877748
520.43494 1269.7578 610.19836 1357.4211 0.018763626
489.5371 1064.2648 574.20215 1128.8186 0.018338976
296.3447 676.8485 581.1857 1349.714 0.01830963
484.26004 1228.4957 540.99524 1447.5511 0.01796446
506.36584 1402.5815 601.7091 1153.5461 0.017915884
335.2699 257.227 503.99078 509.0073 0.017884443
720.70044 1877.2498 276.40585 244.79958 0.017691512
27.224964 575.3648 50.378693 169.54771 0.017316801
686.8486 1237.7621 371.22058 1397.8091 0.016891744
259.16092 1851.4897 117.76569 187.77802 0.016769035
451.38992 912.9472 751.73474 1454.4253 0.01660384
425.39276 1693.07 649.28564 642.50543 0.016519452
505.05176 1047.8796 589.11456 1105.7009 0.01639285
442.03983 621.23517 778.13544 1132.3132 0.015980186
530.6336 1311.4653 611.72284 1446.3148 0.015854964
403.4924 1706.7424 558.4299 557.87354 0.015725385
408.9323 1728.7776 687.38806 657.3408 0.015594037
353.8651 1916.279 683.50476 813.7577 0.015554539
567.2316 1836.9369 155.2508 164.56252 0.015525446
322.13596 1860.993 346.8973 346.9488 0.015256493
493.9471 1035.4084 627.12286 1106.7739 0.015062693
448.53232 548.35834 862.7154 1089.4456 0.014978282
343.46222 1673.3091 560.4772 956.0158 0.014945387
512.09674 1051.8081 614.27045 1129.2273 0.0148500055
248.00227 2109.891 479.25394 439.71106 0.014777603
410.41293 1831.5724 476.6041 266.42798 0.0147523945
422.8784 1778.722 663.8348 887.6605 0.014711788
481.02686 1297.5034 516.3099 957.73267 0.014708416
252.95525 2025.8569 483.96756 572.3056 0.014549034
448.1001 389.80472 871.1134 777.2306 0.0143618295
406.75082 1475.5222 528.3734 649.4484 0.014331358
437.70602 1105.2612 793.1047 1258.2125 0.0143303275
520.4872 1536.5903 548.52606 870.026 0.014269701
361.7056 1856.4147 682.0413 748.72565 0.014225021
181.55927 422.64862 345.86823 507.20312 0.013866543
546.9055 1024.295 633.14886 1796.5667 0.013865492
503.67953 1108.456 523.5495 1177.6953 0.013795734
289.8428 1175.0079 555.808 2252.8489 0.013684264
464.4465 1600.3558 569.1068 882.6291 0.013400526
725.86 1244.5549 296.8516 1351.5499 0.013368456
410.72232 1848.0922 460.5914 256.6479 0.01319389
339.2868 1162.3495 628.7076 2120.1196 0.013142492
447.82132 1021.89435 747.3862 1125.039 0.012781125
469.3962 921.0991 515.43225 867.06665 0.0126259355
313.3612 139.35193 562.6872 274.48306 0.012621687
281.1843 1984.3262 525.1457 528.3026 0.012421621
260.03702 1916.6017 502.19644 801.99176 0.012302258
766.83264 1482.5538 202.37892 509.65323 0.0122111915
265.98148 1827.9215 291.7142 316.44363 0.012097588
519.617 1287.1763 563.49115 1087.9171 0.011897487
493.77014 1847.0015 667.29504 344.87866 0.011851166
317.0519 1776.6462 605.68756 1026.0962 0.011778724
470.2187 1602.939 566.6215 893.47736 0.011740312
527.97784 675.8551 692.20996 1290.8004 0.01156809
265.12054 1920.886 56.472313 60.718025 0.011464543
556.5653 1290.0182 567.1622 1430.4714 0.011372056
663.682 1224.8188 411.48303 1433.8717 0.01135243
241.53325 341.49588 227.47502 330.32355 0.0113355685
703.766 1001.28326 381.6613 1907.1036 0.011292167
727.61066 1592.592 295.48053 747.86383 0.011263657
557.3925 1385.4359 448.05835 1161.2719 0.011253571
489.0446 854.1976 476.26642 720.4287 0.011253211
364.9919 1762.4216 623.00507 516.1505 0.011135788
309.3516 1828.9354 581.8918 839.0075 0.011024328
449.33163 986.1999 828.0985 1814.227 0.010989057
512.4691 893.7133 592.8202 813.21387 0.010931939
451.3067 1579.9913 412.65973 772.94794 0.010895707
337.16983 1870.3718 650.2989 905.67206 0.010890728
447.72418 794.8829 618.6387 1075.2296 0.010848812
298.9028 2100.809 292.6974 316.7314 0.010826713
744.18 986.1668 310.35333 1902.6608 0.010705776
304.0238 1645.3595 587.8534 1304.0345 0.0105058625
438.6784 378.29736 840.9693 754.5998 0.010489769
622.30005 1350.3936 451.40384 1221.081 0.010347901
486.85727 1628.1947 710.8309 990.54016 0.010172193
437.90097 1352.4172 447.485 901.6642 0.0101259565
415.6933 1394.561 514.3596 1060.1196 0.010048005
521.7339 1435.1125 422.92715 703.9456 0.010033207
325.4262 2105.934 633.86456 458.56497 0.01001149
682.8616 1136.9116 371.95316 1264.7001 0.0099936705
290.16763 1566.9347 520.56525 802.30615 0.0098872045
368.63837 1667.5852 527.68286 605.99384 0.009861667
526.3806 1443.0221 652.16565 1180.482 0.009836666
352.0656 1765.5233 522.98956 850.853 0.0097849155
586.1625 628.9701 195.75998 276.1504 0.0097651705
458.0588 1841.6349 575.03925 285.02988 0.0097642755
444.6837 1287.9507 442.07022 1022.7283 0.009752848
347.7878 682.52734 674.1678 1350.3384 0.009743647
697.0015 1794.925 251.88893 387.1041 0.009735208
498.8647 1726.1907 597.6841 945.67114 0.009725072
439.935 313.54868 796.55023 625.5112 0.009671733
428.089 1659.912 262.62558 300.0779 0.009652706
526.6169 878.18115 445.51605 738.1022 0.0096364645
306.67557 682.9591 589.757 1158.1245 0.009595984
269.3446 1853.5073 440.23892 450.32974 0.009554849
607.527 1209.2426 508.28748 1455.5565 0.009512228
284.44778 1310.6279 533.69196 1882.763 0.009475831
450.9685 845.43677 743.2146 1068.1149 0.009464111
512.4239 889.99207 621.8802 829.10535 0.0094255945
588.88513 1552.899 382.8606 842.9291 0.009398347
766.8491 1385.4808 176.4792 304.8743 0.009353416
363.9577 586.1527 698.177 1171.1624 0.009352802
426.53775 944.8085 786.13605 1016.2899 0.009346375
771.55334 1587.0356 210.80087 693.64764 0.009342054
730.3559 1761.9714 283.16702 449.6023 0.009341736
402.98694 2052.7698 164.87099 262.58325 0.009311174
595.20087 1161.5214 538.8076 1596.8293 0.009287435
631.82855 1312.0065 439.8973 1255.061 0.00923156
544.4335 687.5271 669.8728 1324.7966 0.00916834
699.91254 1582.316 326.85272 737.9267 0.009099795
681.83466 1260.377 352.352 978.07684 0.009093807
362.8383 407.84967 692.62317 809.6764 0.009080136
583.1328 987.5022 220.57817 385.03427 0.00905123
727.2474 1363.3965 288.6821 1129.0017 0.009040621
255.26353 906.12494 488.1107 875.776 0.008997266
513.0946 934.9006 582.20264 899.7958 0.008984316
460.6813 133.20819 221.31165 240.69289 0.008950064
523.1177 944.4583 416.99762 784.4532 0.008899818
381.28085 1851.631 556.2726 462.13324 0.008888625
625.73126 1022.83905 513.79846 1885.5789 0.008835609
587.55975 1366.821 542.15485 1409.1644 0.008812542
663.44183 1531.6755 400.33752 925.9326 0.008799178
402.6613 1068.8544 746.64435 1136.4801 0.008796662
527.6075 1551.3247 637.789 883.1252 0.008773372
380.84387 1900.4973 577.8114 514.2243 0.0087565025
664.82733 1537.4102 381.9251 866.8792 0.008671619
248.1917 2008.1461 475.6633 612.4075 0.008664162
226.06091 1944.9614 337.14218 465.08813 0.008662614
653.99915 1007.0719 464.89658 1890.2213 0.008630471
659.73706 582.6583 57.767227 68.24872 0.008594529
88.37657 1741.9272 170.35754 469.67468 0.008576301
291.5485 1769.7836 406.23285 986.91974 0.008571133
487.20728 1686.2073 347.49857 425.85797 0.008568938
546.6589 604.08295 667.20026 1173.4485 0.008535097
814.0842 1423.9272 73.84983 102.93678 0.008529825
512.4674 1050.5912 373.09592 543.9291 0.008528861
537.61664 1662.1111 429.80365 592.15515 0.008528704
407.6674 1368.8232 610.25366 1715.6067 0.008512856
360.5143 1812.7106 246.6612 178.61887 0.008495921
246.32918 2126.1226 287.32135 246.6509 0.008493259
560.4615 1212.4564 392.18396 872.01654 0.008355506
586.86884 1993.8959 533.1751 476.56772 0.008338653
422.51508 1226.954 787.1781 914.9308 0.008328683
368.51443 1296.931 118.55171 146.81712 0.008327481
478.83548 1102.9077 673.82605 1291.8601 0.008318901
550.7244 1845.2238 202.49303 241.24707 0.008306798
222.63892 1733.6014 431.43546 1201.9536 0.008150896
467.0747 1289.8905 485.45737 656.7976 0.008138904
388.31985 1875.5624 389.96912 546.05115 0.00812994
705.27576 1596.3458 338.95575 819.5638 0.008092267
247.29935 777.0005 432.79492 618.404 0.008091291
351.23038 337.0053 436.46948 360.2545 0.008087182
506.33978 1688.2296 481.30753 579.81934 0.00800933
377.8666 1569.1033 379.32227 575.6499 0.007942306
665.3627 1932.048 388.7192 369.71185 0.007909357
401.31433 2039.9509 203.35185 300.29422 0.0078979675
442.4851 1113.1333 750.9814 1153.492 0.007895786
525.12054 1721.7007 506.8898 1017.365 0.007887192
657.22675 1780.0813 327.6331 449.86545 0.007860893
391.52365 336.3266 753.15533 669.73145 0.007846588
483.3947 1570.0425 730.5465 871.1428 0.007830968
660.35724 861.73773 355.96442 706.34576 0.007830531
493.79886 1048.4575 685.69037 1174.4323 0.007808264
631.29144 1230.5818 474.9969 1530.3152 0.007799045
420.68393 1470.6814 286.54596 425.1814 0.007785518
404.69516 1716.156 369.14743 376.07187 0.0077783605
633.56323 1519.9641 300.71548 920.73663 0.007732333
371.98322 1286.5283 685.3586 648.61633 0.007725552
307.29578 406.53094 535.8059 540.9322 0.0077182893
397.86172 365.7994 686.93036 722.56976 0.0077050766
542.4543 1041.808 579.5585 1074.476 0.00768974
628.97595 1469.4177 278.36185 547.59314 0.0076858657
435.32333 1978.0435 482.89807 518.91473 0.0076714847
685.89 1024.8904 339.3396 868.0844 0.007616617
563.5801 1691.785 488.27014 680.1875 0.0076035126
514.19055 1479.0414 331.38858 514.79443 0.0075962655
341.01752 714.4975 659.48505 1396.0282 0.007549684
392.98456 1860.2261 368.94238 833.25323 0.007548274
743.47784 1300.5929 250.84456 887.2906 0.0075476808
596.8222 1674.3214 412.56848 831.5696 0.0075243064
648.64233 1042.3759 399.27637 1046.1921 0.0075162887
225.64333 1743.0164 302.23383 401.8899 0.007477696
691.2722 1743.4026 353.76727 553.9614 0.007446829
524.16064 1642.1553 594.27014 691.72736 0.0073934826
545.98315 1800.1166 562.5312 842.75134 0.007386522
533.8126 1739.0508 465.4964 992.994 0.007377668
508.18225 1529.6969 556.1465 1478.887 0.0073775314
558.7458 530.4537 641.0427 1041.029 0.0073415576
594.9353 1192.1829 538.03406 1517.6053 0.0073261447
776.1304 1734.6888 201.43486 420.74124 0.0073011876
645.7815 1365.4253 447.04773 1222.9183 0.007288198
704.8156 1856.4741 135.96878 184.50063 0.007281108
740.32764 1400.931 274.16278 1133.4926 0.0072798673
547.44574 1840.7279 162.54836 178.01755 0.007267799
656.4836 979.34814 387.27585 934.7085 0.007262699
724.35565 1079.4088 274.17017 829.95917 0.007254888
367.75745 1297.0985 164.78845 193.03294 0.0072154836
456.17587 1076.9615 478.01453 585.88196 0.007178941
595.6373 1293.8107 532.43054 1387.9109 0.0071699442
332.97623 1332.9629 229.90611 304.67368 0.007165251
492.22614 2049.426 160.80496 185.96814 0.0071647353
641.9538 1509.117 204.0197 249.93835 0.007159585
490.967 1098.6407 305.96777 258.52106 0.007148933
668.4346 1586.9419 390.6515 823.1266 0.007144406
408.58496 1851.2618 402.48007 772.6459 0.0071334047
426.77444 908.0327 808.37146 904.6684 0.0071298424
382.96515 2008.8295 287.50323 443.85587 0.0070969258
444.64252 1088.6548 196.49724 207.20528 0.0070579317
484.91016 1951.7421 524.9649 682.20447 0.007045691
721.2188 1475.9873 285.36008 557.37964 0.0070214234
420.50174 1325.4628 785.00287 750.0603 0.0070112343
523.0332 1727.1019 449.46158 540.33905 0.0069935094
605.84894 831.98224 231.82265 611.409 0.0069853314
573.40076 1603.4382 571.8663 1198.3486 0.0069611147
528.7723 1217.3478 393.1814 943.50244 0.0069395024
661.21954 1514.3682 305.17798 879.2731 0.006931082
606.85126 1191.1196 515.9406 1550.7742 0.0069130147
508.68097 1219.383 349.61462 491.45712 0.0069023836
344.70053 2062.9175 191.39484 241.18176 0.0068594916
165.75932 1918.1516 320.18915 825.0963 0.006854556
657.40497 1406.6012 192.17229 392.23462 0.0068525407
339.3196 632.70056 246.22357 319.04892 0.006822239
274.30536 837.962 518.6152 747.9331 0.0067977887
588.5188 890.91785 180.04872 207.8781 0.0067820963
190.92395 648.62604 367.13037 1037.3085 0.00678007
463.45944 1169.1542 419.82578 762.59125 0.006772333
607.2733 1672.2231 487.6634 884.653 0.006757133
287.26825 1484.7388 278.94025 383.43536 0.006753988
628.1322 1636.0142 466.84946 1069.7181 0.0067130523
579.289 1368.3486 562.0265 1408.7515 0.0066984138
630.95764 1131.6625 475.6326 1684.755 0.006681081
421.68823 1512.051 390.99014 387.66473 0.006656506
736.7922 221.14162 248.47263 388.5146 0.0066549773
563.3794 2007.3235 583.7355 522.96 0.006638153
462.94153 2055.183 250.85927 299.6808 0.0066335048
347.19574 669.88727 347.06107 417.29373 0.006623109
581.38153 1923.277 555.687 643.09845 0.0066170096
598.19855 1917.8275 514.72534 521.1635 0.0066155274
439.3439 1511.335 203.42558 274.4315 0.006612423
482.534 1452.9573 469.36075 1518.3588 0.0066063525
307.12543 1737.4238 362.08112 444.77872 0.0065921913
617.82416 1514.1246 488.82312 1213.216 0.0065903678
460.29108 805.35596 491.40393 652.2093 0.006587478
440.72116 992.13135 416.58554 952.0172 0.0065833787
514.3745 1950.0879 276.39447 389.50067 0.006582091
299.94507 566.97565 535.25793 846.84155 0.0065563214
416.5701 2046.0216 229.0585 329.3814 0.0065439595
557.26526 1695.9738 576.76196 1146.1624 0.006539553
620.2859 1299.0273 491.2321 1510.3091 0.006531946
501.95853 1417.0175 396.2599 1250.8208 0.0065230774
737.1884 1303.7128 266.86002 899.1424 0.0064914366
301.7513 1747.7241 291.79135 478.21542 0.0064696656
654.8236 1633.3519 422.89795 1062.0371 0.006463349
265.583 633.4499 294.67908 326.5955 0.0064312797
513.0598 1001.462 654.7117 1089.0579 0.00642588
634.2323 1559.9047 456.7145 930.1297 0.0064217285
454.812 1836.8652 125.460556 162.59111 0.006417033
427.41385 950.0605 797.3807 979.1874 0.0064158654
471.01965 2048.915 279.53696 313.24866 0.006387431
694.45544 1663.9597 169.7314 230.90771 0.0063655553
672.58307 1762.8978 364.66232 467.543 0.0063629798
715.687 1466.9172 294.97775 546.89966 0.0063599804
362.07617 757.8583 348.98956 582.16583 0.0063539506
628.38837 1242.2043 256.24664 918.27563 0.0063474844
310.8295 2099.5742 138.97847 178.95795 0.0063462574
500.61392 1386.9711 568.30725 1612.2832 0.0063220826
483.9418 963.4693 407.05573 464.1389 0.006320348
468.72446 1960.3643 379.11594 419.19855 0.006301551
554.2478 1373.6422 375.03854 1263.8514 0.0062920544
501.93076 1122.9692 360.9364 873.9581 0.006274729
449.22742 199.25044 780.0798 391.62527 0.006259142
171.73709 2142.7905 323.65018 381.22577 0.006235598
532.51276 1514.5991 273.6261 761.9672 0.00621691
763.6201 999.2579 178.8176 293.3126 0.0061942143
189.42006 1740.8246 364.2123 1186.392 0.0061653825
634.071 1189.1155 473.32635 1714.2476 0.006164591
620.4308 1893.1696 496.30066 772.06586 0.0061452524
720.86035 1908.1201 289.13547 326.12955 0.006119358
786.04694 1861.0306 146.98042 217.21385 0.0061178734
519.4601 472.43616 385.48203 594.47723 0.00609673
356.6313 275.2779 499.83667 548.5262 0.0060950313
450.76932 933.11096 742.8078 977.97595 0.0060801846
749.55835 1172.7819 254.34099 1530.7135 0.0060739145
507.39526 1757.868 626.0612 511.73843 0.0060719857
495.69778 1123.1105 375.50732 378.9192 0.006054649
447.8364 1942.5975 493.34268 480.76974 0.006032396
626.1171 1753.641 305.08087 442.42902 0.0060002957
678.8988 816.8169 331.7905 546.9291 0.005990083
733.2607 1048.357 285.65936 1534.77 0.005946104
228.39127 1546.9386 228.62656 266.4714 0.00593178
304.5395 1761.3837 472.64725 566.8044 0.0059218244
407.86298 2072.0337 780.3755 537.3371 0.005900582
536.72144 661.09436 300.06122 342.00568 0.0058792485
442.01135 1913.7433 379.25455 478.58292 0.0058754203
538.8693 1748.1459 201.63173 290.23773 0.0058184783
570.3686 1049.4146 560.5298 1162.9563 0.005812708
480.2634 1313.1233 202.79153 276.43207 0.0058108177
304.4995 514.22656 597.1068 1031.8873 0.0058102785
547.52216 1500.4138 562.63995 1490.0228 0.005777748
723.4719 1076.7192 243.38774 407.385 0.005766113
215.30763 1860.8086 242.85881 484.3494 0.0057426617
517.94946 1714.3629 489.94992 1120.8759 0.0057234564
534.7296 1599.5618 240.83688 531.18317 0.0057029887
405.48315 1655.4773 227.2356 385.2602 0.005661489
498.4667 754.8794 605.5324 698.68024 0.005637828
223.63611 1895.5812 441.1285 858.2434 0.0056281965
430.72614 1855.8605 126.64396 152.3075 0.00562363
577.04456 1477.8333 443.35883 1393.9326 0.0055943374
628.2426 910.915 129.2856 187.03764 0.0055876994
666.6618 1201.8737 395.2324 1413.6239 0.005578452
581.54944 1904.6604 115.46218 164.84854 0.0055685304
676.8297 1441.7239 387.9605 1519.1991 0.00556574
684.00085 2028.7856 365.60883 557.18677 0.0055453395
771.0788 1157.902 190.07501 549.19775 0.0055427398
362.7283 2055.512 494.41098 505.96997 0.0055184653
645.34344 1283.4912 430.3129 1546.0256 0.0054981452
311.13763 1424.5763 347.4346 532.9327 0.0054895245
405.29065 1140.855 170.26099 251.50171 0.0054775365
568.214 1078.6985 273.68518 548.72504 0.0054658107
158.98654 2038.4098 297.50812 572.5777 0.005457752
462.53494 2035.5652 402.79803 434.60498 0.0054421416
556.4455 943.19446 524.36395 886.36346 0.005441641
810.00916 1549.5103 122.405624 345.6067 0.0054127397
625.857 1542.3197 472.87784 865.1481 0.005403711
632.7131 1077.3104 452.34857 1243.7034 0.0053268215
696.8914 472.03015 380.39664 913.41595 0.0052881897
313.43234 2025.4489 141.76291 150.48642 0.005278779
756.6344 1327.0012 223.51791 992.4528 0.0052708155
779.626 1346.5688 194.37799 1074.6785 0.005266295
593.1091 1400.8365 499.03732 844.9362 0.005265888
594.2131 1289.5104 205.90814 285.38782 0.0052426746
660.33826 663.54004 459.14584 1291.6323 0.0052349363
89.6456 1724.2295 145.84422 262.6382 0.0052340524
149.13144 879.31946 249.24722 365.70767 0.00523033
664.51855 1376.507 396.06552 1321.619 0.005210564
304.88916 2150.7805 137.52669 168.92801 0.0052013923
606.52386 1560.6201 511.88763 1327.0134 0.00519648
328.38535 733.59375 239.52187 446.7258 0.0051345886
639.4357 1840.9059 474.45645 951.32117 0.005127211
168.6149 975.6872 275.43555 416.887 0.00510319
665.95 1363.2279 426.2681 1221.224 0.0050997892
336.79254 1263.9198 229.63 239.3787 0.0050845095
529.0883 1268.1469 343.46423 757.7901 0.0050796056
320.61526 776.7409 612.38776 1068.1472 0.00507768
636.35394 1270.4076 449.23062 1563.1937 0.0050695883
613.06024 1503.1674 452.46918 1533.6696 0.0050186445
663.79425 1406.5264 358.33813 694.3418 0.005015631
658.6177 1440.7803 425.9458 1135.5939 0.005013894
576.3131 1952.7919 582.69086 736.7117 0.0050082877
455.1306 131.98016 808.1909 259.0169 0.005007221
516.21484 1123.6025 478.1157 730.81287 0.004999708
487.087 1310.2101 334.33582 1219.7286 0.004993736
585.4167 1841.2562 75.49763 103.14796 0.004988216
430.95215 1455.9567 272.16397 591.2688 0.0049757096
739.50165 1263.7963 239.23256 453.8826 0.0049688444
439.71973 1808.5127 145.5272 182.79861 0.004962697
539.1673 634.9107 245.4949 310.0177 0.0049529327
386.93317 336.84637 442.55115 324.12997 0.004940704
687.4832 1743.0184 362.02087 540.7028 0.004939007
547.20624 2027.3804 248.71236 288.43448 0.004891135
736.6754 317.63263 332.6563 620.9148 0.0048889653
651.37366 1538.6218 436.06558 920.8414 0.004876223
703.7648 1158.931 303.5243 613.4541 0.0048653623
425.6718 1792.656 435.22726 322.84488 0.0048376946
640.63904 1129.9937 520.7421 2165.924 0.004788638
520.6315 2020.6913 337.57944 373.17877 0.004782788
368.39978 1973.6918 134.10437 141.39757 0.00478272
547.9847 734.6332 187.14946 324.40088 0.0047686347
741.75116 810.7809 223.70099 476.5577 0.00475536
646.25134 1952.5635 438.58414 622.55664 0.004734252
559.42 1352.3619 210.14906 361.97333 0.0047106524
737.9744 570.5428 309.7539 1075.5879 0.004694991
726.94635 1173.4995 383.14383 2309.9106 0.004693204
686.2304 1795.9778 360.58798 445.46436 0.004690577
500.71677 712.89685 455.48904 709.22614 0.0046599978
716.84753 1432.8793 336.60065 1165.8077 0.0046505765
440.6863 808.26306 408.58908 792.2843 0.004625701
778.2378 1914.4974 204.12259 320.59033 0.004615694
177.36125 863.6069 197.80704 249.80202 0.0045857136
190.73419 1072.5194 359.00275 600.62726 0.0045723272
263.01733 1344.9688 272.8025 304.93414 0.004571314
184.92647 918.5146 123.97864 213.82094 0.0045567797
675.0949 1935.7157 389.2508 391.2093 0.0045501706
88.36715 2191.3389 164.63309 298.16534 0.004534827
599.77856 1237.0004 257.33716 1420.8663 0.0045256424
557.0608 913.4245 503.39474 801.7017 0.004523808
610.5204 503.01154 274.19257 381.13828 0.004512253
551.6665 1448.4797 559.9302 1611.862 0.0044968813
533.17737 1166.7733 404.11136 1363.7775 0.0044882656
632.1318 1358.4556 191.77931 304.4946 0.004434125
384.04727 1739.4443 252.30672 427.33948 0.0044148285
652.0815 1942.59 373.4232 327.90363 0.0044096317
459.83365 2234.5627 902.42236 281.03876 0.004404295
651.3493 1050.1439 356.25223 802.63696 0.004403371
333.88934 775.0506 631.8307 615.7437 0.0043943305
790.0651 1848.7135 121.43181 181.409 0.0043933624
383.62097 580.569 371.4457 506.62863 0.0043855836
362.4534 1642.0493 187.3234 241.81824 0.004384528
347.93768 2134.8152 108.34356 140.78532 0.00436607
460.71216 2268.4634 892.75116 313.18427 0.004359939
519.10034 1728.9266 191.93161 220.54126 0.004347444
125.53113 161.32584 240.50424 287.61438 0.0043401415
299.38226 626.549 230.74245 288.2051 0.004332687
826.5169 57.740955 181.68616 112.71911 0.0043267687
421.42157 1010.0052 613.22156 1411.8003 0.0043228795
470.1695 1526.7644 163.43867 196.30414 0.004308825
641.82513 1980.2501 227.69739 198.27538 0.004307598
440.70905 343.7885 277.30954 298.7977 0.004290214
701.3186 1658.6124 359.90646 1316.0598 0.004284262
402.7861 154.81168 469.4351 310.48584 0.0042665587
824.72 1993.016 229.2967 498.03635 0.0042483713
569.57477 322.93555 202.92412 255.51111 0.0041898848
575.2201 2040.7728 187.19667 229.25778 0.004180358
501.2985 1046.0677 396.15833 1072.4307 0.0041637085
499.22754 1003.6225 295.26266 902.36926 0.0041531087
772.1754 1819.706 229.18724 553.3564 0.0041492553
519.7715 128.83496 203.22421 246.04167 0.0041468637
495.306 856.7159 379.27805 1106.4523 0.0040973034
596.9657 1991.5219 226.03996 267.8911 0.0040945006
502.41467 1411.1473 481.13556 1646.7231 0.004092238
851.2359 2237.0872 176.32764 271.3582 0.004039783
725.457 1675.4442 245.57246 439.50095 0.004026995
570.1867 1257.2687 193.33904 252.4473 0.0039858483
786.3833 1334.7465 272.3907 933.7877 0.0039745513
450.83954 130.88165 495.1152 259.87466 0.0039650807
701.0512 2035.7592 354.6404 590.9059 0.0039640716
722.3121 1678.8833 301.937 617.1337 0.00394545
740.9019 1228.8527 281.26898 1693.4403 0.0039311387
216.61084 2037.4896 178.40608 194.16959 0.0039229835
518.023 748.45374 455.0607 524.4238 0.0038824107
449.8081 1964.6064 95.54431 124.34638 0.0038801562
771.92017 767.43085 296.99448 1497.6276 0.003879384
392.8721 1872.3092 236.98602 226.35045 0.0038769045
610.9157 947.7708 128.39333 208.33629 0.0038738966
739.509 2123.2659 292.32053 483.0201 0.0038736756
623.30927 1509.429 330.64642 718.28125 0.0038657594
635.3147 1207.5653 128.32939 231.93073 0.0038354918
622.1201 1558.631 205.86902 245.32562 0.0038328823
766.4106 2246.925 300.4244 248.66925 0.0038222624
721.7934 1382.3718 341.2374 1733.3954 0.0038072767
297.7843 105.65736 165.36835 200.05026 0.0038064881
503.1739 2121.9558 120.237335 191.18964 0.0037912647
90.009125 2145.88 162.5509 378.93774 0.0037812772
591.25836 839.8087 149.82414 150.63539 0.0037697558
647.22815 2125.0334 397.2688 422.55423 0.0037497878
746.4667 1306.6755 269.43323 1383.978 0.0037476684
842.9328 2240.495 182.16258 268.22455 0.0037337437
713.24896 1910.0685 339.74783 872.06683 0.003731568
223.48593 1833.09 336.91452 1002.84143 0.0037082252
791.9908 2046.0063 238.65843 623.9036 0.0037042827
530.49475 1583.8505 188.66809 226.53058 0.003694785
786.8118 1907.9988 148.57181 217.86392 0.0036933147
703.615 562.75995 315.86374 892.43115 0.0036876218
774.0253 1422.7167 205.21655 1015.199 0.0036813254
135.95761 257.51337 259.28503 502.19058 0.003653981
419.76434 800.2799 766.25336 776.0625 0.003636688
700.73926 1118.409 262.1219 634.0147 0.0036256674
780.88464 160.01418 259.67764 317.60522 0.0036246292
351.428 1761.2019 692.5526 1100.799 0.0036001548
632.9197 1953.6116 402.04446 364.3275 0.0035929317
686.7543 1713.6251 135.44536 140.64989 0.003587449
778.4695 1484.748 203.28047 949.4063 0.0035786154
568.8247 1509.4418 194.97827 902.5215 0.0035632625
443.88922 1048.8552 717.0878 1065.131 0.003558364
526.8788 1551.305 146.21037 363.26044 0.0035569277
892.4232 1868.9802 153.39003 769.3921 0.0035555132
523.23083 2092.7388 251.19775 277.7591 0.0035452647
727.0277 1214.1932 305.90405 1542.0587 0.003542416
691.5168 2128.6372 407.8124 473.74384 0.0035321314
754.4726 1946.6359 192.75395 176.61656 0.0035293452
678.3236 1565.0238 392.87405 754.45197 0.0035086165
792.3477 1070.4296 136.04874 247.11226 0.0034794838
857.03015 2183.5845 162.44861 376.86575 0.0034068855
636.4205 1336.513 184.47266 271.14636 0.0033866917
724.44403 1791.336 312.63132 449.10425 0.0033763957
741.5141 2241.3347 367.7476 265.1773 0.0033704129
806.7617 1850.2915 94.70018 169.07698 0.0033641094
815.1422 2137.9023 230.87315 389.30728 0.003357703
784.986 1685.4088 153.48529 138.67787 0.003357424
800.6625 1264.2506 172.40155 1068.4275 0.0033529229
211.72571 1304.3938 369.64206 597.1341 0.003331309
730.12317 1337.7698 349.24365 1761.4578 0.00332859
337.88913 1021.4146 260.81714 372.80643 0.0032997977
366.66428 2187.8745 189.66246 152.1222 0.0032974144
755.5807 1118.5454 243.5062 1679.4856 0.0032971967
702.1264 2212.9238 349.0124 318.7746 0.0032938886
772.3293 1613.1013 249.01454 740.2111 0.003293679
455.6344 2302.3623 899.062 148.94234 0.0032859566
588.20715 570.299 111.069275 138.40128 0.0032756901
496.20255 1707.7715 207.83499 251.03256 0.0032750692
655.36273 2056.4353 142.56427 128.70712 0.0032310314
698.405 1522.3813 121.230965 160.73404 0.0032189912
237.83565 2211.6138 391.14725 251.2764 0.0032001368
549.7634 2096.1606 122.7589 176.3449 0.00318886
356.1969 328.25748 171.83888 199.47763 0.0031854562
209.23575 2239.418 272.44705 243.36366 0.003170087
524.26904 1071.367 278.67203 622.7279 0.0031534545
868.2395 2151.636 142.33871 444.25223 0.0031496182
586.6041 1667.0171 130.49596 351.6826 0.0031416367
863.8783 1004.03595 148.04965 2015.1733 0.0031278222
331.73325 2165.3599 592.77783 351.9616 0.0031269332
474.81958 662.1423 527.28326 451.93323 0.0031247118
473.92352 1489.4688 281.4434 932.8534 0.003116174
644.5006 1269.6234 248.46832 416.2702 0.003095293
750.63446 1433.151 316.0542 1587.9661 0.0030877523
564.07166 2121.5356 256.46237 348.9761 0.0030691074
601.0193 1872.3951 240.71304 798.9216 0.0030574896
72.69178 2257.4302 134.39326 174.90308 0.0030572005
542.5922 2145.7454 382.01227 365.862 0.0030562603
456.91388 2181.3428 201.50247 281.28635 0.0030500775
811.1807 1680.855 154.6055 506.6353 0.003028955
594.293 1121.0903 585.18634 2002.5399 0.0030166113
884.86566 988.7323 115.43192 1977.8044 0.0030152348
432.16156 2193.036 91.507095 139.95663 0.0030120742
787.1084 1664.989 298.57077 893.29877 0.0029992613
257.02966 272.7248 286.6521 536.41187 0.0029980892
620.4373 100.43643 256.22345 198.97942 0.0029896463
301.55292 1079.7375 375.83807 496.48413 0.0029867867
309.9778 2224.1377 641.161 280.20657 0.0029820646
706.74994 2129.506 258.18225 307.03308 0.0029752376
455.56653 1173.6123 898.1244 2337.2512 0.002973532
375.10028 318.1194 245.65288 482.8888 0.0029525973
847.60657 2293.249 179.49187 167.10777 0.0029448238
781.25476 2009.7334 238.97124 697.1776 0.0029384478
58.305733 2097.1047 100.77289 482.9472 0.0029297112
478.732 1150.8682 293.2686 803.6787 0.002925548
569.7085 579.3748 113.41066 173.64207 0.0029207044
771.509 1585.6812 340.61954 889.70056 0.0028922022
805.0044 1487.5311 158.28464 492.12885 0.0028887375
656.9877 2077.7073 169.24425 179.13116 0.0028768468
489.7205 2158.2742 100.17383 145.71901 0.0028741441
734.4863 2257.264 384.2469 231.5525 0.0028612264
891.9119 1395.7812 98.94338 848.522 0.002828874
599.1342 2108.7896 133.38301 173.02966 0.0028111138
733.11835 988.7445 234.98134 755.66705 0.0028073618
672.4354 1648.0107 139.04382 204.9101 0.002805603
392.7669 890.2648 700.5805 718.3519 0.0028013438
201.23166 2161.022 366.3456 341.189 0.002798496
894.1332 870.48944 92.454056 1742.9904 0.0027833339
769.6798 1733.2319 287.73764 721.19745 0.002783199
724.17194 2227.5264 373.49838 283.88745 0.002774329
307.05518 243.41786 419.28806 496.6187 0.0027669694
369.78152 2217.3367 757.00946 317.95428 0.0027631891
268.23077 1279.7955 349.2243 1037.7188 0.0027612492
233.19829 1002.76825 445.97055 937.8156 0.0027578203
388.06204 1856.2562 296.4541 251.63504 0.0027524214
809.45984 2271.5552 226.34789 210.37491 0.0027481054
89.93654 2313.5884 180.2397 84.866425 0.0027427645
492.15848 565.56525 228.41129 236.71788 0.002730806
366.66962 1313.4384 65.1455 84.95735 0.0027244617
799.0212 1919.3944 190.92473 440.12918 0.002724432
662.6777 2221.201 336.208 302.1482 0.0027115713
902.55255 1215.1138 83.04977 322.1909 0.0027092295
701.986 2261.2249 349.77582 231.27176 0.0027045105
682.8395 2037.6597 190.50221 174.38275 0.002694997
893.1443 1754.5725 102.918465 494.01212 0.0026946457
871.5778 2254.5293 122.84939 244.04686 0.002683792
574.6748 1489.2665 512.28735 1526.9365 0.0026837154
890.67114 2000.4669 104.99726 502.95862 0.0026766718
368.1611 1818.6987 481.10837 518.1713 0.002671105
531.71185 1402.0232 487.49213 1693.2288 0.0026704764
820.9095 2259.6604 221.87602 222.33614 0.0026667921
902.5049 1597.6935 87.729866 761.81445 0.00266423
461.5249 2132.5312 746.51526 449.07782 0.0026571052
584.0597 1355.6273 308.17654 1257.6588 0.0026562195
896.9723 1104.6179 93.454834 1107.0128 0.0026559404
902.3431 1371.4585 90.62701 1078.4099 0.0026490767
324.68127 1983.2623 595.7825 421.51285 0.0026444609
894.49506 1015.42444 95.02776 489.2899 0.0026395079
882.47784 2246.0432 104.832695 256.55978 0.0026269595
153.1687 2026.4875 202.81027 596.16034 0.0026138555
235.61433 364.29926 278.7038 363.68094 0.0026090567
731.33325 2200.9688 371.7526 422.49524 0.0026076338
883.2615 2174.1562 113.08908 402.5742 0.0026027036
828.274 1561.3533 114.25467 480.8889 0.0026000966
807.8773 1693.1461 158.14146 459.26572 0.0025996442
897.4105 824.0141 94.65409 887.4385 0.0025892572
99.13796 471.67087 172.19861 353.87753 0.0025867044
728.43475 2292.9062 196.72014 161.86456 0.002571663
861.81714 2131.2615 140.87663 234.41093 0.0025671925
752.79004 1158.7689 234.35008 750.81726 0.0025514595
902.1189 1362.6056 83.97043 357.84525 0.002551342
791.23444 1913.6455 268.69656 680.45233 0.0025508662
381.58316 1477.9032 343.88174 354.7284 0.0025434084
556.6492 55.6061 391.2577 109.7562 0.0025394955
892.6086 1598.4326 101.752914 513.8364 0.002537192
789.90796 2012.6174 156.8157 145.98288 0.0025343783
888.1066 1660.453 111.21108 506.02908 0.0025337564
583.95447 1369.6453 363.13147 1653.1531 0.0025188182
822.18616 2253.6448 206.1954 210.74792 0.0024985014
901.95416 2062.682 81.29667 631.13245 0.0024961508
760.1805 2143.9822 161.87025 194.14047 0.0024956558
189.0118 2296.2 357.4014 156.93529 0.0024823865
693.93756 2295.6702 364.58704 156.31894 0.0024712486
874.9243 1987.5758 136.05917 328.9017 0.0024547484
869.7578 2232.1868 125.17185 283.2289 0.0024441388
334.04575 2206.8274 512.4633 318.66315 0.0024353052
335.3781 2217.1592 432.55457 278.5542 0.0024322188
773.73456 2157.1575 282.87796 431.5548 0.002431881
881.36816 2080.565 121.38548 247.33812 0.002417074
269.3597 2244.1677 531.9494 257.1597 0.0024040134
77.62675 2315.5679 153.52455 104.92556 0.0024020462
579.12933 2164.1003 136.42131 151.21066 0.002393263
541.38196 2321.4849 134.54419 111.695145 0.0023884305
166.59416 2310.1697 257.3812 101.91475 0.0023753515
878.8026 2240.2412 102.344475 271.8915 0.0023752407
857.32434 1590.5238 218.6114 1243.9646 0.002373989
673.8851 69.82962 214.24202 138.40378 0.0023710378
763.7458 2242.8298 292.44397 261.9592 0.0023685598
444.9429 2332.0342 863.42084 87.89277 0.0023640809
581.7846 1097.7482 511.926 1171.0206 0.0023605262
744.80444 2323.1497 144.33282 110.44623 0.0023471843
779.10474 2313.3215 260.50833 123.1286 0.0023245136
614.4679 2315.6504 154.23486 123.52408 0.002319944
469.04932 1234.9076 253.7149 706.5525 0.0022929157
899.78284 2099.7578 85.649536 401.63428 0.002288719
814.1649 1690.3347 173.3444 438.66745 0.0022872656
858.7115 2230.0422 145.89351 253.86302 0.0022864204
894.0514 2046.9062 89.6235 295.8858 0.0022749517
809.10834 2229.666 269.42242 306.93716 0.002268165
856.78253 2215.1602 183.61127 292.03506 0.0022452958
720.4408 1269.3019 352.4791 1532.8588 0.0022448697
314.26617 59.671043 179.73512 113.6333 0.0022447682
398.02783 1769.253 446.94324 981.8814 0.0022418322
445.40622 2249.289 182.39705 182.58772 0.0022401433
647.273 2068.4624 427.61462 543.80884 0.002239358
364.7846 2293.4573 177.37105 151.85428 0.002237818
863.6999 2214.0798 170.7574 297.47327 0.0022347218
634.12305 1810.7654 117.84689 170.8499 0.0022316733
654.30884 2052.3882 427.45786 583.7701 0.00223046
769.2174 1990.5381 173.88257 149.35564 0.0022304496
896.56226 910.21643 89.33152 1886.1433 0.0022268042
891.4706 2279.641 86.95887 187.50345 0.002224155
899.564 2090.282 79.83494 329.2472 0.0022216
521.54114 969.4361 287.48135 703.9991 0.002219205
230.56863 1962.7242 404.9774 354.39313 0.0022170732
892.6331 2194.044 109.70746 339.04736 0.002216764
846.88446 958.4203 191.17885 745.88513 0.0022152648
893.0246 1786.5741 103.01317 317.438 0.0022085032
603.8008 452.84637 571.0958 912.2903 0.002206365
902.7945 1419.1027 82.32879 727.7138 0.0022021553
873.3959 1952.3524 124.96029 856.8473 0.002199435
812.053 2309.834 208.20314 111.76068 0.0021891827
865.9535 2301.696 136.01254 146.20712 0.0021871119
904.41644 1269.2739 78.682594 218.17473 0.002185749
422.49078 2242.247 349.3478 258.90585 0.0021830394
288.75073 2347.0396 573.5099 59.024998 0.002176404
736.82947 1545.815 238.81668 400.51642 0.0021754857
330.69293 2318.2869 685.4188 125.24557 0.0021588071
711.97565 1890.5814 390.2062 478.4029 0.0021582434
343.71332 2283.725 116.42351 118.75949 0.0021570001
332.81442 694.90656 639.13995 1279.5011 0.0021541836
552.67676 2310.5623 476.8074 129.34677 0.0021532143
716.08746 2292.111 379.71262 161.05225 0.0021523405
714.9953 2290.0713 191.4473 171.21692 0.0021511794
743.0623 2332.0066 283.9539 86.58456 0.0021483083
910.55585 2230.655 58.053055 291.27805 0.0021448305
824.6493 1043.2651 107.05905 261.084 0.00214426
214.50844 2309.668 410.62872 126.80369 0.0021306288
474.02695 2297.4504 211.8395 151.54077 0.00212214
775.9436 2063.0913 165.72166 183.1756 0.0021116452
426.6332 2248.3691 259.81567 222.52834 0.0021093707
741.0298 2183.231 162.00479 166.48384 0.0021038835
787.3803 2336.5754 304.33658 82.17145 0.0021019753
57.558605 1354.1638 106.604095 297.8475 0.0020899493
871.8783 2325.6318 126.40277 181.03122 0.0020797283
61.41148 2328.9727 124.105965 90.19775 0.0020786934
399.23666 2278.2786 150.97563 157.91881 0.0020748777
461.88104 2302.7485 815.0028 153.28316 0.002071431
287.91364 80.21322 139.0174 157.08615 0.002070799
200.62108 2320.6006 344.99585 108.19315 0.0020660402
604.98 2308.0842 285.4982 133.01091 0.0020627289
883.48773 2294.9377 104.91002 159.74323 0.0020530333
402.4474 2329.112 802.87225 100.58147 0.0020528145
282.49893 2319.5046 392.9742 111.07514 0.0020480792
233.63048 2328.2217 256.96802 81.3606 0.0020457795
121.70596 107.4308 234.23994 208.59853 0.002040541
283.97647 1283.6128 422.88663 753.156 0.0020325582
804.4382 1517.112 191.76689 708.82294 0.002023681
270.6774 2353.5698 545.9875 47.43218 0.0020212394
307.83762 2360.9585 403.64905 32.83603 0.0020195558
862.595 2326.9663 141.12039 196.2541 0.0020192368
867.9799 2296.1426 151.41037 157.6867 0.0020131078
635.1655 274.99216 499.51373 655.93054 0.0020120821
177.05836 23.209135 176.1524 45.050613 0.0020096581
787.8234 2348.6028 295.37183 60.20589 0.002009137
41.46601 1295.085 78.13971 227.35175 0.0020033456
873.952 2284.4558 114.86178 226.63213 0.002002709
408.6696 2337.6553 832.05133 84.07966 0.0019998043
571.094 1286.5922 308.5013 1434.2224 0.0019995063
906.2694 1127.3373 83.65825 391.17926 0.0019827122
849.177 1378.9688 164.60474 1940.6356 0.0019782279
443.36902 2338.5 558.6369 71.6613 0.001973796
921.3123 1991.1831 85.37027 539.2396 0.0019661018
265.43463 319.87775 429.71893 640.39703 0.001966043
895.03937 317.4751 103.85969 630.99866 0.0019634818
868.01117 1723.1432 169.02667 424.21356 0.0019595993
896.60913 1865.8041 91.93356 306.4695 0.0019428531
909.1911 1641.3545 72.66904 420.36523 0.0019348477
119.20309 2355.005 236.73483 44.459385 0.0019331337
903.06726 2159.7341 70.158676 297.88306 0.0019173697
775.17395 2172.5786 273.13083 307.51193 0.0019168603
417.16443 2340.6602 848.55023 90.13311 0.0019111261
242.8016 2287.3772 459.49957 174.0626 0.0019037584
905.93054 2124.4106 68.85715 505.62302 0.0018992373
788.6824 2330.1147 225.31256 95.605705 0.0018935936
450.4791 2313.3838 200.96744 128.60835 0.0018909503
574.979 2341.683 136.99164 73.49899 0.0018793494
816.4937 1179.8987 135.89409 486.56512 0.0018763329
906.3248 2000.9824 69.95855 231.80376 0.0018511693
910.29785 1639.778 76.03806 590.7997 0.0018460864
414.19315 1305.0096 816.2817 690.1353 0.0018444872
847.3896 287.67914 196.7489 570.7127 0.0018426409
880.8211 369.6405 152.79207 644.05914 0.0018125353
850.78815 967.0169 169.91907 1391.8096 0.0018081468
791.5106 495.05807 275.27966 962.54553 0.0017929683
507.06357 1420.323 456.51477 1478.0789 0.0017917985
601.1965 2342.1157 142.0075 71.77317 0.0017908964
912.9839 2319.7893 55.84047 175.60251 0.0017863415
236.59381 2325.76 450.3982 102.18708 0.0017821328
849.1548 2341.7166 165.5364 119.30738 0.0017803302
880.9534 2324.7969 104.81608 99.68258 0.0017676667
336.57556 2358.4639 711.0541 43.68165 0.0017643102
918.26794 2125.6692 49.210434 499.0663 0.0017626673
246.4486 1073.3551 199.53552 641.00366 0.0017587283
866.79584 1442.0864 48.128223 141.77638 0.0017584631
500.0869 1351.0428 408.83292 1560.9233 0.0017580714
693.4756 1586.792 176.0058 285.82532 0.0017565322
560.57324 2015.4216 520.9307 344.09506 0.0017532093
763.7513 934.86066 290.89694 1102.1423 0.0017519346
892.89484 2221.1404 106.248955 290.35406 0.001748131
384.82144 2366.5498 837.01306 36.2203 0.0017430783
842.63275 2343.167 172.76044 212.15475 0.0017421675
908.9407 2003.3668 60.693817 198.9591 0.0017391125
849.2389 2355.4844 191.92993 42.453617 0.0017349735
458.299 1175.1349 897.9958 2330.3894 0.0017314786
451.79977 1175.2377 879.2926 2301.8801 0.0017310904
621.8515 203.39185 525.65784 396.32193 0.0017296606
917.9877 2324.0535 78.685585 172.5389 0.0017215736
140.08926 1222.7192 220.1398 1973.8646 0.0017213736
587.353 2017.2369 299.6277 654.18854 0.0017074114
758.6214 2347.8933 324.69644 55.62138 0.0016920294
915.8165 1510.3279 56.689278 311.00467 0.0016805353
463.0605 1349.8092 311.3093 1353.2245 0.0016642577
902.97015 1929.4297 84.51907 279.4384 0.0016604973
911.2709 1536.1987 64.3849 259.90067 0.0016542051
199.76024 2330.6248 292.61957 104.457954 0.0016188063
866.18445 2313.7717 163.88663 120.56057 0.0016050289
153.63753 29.00903 284.2554 55.221317 0.0015989572
282.54254 2373.1162 574.6584 20.583736 0.00159799
728.68677 1317.4657 276.38922 1313.783 0.0015940246
368.38498 2326.5615 543.8133 106.16572 0.0015864696
505.36578 1426.2109 321.07782 1254.2166 0.0015790648
907.7656 2231.8516 84.524025 279.05185 0.0015701842
463.4299 1348.0157 383.83417 1488.4167 0.0015634664
752.87634 2333.6057 291.26993 91.66033 0.0015607576
809.86285 2359.4875 166.21048 124.997185 0.0015598307
858.5389 1452.3505 55.87091 147.27592 0.0015482752
552.7523 1315.2035 453.1245 700.7707 0.0015444439
512.7532 2352.3784 283.2686 51.86706 0.0015290959
443.18442 2227.2974 484.29938 376.94955 0.0015101928
862.03534 2348.4434 141.67296 65.60367 0.0015098836
821.5186 2360.764 144.84998 31.311443 0.0015061107
867.4735 2350.0732 136.72372 80.318 0.0014852937
679.1845 645.0577 459.20706 1277.2064 0.0014850171
909.7509 1746.5112 82.6797 257.58932 0.001480716
824.7037 2358.8887 208.9229 37.13627 0.0014720667
621.0043 2373.6296 577.94617 18.843483 0.0014501819
454.7698 1177.3132 874.41064 2293.9055 0.0014448115
88.14141 59.632633 165.8684 116.33242 0.0014441113
854.60504 2362.8806 146.48257 104.13791 0.0014355881
44.592422 41.469044 76.85441 170.41841 0.0014074148
429.53134 1504.3855 143.05757 1201.3813 0.0014054573
755.6254 1859.943 94.82615 145.9709 0.0014029418
453.59222 140.79266 867.3368 291.32974 0.0013993983
867.0962 2360.056 130.6792 34.573723 0.0013988327
302.2417 1238.3638 541.0723 755.9371 0.0013959429
658.7785 1329.0674 388.40952 1488.337 0.0013886787
27.526457 573.3088 46.643703 162.15303 0.0013789277
457.27875 1178.1792 878.236 2295.8972 0.00137454
816.1883 2358.7605 197.35873 75.57501 0.0013688209
924.09393 1878.0564 41.243793 295.4734 0.0013217655
256.48416 1201.9604 364.85657 1335.0615 0.0013119502
743.8574 2339.7432 556.00165 85.82132 0.0013103698
357.57913 1662.7786 597.0807 1304.5979 0.00130618
785.9681 1827.2822 185.52258 236.47202 0.0013040706
511.52286 1576.2865 574.1973 867.41174 0.0013014872
926.6125 2024.1545 35.33131 319.89215 0.0012961235
590.2146 1224.1483 297.18402 757.80304 0.00129189
921.23126 2077.4116 72.20736 180.44678 0.0012918144
441.88004 380.76944 771.09235 783.51825 0.001289386
888.459 2359.2522 90.86298 70.96871 0.0012844561
752.4963 1515.8636 137.46118 435.6447 0.0012751707
472.58453 1285.9651 273.5573 994.6279 0.0012510725
393.84964 1438.7643 315.65997 1041.8472 0.0012491613
444.52005 1496.0674 260.0693 787.94574 0.0012332868
926.48285 2032.6226 88.88556 294.64774 0.001232635
397.53848 1160.9792 212.85655 591.52527 0.0012263469
513.76904 1957.5488 275.88843 788.2207 0.00121992
931.27313 2342.8518 51.97877 73.84783 0.001219101
930.22406 2099.4792 28.515203 366.03214 0.0012173906
206.61252 1300.0648 469.8864 1050.7684 0.0012161847
459.82343 1190.6598 830.1062 2192.2034 0.0012046598
715.12854 1233.7018 201.10701 1619.2444 0.0012025498
552.75586 65.15529 761.72424 142.34326 0.0011954403
934.69867 2082.559 39.020157 198.4977 0.0011913939
230.65501 1738.4594 227.18768 760.7965 0.0011831818
741.4157 1263.6859 303.77313 1074.2029 0.0011615974
296.7069 1616.8959 706.2629 1482.9956 0.0011458282
933.4411 2172.1208 22.916803 234.15045 0.0011316248
525.98364 1049.991 608.4865 1303.2157 0.0011228261
932.1658 2323.4146 26.456068 158.3241 0.001116145
445.0802 761.6394 651.6361 928.98895 0.0011075954
346.77475 1121.2034 739.1921 666.61597 0.0010859977
527.39984 1850.8151 623.8122 433.38245 0.0010784756
837.80585 1593.0774 146.77325 257.19977 0.0010547774
931.4735 2348.7905 27.439468 61.9174 0.0010534809
513.1493 353.82877 626.0607 700.58936 0.0010508768
936.6052 2278.4456 16.345701 187.48727 0.0010491143
231.71341 1184.8671 356.474 556.32874 0.0010485861
931.70135 1430.7262 25.089907 406.51526 0.0010439294
729.102 1528.8215 216.54182 701.98956 0.0010434323
919.3462 2359.4265 35.973286 91.28094 0.0010269969
930.48865 2314.8765 24.515877 121.356735 0.0010133963
277.76813 680.16846 532.3621 1302.5709 0.0009964159
940.1417 2315.6416 14.474187 241.62651 0.0009821553
271.6688 1123.8789 338.0807 859.7286 0.00095538865
469.84982 1578.2229 370.07666 934.968 0.00095096504
331.79507 1815.3204 258.73975 230.69054 0.00094964943
344.02914 1222.0925 349.56366 620.07135 0.0009464898
685.9913 1568.6589 417.72226 1160.8623 0.0009358141
597.0397 1848.0079 112.190765 297.14542 0.00093243254
478.29468 1527.9265 266.28265 783.4184 0.0009294948
340.8478 1333.6722 511.07434 436.9719 0.00088334543
921.8003 2379.7346 101.91785 10.715715 0.00083109253
420.79242 834.55066 704.247 739.73645 0.0008223138
786.862 2370.8552 416.30316 31.504484 0.00081259233
696.86865 1033.7616 258.74686 1740.3832 0.0008081429
444.9531 1096.3716 643.5601 890.8755 0.00080714433
441.22406 2340.372 846.1287 76.55947 0.00079815934
489.40204 2316.428 791.9063 130.96716 0.00078024366
335.4544 1258.895 289.28217 1529.5088 0.0007741713
431.22717 1042.2137 749.07556 1051.3081 0.0007660888
479.16217 1809.3877 606.408 314.3253 0.00075789145
294.6742 1021.9112 394.03946 1043.0934 0.0007410728
683.5036 1308.1282 410.85455 1234.5914 0.0007365103
427.77432 1185.3942 647.86237 741.8343 0.00072406844
908.7252 2357.4214 134.13503 68.31363 0.0006835574
563.6577 1113.1792 337.33145 1209.1447 0.0006730699
637.27386 963.5533 266.36282 905.8862 0.0006552896
425.91257 1156.7178 227.57907 878.20294 0.00064196496
461.61465 1327.1162 232.57777 1056.1017 0.0006412813
885.6015 2375.6484 166.60318 23.474558 0.00064015103
462.1477 1155.9073 465.93033 883.8014 0.00061206816
412.4308 1036.671 698.9611 855.65466 0.00060324266
468.05923 1429.1172 699.5323 590.5457 0.00059360405
556.8661 1586.9626 352.53882 427.7172 0.0005922311
482.61395 2380.7688 772.5084 5.2986603 0.0005792243
878.2875 2379.375 229.11075 7.1111374 0.00053633313
522.96497 1159.4088 345.9437 1119.6005 0.00053603976
613.61 1236.3766 479.02805 1425.0065 0.00050587807
404.35223 1528.6737 765.0602 789.6252 0.000408457
