635.5782 1106.3245 1216.8027 2153.392 0.9004028
79.759514 1123.2771 124.846504 176.79176 0.083498344
701.1545 1333.1698 1035.4766 1510.6598 0.049216535
721.05493 1123.1177 994.0889 1564.6101 0.045735277
712.7666 1254.9626 960.7254 1404.8813 0.04519773
702.0757 1216.4814 1066.4618 1811.1626 0.03188801
699.5621 1441.0514 1059.0365 1398.0637 0.028495492
686.8075 1414.658 1089.2963 1461.6453 0.027319811
699.1414 1753.7938 1084.186 856.1965 0.026976828
635.8195 1105.4773 1213.8861 2150.4985 0.026467003
723.4162 962.76715 995.9914 1325.5804 0.026174579
796.03394 1131.1122 836.28845 1579.2789 0.025875777
1102.8655 841.7016 142.66063 136.3482 0.025115255
722.50226 481.64374 1038.4269 930.0088 0.02394115
720.21234 961.6699 1001.71173 1306.1755 0.023591034
836.67957 1218.229 799.5064 1787.001 0.019827215
667.9715 1536.9615 1136.465 1269.657 0.018649947
748.34863 1534.3228 946.6315 1182.2443 0.017466782
737.984 908.07874 963.7211 1217.4534 0.016960599
827.2579 1061.031 788.8866 1437.8401 0.016815845
634.8781 609.647 1215.3469 1180.0842 0.016626194
720.9837 628.3654 1025.1875 663.1982 0.016260108
634.8796 1603.3627 1217.2205 1151.036 0.015676042
777.61304 1420.5525 876.2515 1331.6564 0.014999911
751.41565 1500.8441 910.591 1011.98645 0.014716889
799.48236 1043.4836 814.45184 1194.1372 0.014615602
718.22845 1166.5005 954.2281 1111.4192 0.01422056
673.13873 1260.8817 903.5139 1319.7706 0.013694139
696.80804 837.9769 1078.2017 1077.5186 0.013648308
1121.9463 856.40674 211.28102 239.58485 0.013252888
693.0838 1698.5189 1096.8656 968.86743 0.012415187
729.94574 1117.5471 926.2049 1044.7496 0.012141672
887.64355 1091.2146 692.3391 1502.9568 0.012021456
737.6887 1085.145 920.2513 1073.1624 0.011938326
894.58124 1204.3365 664.58734 1551.997 0.011463225
688.20233 641.28766 1101.2521 1223.8469 0.011287052
776.7453 1591.368 893.52075 1062.2072 0.011257196
858.64233 994.6617 737.76056 1312.8977 0.010830309
836.7273 923.1011 779.73254 1170.8008 0.010449815
690.00146 873.3775 1087.0248 1465.7528 0.010344713
381.0231 1655.113 423.7157 588.22485 0.010072238
441.75363 1745.0322 560.432 783.3711 0.009900671
400.1435 758.6247 376.48102 364.92453 0.009724626
96.34482 1224.203 159.08746 404.2601 0.009675776
871.245 1235.8707 703.19055 1342.9648 0.009555318
876.94714 1598.8141 713.35425 1107.5338 0.009422309
643.35724 625.12726 864.45435 636.25696 0.00924768
877.2148 1128.7277 661.0519 1086.991 0.009082848
935.1471 1237.5107 624.3553 1849.121 0.008970155
700.4851 1223.3922 1034.4594 1019.2723 0.008960496
899.95856 1710.1226 675.5591 890.8002 0.008847953
689.5515 769.96924 1088.0358 944.852 0.008796612
885.0593 1759.6279 704.6842 778.2468 0.008792401
927.1737 1241.1385 616.5826 1620.1666 0.0087214615
818.5779 879.0805 816.9557 1118.4061 0.008701709
588.6648 1313.7616 715.7979 1054.0365 0.0086254915
777.0008 1166.5817 813.46783 878.78937 0.008496407
687.0269 788.3321 1089.204 977.8687 0.008356668
840.2011 1129.5844 681.55585 1157.4333 0.00830487
526.87036 1422.8154 443.436 579.5873 0.0082504125
754.2057 1255.3657 632.44305 893.1893 0.008240372
114.748344 1073.1768 194.30667 304.70026 0.008210894
606.5509 1335.2533 823.7379 1245.809 0.008128783
765.3899 1157.165 828.0089 868.4876 0.00810454
685.7422 769.30164 1088.9277 1028.9152 0.008088227
898.7004 1949.5985 681.60736 432.83878 0.0080799945
875.37427 845.6123 710.40845 1043.473 0.008057745
578.07654 1176.8276 790.3846 1314.7349 0.00798702
820.84 1087.8788 713.8007 832.47784 0.007983012
516.4987 664.632 612.50604 556.8096 0.007901024
915.8676 1324.686 633.22504 1421.399 0.0077820234
705.50665 1066.5184 1025.1512 870.6835 0.0077751824
181.07623 1017.6497 326.65863 403.62823 0.007540918
519.08905 1242.0583 512.16205 827.4508 0.0074807475
888.36316 1790.3271 695.2956 733.50024 0.00744414
79.125496 1121.4497 117.20569 168.05493 0.0074312245
859.199 1662.5452 735.166 830.8646 0.0073515726
631.613 1457.2877 801.61255 935.0416 0.007272931
903.4998 1812.1295 664.749 667.5396 0.0072544864
651.8699 1330.1696 663.1744 1046.391 0.007193672
861.01624 708.2546 735.195 789.00995 0.0070888354
331.70746 1550.806 606.1393 1003.2872 0.0070432564
969.7141 1697.948 541.3477 912.27045 0.0069899536
863.476 535.5349 234.41978 237.9272 0.006984478
892.98315 1616.2593 669.9507 849.7509 0.0069361576
616.1121 1486.0339 796.93146 902.14404 0.0069137737
967.7733 612.49945 519.2542 588.58234 0.0069132503
473.88428 1336.308 589.97864 1173.6241 0.0069102426
855.8417 1384.3713 269.8017 396.5225 0.0068646786
532.4794 1505.5874 650.4868 847.2684 0.0068479823
884.94073 1159.0425 619.1445 880.6128 0.006793589
858.9742 1353.4375 599.4265 1055.9438 0.006719045
873.6875 1592.6207 682.2225 701.3503 0.0066610514
113.82176 1326.0778 190.87448 595.8446 0.0066272607
513.83746 1763.8574 711.1732 821.98193 0.0065979427
701.53894 1024.9536 834.97906 942.1068 0.006597043
583.3693 1274.6598 763.1958 1533.7822 0.0065962207
779.6068 1980.9478 918.4586 408.82324 0.0065865885
827.419 1353.9614 424.23773 531.3817 0.006521869
648.12225 1305.4271 683.4518 806.20667 0.006520757
877.4855 1162.1721 638.60077 921.93036 0.0065145725
531.12445 1281.2722 736.43054 1478.8494 0.0064330045
788.4157 550.36554 453.0476 375.58176 0.0064324928
304.81995 1626.6656 294.44272 536.32465 0.0064225807
289.83078 1489.5897 532.70447 906.0049 0.0064173457
485.53796 1173.5504 565.8121 824.0219 0.006413966
532.83887 1351.0862 347.4218 384.32996 0.0064103054
905.5964 1676.9476 627.6696 522.40186 0.006337228
554.6907 1428.9904 485.5061 606.48016 0.0063320687
961.95123 1104.0344 544.95166 1297.1472 0.0063228165
850.5356 1682.2211 355.725 357.56818 0.006271792
929.3088 1154.7258 604.1139 1293.7616 0.006269989
565.5088 1328.6129 771.7631 1242.1508 0.0062500997
841.0808 1577.268 373.50235 615.8702 0.0062198923
826.5545 1488.7566 466.9767 873.54144 0.006198774
632.73285 483.3718 1204.3997 947.4045 0.0061965217
965.279 1173.5447 544.1855 1486.9294 0.006185886
842.20435 1377.9031 460.70377 785.87024 0.0061790543
671.63196 875.46344 279.86996 356.0164 0.0061587594
929.97656 1251.6886 589.1363 1042.6829 0.006156828
982.3105 1679.6135 500.14984 595.1195 0.0061369753
925.7005 1250.8785 603.98517 1115.8253 0.006113871
567.3139 1385.7722 305.31558 401.86966 0.0060860342
875.0084 611.57 695.60675 608.5835 0.0060818475
169.39992 1613.0608 306.747 1144.7389 0.006081548
711.76715 1400.3938 491.32364 553.5525 0.006071065
444.82822 1805.4531 256.0415 262.04102 0.0060229967
351.54385 1319.6926 86.701385 92.9751 0.005997077
635.0141 1438.4865 595.54895 615.7012 0.0059741456
886.1353 788.8154 247.39133 262.83963 0.0059477524
555.2092 1410.3308 539.2641 741.3671 0.005943714
456.4893 1678.0427 572.8947 654.04675 0.005939695
814.7046 1181.4067 645.05444 1001.1958 0.005933178
117.042595 1613.3046 215.68465 1152.5189 0.0059281713
185.74773 1399.4977 335.22055 734.6167 0.005918482
924.3602 1467.6638 610.47107 936.0222 0.005916148
916.8177 1577.1284 609.3805 1125.3218 0.0059158877
674.5807 1122.1334 708.57806 805.5824 0.005884775
770.5511 1583.9109 902.6768 656.7342 0.005874724
756.0075 1165.0753 741.7577 1036.345 0.0058702896
633.2634 901.32245 511.76172 616.63934 0.0058630756
848.6042 521.844 308.61188 267.99698 0.005857964
465.52017 1330.7975 613.7598 1169.4283 0.005856995
963.61237 886.8362 491.40924 448.1343 0.005828696
860.22107 1716.8164 296.3841 283.5442 0.005816738
1026.8469 883.0327 307.50018 266.96896 0.005809036
298.218 909.39905 555.11914 625.8552 0.005796783
711.2504 1971.7245 228.19373 204.00847 0.0057945764
130.67224 1287.422 228.31139 521.2331 0.005731942
466.46768 1764.912 311.76645 331.54382 0.005722623
127.44174 1032.8387 220.89302 377.39136 0.0057218987
609.55194 1318.0024 554.2234 1406.1768 0.005709961
778.1336 867.81805 265.47842 348.25293 0.0056569893
504.71246 1339.6132 617.45886 1242.6742 0.005653356
578.1986 1304.1578 259.20718 320.42325 0.005589204
771.48425 1987.4429 344.6617 246.6346 0.005571262
873.142 1555.4517 390.40826 835.5981 0.0055654338
983.344 1373.1208 517.781 1462.4974 0.005562851
268.847 1576.3018 223.66481 436.66455 0.005560997
725.00006 1086.0244 936.8715 838.95984 0.0055382233
881.2229 1699.4624 244.90651 221.9103 0.0055310717
518.612 1078.307 427.69662 460.88547 0.005527762
777.8287 1955.4886 922.73157 455.2181 0.005517816
531.11676 1679.7313 181.26482 176.58148 0.0054797293
957.4351 1261.9602 559.16376 1399.5192 0.005464745
598.55853 1337.3069 316.20007 431.0541 0.0054589487
359.756 1305.0375 123.93183 149.05316 0.00545679
1000.58746 1113.2112 481.18817 1563.9185 0.0054356083
648.4791 979.36017 380.3583 479.15182 0.005429358
608.8654 1413.732 319.6891 445.61902 0.005424
976.66907 1609.89 461.19736 448.2808 0.005410209
873.70905 1246.5754 364.78705 485.1196 0.0053929095
790.06604 1359.8538 832.5443 956.50793 0.005386085
999.2793 1984.3564 371.6016 336.1462 0.0053750225
479.14954 779.8929 724.17444 846.3863 0.0053702984
720.7899 1091.6826 952.65424 653.3442 0.0053415
90.83164 1623.9333 171.03505 1149.6218 0.0053414395
1036.4191 2007.3832 398.51013 317.6252 0.005318339
489.03088 1303.2446 695.9288 1491.1349 0.005313959
969.77466 1180.3235 458.38763 561.87195 0.005307886
747.2768 1460.1139 763.13477 900.3601 0.0053052204
932.6246 1066.124 596.18036 1215.8219 0.0052864514
1108.4757 1604.5043 262.16873 397.6329 0.0052826637
948.0264 1176.8757 509.31293 706.31696 0.005267489
1011.24347 2010.5269 450.45023 333.8539 0.0052438513
393.93683 1616.0533 723.6359 1078.7977 0.0052407878
705.3788 853.62274 382.5742 480.6302 0.0052383547
484.11014 992.1649 530.27893 523.8742 0.005234497
532.9363 1292.0308 662.26337 1345.2045 0.005205245
932.9332 1177.9318 360.06177 418.2796 0.005174138
1084.3184 672.87256 306.70212 607.6843 0.005167545
897.4105 1551.3273 664.3419 636.2775 0.005160245
405.90656 1613.4102 755.69305 1102.9105 0.005150079
784.7172 611.74426 465.43484 453.02704 0.0051425765
1137.1814 798.29083 209.75873 348.52924 0.0051280838
980.12994 1265.5759 511.57257 1319.3755 0.0051280577
817.54816 1379.6001 789.7607 1001.1 0.0051083146
503.73108 1423.0824 716.33594 1309.1709 0.005091524
1075.1088 507.992 318.59497 402.00952 0.005083728
530.3685 986.52924 736.70953 953.6559 0.0050836797
696.75604 1237.4917 531.4937 606.58496 0.0050804853
537.3506 1750.8203 287.30585 311.76172 0.005076777
644.0948 1757.8594 926.1245 811.4612 0.0050667026
1006.4143 1666.9276 325.89786 321.27472 0.0050526382
763.2621 768.25757 152.21257 180.60376 0.0050496506
753.87396 1732.3745 879.9882 476.68262 0.005033235
961.61444 1612.2563 331.79794 328.35803 0.005030275
252.98813 1134.4266 225.44048 313.72415 0.0050082095
753.8418 1689.0634 552.2856 548.27563 0.004989752
900.56195 267.27 662.70856 430.15244 0.0049856324
678.63464 1023.3791 946.1038 776.6479 0.0049781725
695.11176 1386.552 358.30505 420.6024 0.0049779904
850.8221 1767.1626 247.40865 229.40854 0.00497532
934.082 563.2569 302.33737 342.20456 0.0049723373
916.01874 1967.6996 636.81854 392.28833 0.0049609384
1016.07025 1961.6239 281.3471 287.10446 0.004938407
667.43915 1392.4724 660.26056 635.71063 0.0049351887
1166.8665 686.74615 143.0075 141.15637 0.0049326136
884.9819 1005.8385 465.59332 552.43256 0.0049303463
965.13745 1733.6199 413.1366 320.47928 0.0049255174
850.23914 1174.188 305.47873 425.99008 0.0049250713
120.850945 988.4064 208.2212 458.99652 0.0049219597
1082.2836 1876.648 315.81793 581.02844 0.004913405
1026.9576 1624.0624 279.82565 337.86823 0.0049005994
906.6538 1213.704 265.4116 292.7055 0.0048711533
802.90393 1161.462 589.25714 640.7573 0.004862461
642.5211 1262.7177 1193.543 744.0639 0.0048402185
978.80914 1168.1099 518.0902 1353.5303 0.0048180567
981.65436 1167.8761 533.70325 2015.2134 0.0047951397
92.85879 1196.7312 161.68785 357.6989 0.0047713215
797.8741 1834.3644 390.8781 499.76288 0.004768562
835.55035 1832.3403 373.65787 514.36646 0.004758112
713.28076 1978.4465 1055.4215 425.81378 0.0047565787
588.2615 1729.3102 387.44327 366.03555 0.004754997
1030.0979 196.93167 421.3537 332.39075 0.0047418997
1051.6908 1555.6444 363.09515 358.22876 0.004731177
977.7633 1297.2428 496.71664 1595.1185 0.004730201
811.45447 1996.4452 379.9949 266.66916 0.0047289324
1101.5208 436.42004 252.63051 276.49142 0.0047286227
249.44142 1006.6296 235.69075 371.2212 0.004726391
945.0497 1503.8109 568.2084 510.06183 0.0047259843
298.15503 997.654 347.4332 440.71762 0.004724
1089.8761 1622.9939 299.67267 480.63248 0.004719388
1084.813 2010.2024 273.52417 273.02762 0.004705292
610.1774 1338.5912 495.18115 1190.376 0.004702727
552.2215 1419.0215 487.33826 979.1717 0.0046991194
912.3227 1232.2755 629.2477 1203.207 0.0046872674
516.37787 1015.0737 619.20087 584.50574 0.0046866825
981.8737 1177.7765 502.2638 845.25995 0.0046814093
1061.9276 1595.1046 239.13037 317.44748 0.0046757446
1076.5288 1120.8699 207.79002 279.07788 0.004666941
1007.5916 1507.2056 188.35326 197.07144 0.0046384875
329.3441 863.71185 244.39246 182.09581 0.0046318765
654.3571 925.8478 874.14154 1188.1561 0.004623813
417.1884 1260.8156 726.58057 1413.5226 0.0046223495
768.8097 1442.706 490.04816 812.1861 0.00460267
399.56006 1803.483 168.79585 191.09782 0.004599322
584.9064 1156.5895 334.2422 423.57257 0.0045969477
770.48444 1637.0881 823.2887 1082.7675 0.0045965267
343.4062 816.50165 269.96994 241.68573 0.0045731934
1010.2118 1403.3284 468.7924 1518.3193 0.004545145
725.3979 1339.1284 497.97507 551.51624 0.0045397226
407.95633 1306.3464 729.04755 1029.7379 0.0045392634
145.46716 1480.7831 256.92633 903.6132 0.004532535
330.71753 1512.7053 611.7675 982.5231 0.004528941
1070.0115 1928.4426 341.2268 486.4176 0.004516031
1110.9614 992.29877 255.83258 573.76434 0.0045152614
243.61237 1019.00183 450.69104 547.47797 0.0045092064
802.099 1530.2103 297.43417 426.33725 0.0045027747
1050.449 1767.1752 382.81616 821.244 0.004494587
439.27255 1459.8665 559.83014 1284.57 0.0044896696
445.43225 661.0329 156.66527 161.14609 0.0044829464
555.3513 1467.7043 322.9136 563.9334 0.0044828653
575.5689 1414.5862 450.25256 1019.0258 0.004470712
940.5285 1505.3602 263.27646 300.87576 0.0044672727
474.12283 1722.3916 267.1322 356.08282 0.004465119
588.87335 1531.0573 393.13623 679.5944 0.0044583306
910.06366 1207.8955 673.19086 1891.6403 0.004457139
1060.7097 1066.5217 349.34424 638.9455 0.0044387584
905.2087 1128.7642 333.56454 354.24353 0.0043968847
1040.842 198.68585 384.08374 230.33492 0.004387716
632.62305 1171.3247 1185.7949 550.7723 0.004382998
310.27588 1203.9865 346.897 731.7468 0.0043731276
779.0163 501.3031 353.87933 239.90532 0.0043693734
667.5117 1605.6677 476.0616 1018.1281 0.0043507107
691.36835 1036.4702 1059.2639 623.6161 0.004328137
890.2259 1792.0116 262.59818 381.21777 0.004326409
907.6271 1239.7577 595.11536 617.56116 0.004324762
723.5651 1587.9149 363.95688 593.1591 0.004322539
942.9842 1172.1431 517.08075 609.8912 0.004317639
898.9748 657.0051 658.3653 701.51514 0.004315313
685.77716 1358.194 450.6651 631.4892 0.004312865
755.12573 1929.9584 303.61642 312.0928 0.0043117967
906.54694 1967.6067 196.04625 215.08826 0.004310816
993.5823 1096.0325 485.3908 871.9351 0.0043064626
1073.2598 1960.2113 325.80508 423.51016 0.0043001412
448.94327 1419.8256 490.31155 1111.0348 0.004289389
696.54767 1804.8065 330.99734 433.4745 0.004285664
1111.1399 1212.1827 250.37807 497.15897 0.004271555
223.50722 1032.1289 188.41316 299.8676 0.004268873
93.04509 1956.2499 182.54167 483.4316 0.0042568864
996.69617 1328.5258 466.40475 638.8817 0.0042459113
770.88403 1508.9062 852.16174 708.92236 0.004238406
826.7392 1264.5255 343.48697 680.2613 0.004233123
688.0529 1541.0079 403.9892 574.18414 0.0042328374
903.47455 1902.4685 307.7478 366.1244 0.004223564
400.46417 1252.1683 171.09895 209.80757 0.004223079
385.06253 1423.9292 713.46136 1297.7913 0.0042229565
776.491 1472.2235 513.3114 620.52704 0.004220222
519.1637 895.65137 617.24115 634.2817 0.0042071515
594.2462 1363.425 422.42868 1062.5521 0.004185798
510.16385 1437.3696 940.85406 1350.9114 0.004169407
644.32935 992.4759 455.30447 739.6927 0.0041675717
986.87665 1973.2474 348.08798 348.3188 0.0041528544
495.91577 779.5228 919.84656 940.2057 0.0041437102
726.58636 1550.4995 342.87796 719.1108 0.004136295
633.6591 1498.0173 1207.9509 1359.5428 0.0041293357
996.03235 1760.753 367.73743 320.30414 0.00412913
360.62366 1240.3331 639.8913 1163.5334 0.004111704
805.0937 1384.7196 376.0093 997.8675 0.0041057803
928.68146 230.94553 596.93677 392.24924 0.004073897
350.60687 1358.1807 409.22296 1113.9691 0.0040627974
1094.5858 2036.8002 281.9005 282.88812 0.0040504024
236.18433 1459.9307 166.30948 229.76 0.0040492006
918.3701 1323.6315 358.67905 638.8104 0.0040482273
965.2946 1849.4059 243.10562 268.30475 0.004036994
112.40603 1969.7836 220.77243 441.0525 0.0040196823
982.1505 1674.5002 259.01373 363.59015 0.004014495
569.6046 1471.2819 432.61618 652.9705 0.0040098303
389.54523 1059.8672 713.44916 899.94946 0.003991226
463.74365 1130.5125 846.38306 1128.1628 0.0039575347
926.94604 1047.3284 549.682 577.40344 0.0039484887
905.67365 1155.3179 557.01196 1029.4241 0.0039464715
279.10217 1604.0463 517.6491 1125.4547 0.003936252
466.96857 1599.8524 873.52875 1154.3792 0.003926822
162.90746 1246.4438 289.25934 439.57413 0.0039150133
748.9555 1761.4331 282.20294 290.81732 0.0039137565
508.4974 1765.1093 273.32916 275.61713 0.003911463
395.706 1162.8475 659.9912 517.3669 0.0039073965
557.45844 1320.0879 386.97583 1232.8313 0.0039018702
507.8868 1601.578 780.1886 1104.7787 0.0038997722
1096.1575 1751.2971 295.89157 845.94745 0.0038822463
418.53534 1244.2635 770.0386 1486.5533 0.0038784812
979.8346 1922.0013 209.7195 230.61606 0.0038774237
407.76794 1531.075 317.99338 333.8083 0.0038707093
854.9739 1209.7908 369.79446 439.28738 0.0038658255
717.8213 1411.581 244.01215 303.2255 0.00385942
869.82306 1362.5619 193.87483 239.61966 0.0038573565
610.14954 1443.8136 429.61322 757.7765 0.00385708
351.64886 1715.4675 262.06543 363.9157 0.0038535364
996.49695 2135.463 495.11316 113.90976 0.003851763
1139.885 1973.7235 203.7401 352.5876 0.0038512014
885.3935 1392.3 185.81924 254.06042 0.003825494
104.78964 1992.9999 203.12039 405.92435 0.0038240333
902.36145 703.1346 655.9825 799.3676 0.003822869
1073.0944 1791.1486 206.95525 242.33981 0.003821518
546.8439 1395.0739 232.27657 293.14795 0.00381761
315.9773 1404.3268 587.93933 1329.1637 0.003815152
749.10297 2050.986 237.85637 249.98892 0.0038099217
932.68585 1680.5093 458.5842 794.65326 0.0038097533
841.7234 1747.2764 319.7296 653.36676 0.0038063505
969.92126 1422.0353 244.7064 274.65213 0.0038023444
397.16174 1868.7157 231.78813 197.69109 0.0037993796
1095.1176 2079.0852 281.00812 193.62842 0.003775091
862.63684 1727.1838 274.57123 585.8346 0.003768175
671.63104 2002.7352 351.35388 287.25897 0.0037678955
1133.4088 1938.9215 221.87778 444.11276 0.0037339404
721.8019 1846.0392 261.20297 245.12863 0.0037326904
702.63074 1968.903 442.76163 366.01053 0.0037316247
447.95328 1870.0188 419.8436 492.39764 0.0037249438
758.2464 1152.6078 828.7199 784.6545 0.0037081952
151.08836 1970.0795 291.63342 446.23172 0.003705557
600.0522 1311.1244 199.14156 249.8974 0.0036682507
254.63713 1767.4052 474.93817 831.7139 0.0036680347
949.43317 1993.7281 245.71838 287.44583 0.0036676878
387.4619 1701.5889 354.5414 469.06454 0.0036668638
960.8756 1158.6602 209.88312 241.83075 0.0036625967
623.8055 292.10132 1231.6008 566.36334 0.0036624104
276.7096 892.4597 143.06097 133.28697 0.0036527973
999.3151 1893.4841 363.46365 414.20337 0.0036493626
396.23477 1111.5935 708.4511 446.1498 0.003648912
1000.86584 1915.5674 288.27957 330.53708 0.003648645
101.556564 2025.6876 195.3803 345.89554 0.0036454466
231.17099 1377.2441 419.62494 693.3843 0.0036435507
428.84845 810.0263 122.85911 123.5764 0.0036401455
382.16055 977.27997 503.62762 561.42377 0.0036345394
513.7049 1849.6322 508.55377 556.3658 0.0036325627
697.8172 2061.463 1091.4379 266.5567 0.0036309925
1057.1063 927.90216 337.7714 489.45547 0.0036227214
110.1959 1823.718 202.43808 457.572 0.0036218644
488.7454 1415.5073 447.91223 1061.0095 0.0036178124
822.73517 2036.7598 229.52411 227.19324 0.0036177489
634.8927 1108.7865 1216.9082 2148.8616 0.003615577
560.2783 1154.069 381.21994 473.20453 0.003611024
761.1161 1347.4421 378.41498 871.66693 0.0035960537
339.8097 905.2343 239.31267 212.6435 0.0035920388
939.6737 2079.16 238.30501 176.9626 0.0035772843
191.89592 952.79706 342.88553 642.41034 0.0035766386
578.4468 1340.4701 199.7698 229.743 0.0035717594
1084.0044 1450.9735 300.8954 461.9425 0.0035381769
1031.5571 1330.2677 412.34262 1002.7582 0.003515687
324.32822 1245.435 601.216 1662.7277 0.0035062812
853.83093 1154.4688 287.82053 355.14624 0.0035004683
413.7418 929.0852 256.93762 266.5682 0.003497768
961.96466 1192.9631 479.48413 445.53333 0.0034973111
888.1462 1679.5701 323.40503 885.1567 0.003492769
684.9089 1359.0775 569.49023 432.90402 0.0034896252
883.4434 1801.7838 495.88443 285.33133 0.0034846708
818.0126 1246.9929 349.47195 387.03717 0.0034811257
453.59964 1103.0917 830.61334 712.9601 0.0034762875
870.3785 1572.9797 702.22534 474.75888 0.0034705736
977.6603 1641.5343 493.89017 1088.5702 0.0034576862
1020.9504 1369.5972 428.7755 969.3837 0.0034537662
762.7038 1581.5841 292.3147 529.85565 0.0034441329
716.3938 1788.2604 1056.6123 780.9634 0.0034419307
766.28534 1283.9404 845.14624 661.8368 0.0034409852
488.89667 929.18915 661.01227 1120.8756 0.0034409165
997.11456 1906.5846 273.0077 326.40445 0.003425659
94.85529 1997.8733 184.04404 448.1027 0.0034214582
401.91528 1038.9656 730.8579 1220.4327 0.003417141
517.95416 652.591 226.91199 199.09193 0.0034139517
967.3564 2057.1462 405.2171 229.21893 0.003408756
247.26193 1274.5779 440.91394 626.7915 0.003401476
572.68353 2059.4607 238.01118 227.88646 0.003392202
951.6706 1765.431 477.05707 829.2261 0.003385723
785.8008 1449.4497 409.93768 725.6016 0.0033826737
1106.1034 1097.4846 284.20074 2137.684 0.0033767696
982.1314 2052.9797 494.73706 257.53873 0.0033702943
404.99155 1467.2129 187.82285 216.89029 0.003353431
234.46626 1302.6556 423.94864 1198.5808 0.003351876
761.8557 1985.2454 241.60274 181.6702 0.0033483845
451.2515 2030.688 302.3975 237.99321 0.003344477
914.3835 2020.2365 272.42368 305.9704 0.0033429323
481.32205 1582.7769 919.79 1162.284 0.0033320514
456.96204 1133.1615 589.54254 593.82074 0.0033310507
901.64825 555.7943 632.9066 504.90146 0.0033250055
774.10834 1957.3468 237.33005 227.35782 0.0033248507
973.5731 2029.463 173.16992 197.49474 0.0033226379
1099.113 1923.5397 272.18295 494.16888 0.00331501
791.70056 1474.5487 165.30202 200.98737 0.003307293
968.4204 1696.3387 508.79947 983.28656 0.0032970668
729.27325 2075.1057 217.95715 194.48917 0.003294836
816.71265 1236.7106 296.48895 346.3852 0.0032944821
831.3155 1348.7372 289.59613 518.6268 0.003292424
611.604 1929.7251 350.13663 346.62607 0.0032875186
1010.891 2064.7854 158.42065 155.11102 0.003284205
396.52866 1429.4537 452.8147 1315.1575 0.0032820436
701.356 1337.8423 757.6697 721.9966 0.0032731069
317.0091 1602.5605 164.24881 207.74608 0.0032628977
386.5949 1341.9987 722.10205 1590.1626 0.00326198
1084.2476 2149.4583 325.95 85.48023 0.0032598656
559.13916 2066.096 316.36316 210.86342 0.0032509197
644.46875 1761.6859 176.02084 253.40164 0.0032369925
475.2803 1127.0034 571.3938 687.6367 0.0032342228
526.13983 1948.8951 412.06543 435.2757 0.0032341245
953.35535 1098.3395 482.4306 1066.665 0.0032336556
366.8533 1302.1643 678.74054 1616.5531 0.0032329855
371.4221 1920.3958 226.98418 206.1377 0.0032289852
911.06586 1598.209 635.73785 369.9402 0.0032277144
494.32593 1376.3634 376.97815 479.06577 0.0032183393
999.87256 1915.0935 298.95987 329.46152 0.003215529
809.44275 1437.3049 223.76158 246.24973 0.003213593
879.82153 2063.5903 304.29886 218.83293 0.003211489
660.45386 1207.8774 177.46947 222.75374 0.003199471
1002.0603 1962.0618 176.52153 171.74939 0.0031994055
137.86922 1839.3525 266.77863 705.0067 0.0031772964
979.8014 1991.1255 277.01144 244.41473 0.0031754228
624.15265 1835.4026 185.30757 183.15146 0.0031736875
441.62482 295.26306 349.6595 307.8807 0.0031695988
578.60864 1939.1362 472.58066 433.71436 0.003167713
808.8089 2097.6008 868.2321 194.60101 0.0031668865
590.5176 652.8102 744.2469 565.09265 0.0031603815
454.12653 1461.6964 553.47235 515.83 0.0031524505
974.45245 1795.1587 319.95947 298.9601 0.0031481017
600.7254 1282.1803 385.32596 669.7377 0.0031463024
718.77637 1383.4258 273.94547 509.43237 0.0031416232
700.2324 1870.6793 351.68964 471.47653 0.0031401152
788.89014 1313.2351 256.2048 341.4504 0.003120056
393.16306 1359.2125 733.7679 1563.8225 0.0031197695
886.593 414.71088 321.2953 220.70369 0.0031183476
1040.2585 1698.3464 401.4088 965.3997 0.0031130367
1171.6747 1988.6417 149.08452 363.65756 0.0030932147
912.3076 1906.9106 225.84085 293.30725 0.0030914918
1087.962 1195.497 298.93835 703.77954 0.0030908275
673.35455 852.12946 393.16086 378.87143 0.0030843576
595.5325 1720.9364 358.26147 562.6501 0.0030655218
550.5903 1394.7151 211.19623 253.24571 0.0030651065
515.97 1652.2195 563.62524 1013.71454 0.0030586221
849.40125 1287.6863 179.91727 234.99124 0.0030583981
1033.872 1447.8313 414.59656 1436.2216 0.0030558882
502.2499 1355.9196 613.3285 546.7478 0.0030543476
1134.5408 1210.6122 189.22005 317.93353 0.0030344203
914.41113 2076.0186 148.10376 160.57948 0.0030297572
474.60495 1619.4803 234.8651 322.4319 0.003026557
1154.2959 1143.8727 168.90282 294.14355 0.0030264852
815.84875 1404.6145 265.89206 302.3486 0.003024867
402.4308 1699.8801 371.46674 649.6805 0.0030216416
388.01376 1074.5468 701.4973 723.64233 0.0030150926
592.5827 1458.3198 320.23053 816.6399 0.003011835
176.78082 2023.5391 341.29523 343.91873 0.003006932
372.83145 1354.7999 699.0218 1260.2428 0.003004046
728.5877 1918.4489 229.71967 229.48495 0.0029996932
403.92963 1896.1123 320.46887 277.55246 0.0029990815
412.19983 1261.5824 621.2111 554.53595 0.0029973811
469.82425 1171.2031 567.782 576.91064 0.002992661
700.3479 1419.2971 343.7142 981.9107 0.0029922556
338.14456 1259.6327 388.21344 460.70654 0.0029909485
614.52057 2057.605 329.621 247.54385 0.0029884854
797.70087 1160.9531 365.50665 458.48663 0.0029860495
1032.0741 1633.5306 148.64813 190.57767 0.0029844786
669.7193 1478.3396 175.2581 223.07863 0.0029808513
729.5487 1924.6096 215.94014 467.53976 0.002980242
116.38558 958.96277 197.6943 517.88965 0.0029788862
303.16418 1633.9786 192.39977 374.42935 0.0029683302
468.89404 1198.63 556.637 1022.77295 0.0029602183
740.3177 1718.3795 423.25223 718.29553 0.0029591222
1146.5343 1852.9016 194.66054 663.4167 0.002949313
290.26913 1522.5566 220.05168 319.9375 0.0029446082
430.03098 1974.0109 372.4308 351.58832 0.0029343504
1109.0668 1414.5338 273.8611 1356.105 0.0029290104
205.48668 2033.5665 398.50003 321.0372 0.0029254893
1159.408 1766.6779 155.25859 218.04803 0.0029252127
781.4709 1368.6273 237.33057 362.41428 0.0029200742
684.81165 1450.9594 415.121 858.6418 0.0029118876
1012.8752 2160.351 460.6141 69.7507 0.0029088184
841.9184 1752.3604 265.03644 682.34973 0.0029055052
817.52545 1629.8739 276.0889 279.60532 0.002904294
1140.602 2130.543 206.13588 113.973694 0.0029036533
242.57175 1459.3933 402.30212 840.1932 0.002892498
385.99344 1909.4058 253.70967 341.99902 0.002887304
884.7941 2129.5266 722.2906 133.20018 0.0028856487
1119.0309 1646.9496 243.90096 509.88394 0.0028849423
824.6574 1300.4825 269.9356 363.65997 0.0028835586
1017.9934 1324.3225 452.9905 1670.7473 0.0028831228
416.2857 1823.346 313.761 266.3997 0.0028769346
483.75662 1161.2366 543.84784 689.4154 0.0028723734
602.11694 1149.568 221.46005 212.4365 0.0028720745
724.5238 2094.5298 153.80533 151.90242 0.0028713671
1158.6875 1903.6633 161.00806 223.89899 0.0028701688
399.7144 960.2999 211.9402 233.18852 0.0028597466
1040.5978 2009.9559 180.79549 154.60556 0.0028577948
623.4138 2111.165 1216.2191 166.09009 0.0028571698
815.0827 1319.9138 756.14435 1016.53754 0.002856743
238.78313 439.4714 398.76578 440.25 0.0028561307
835.5602 1593.0391 220.26498 216.90656 0.002848085
339.72617 1855.9608 220.26596 280.21033 0.0028454834
656.5291 1039.3983 243.04184 265.4779 0.0028410517
321.51074 1941.2517 342.95712 446.89844 0.0028403264
249.59221 1989.9537 244.01434 242.7878 0.002836028
632.906 1108.7302 1211.6666 2146.1887 0.0028354093
924.99615 2106.2568 590.3372 166.53862 0.0028289938
378.78232 1918.5602 298.2746 260.68433 0.0028277524
569.7673 2081.89 275.9221 186.48378 0.002824138
580.9765 472.99094 325.3338 310.47842 0.0028237524
950.2754 2155.7188 595.2958 78.36646 0.0028229994
1149.841 1493.3362 184.62617 242.68044 0.002820391
1073.3898 1232.8641 342.91565 1883.5117 0.0028178496
340.42935 1396.6887 630.5681 718.49994 0.002816972
66.58672 586.5775 130.12086 741.4508 0.002808056
1110.5979 1228.0652 235.72064 370.1688 0.0027920709
815.70795 1393.6179 157.77419 200.15395 0.0027874347
913.9974 1745.7067 149.57834 171.4906 0.0027868433
802.2765 1383.699 417.77283 660.63135 0.00278047
526.86206 1657.3186 423.72882 812.2611 0.0027800577
47.50077 649.06757 94.16565 427.82 0.0027799888
428.2865 2057.6675 215.4211 169.9285 0.002779287
421.9962 2001.7278 307.4798 281.35318 0.0027790994
1114.4178 1923.7637 204.28471 327.61942 0.0027786647
503.80563 1947.8052 214.53642 223.72337 0.0027748367
107.34737 664.8988 201.44823 610.84894 0.0027730057
593.3133 295.48416 266.4495 262.74695 0.0027728716
1090.1517 1318.838 307.66913 1125.2269 0.0027683275
470.2631 228.52007 279.84537 221.59282 0.0027651042
937.17474 1333.1971 187.50146 223.37157 0.0027636846
959.2549 1408.3395 200.4485 237.51044 0.002762301
956.4045 1829.8911 202.51176 180.50244 0.002758
826.9715 1755.4657 180.03 224.76012 0.0027564948
804.6092 2082.152 866.0483 218.30449 0.0027438514
323.66812 1757.9894 323.27435 363.49683 0.0027437222
975.205 1324.9172 386.40952 742.15063 0.0027239784
607.8892 1647.9667 247.18785 510.81268 0.0027055342
327.602 2043.7881 635.15674 302.50766 0.0027024122
871.32806 2071.3137 166.26907 179.03967 0.002694428
599.09314 1523.9537 217.6361 369.6757 0.0026917397
1134.2358 1914.9237 207.31107 283.94873 0.0026894852
744.0426 1206.5002 769.2599 698.9893 0.0026876095
57.228546 1665.9872 115.4733 1100.0554 0.0026872465
786.2022 1738.1676 696.68677 304.95035 0.0026847762
145.2017 1430.2817 260.39578 1519.7322 0.0026793133
724.41754 1399.4708 153.15587 205.84476 0.0026778015
468.67072 1907.5259 665.86633 558.6928 0.00267635
679.0228 1281.5817 550.5076 988.2277 0.0026758043
342.12674 241.79097 323.2905 254.26543 0.0026675262
918.7772 1618.2552 165.67015 205.8477 0.00266151
674.9815 1510.0105 198.44785 257.4635 0.0026582237
553.25946 1888.9596 410.62234 526.3992 0.002658
341.95743 1922.6144 646.6973 538.296 0.0026565883
571.9953 1378.7946 369.05438 1285.0964 0.0026550877
520.38336 1731.2534 412.80652 736.1642 0.0026550435
742.6935 1654.677 169.05682 238.04207 0.0026427775
710.5703 1397.3484 604.7204 930.5196 0.002634311
662.7745 1698.9923 228.55157 411.90634 0.0026336445
1057.2626 1935.7465 209.68336 262.04425 0.002631072
835.5656 1177.9607 186.1759 197.42624 0.0026304077
93.499435 950.3513 177.81137 677.92145 0.0026300037
730.9892 1239.3221 865.9648 536.90424 0.002627077
797.9656 1615.1665 629.0743 1058.8276 0.0026056515
622.1311 161.27698 1233.4641 308.7604 0.0025955094
1006.56287 1685.3387 465.50916 983.36145 0.0025912665
361.83218 2088.879 325.32135 209.28769 0.002586398
965.08466 1515.7341 186.87321 187.12451 0.0025848881
408.77542 1286.3547 352.92783 292.34363 0.0025847466
864.86536 1714.2871 218.72418 383.37915 0.0025754073
950.5223 1189.2887 177.04019 183.25111 0.002572967
1075.8677 1774.055 161.7926 178.92726 0.0025716373
682.792 1527.943 232.86072 351.29565 0.002570093
425.7328 1175.9224 566.5944 406.13205 0.002565262
759.0474 1773.6769 607.53754 717.38965 0.002558784
401.93 2006.9841 182.1017 162.06206 0.0025459076
1131.9155 1296.0828 227.22473 1050.551 0.0025411218
340.65857 1957.2205 189.78928 184.34462 0.002539805
362.5005 1847.3448 400.67206 591.78314 0.002537798
1002.2459 1425.3154 445.717 599.81726 0.0025298994
1180.8782 1554.5364 131.32228 366.11334 0.0025298595
709.16296 1691.8073 692.75183 619.4813 0.0025286253
201.7943 799.8247 269.4403 279.30002 0.0025241072
1161.8839 1812.2938 159.93303 293.70248 0.0025236174
1070.491 1831.5938 212.47935 289.61957 0.0025166303
1040.565 1376.1406 401.95627 1578.9786 0.0025134317
986.7145 1587.5732 148.33635 197.36984 0.002501021
234.23792 214.01869 363.4483 321.16876 0.0024907023
826.60486 1665.9011 412.71854 426.11288 0.0024870478
94.67294 693.8995 179.00882 1066.1503 0.0024767595
310.37546 1629.8599 260.68167 541.52313 0.0024764556
792.2077 2002.4684 269.5464 347.39062 0.0024741597
472.59982 152.50339 408.44846 242.62178 0.0024730393
470.58054 768.3913 111.17979 108.348625 0.002470976
994.7619 1991.6362 410.36615 353.05048 0.002464247
179.43102 473.15543 344.89417 815.6697 0.0024612877
1007.0899 2157.712 281.19238 69.33781 0.0024466806
1126.35 1620.5166 235.19666 456.53647 0.0024462568
1038.4524 1875.7502 187.86052 207.34302 0.0024441134
1124.8844 1697.4675 220.6902 558.7318 0.0024426593
363.99155 2096.174 339.82855 189.08496 0.0024426337
1130.7833 1420.3568 232.05838 1542.3147 0.0024410298
1170.9838 2144.2373 153.78076 91.38564 0.0024350018
501.3106 271.02002 199.42581 180.75786 0.0024316506
775.22705 1667.6741 558.2967 452.98047 0.0024252017
265.27472 159.84372 276.67163 206.9499 0.002420908
471.2596 846.2786 517.2213 266.75574 0.002412749
1085.4109 1514.0219 289.35635 353.28687 0.002411963
869.0975 1408.3414 181.65857 220.09064 0.0024095376
634.5893 2140.6675 1195.2047 106.90014 0.0023929602
721.17236 1404.6272 264.00607 396.68533 0.0023885043
1108.1748 2156.1455 277.49344 50.572124 0.00238394
678.4293 1435.1136 180.04436 209.41786 0.0023800738
637.96985 238.1516 183.44756 176.72939 0.0023799888
306.24698 373.37964 539.1947 564.5973 0.002378021
739.4205 2131.5757 1036.0712 124.39753 0.002371022
313.05643 201.24466 228.96768 172.68826 0.0023682816
647.62866 1594.993 196.84503 254.31209 0.002360003
868.11536 1659.3312 464.445 1009.32306 0.00235717
1173.2474 2070.1958 135.89886 224.2932 0.0023554203
659.5151 1394.6344 155.49353 195.69373 0.0023541006
286.9032 219.7699 406.0953 302.21457 0.0023495806
1021.3821 1924.8787 262.98 197.75763 0.0023484866
82.9857 2175.2861 160.75581 49.059666 0.0023477594
450.47757 1709.742 374.15897 507.35272 0.002343499
1028.4169 1825.2651 424.85785 769.25726 0.0023433252
942.99866 2051.1404 357.0771 176.0324 0.0023415613
1171.9961 2090.3354 142.59195 185.59416 0.0023400823
1104.8995 1800.0197 318.88626 766.1501 0.0023395983
1049.5221 2013.5026 150.94223 148.31662 0.002326196
825.6691 1273.321 403.16153 349.37518 0.0023043018
638.3502 1864.1464 292.48492 595.8422 0.002296928
364.34637 2100.7573 341.83994 179.92747 0.0022968496
631.50507 2156.4167 1198.8558 76.32518 0.0022957134
40.369835 477.6118 79.74734 791.4122 0.0022937362
620.81726 1417.7245 272.5211 800.2704 0.0022933458
361.97943 2111.2166 297.51407 162.16069 0.002292532
896.1646 1212.876 387.78677 527.78455 0.0022792318
258.68347 269.33728 370.36826 292.89508 0.0022606775
1161.2028 1190.313 168.83742 380.29993 0.0022579257
277.7753 2136.8105 234.20476 119.41853 0.0022513887
686.2257 1454.8278 581.36224 899.78265 0.0022470271
457.71814 187.13336 209.114 160.02406 0.0022462085
914.0346 2130.7908 291.17896 107.49608 0.0022400005
1118.3401 1373.1378 250.04218 1434.5 0.002233698
723.80176 1735.0931 821.11926 873.8965 0.002218486
958.22845 1146.1156 451.92227 522.0395 0.0022171407
641.11646 1110.7255 1188.6528 2140.6858 0.002216644
858.79944 1210.1198 659.22626 587.9072 0.0022054277
642.0315 257.85776 1206.1173 554.6026 0.002193379
1183.7766 1282.937 127.310616 492.3382 0.0021929103
574.02716 1772.6676 595.3723 792.2656 0.0021882597
1128.6727 1090.8768 233.47504 1303.9493 0.0021715662
516.3269 791.01917 420.68997 307.02533 0.0021645208
484.42163 2094.6401 559.4105 186.95879 0.0021627655
1182.8323 1933.1669 118.162155 285.0404 0.002156448
1168.1501 1696.6821 143.8918 234.20406 0.002154565
364.7441 738.1974 173.17455 153.78539 0.0021464312
938.1181 2133.6375 214.75945 107.92855 0.0021341182
715.46356 2162.381 1077.2025 65.44653 0.0021337222
734.49744 59.21004 244.7632 110.76692 0.0021220108
725.84766 1265.3854 628.62695 1054.7728 0.002121396
1107.2412 1648.578 161.91191 192.86093 0.0021175083
1095.4548 2112.5051 271.44992 147.80699 0.0021133984
32.366657 1004.2981 64.40994 346.13043 0.0021117637
1154.3633 2001.2083 137.4796 146.72081 0.002108637
1149.442 1418.3815 192.11353 1533.8488 0.0021079788
757.1997 1579.1013 415.89954 568.554 0.0020969005
128.81491 1378.6798 228.09828 1442.8013 0.0020831027
619.0305 70.27092 1218.9194 134.8084 0.0020818214
1156.895 1511.3138 165.72932 210.96515 0.0020783609
435.6672 1539.653 807.05414 1265.0625 0.0020674358
1176.2479 1963.8457 140.4908 258.439 0.0020567442
999.5468 2129.101 204.00584 106.09016 0.0020500245
1120.2151 1763.0208 222.27676 464.1822 0.0020405555
702.8909 755.2642 1047.0227 913.83295 0.0020377035
1179.69 1958.4509 137.39941 200.86986 0.002028051
967.6707 1967.6134 381.80383 356.61475 0.0020229542
289.77325 2136.6672 186.7597 130.45885 0.0020182857
1152.8545 1382.4246 188.51926 677.6541 0.0020182377
1100.0367 1810.606 261.55988 232.80746 0.0020081333
1171.8596 1817.9486 146.6089 242.58127 0.0020046742
897.0837 2135.0417 220.3541 95.79309 0.0019841932
990.8416 2165.7856 222.09944 53.164455 0.0019808118
607.2291 2098.618 422.5389 186.21349 0.0019691724
1127.7745 1895.7081 232.4999 722.7083 0.0019672653
551.09424 610.49524 679.50397 660.5474 0.001949637
215.21777 176.77168 412.82672 301.38538 0.0019460965
511.6993 651.70123 333.3935 451.0763 0.0019272419
1182.4604 1863.0885 120.03999 261.2822 0.0019256382
1166.4802 2094.617 146.8152 155.44989 0.0019253624
715.5565 1115.942 506.97406 934.6181 0.0019204088
1140.4244 1806.806 183.29788 382.41772 0.0019148308
616.0349 57.311634 1164.3949 115.32392 0.0019139214
338.57117 1594.679 577.9177 1177.7145 0.0019134241
1160.5997 2172.5662 175.46977 45.981148 0.00189971
1083.076 2156.36 295.2154 75.9375 0.0018811453
1152.6187 1668.9662 167.21344 555.0076 0.0018801445
857.0105 2148.2288 224.85857 87.08203 0.0018777193
498.3298 1372.0527 499.3496 1494.5065 0.0018716165
1114.7711 1587.1387 243.10948 983.7742 0.0018625187
381.75357 870.2605 171.98515 182.91971 0.0018603508
548.0249 48.089993 500.67654 87.59459 0.0018541683
1193.5277 1029.4243 103.76712 319.45923 0.0018490253
1033.07 2174.366 405.66922 40.474957 0.0018468045
401.43585 2125.9036 565.0317 141.84163 0.0018382724
1078.9008 2151.4897 135.86035 78.2791 0.0018302125
1192.684 1951.3705 115.675835 351.95474 0.0018205114
1162.0746 2008.737 161.01616 180.63919 0.0018144128
1111.6725 2146.493 230.30164 80.88381 0.0018142677
271.6826 2163.311 541.47565 82.72512 0.0018134753
1190.068 2120.5369 108.92734 129.88943 0.0018097234
702.52856 1064.4084 753.502 664.0514 0.0018090337
213.34888 88.51908 343.677 152.77063 0.0017975193
431.24997 2161.8162 216.57033 106.676506 0.0017923666
1141.0366 2157.0225 197.17056 61.79021 0.0017891711
1143.4009 1325.9672 203.07759 1711.4164 0.0017885028
1153.0359 1657.3542 191.20358 252.96135 0.0017819903
1187.5168 1906.2234 105.67892 445.12845 0.0017803726
682.7612 2144.4915 264.19943 99.822235 0.0017749547
862.6265 1275.652 428.44125 1078.9569 0.0017625482
626.16046 2138.9214 316.1043 100.30786 0.0017591754
445.2549 42.943 867.5566 77.80522 0.001742739
1186.6328 1672.4486 124.77912 189.50818 0.0017394638
1185.0173 1092.2786 118.27615 544.37213 0.0017321662
841.97766 2183.7383 768.1774 24.632519 0.0017311012
1165.8225 2109.5645 152.7408 120.50308 0.0017289033
1202.3751 2040.5028 85.34567 277.30188 0.0017288093
1092.071 2161.7485 293.27008 63.14436 0.0017047394
874.93317 2139.9253 380.94116 103.71008 0.0016936145
659.0495 1115.7601 1162.4633 2085.3872 0.0016914071
1093.0667 2178.1174 271.36334 33.297745 0.0016894942
1180.0634 1520.569 132.43823 1338.0823 0.0016834154
699.07056 663.10236 1095.1195 722.7951 0.0016821929
1148.5077 2146.4045 174.73486 71.635216 0.0016743642
95.2016 1107.5051 166.13557 238.75919 0.0016500124
401.12964 33.102203 233.7141 61.066128 0.0016413046
808.0011 1845.4742 394.92786 556.40424 0.0016357151
1187.0255 2125.7678 103.41883 112.45666 0.0016290823
532.86914 1729.9893 500.3399 855.0038 0.0016271292
1157.5514 2144.778 164.2672 73.65442 0.0016169625
1097.614 2174.4404 264.7444 41.83939 0.0016141628
866.37775 2151.447 346.28458 130.88438 0.0016127434
350.50568 36.047062 580.4288 63.84208 0.0016126581
622.1121 603.3346 718.21326 613.68634 0.0016121553
955.06995 2167.474 563.5451 60.498653 0.001606342
71.99358 1122.7228 105.82675 166.77452 0.0015948298
685.1825 1435.9681 316.45728 1010.7833 0.0015908782
36.518177 1366.574 84.59925 1670.7208 0.001587136
1146.2257 2149.266 180.21864 88.048065 0.0015737137
1143.4609 1231.716 208.29524 907.57355 0.0015642503
1078.7151 2165.1746 221.64455 67.24848 0.0015544271
1200.6356 1983.3357 87.40583 227.80325 0.0015486239
1184.652 1881.6099 104.057594 546.79974 0.0015485737
1085.1589 1323.4305 200.26659 1714.2502 0.0015372203
1065.0632 2127.8555 357.92874 128.38014 0.0015364937
1196.4564 2039.74 108.35208 279.84344 0.001518869
1058.8318 2185.6716 327.3297 24.272282 0.0015114199
892.37933 2176.8875 655.78644 41.115345 0.0015082109
568.14545 1354.8964 402.18042 1097.3481 0.0015033811
1099.0608 1575.6191 237.78067 1180.4004 0.0015017533
792.0629 2173.425 859.1538 116.29599 0.0014931088
1183.9227 2133.5193 132.45659 98.8607 0.0014900976
1161.7517 2077.3413 164.54947 167.71626 0.0014886304
645.9811 1889.8501 757.34436 554.4258 0.0014523164
1146.8422 519.7176 223.75374 391.55453 0.0014513824
1197.8846 1377.5371 97.18195 324.81912 0.0014317019
1006.7132 2185.8088 438.90552 25.53589 0.0014284063
677.32513 1426.8523 406.75287 815.66296 0.0014155827
1206.3495 2095.2036 74.03851 182.07112 0.0014091019
1210.866 2131.1602 69.21064 106.8984 0.0014074784
1210.8665 1933.8624 66.98205 324.67807 0.0014059325
1202.7299 2151.0234 83.670265 83.55478 0.0013978067
1198.3444 2055.2434 122.45838 252.41437 0.0013867109
709.82184 1502.4667 501.69806 723.8429 0.0013823503
676.53 2156.378 387.95685 98.34147 0.0013813147
1098.5547 2169.4866 266.04016 50.80314 0.0013647362
1198.4592 2184.5645 126.854324 30.588814 0.0013640552
420.62866 1543.5336 374.734 372.88928 0.0013586986
1212.9812 2116.3306 69.09557 123.17411 0.0013500281
774.9386 111.475365 987.966 230.81055 0.0013437266
1202.9585 2113.879 82.69164 137.71167 0.0013303226
711.17267 1748.3606 626.53986 364.5746 0.0013233343
1166.8014 2166.8547 143.78954 60.44956 0.0013183182
598.47314 982.11536 565.59625 977.8122 0.0013018604
1038.6495 2160.2915 421.42572 81.38574 0.0012993371
1126.4265 2180.7883 248.08728 40.762573 0.0012969095
1207.7925 1423.4468 69.08478 378.3702 0.0012921453
952.63666 2192.8774 216.20941 46.791424 0.001289725
1209.879 1997.3414 83.44208 158.42265 0.001269983
1147.1919 2177.9785 169.5459 42.723324 0.0012691577
822.8531 2043.4954 733.4638 431.03015 0.0012682556
1199.4292 1988.0331 103.94588 185.66373 0.0012529399
1212.758 1936.7251 57.238796 251.02031 0.0012464842
830.10315 2190.995 648.35254 16.086374 0.001220776
544.0353 1358.7963 433.4534 905.5143 0.0012070013
917.6947 491.3517 486.45502 402.80048 0.0012010948
1100.1274 2196.987 247.89256 4.4932675 0.0012000478
1215.4342 1666.0795 60.31871 310.2417 0.0011879553
1098.0984 2155.8374 295.87875 92.74736 0.0011846906
1203.7952 1364.7461 64.32697 1787.919 0.0011844289
786.8979 2197.395 790.3381 11.113625 0.0011707782
1219.5294 1652.9601 55.265358 497.59268 0.0011652468
843.52075 2101.883 599.2074 115.036194 0.0011304612
1213.7887 2135.8333 64.29338 103.45549 0.0011288766
1137.643 2150.6018 250.44572 89.74736 0.0011140169
1218.4047 1426.1522 67.656044 343.12793 0.0011121767
1168.546 2173.4531 155.35367 50.319702 0.0011106245
747.1809 1222.0394 982.59204 1749.7212 0.0011015518
1185.118 2188.959 110.32424 28.318327 0.0010986531
1214.0092 1820.0675 65.44266 214.44548 0.0010905406
1133.7404 2164.6104 200.51143 67.99243 0.0010873548
1182.5217 2196.197 122.64993 28.079594 0.001083451
713.6199 783.57117 972.6234 793.16486 0.0010822734
1210.0083 2141.5154 71.89226 96.68464 0.0010653366
1190.0947 2191.3464 92.41973 20.02198 0.0010577303
774.5671 2200.0647 259.20782 2.7516153 0.0010529933
964.2632 2195.2595 195.59042 9.1043 0.0010513609
732.1008 1201.1687 912.46515 685.5191 0.0010495315
1193.1781 2165.3044 102.78235 60.4663 0.0010475797
1211.041 1215.479 71.117584 1939.9712 0.001041014
1154.7678 2064.1704 227.05473 273.94336 0.0010389136
1171.6962 2161.2522 175.12036 66.92263 0.0010278298
1205.1084 2184.274 75.68553 34.883537 0.001027085
1203.4644 2151.4883 92.74826 76.81334 0.0010160862
1170.1837 2186.8875 143.43864 24.608406 0.0010118826
1117.7119 2142.8022 278.21942 111.04077 0.0010024699
1164.0571 2133.668 207.73866 141.62477 0.0009909109
1197.6266 2165.4246 112.3707 61.740017 0.0009766058
409.01816 1550.9872 765.96216 1264.6852 0.00096595
1209.9717 2110.4648 93.25586 185.63083 0.00096505915
1213.1827 2133.8757 84.58766 139.58644 0.00096380303
1185.6404 2189.782 95.29394 26.504883 0.0009505479
885.28265 1335.1388 771.3651 1469.126 0.00090782344
1227.2632 2142.7747 39.385098 101.08541 0.0009071447
748.1256 277.35538 1041.1299 469.46463 0.0008973411
1056.3372 2162.4976 570.9407 192.29727 0.0008865758
613.9451 1589.326 945.6897 1125.8997 0.0008854209
1229.6882 2012.2478 42.141644 299.47025 0.0008789544
1207.4847 2177.806 67.50996 58.847008 0.00086539943
718.1527 1330.2968 508.4845 560.20404 0.0008561943
550.24176 1291.1606 520.15283 722.1672 0.0008433677
1225.1576 2156.6604 44.13845 75.24609 0.0008110796
488.35678 1360.9827 212.16222 1033.9064 0.0007785511
985.5632 805.7013 589.40735 842.50726 0.00075500837
712.5389 1296.5167 621.5377 749.1184 0.0007229473
450.08908 666.5297 1056.4701 756.33545 0.0007048858
571.5993 1360.7927 451.9168 1107.2928 0.00069720834
1211.2262 2062.6768 97.85383 279.2456 0.0006945113
659.0834 1274.3549 612.7139 822.08765 0.00068161753
678.64154 1231.3992 377.12927 902.97815 0.0006612892
627.63086 1371.1038 418.21832 1007.88367 0.00065512134
894.7163 1192.1727 262.78613 1035.0973 0.00065086427
870.9808 2194.7563 792.80634 17.681623 0.00063543615
631.6066 1620.4989 859.2689 458.04608 0.0006125301
894.0542 1073.3052 239.72086 1026.1078 0.0006075896
951.9573 1486.5437 453.56686 703.7915 0.0005878091
