368.86166 1760.5322 733.75415 3517.112 0.5262525
362.899 1267.2054 719.23285 2533.0444 0.27625895
354.47635 1131.7976 702.2996 2258.36 0.21279792
370.42178 1304.3881 732.86755 2603.0652 0.17322122
363.2841 1521.2133 720.4337 3041.7708 0.1131724
338.19833 1706.3854 648.1488 1010.6636 0.105393015
334.8968 1533.9047 647.36523 1409.0426 0.096813954
41.35631 2835.757 82.41826 1362.8121 0.09660749
41.221424 3049.0627 81.55425 936.51825 0.07923036
333.033 1317.4021 650.7147 1856.6101 0.06640074
38.434128 2869.8489 76.279564 1296.9526 0.059386298
340.41855 1835.334 663.82996 1410.62 0.057832055
345.8044 2219.8535 687.7966 2590.2605 0.05573775
41.835175 2954.7544 83.41933 1116.6394 0.05354107
41.259857 2636.6648 82.17424 1758.4127 0.050433964
344.60617 2383.603 687.02844 2266.4788 0.048535053
41.993004 2810.3794 83.68715 1414.6525 0.046214037
697.61096 2027.363 138.22234 178.5596 0.044594593
364.55106 2382.0117 723.4804 2264.1443 0.044466004
547.142 12.591819 375.47733 24.158998 0.04141669
348.4002 1526.1028 561.9534 1280.4055 0.041110624
39.760605 2951.1616 79.06947 1131.9832 0.040477388
364.7176 2232.9146 723.69763 2568.3691 0.03823984
327.26062 1006.3958 595.7896 1946.5581 0.036764853
364.32672 1712.4293 556.29877 867.25854 0.036072526
372.5652 1761.1198 736.97473 3512.5269 0.03583329
482.56082 10.288193 514.1537 21.221062 0.03497641
369.0089 2718.279 725.0004 1595.4814 0.03471913
316.50464 1157.3097 614.8219 2025.2026 0.0334028
11.74834 2841.964 23.300678 1347.1011 0.031046038
338.42023 2712.9805 671.1059 1605.7136 0.030580522
16.348652 2801.89 32.971455 1425.8744 0.030232139
479.58337 1679.2506 358.65454 813.56616 0.027939321
340.41046 2065.113 677.5588 2903.355 0.027517956
326.47568 1161.7831 533.44574 1869.6921 0.027275717
426.55695 9.968578 627.3984 20.361242 0.026452897
574.8139 12.5713625 293.3602 24.373343 0.026190719
32.919853 2633.726 65.721756 1764.4752 0.026037687
306.51395 2280.6406 574.22003 566.8805 0.025988264
11.809218 2472.1082 23.674343 585.06067 0.02590453
332.16492 832.8721 650.6335 1668.015 0.025570858
414.98602 1488.492 469.59656 1309.7439 0.02536681
41.31572 2361.6035 81.864784 2307.5833 0.024759369
11.8038435 2415.2751 23.468803 472.79123 0.024347244
28.433622 2674.1655 56.736866 1681.124 0.023358617
40.053333 1758.9136 79.72332 3511.2068 0.023241455
347.6802 1646.8279 684.57306 1816.0178 0.022795789
372.8299 12.452381 727.21515 25.456911 0.022156132
364.8563 1761.3827 725.6877 3516.0586 0.022140061
302.27997 697.12665 569.67957 1357.0416 0.021474428
356.73322 1271.1483 703.4614 2538.1855 0.021438368
347.41306 700.1247 683.31964 1403.5739 0.021271074
6.8467884 2814.6648 14.837211 1399.8221 0.02125188
465.74786 1494.1996 361.1828 1187.1023 0.020909691
324.27576 684.61554 628.1768 1368.8103 0.020670883
228.84848 1955.5754 374.6511 409.65903 0.020313716
389.19977 4.833373 689.60925 10.486694 0.02023426
41.355198 2264.791 82.08412 2502.8433 0.01986819
25.018124 3073.9265 48.637833 879.5967 0.019802187
18.013815 3062.345 35.68041 904.91504 0.019440562
36.865242 2632.89 73.571236 1768.5336 0.019399628
10.540808 2565.9365 21.563131 829.0707 0.019180307
378.27408 1702.4825 468.93835 807.8952 0.018621663
291.93396 2758.8022 568.97864 1517.2842 0.0183867
395.0806 1124.9924 507.81927 1932.5178 0.017888486
10.514927 2602.9062 21.29759 944.15796 0.017397285
26.070946 2604.9019 52.091248 1823.3984 0.017368484
341.57797 2227.2812 659.19446 709.5966 0.017278407
9.145583 2503.457 18.86581 725.6009 0.017121077
11.34718 2308.2686 23.272678 267.43948 0.017007314
40.955708 2011.5094 81.61273 3028.5332 0.016336711
558.06494 31.662195 301.90567 61.814224 0.016099129
256.75827 1961.4423 432.2056 440.53116 0.0160212
17.143663 2494.0344 34.018093 2043.5355 0.015972007
337.37354 2018.7709 657.94385 2232.51 0.01586714
2.359769 2808.2644 6.109804 1409.1536 0.015596197
35.124916 2341.0073 68.86018 2349.809 0.0154343825
410.764 1251.0203 459.0603 1660.2783 0.015373504
312.17706 1861.0466 577.0375 662.60974 0.015123823
318.77832 1326.208 584.5753 1368.8472 0.014985305
105.08926 2819.24 207.4178 1389.557 0.014984223
522.03864 1052.6753 119.373245 274.7454 0.01481921
262.73312 704.78546 482.9808 1161.811 0.014783629
241.36012 1106.1224 473.63696 2165.3242 0.014782129
331.4859 1943.8193 648.8068 548.06915 0.014764605
546.8251 1054.6061 377.87457 2110.8486 0.014570948
207.08348 1938.3882 263.3552 332.14395 0.014201856
5.772964 2380.413 11.914302 420.7292 0.014149187
214.90172 2784.183 425.80075 1466.5765 0.013951255
70.86575 1756.5609 139.94197 3511.7234 0.013920858
477.82413 1584.7621 298.29395 549.9784 0.013723941
8.394189 3056.9238 15.703912 915.07983 0.013665953
14.430229 2424.2742 28.086748 2179.9685 0.013651312
10.87698 2219.071 22.237753 823.6535 0.013604899
77.28643 2713.007 152.58267 1589.7402 0.013566564
39.799915 2002.5558 78.70468 3025.3162 0.013487536
3.1678033 2815.216 6.292501 1399.1484 0.013449826
557.79407 21.69394 470.07614 42.49234 0.013388496
529.3381 28.44834 498.918 56.62509 0.013362249
347.68478 2204.8345 677.92993 745.71704 0.0133371595
475.12308 1437.6195 383.2301 1355.3396 0.013224427
278.61478 1959.112 263.19162 323.95737 0.013053075
522.52423 35.20073 425.4465 70.160866 0.013041629
456.93872 1578.73 425.7671 1140.2921 0.0130146155
516.0316 1084.1002 143.37558 379.6895 0.0128851645
3.9383209 2384.808 7.9556675 440.56012 0.012778686
14.614489 2308.174 29.235384 1056.0416 0.0125647895
122.664215 399.99527 53.82079 88.2544 0.012500013
34.250946 1971.2546 67.12604 3090.144 0.012349499
5.4637475 2648.271 11.146941 1000.7012 0.012341005
359.7863 1393.8517 482.16516 1268.5885 0.012320175
56.056316 2427.7876 110.6652 2163.3936 0.012229877
2.9869576 2387.7388 5.885962 638.5228 0.012165883
4.2327037 2829.349 8.51776 1378.0806 0.012080857
219.93503 1753.4673 439.83234 3514.1309 0.012020282
23.845505 1971.6454 46.158905 3085.225 0.0119879125
384.8779 1297.1964 762.0393 2596.9082 0.011931881
293.9257 1483.5269 571.09985 1401.8955 0.011916365
478.19232 1194.462 394.274 1783.9156 0.011892531
340.42776 1328.8914 520.42816 1145.6927 0.011794337
5.662196 3051.0422 10.867135 927.6372 0.0117405
284.3394 1642.1156 514.4439 993.32117 0.011609509
550.8692 1062.0721 383.67468 2124.6992 0.011579447
505.9747 1069.5128 430.44794 2146.6406 0.011559795
6.8422284 2952.5195 13.576993 1128.4764 0.011557512
3.539487 2957.3542 6.9848294 1112.4215 0.011552485
25.81283 2403.4446 51.06825 516.3911 0.011511968
13.3349495 2470.3645 27.322079 2113.8271 0.0114784455
278.33472 1135.7496 548.9801 2170.283 0.011470975
338.91974 2098.2417 666.4244 938.31537 0.011455074
18.589067 2093.3098 36.261124 2844.5051 0.01135509
73.75929 2730.296 148.16449 1579.0785 0.011224815
281.83615 2269.4363 497.02835 434.47525 0.011156343
375.57144 2293.5737 737.9304 755.1216 0.011084767
357.16904 1705.0051 702.64734 1842.3771 0.011063711
15.086691 2311.6099 29.602226 2407.2712 0.011062219
44.24509 1973.5948 87.72616 3079.921 0.010937673
307.5483 2556.4255 617.1634 1984.8661 0.010783499
12.795304 2036.0742 25.291119 1309.9528 0.010691574
317.01227 2215.5918 461.8688 381.0275 0.010639472
486.92685 1164.7104 378.93744 1818.3479 0.010536208
445.22345 1124.2374 280.9478 499.97382 0.010529032
69.86782 2424.2695 138.9095 2177.4077 0.010525639
288.6744 1062.7252 563.0297 1444.6016 0.010508445
247.90591 988.64435 488.3594 1898.6354 0.010507518
354.99252 548.68097 699.4403 1452.5605 0.010480018
490.30322 1049.8727 451.41086 2117.831 0.010476157
38.98708 1955.406 76.7413 3106.7563 0.01045967
563.19604 39.692165 379.00864 79.1491 0.010451397
4.084655 2194.538 8.394395 737.41406 0.010449484
5.1135054 2190.3066 10.083056 1017.63574 0.010424741
600.75696 30.041567 366.06818 59.434494 0.010407783
311.18524 1092.1097 604.0061 1358.2008 0.010402883
512.2242 1477.6294 294.84442 1172.7003 0.010400268
706.1826 2029.306 113.58256 166.42148 0.010397996
341.80667 2164.2483 677.5897 818.98083 0.010370139
344.6156 515.60846 680.27405 1036.5902 0.010291303
342.59637 527.6122 674.33545 1060.6442 0.010277349
16.91269 2879.6858 34.101818 519.2704 0.0102554485
2.6660023 3067.895 5.374824 894.7689 0.010157813
275.16696 1153.5884 544.6739 2145.4558 0.010154861
446.93488 1079.451 306.41437 633.87573 0.010128715
595.2785 1069.9285 310.7166 2145.039 0.010098983
447.42987 1128.981 282.13034 552.73145 0.010080266
10.050069 2115.407 21.024458 1894.0558 0.010032027
17.909485 2037.1237 34.82391 2940.8086 0.01002887
3.8535771 3092.4214 11.155363 843.5494 0.010003838
346.60477 400.47534 685.98535 800.9051 0.009995
24.632614 2791.4795 49.527542 359.21915 0.009980291
9.319301 1875.0122 19.379572 1314.5846 0.009893597
309.56607 1180.4796 599.07526 926.0309 0.009843167
340.89075 282.5753 675.3529 564.495 0.009774027
10.627768 1803.8217 22.981592 897.4818 0.009735815
617.21716 1053.799 255.16673 2116.1194 0.009675273
587.23944 984.57806 311.3075 1974.5231 0.009669079
225.37564 774.0038 444.31903 1521.2134 0.009623104
362.814 723.5468 713.21075 1455.5516 0.0094851665
326.36765 2161.1006 634.4766 1796.5138 0.009455493
35.364002 2384.2915 70.11936 533.1831 0.009422843
465.62512 51.793015 517.73157 103.62956 0.009408367
10.720376 2157.703 21.256868 1075.4033 0.00940328
400.84064 3053.3757 799.4497 911.9583 0.009387454
8.479215 2412.6328 16.517193 2230.4368 0.009316339
431.92017 1328.5377 505.73578 1662.3113 0.009232611
309.29584 1173.0192 598.9635 892.41705 0.0092205545
14.864445 1803.6346 29.762796 879.8687 0.009209914
10.154592 1972.5256 19.34481 3065.218 0.00916815
358.69092 73.471245 708.2842 146.7191 0.009143043
37.915688 2819.911 75.26739 436.74847 0.0091343215
476.44418 1525.0667 281.75394 479.509 0.009113542
4.606676 1806.8903 10.868176 967.60004 0.009092858
3.0089371 3173.8545 6.0477986 679.26013 0.00902045
5.508236 2125.2266 12.628787 1409.4574 0.009017164
4.802517 2065.0117 9.346459 1282.7886 0.008988023
433.6481 1667.004 284.11237 700.5706 0.008980207
6.8027396 2462.8467 15.007615 2134.9316 0.008939324
343.85544 118.24224 680.3358 236.40816 0.008935979
559.93 101.34852 332.48358 203.3966 0.008900163
15.810252 2137.7188 31.37494 1688.8942 0.008899419
402.72833 1694.5211 284.49454 610.6066 0.008874907
8.967393 1817.441 17.606026 958.96094 0.008852981
274.37753 644.99506 352.42807 782.5762 0.00884981
99.68299 3022.1782 194.8249 978.6923 0.008821831
446.83548 1281.9514 333.91498 885.84235 0.008812234
1.8505194 2261.96 3.5369453 685.0237 0.0087726675
12.745897 3356.6729 26.064737 316.9655 0.0087277675
5.6766863 1814.5334 12.414219 1232.5287 0.008725108
13.501696 2176.6946 27.766384 2759.835 0.008694091
8.121074 2198.9128 17.339455 1967.6824 0.008671435
470.30756 1263.8763 281.5171 756.2429 0.008655598
305.4234 1103.3882 591.11536 711.4034 0.0086407745
219.62535 2156.6147 428.62198 797.3383 0.008629202
5.54754 1932.8168 12.117795 438.22272 0.008602716
288.88754 918.9264 508.95117 1520.389 0.008569517
302.96957 567.5143 369.76666 753.1715 0.008541827
432.39346 1438.9396 512.5851 1413.4146 0.00853467
254.15305 643.46954 349.49942 776.0397 0.008507063
16.160967 2087.0962 31.984913 614.7971 0.008504216
3.2986605 2601.3828 6.6838784 1832.0775 0.008485095
295.60776 2120.98 560.64386 306.82974 0.008457291
11.062808 1813.1937 22.004288 1088.1226 0.008450145
281.83533 2152.4092 555.05054 818.8043 0.008449793
37.68664 2404.0774 74.15704 432.64627 0.008420424
87.98724 1306.6951 175.13022 2646.6216 0.008409509
554.2201 210.86078 276.4407 423.4383 0.008378481
333.4165 168.08728 636.4212 335.42798 0.008365104
64.903 2172.0454 128.93602 2672.2068 0.0082910685
391.1728 1421.468 372.62427 1071.0304 0.008264951
9.238894 2203.2073 18.113247 2602.3696 0.008214649
11.848545 1855.2803 23.505396 678.888 0.0081965765
384.5219 2619.0586 767.26587 1793.1989 0.008194728
336.31198 2783.566 512.1004 1500.7139 0.008171345
282.9164 1608.0942 443.34274 671.87103 0.008164925
35.530064 2806.5447 73.22547 402.34174 0.0081629595
554.20374 1034.7755 366.80957 2093.9324 0.008139974
15.765574 1756.8359 31.423471 1515.3018 0.008134895
3.8926077 1839.123 7.63436 1066.476 0.008091269
152.03769 1167.3315 300.8951 2308.5771 0.008085178
365.96085 729.44135 727.3794 1658.3768 0.008053081
360.3351 48.223946 707.831 94.302795 0.008012331
183.49246 1293.044 365.8736 1779.2048 0.008006364
570.7727 38.12661 467.092 76.68621 0.008003006
245.32027 865.31006 472.1023 968.3478 0.008001401
6.3563848 2039.7198 13.302402 1258.533 0.0079673445
1.8790361 3120.474 5.9738817 782.5028 0.007966486
638.0679 1311.1556 197.77771 1316.6964 0.00795255
333.14948 2035.154 661.958 1515.2659 0.00791432
544.30914 1714.1831 237.26956 684.6113 0.00790516
278.41095 1942.5424 561.6616 1795.7885 0.007893862
398.4426 1011.85004 445.8474 1269.4534 0.007890286
469.42096 1449.6488 255.02051 368.07892 0.007878633
13.519193 2300.798 27.057665 2536.346 0.007867281
499.66278 1227.7992 360.62924 1703.3009 0.007849481
3.8302233 1867.1458 7.498791 819.7208 0.007830961
442.81973 1175.0365 358.9401 851.02185 0.007829964
5.5540347 3376.7434 12.972639 277.96225 0.007826449
245.53357 1752.1398 490.17874 3487.382 0.007812051
37.275475 1866.5886 73.697945 3305.6938 0.0078026657
5.1335187 3245.4282 10.213255 535.2158 0.007801123
601.29407 1416.5884 267.9167 1374.9028 0.0077813896
547.23096 127.65686 373.4671 255.18694 0.007767957
308.8029 764.88617 519.57916 1145.295 0.0077657774
319.02063 945.799 552.6456 1038.5065 0.0077606607
279.93948 3041.566 560.02936 942.4535 0.007757258
10.895636 1931.9547 21.986994 1705.393 0.007752092
565.1767 127.50823 262.52963 254.18172 0.0077223773
13.116737 2365.7847 24.282078 378.7439 0.007694234
277.5202 2297.0784 502.27115 495.61765 0.007690005
3.3488798 2514.4082 7.0970674 368.8391 0.0076861307
250.41144 2379.8962 502.23053 2285.6863 0.007677589
451.7014 860.6118 341.87238 1047.912 0.007668723
539.94385 228.45569 358.84134 457.7214 0.0076432116
541.2111 48.090145 441.82346 97.83161 0.007629162
14.231027 1707.9232 28.29093 1596.0875 0.0076254704
30.221153 2125.0332 59.95176 1006.7964 0.007615839
3.0207787 2167.8281 5.8703523 757.5799 0.0076000732
392.39346 1299.9478 333.40988 807.3233 0.0075736274
7.2501717 2062.3623 14.533266 2139.5562 0.0075731943
35.947693 1773.765 71.785576 879.8766 0.0075521865
284.341 586.3217 512.92145 927.8527 0.007525454
26.984585 2021.2439 53.67143 1211.172 0.007481006
7.0899158 1493.7194 15.092993 254.68141 0.0074687623
314.57843 2507.9517 608.0225 1082.6106 0.0074453065
22.440865 2254.838 44.410275 2546.4612 0.007431299
507.66602 95.23837 452.0402 189.76608 0.0073709316
8.323538 2145.7102 16.092674 369.47595 0.0073605212
568.4743 1674.6738 199.05643 795.0263 0.007347326
17.331957 1672.4291 34.503666 1228.2172 0.007342177
418.08353 96.367096 470.88052 191.44727 0.0072860555
32.227547 2343.993 64.704056 2522.042 0.007276119
278.2009 1793.9833 317.7712 564.073 0.0072549917
5.3765607 1671.0671 10.688138 553.5812 0.007252972
414.975 2171.0022 306.64 272.53983 0.007250902
516.71436 782.5413 244.75002 780.4947 0.0072447234
386.5209 1374.7513 358.3809 945.4096 0.00723224
13.220389 3365.9688 26.363712 293.6097 0.007231908
369.25613 108.56296 665.62836 214.9725 0.007221535
3.5851557 3234.4465 9.986407 558.7487 0.007219286
553.89154 1511.2667 272.92072 1233.5642 0.007214339
369.47552 76.312294 730.37 149.90819 0.0071984516
365.59955 924.151 411.75455 870.36804 0.007187096
416.2314 826.02985 418.4464 1101.1124 0.0071865143
2.2903163 2010.7803 5.263984 706.1589 0.00716557
45.730656 1987.4685 90.95498 1233.5687 0.0071341577
30.235659 2245.8738 59.872 752.5688 0.007128057
433.53006 437.95013 521.395 880.79095 0.0071185464
26.306736 1909.6145 52.401066 1383.47 0.0070967204
281.38632 2696.5967 598.72345 1633.2738 0.007095252
277.99863 2219.794 362.27747 287.37305 0.0070899837
348.6177 347.71017 486.24634 701.0521 0.007046619
324.01035 409.08615 324.16766 568.42426 0.0070433896
67.30697 1793.8708 133.85518 830.83344 0.0070373164
10.95345 1310.1178 21.43165 2559.4204 0.007017827
18.230114 1600.0028 36.040997 1705.2444 0.0070059346
264.80194 490.12173 511.63156 940.54877 0.0070009967
54.009758 2319.7034 106.03838 2335.128 0.0069839153
565.69745 2.9106643 280.3568 5.906815 0.006976539
18.681814 2191.493 37.179432 2256.2007 0.0069747246
467.53506 1059.6625 346.20007 1482.1017 0.0069556423
9.575686 1429.8444 19.182663 2295.8406 0.0069517074
217.82349 538.0092 424.69 1024.9211 0.006948061
2.1316638 3172.8584 4.0793424 671.4542 0.0069409646
415.65707 206.9317 483.8509 414.2073 0.0069267116
242.35263 2205.7705 502.4137 2701.8086 0.0069220094
510.1753 672.223 186.72319 454.68674 0.006921875
17.713781 1828.0442 35.543476 821.2243 0.0069045937
1.8495189 2011.6342 5.356726 531.3421 0.0069045676
545.859 1288.6919 395.50366 2604.9507 0.0068843574
499.4725 632.95447 128.99873 331.0454 0.0068697
7.4430056 3229.8557 14.882442 562.92487 0.0068627736
14.890125 1758.0077 30.006441 1918.2861 0.0068583773
30.215967 1943.5621 59.899757 579.6242 0.0068449643
658.8332 26.162569 290.05118 53.124363 0.006830279
11.263058 1337.0868 22.27207 2568.7393 0.0068196934
341.81247 394.92706 455.54926 790.7345 0.006790681
9.398424 3422.8901 17.171871 183.81215 0.0067873406
344.21796 1485.2836 652.6653 1372.4965 0.0067737116
1.5306695 1791.7291 4.103158 1249.1249 0.0067539597
369.70163 1581.1327 736.9229 1303.1011 0.006750263
424.59167 1291.778 362.60284 801.7167 0.0067445966
17.068365 1391.1301 33.77996 2464.7625 0.0067430027
5.5063972 1654.1406 12.519483 1372.8811 0.006739411
249.57155 403.9542 357.3903 573.81714 0.0067243557
519.90015 59.28764 465.00076 117.27779 0.006705632
538.95105 1847.0139 266.73434 534.3441 0.0066954573
457.0602 880.794 527.04407 1782.065 0.0066606007
500.88037 1506.8058 429.36548 1282.9791 0.0066564432
548.5082 603.6862 208.86789 489.9254 0.0066482984
337.59036 2170.079 671.1195 802.0739 0.0066086366
446.01514 96.73205 533.5128 192.93855 0.0066002305
628.4585 1218.8259 220.63731 1704.2151 0.006590977
728.9106 2722.825 152.44223 1617.935 0.0065870755
517.19324 252.60283 414.2199 504.80548 0.0065690367
457.79462 1751.5013 392.244 919.87335 0.0065605347
6.117155 2189.2222 12.053168 531.9044 0.006535103
517.2673 1128.9908 144.09668 445.49176 0.006525834
316.97568 834.9968 379.34598 1083.35 0.0065099327
499.5881 1031.1799 395.0266 1676.0735 0.006497873
764.27325 22.785118 84.76426 47.466076 0.0064965095
589.2175 382.74902 290.67337 770.4113 0.0064759958
590.0097 24.518581 260.1194 48.65343 0.006450425
4.8440547 3298.848 9.507989 418.3513 0.0064486037
379.61792 2.7760146 724.91547 5.538542 0.0064294003
294.22833 1249.4154 554.51996 955.834 0.006428992
130.54668 1116.5048 260.41373 2214.77 0.006424866
307.0729 15.942021 228.8263 31.917774 0.0063728876
101.81143 375.7437 111.42781 192.07683 0.006347656
579.2903 226.7344 311.44934 452.77106 0.006338135
20.685589 1252.5945 40.57504 2379.285 0.006337663
200.97348 2310.3914 326.5249 387.75385 0.006322586
322.2087 548.5829 282.71124 544.1722 0.0063147387
203.10608 388.87677 330.90173 566.61316 0.0063113617
17.119598 3404.8752 33.45489 219.93544 0.0063078874
0.5401406 3037.854 1.6935117 947.3941 0.0062971874
508.75156 711.28595 298.3953 874.24347 0.0062803687
77.30584 1935.6998 153.45631 1226.9694 0.0062794997
1.4345678 1848.376 3.1379666 805.54767 0.006270015
112.722626 1814.8872 220.95442 759.61334 0.0062664957
5.486995 3155.0793 9.720887 1056.9834 0.0062656645
656.80817 1725.8864 169.84198 733.505 0.0062511335
527.18335 1219.8759 176.41963 637.93384 0.0062497733
17.410223 1593.0123 34.906162 495.56622 0.0062307217
487.94315 782.6675 350.97632 1011.17914 0.0062281713
576.55304 668.66516 308.1298 1343.823 0.006220939
491.94955 466.0697 463.72412 948.01013 0.0062193437
3.381606 1895.1034 6.922158 527.6432 0.0062146895
590.6077 1333.3229 331.3413 2691.6604 0.006207949
2.0427701 1792.0665 4.1157017 1484.2147 0.006207902
669.44806 2722.5166 268.07016 1584.4014 0.0062057725
722.9768 2423.987 163.3095 2186.1526 0.006187554
367.96008 5.5731497 702.59485 11.046479 0.00618394
0.86941946 2582.7815 1.7001953 977.0752 0.0061812443
430.19046 974.88885 408.6152 1342.5518 0.006176463
35.041252 3386.0886 70.44754 261.97174 0.0061643487
13.273049 3460.9878 27.662092 113.120186 0.0061580623
35.894077 2180.1584 71.41822 2670.462 0.006143406
8.204087 1614.503 16.63025 2749.2153 0.006142122
6.4112515 1654.027 13.068181 455.29514 0.006130368
363.22433 1208.7369 455.33234 911.74023 0.006123884
349.86365 130.56868 338.56583 259.48773 0.006117488
446.9914 434.62833 506.89386 879.383 0.006097308
530.99414 594.6489 121.28436 320.75555 0.0060730795
143.58022 1454.6141 287.82324 1493.4631 0.006065675
35.3221 1842.4811 69.16271 1519.1174 0.006024267
71.00408 2197.8696 140.62637 748.8866 0.0059944144
52.15117 1154.59 103.25553 2178.7393 0.0059773996
141.73616 560.51886 275.54776 912.10406 0.0059661116
345.65512 265.83047 688.0402 526.1386 0.005962843
34.09145 2047.2955 67.56434 2749.7153 0.005954077
560.10345 1893.2638 222.49937 416.95663 0.005929253
296.19135 564.07904 418.5945 810.1316 0.0059036287
492.25626 1434.1017 445.1106 1384.4001 0.0059035057
19.625978 2469.4893 40.52 2102.7495 0.0059033716
233.98517 2451.828 472.83405 2263.3516 0.0058986833
308.90576 2183.099 211.9562 254.71078 0.00589404
483.39246 31.554815 635.45154 63.630653 0.005890907
488.94238 400.9423 428.69986 805.759 0.0058889743
554.93964 1417.6381 443.0403 2886.547 0.0058856453
0.7826871 2111.0693 2.086313 601.9392 0.0058853854
280.03238 762.1667 282.9665 648.578 0.005880071
151.82576 1581.8468 304.05115 2323.4155 0.005880037
2.5236127 3408.3818 7.265385 210.1493 0.005862111
171.61295 2316.5222 322.0385 500.92764 0.005856631
519.43915 1880.2421 286.1233 431.46896 0.0058521964
192.58128 938.37036 371.93057 695.8791 0.0058499635
567.14215 1804.4489 202.09897 521.80615 0.005829602
305.9896 8.152219 143.98337 16.530035 0.0058123856
413.4556 1.428066 789.5755 2.8311148 0.0058047744
602.96326 1455.2036 204.53139 1145.76 0.00579918
583.665 1705.664 240.75569 808.9366 0.0057980884
1.3359874 1912.0265 3.1257997 618.5057 0.005789129
54.057373 2482.749 107.29715 1372.8806 0.005784885
131.54869 1750.1763 263.44843 1386.6519 0.0057839113
382.07654 4.300591 720.27075 8.688664 0.0057767974
5.316591 1617.8564 10.409874 3013.234 0.0057695773
139.05069 308.40952 159.474 323.74316 0.0057692905
460.65686 1621.6372 497.3828 1766.9897 0.005768281
86.94766 1506.8273 173.28809 1424.2734 0.005764085
35.728394 981.8736 70.3445 1999.5026 0.0057633827
579.0656 512.01776 306.1418 1031.7378 0.005761353
343.08603 3153.058 673.7479 731.43225 0.0057585533
6.98311 3438.8323 14.326877 154.18599 0.0057211774
100.71043 3119.1716 188.55824 794.339 0.005719287
400.9237 3214.6716 796.11786 610.29675 0.005714451
564.30084 830.3939 240.70862 888.88043 0.005711266
5.0483184 1639.8549 10.317985 773.8697 0.005699091
707.346 2475.2754 195.07394 2075.5928 0.0056923
104.35055 1639.6091 207.11478 1831.3527 0.005684077
4.342542 1437.2292 8.417487 1818.0598 0.0056779087
798.6534 3298.1926 17.233923 423.86658 0.005675976
142.43759 296.58145 277.3887 543.26135 0.0056553264
273.67526 648.0777 485.1187 906.1785 0.005646236
0.8836411 3123.479 1.7488532 768.16327 0.0056439126
444.37497 1342.5187 342.41046 800.264 0.0056423955
10.656983 1588.7203 21.366352 466.98206 0.005626366
698.84 2071.1318 166.30515 374.35107 0.0056183264
347.92737 1144.5322 364.98752 745.6648 0.005559241
1.0070406 1851.621 2.6127305 1478.2654 0.0055495645
223.90369 2197.6619 447.09494 751.1611 0.005545429
512.45056 3509.2244 573.56323 16.823181 0.005542732
488.11423 783.65186 353.1311 1002.1052 0.005537404
11.665024 1311.97 23.321102 1903.9175 0.005533871
114.4576 2729.918 236.17885 1149.5419 0.005532102
7.1745133 3224.8928 14.490241 484.12714 0.0055144886
89.834885 767.7717 178.80302 1445.7225 0.005510442
303.50125 1687.7604 141.36877 226.36276 0.0055027334
93.69654 1795.652 185.25691 1657.1608 0.0054979734
119.735886 557.2838 235.83789 1102.4283 0.0054795262
48.834923 2159.0576 97.552185 2675.516 0.0054699047
3.7855682 3415.7834 7.22474 200.59346 0.0054605096
400.78757 1172.8754 341.66345 612.16174 0.005433206
165.94643 319.34103 189.10475 337.68497 0.005428552
24.00751 3493.7488 48.309155 47.99154 0.0054270383
302.10834 1681.278 166.59837 251.66574 0.005417696
5.9395585 1345.842 11.604783 1891.0819 0.0054130373
0.6255122 3002.7683 1.3519467 1054.4576 0.0053774347
251.54301 789.52136 298.79556 659.4498 0.005375298
0.37323084 2834.137 0.75168234 1393.779 0.0053699138
587.6679 1963.1735 176.96147 258.8699 0.0053668455
611.0079 2721.6433 380.5113 1583.6832 0.005362843
790.8975 122.86946 34.044716 247.6775 0.005351057
503.87512 1276.4227 440.94516 1658.8695 0.005350557
614.62006 872.4069 194.11789 850.37524 0.0053418116
588.89764 1661.6771 257.8654 878.13556 0.005340684
10.531987 1961.8386 20.842186 563.11816 0.005340084
502.16528 131.99269 394.8779 261.97858 0.005329093
3.235071 3294.5 6.071822 430.86606 0.005312956
31.045023 1427.078 61.049175 1617.5818 0.0053000594
701.5552 2034.0497 146.31708 246.407 0.005297986
101.49621 1977.243 140.54486 387.10455 0.0052905125
214.13496 451.58694 422.11426 899.4146 0.0052900915
308.37335 2527.1904 573.9094 1254.5112 0.00528394
1.1736802 1907.5499 2.6742432 1123.5492 0.0052705985
1.9450399 3347.9597 5.157239 331.7215 0.0052697505
2.975287 1297.149 6.1184835 2443.54 0.005258113
183.8573 1602.9075 358.71942 576.4926 0.0052532167
1.6238499 3367.0713 3.1549559 293.204 0.0052473843
585.5448 588.9011 154.42627 394.01154 0.005238173
461.76553 159.94882 371.6239 320.1443 0.00523478
583.06824 313.65274 334.18982 624.56024 0.005226979
438.89075 1187.606 347.2845 842.1516 0.005213788
35.576878 2076.5977 70.3396 334.27255 0.005202895
8.722627 3465.2207 17.73791 102.6351 0.005177902
197.58728 1326.9888 391.345 819.1734 0.0051767477
229.89978 843.35077 458.60834 1122.0216 0.0051765293
449.66696 680.25964 285.98947 839.0493 0.005171461
84.36803 2559.4016 167.37694 834.7086 0.005168278
213.76471 1222.3656 429.5692 1012.6369 0.0051439013
2.4218564 1414.8075 4.686334 2111.0974 0.0051298235
2.761551 2272.4507 5.7903047 2489.789 0.0051017883
417.54794 2051.4597 509.00064 1486.6315 0.0051000435
8.975211 3480.684 16.219069 75.829414 0.0050775865
401.5447 3390.8977 789.82434 250.8703 0.005075058
408.86432 1037.7196 269.36166 548.2992 0.005062856
591.6925 3502.4353 427.82745 29.301384 0.0050585773
251.45651 2493.2595 505.51917 888.31714 0.0050531584
131.83568 1087.5828 262.1138 920.4721 0.0050518163
8.908433 3468.546 18.368114 94.78544 0.0050486056
174.00424 356.55624 330.84973 722.7672 0.0050419755
795.7423 236.09933 23.916626 475.93588 0.005040598
2.8602679 1571.6932 5.9857345 1146.7463 0.0050237495
136.89713 1260.0586 268.55576 567.8621 0.005019742
275.55768 2571.6738 547.02234 1087.0519 0.005017704
360.07486 2168.2969 714.53705 837.11273 0.005014929
402.06522 3307.7473 799.12103 416.54196 0.0050143246
372.03604 1238.2604 325.5061 787.91785 0.0050109
102.48287 2364.459 180.3446 418.75635 0.0050024027
26.174524 3195.3506 46.04524 639.876 0.0049955063
491.9367 974.0981 378.39688 1402.3915 0.0049909693
439.0684 1358.187 284.29453 960.172 0.0049890564
38.547043 1583.794 76.221825 413.17996 0.0049887914
127.582726 3255.5637 251.30115 581.44275 0.004970132
557.8551 917.9873 355.33173 1888.4086 0.0049526505
5.3687744 1218.6844 12.202885 1028.9343 0.0049408823
559.39526 1529.2528 159.77281 459.14688 0.0049385387
1.5123438 1363.8024 3.0911458 2627.2185 0.0049383393
239.54034 929.8144 235.60414 438.9447 0.0049345237
372.70615 448.111 735.6841 885.015 0.0049308725
231.75546 645.6913 393.70676 936.993 0.004928185
537.77576 1439.9292 160.89923 315.7701 0.0048908493
417.8942 1136.8434 388.3538 752.4598 0.0048802807
2.0851614 1752.613 4.2624893 765.9427 0.0048739742
521.00305 1841.0555 345.54874 1111.0137 0.0048564267
30.79067 3402.1672 58.519577 228.61147 0.004855417
619.25476 109.68047 348.23984 220.26253 0.0048503373
503.6982 1787.4507 171.79408 388.50168 0.004845329
199.4148 1326.5623 394.99283 741.9307 0.004841149
434.37354 209.52147 589.22485 418.22998 0.004816516
1.6794895 1730.6088 3.9625542 423.45877 0.0048100175
140.31505 3436.9648 280.37094 179.52197 0.0047879317
797.44336 499.91547 20.760715 1029.2605 0.004787566
543.96045 1180.7186 393.9895 2387.0088 0.004759065
377.90936 7.3131423 730.097 14.149761 0.0047577824
800.8784 111.35035 12.231848 222.62706 0.0047451593
46.253937 1935.2825 90.84116 503.7359 0.004740232
647.8388 2058.4922 205.42993 303.96 0.004731606
498.31366 177.45549 392.35397 351.70624 0.004731332
313.99103 3500.86 179.88974 33.281536 0.0047300435
448.01016 341.39804 226.63794 577.6787 0.0047250446
121.63947 21.470924 241.61305 41.64183 0.0047223726
287.61154 1817.7344 251.88116 438.7116 0.0047147633
3.610134 3250.008 7.0568013 525.8129 0.004712374
720.9258 2631.4216 187.29015 1048.2012 0.0047041713
89.69433 578.80743 177.10928 903.9534 0.00469627
664.81274 1742.746 271.86804 3504.8577 0.0046874564
81.337425 3060.4282 160.93826 969.55475 0.0046802317
337.70474 1121.4423 171.71991 398.31857 0.0046779797
181.10582 236.80472 353.3987 471.65744 0.004669832
769.3997 269.04642 76.33926 538.46423 0.004663197
753.106 2175.643 105.20999 557.42145 0.004654525
525.4621 2593.4165 462.08926 2649.0994 0.004652086
115.76786 951.2674 224.9777 557.7471 0.004646153
559.40814 1109.0898 265.6404 825.3457 0.004641022
541.1953 2050.145 305.831 341.97415 0.0046401806
458.91373 1030.6904 355.3948 934.97736 0.0046181455
2.2442555 1292.7456 5.306227 1628.7161 0.004612047
545.57544 1225.8378 224.45874 1674.7089 0.004605483
301.686 807.4949 315.09564 873.60846 0.004592771
131.11787 3501.5005 237.61931 32.607845 0.004583392
17.818874 1770.6554 35.465218 751.2829 0.004573139
1.5823731 1727.1874 3.3516114 846.55615 0.0045637586
1.3184376 1745.0337 3.0015917 734.17474 0.0045633577
655.54266 2164.9314 234.22963 515.0625 0.0045593954
582.3795 3172.5547 411.52948 1036.3451 0.004545283
549.9894 3503.5496 501.49805 27.562462 0.0045442972
153.6463 1769.4012 456.565 2196.883 0.004530472
635.6244 1037.4009 187.0174 736.36017 0.004516689
53.609596 700.9144 106.742645 1366.8417 0.00451596
385.70294 6.4400945 722.08575 12.886232 0.0045128893
10.661878 1565.989 21.550974 348.13214 0.0045092343
689.99677 1427.9657 139.13766 1357.0583 0.004483057
53.819225 22.387053 108.13107 43.018158 0.004475464
180.50713 3226.8186 373.7358 604.72125 0.004469606
153.25482 921.0038 182.14221 375.5392 0.0044638747
592.67554 1336.1104 287.6116 1231.6721 0.0044586905
366.93933 222.05191 735.89136 439.00195 0.004458358
642.3117 1569.6409 153.23047 576.9262 0.0044461438
469.44952 1623.0652 405.2603 1458.4985 0.004445437
84.11926 102.93419 167.99199 202.78024 0.0044301087
28.827787 3498.0374 56.331604 41.09239 0.0044131773
432.79544 779.7536 222.84552 646.00867 0.0044073174
596.37604 62.071453 217.54169 128.53813 0.004394078
502.97156 1766.4861 497.37857 1917.8802 0.0043918192
803.50616 143.66199 7.979755 283.28305 0.0043848194
51.60332 89.95825 103.269875 175.96133 0.0043844427
181.13483 1951.5544 162.75795 188.53737 0.004380997
545.8748 3492.793 516.5349 47.953136 0.0043598725
454.9393 1307.2561 298.8383 680.62744 0.004356707
324.13095 2280.956 428.39185 524.6477 0.0043494157
214.41803 618.2353 149.18279 281.70093 0.004344931
770.0266 461.5804 74.94375 950.23535 0.0043401024
464.06006 924.5283 448.80707 1898.4744 0.0043362654
1.3662702 2053.999 3.274335 502.9884 0.004335216
591.25806 1327.0703 296.90167 1564.6233 0.004318291
498.68826 1254.7595 242.91147 945.8712 0.0043065855
3.578295 1532.8658 7.5354915 303.1206 0.0042911125
639.6865 1149.1067 161.95656 399.8057 0.0042712875
552.5142 918.9098 210.10817 1027.9615 0.00424519
146.67094 108.56214 291.05136 215.43648 0.0042442787
57.29005 1159.3398 112.70013 965.1719 0.0042427713
637.5117 674.8756 264.15707 1361.0178 0.004231441
103.32181 1011.3125 204.23413 650.4361 0.0042302697
528.3335 178.51549 491.5271 355.9758 0.0042251386
405.22513 902.8075 213.36284 526.511 0.004210039
163.36902 2067.1687 215.80002 287.05112 0.00420646
315.758 943.4403 561.48145 926.6657 0.0042054574
27.58597 299.29166 55.491623 601.206 0.0042037405
615.3144 3188.906 327.1707 673.6233 0.0042008692
212.24533 679.041 268.88223 590.7533 0.004200602
12.794871 1476.5732 24.91644 334.97873 0.004199495
770.09265 1393.8328 73.73844 1099.201 0.0041987495
350.46063 786.7172 247.41408 622.5953 0.0041936846
604.6971 1500.8007 219.41762 663.3951 0.00418585
420.33463 1544.9498 196.87674 410.8585 0.004184445
636.6242 1252.3066 160.72243 522.7158 0.0041589523
8.025658 1766.7803 16.401608 913.65576 0.0041577737
43.540775 489.6633 86.86183 941.41565 0.004150668
574.2796 844.88043 328.13623 1749.8839 0.004146352
187.01527 3123.8083 340.22025 755.7198 0.0041402997
612.0181 1256.3499 252.71353 1702.1964 0.0041383267
213.71959 338.09525 220.5283 339.8735 0.0041093146
495.84082 1379.0458 193.22389 412.2147 0.0040798136
207.09421 675.36566 409.62744 998.9384 0.0040781014
199.25111 3469.8064 395.97375 96.7614 0.0040736706
355.47333 1581.6233 179.946 377.5797 0.0040689665
58.658882 3297.418 116.085075 438.53015 0.0040617962
4.3558693 750.21387 10.383386 1042.8981 0.0040582484
452.60126 1625.0802 567.6097 1558.9348 0.0040432606
226.60602 3145.643 486.42862 798.1018 0.0040238425
59.748917 277.28802 118.176636 396.7559 0.0040237503
112.60909 574.3205 228.90353 1189.4277 0.0040231757
740.6908 497.09982 133.67381 1013.6517 0.004020551
267.1848 750.9964 231.10402 773.2513 0.0039972547
688.71735 1724.2744 123.14037 761.59357 0.003994558
104.17453 1360.5199 208.19815 694.57275 0.0039884844
373.25394 1283.683 270.66812 615.7967 0.003979273
356.41498 1286.8945 709.0192 2547.731 0.0039738263
15.60539 351.80856 31.541039 280.196 0.003961905
688.58563 1704.858 214.60799 925.6701 0.0039342614
409.50522 1009.32324 222.56291 479.3194 0.0039319247
368.6121 634.9805 204.81398 425.52634 0.003928395
546.8319 3302.2805 402.89642 426.42325 0.0039123646
374.12854 2038.4476 741.40857 2966.313 0.0038988409
50.921684 1054.8883 100.86271 645.6599 0.003891328
250.70178 980.3168 282.39862 491.65567 0.003884185
377.64767 998.1422 211.13954 485.90442 0.003875643
294.78586 907.5109 362.21918 623.3749 0.0038730905
4.5159726 1319.1576 9.26169 1093.5784 0.003868498
571.4102 869.00964 164.54031 324.037 0.0038670448
350.42868 3016.8672 491.7522 1050.8109 0.0038537763
71.83037 874.92084 141.62811 368.249 0.00385376
7.742222 909.05853 16.751862 666.3514 0.0038471867
1.5288545 1560.9646 3.4522555 471.739 0.0038346706
414.67096 1333.4584 285.76938 842.11554 0.0038285006
449.91327 880.05756 271.0135 831.7393 0.0038278133
103.90252 2047.8474 223.61768 3229.4226 0.0038232522
5.423454 1384.1099 11.223642 1707.3134 0.0038191027
312.38602 3377.469 631.3428 375.85797 0.0038048523
423.71698 1447.5879 304.10974 673.9274 0.003784632
416.83768 696.2684 230.97884 509.801 0.0037826893
232.10646 3460.1626 483.22598 159.10481 0.003776924
606.6343 3429.4717 388.6392 302.9295 0.0037663174
728.3345 2142.782 155.65863 1005.63336 0.0037595192
502.7412 1816.3468 361.8003 1074.7129 0.003751721
724.3666 573.5289 166.18127 1170.862 0.0037118436
370.19138 328.24026 740.13477 655.19183 0.0037067595
685.8192 1671.2091 223.44958 1871.723 0.0037001902
584.3842 1650.1432 352.74234 3270.7375 0.003683703
500.83127 1977.2195 160.40855 252.7569 0.0036805158
459.76752 2185.7358 298.97763 433.41562 0.003677059
321.62094 1171.1855 526.4995 822.8794 0.0036736084
622.6834 978.9326 154.81544 515.26483 0.0036703602
113.58881 523.1121 221.56993 551.1839 0.0036630663
192.39445 583.6276 379.46634 951.09216 0.0036588989
522.1804 1818.0823 221.7804 480.06277 0.0036492639
724.30786 2760.8445 147.33238 1534.7683 0.00364452
284.24225 690.3826 594.17395 1385.1132 0.003626064
126.80238 745.3611 222.95355 552.6622 0.0036158946
302.67142 1054.9421 160.5131 383.75302 0.00360542
571.56085 207.05292 359.27008 411.69843 0.003602831
334.99152 3269.1155 488.4229 560.851 0.003594656
276.3145 2005.6173 125.07296 180.91069 0.003591363
601.1952 1370.0154 273.57693 1483.5421 0.003588929
694.24884 2889.6204 208.51595 614.4089 0.0035881703
754.1451 2839.9468 100.013084 518.6649 0.003587081
685.06976 1678.061 221.91295 873.4686 0.003586166
368.06277 3188.0264 405.21667 694.81976 0.0035746475
561.86536 1728.3951 408.51297 3495.0732 0.0035718342
277.95404 761.1333 164.84459 370.2031 0.003570499
377.1906 3270.7651 315.6938 499.83008 0.003559333
8.0137205 3502.7651 15.153786 28.132393 0.0035465204
198.38676 847.604 405.11523 1102.4666 0.0035413608
328.19482 3371.369 629.3421 388.45984 0.0035399157
3.7902694 1004.76263 8.85749 391.66483 0.0035284094
539.83154 94.39663 583.0004 188.26852 0.0035165374
58.991814 3510.3726 114.93941 16.834257 0.0034999442
27.482628 1096.3397 53.80681 427.10944 0.0034830503
152.40701 1284.3127 307.07086 546.9432 0.0034712562
38.055164 719.85596 75.305725 473.67194 0.0034693188
686.12305 2787.5393 217.31657 547.32825 0.0034626187
385.3859 1716.3997 182.40826 341.4228 0.0034555148
386.23355 2554.332 454.20398 1000.0947 0.0034505166
532.4287 3210.541 314.88434 627.08527 0.0034442537
356.14844 3115.994 499.91562 877.45404 0.0034394567
645.0387 1117.9923 185.89702 859.7422 0.0034375729
525.75385 1042.4567 126.91237 281.5994 0.0034255758
513.49774 1882.9292 340.20282 784.4962 0.003420535
656.9378 1528.8922 139.36607 495.4635 0.0033988615
378.99615 3428.716 663.093 297.24432 0.0033931164
504.4218 1427.9651 187.91008 846.84576 0.0033789768
29.38279 975.078 57.631027 376.7676 0.0033616757
547.6582 578.2401 353.054 1169.1272 0.0033441465
483.80112 3439.7048 537.2076 236.97195 0.00333717
374.05188 644.9003 209.68767 458.723 0.0033370354
432.93274 1539.4342 254.37117 472.9925 0.0033182886
726.9779 254.46762 164.0254 508.84293 0.0033175994
269.43625 1091.6808 245.97469 408.76685 0.0033133482
314.29742 1599.1802 605.1592 662.9575 0.0033087693
324.58298 1119.666 644.1563 2174.3677 0.003301857
701.19037 2970.4092 182.10242 479.788 0.0032838646
2.6807556 704.02167 6.291769 573.53845 0.0032767397
714.65533 3254.1294 161.57155 546.62036 0.0032737448
479.66992 1751.0005 333.13513 878.7246 0.003273692
635.7843 348.5841 183.07294 729.7488 0.0032692715
562.5646 3194.0444 297.78812 440.28265 0.0032663562
523.94763 956.18207 138.87636 363.78967 0.0032576309
268.3725 2733.227 594.7185 1574.2947 0.0032470378
158.12381 1800.5822 360.30713 3403.95 0.0032438324
773.3937 723.0847 70.954575 1622.8853 0.0032431462
1.8958329 1235.4131 5.075668 476.54294 0.0032376247
452.08585 1627.4073 399.676 1502.4889 0.0032259154
591.85864 1924.3638 331.66168 3146.9187 0.0032204664
474.05624 1525.4342 189.48819 431.185 0.0032149283
401.2723 1652.3507 440.1573 1386.4346 0.0032127134
743.3858 835.45685 124.60361 1721.0986 0.0032127104
569.0867 2202.2236 264.47906 483.01993 0.0032041902
732.712 3237.4363 128.55367 553.0912 0.0031938278
605.207 1283.7246 226.74101 1256.5095 0.0031864601
146.96758 694.94257 278.1665 1248.8657 0.0031864117
103.33651 2124.6428 228.18973 1454.371 0.0031781318
463.9451 701.66156 251.60976 801.50543 0.0031685699
653.90546 1371.155 172.81143 1096.5239 0.0031631377
734.4147 2050.5605 150.43642 1883.9808 0.0031576816
741.8007 3188.9282 148.14874 562.6859 0.0031536196
634.4914 2153.368 216.33986 487.24222 0.0031392646
308.53534 1297.8376 608.0781 2445.7031 0.0031212263
743.02277 495.51978 132.99712 1006.4113 0.0030996085
3.5205324 758.4128 8.456461 276.046 0.0030960818
253.2136 3462.6829 392.63132 146.65579 0.003094397
533.60034 2213.9998 277.50278 406.79535 0.0030939807
594.5396 190.81601 201.03438 386.12152 0.003093219
407.22235 1098.7565 282.70053 1060.6741 0.0030780404
292.52206 2745.5505 431.02942 1574.2792 0.0030607092
1.2511458 909.13715 3.1404865 788.6619 0.0030605407
389.47385 8.43897 721.123 17.13032 0.0030512563
124.41715 350.27817 78.02393 167.12468 0.0030499394
576.80255 2676.1663 341.93933 493.82233 0.0030403389
3.6945038 708.41064 8.318995 274.8189 0.0030391612
493.53055 2274.732 186.3632 399.40244 0.003035205
378.43466 1720.2998 472.2852 1239.3291 0.0030327633
688.5621 3147.5015 249.42348 409.66348 0.0030271283
248.4711 3432.1753 417.21973 225.0463 0.0030254738
628.97534 3219.6406 199.17632 453.1498 0.0030170255
615.25146 2084.923 129.05244 248.75653 0.002997133
583.86786 2161.6455 231.15804 418.99176 0.0029942803
165.91315 2932.235 308.0563 693.71783 0.0029840162
370.29987 3442.294 450.4295 206.48671 0.002980531
608.50256 2107.3655 385.40237 1704.4352 0.002972414
805.5562 179.1095 4.0332828 363.07306 0.0029631683
752.8276 931.5208 117.85844 451.85605 0.0029474332
219.09456 1590.9106 469.84116 1861.7205 0.0029438315
651.90924 1204.8966 172.67035 1503.2925 0.0029387972
628.97845 279.6829 230.71158 592.88495 0.0029367579
796.58356 3414.8943 20.930292 196.86464 0.002934342
623.995 2070.778 275.3159 1974.4836 0.0029251848
516.4601 2529.6338 310.88214 783.1557 0.0029229007
695.481 3475.2551 216.54202 79.20971 0.0029154378
374.65952 182.23314 740.57825 354.3443 0.0028951876
1.075357 1112.8569 2.8296442 547.2789 0.0028865957
506.1814 3291.002 265.18338 439.25595 0.002876724
357.8467 2857.1003 333.92398 467.51215 0.0028708281
344.0017 1202.9856 680.7114 2394.174 0.0028637468
525.43854 1016.039 76.23476 159.46655 0.0028590886
372.5713 3017.8457 398.482 565.06036 0.002850606
754.03424 3414.232 129.07043 270.85745 0.0028456983
479.8044 3197.1658 253.98286 355.87494 0.0028331638
527.92554 2993.601 248.1008 424.61862 0.0028199889
304.15283 1202.1544 418.95535 1730.5004 0.0028065715
595.29987 2971.1453 211.1591 502.39667 0.0027831963
123.83366 404.32327 38.231926 65.9236 0.00276683
340.7818 965.6382 197.56389 498.9416 0.0027617863
680.57965 1252.5897 137.63144 874.09515 0.0027566443
538.4473 2689.8677 279.0854 517.5674 0.0027536808
541.74225 3198.4563 281.1561 390.29034 0.0027403084
1.9674462 859.65265 5.3246303 268.2172 0.002730319
745.10516 1934.2007 120.44019 369.6909 0.0027266522
44.38016 3511.7415 86.646194 14.242089 0.0027210694
551.552 1706.0194 186.01953 381.94617 0.002690295
515.524 2503.9153 212.24356 416.0249 0.0026894456
657.11633 1804.7758 128.48355 499.8804 0.002687101
706.95404 2089.2102 187.56027 1009.991 0.002676919
523.8694 2943.933 241.94865 394.31317 0.0026728532
372.45416 161.0592 550.22485 370.307 0.0026449703
351.4034 1278.8613 714.7062 2505.9973 0.002617101
381.54236 1532.1278 605.69293 1466.2775 0.002613746
1.6768255 780.1603 4.600477 318.24 0.0026074986
339.31662 2779.9434 355.78552 792.76263 0.002590919
689.974 3504.0005 226.86288 25.596478 0.0025761067
561.16565 1077.6693 401.25903 2175.243 0.0025278677
155.40025 2779.1672 224.7485 464.55267 0.0024950195
611.53143 2586.5781 289.15884 575.1065 0.002477213
512.3014 2358.6785 217.90396 398.0891 0.0024715415
710.7742 1886.6407 114.48439 454.6245 0.0024562483
1.7382805 705.60815 3.9905148 481.3938 0.0024562085
418.3602 1675.2336 157.13826 416.49585 0.0024510894
622.0326 2490.9695 217.32564 351.16672 0.0024322523
705.5994 1115.273 311.39297 877.6663 0.0024242406
1.8441995 1195.6836 4.9402437 270.9788 0.0024060477
338.5329 1069.3387 673.0223 2146.867 0.0024039394
260.41818 3387.5698 212.5491 274.26865 0.0023785888
532.54535 1030.4614 77.527084 189.8973 0.0023625833
707.8362 896.5162 294.96228 818.2201 0.0023519013
739.277 1035.5723 131.83621 437.09583 0.0023427745
35.53499 2871.889 71.36138 1304.5505 0.0023410188
717.20074 1024.4784 133.15076 596.95966 0.0023115263
683.947 1619.2777 105.651726 630.78973 0.0022836037
674.19104 2511.612 240.4565 644.7147 0.002277063
263.9565 504.87253 561.87225 1034.1027 0.00226848
314.63794 1503.5204 548.0163 1167.1459 0.002253158
709.5405 3484.6292 170.4185 67.46373 0.0022293376
625.47955 1909.8588 260.11755 667.58374 0.002213421
0.63614 1123.4192 1.7302623 365.03043 0.0021645578
384.29166 117.97651 679.9691 265.9011 0.0021413888
297.53894 401.122 459.87518 811.0753 0.0021029667
201.40411 633.7577 427.06577 1286.7498 0.0020335421
1.6577331 2543.4937 3.346894 597.90125 0.0020323503
260.4003 1628.8153 281.25854 891.8262 0.0020204007
748.8097 3485.2263 104.36644 59.11318 0.0019615858
0.50896555 846.34753 1.5027207 318.78433 0.0019499451
440.14264 337.35098 585.9032 779.5967 0.0019375124
698.336 1161.0607 125.96074 604.93317 0.0019340734
399.60016 1459.0945 780.03107 2922.4082 0.0019288211
496.23093 1344.589 299.7695 1045.8337 0.0019192466
301.13028 1191.6686 386.5853 724.2069 0.001917761
450.71362 1173.372 178.3308 398.36664 0.0018720957
231.24979 1109.3522 470.2943 2228.1785 0.0018569281
513.4181 1281.4532 421.62592 2621.6912 0.0018414397
139.11087 2379.4282 269.85864 1092.1702 0.0018323743
714.02454 1393.9423 90.303215 368.0135 0.0017704202
612.3128 1036.1101 229.6246 968.10364 0.0017107413
167.19444 739.30164 276.521 1277.3295 0.0016746944
219.49059 2825.6624 405.18427 677.82904 0.0016688075
210.41774 2439.9077 408.62296 860.36456 0.001587764
380.66336 774.7882 587.15295 1545.393 0.0015806765
677.0753 1047.0358 208.56097 2132.3594 0.0015624773
186.82722 778.7229 365.824 1135.0414 0.0015371792
402.53482 1407.5415 254.99419 671.42334 0.0015287538
794.3569 3477.6648 21.838007 77.22271 0.0015185884
436.61237 42.928226 727.80994 97.09426 0.0015174695
720.8148 2129.0686 271.56207 1566.5492 0.0014806194
475.38962 1436.6561 236.49203 1422.5013 0.0014385367
575.0401 1077.4081 408.5469 2252.3691 0.0014337751
316.25574 1164.9146 180.22124 785.0159 0.0014172196
238.73715 1938.5038 582.3211 1305.8754 0.0013935214
627.6468 1035.1707 242.58563 2144.6929 0.0013850057
611.1004 3377.792 362.61786 569.5643 0.0013457597
160.23933 2854.1614 380.68518 573.2645 0.0013457207
188.07831 2969.0444 313.89792 1203.2734 0.0013341765
212.96654 2264.516 411.01535 2366.77 0.0013109434
396.53122 2086.0945 506.08234 647.034 0.0011997786
262.60556 2168.507 584.0546 2725.7847 0.001164591
797.79315 3483.0483 16.52549 61.51179 0.001135536
679.1598 3510.8438 302.49353 233.65459 0.0010568398
247.70297 2297.495 340.9558 854.74835 0.0010469492
174.30261 1641.7163 358.34906 1074.2533 0.001045352
773.43317 3512.9717 55.20413 8.319983 0.00090451486
726.5537 3508.1914 231.07994 210.72849 0.0008940767
402.3118 1166.6908 794.53973 2320.226 0.0008374134
414.38443 15.440997 800.84906 38.650444 0.00081870443
627.6163 1862.9802 574.18756 1550.3966 0.000771154
