704.4318 1158.0623 1274.9427 2258.2495 0.5969172
689.01086 1575.9875 1300.4219 3092.8662 0.2513056
1291.5242 2679.981 103.25091 906.0218 0.07468288
794.54974 719.9773 956.5578 758.3419 0.073696986
72.41847 1216.2427 118.789375 170.60217 0.06944986
768.72314 1231.5588 1090.3651 1788.0327 0.05391569
757.24286 1331.9354 1057.7719 1589.0746 0.04774516
767.24084 1207.4403 974.71765 1463.1638 0.044427708
808.7173 1227.6538 987.5815 1771.9834 0.042739723
378.52518 1450.2595 159.5121 181.25429 0.042170674
762.7815 1695.3789 1128.9305 1139.8392 0.039382655
724.09906 1692.8683 1225.9491 1174.8522 0.032848854
715.45654 815.0141 1166.2999 966.73883 0.030298036
752.8205 1010.7742 1076.7811 1363.702 0.0294182
740.6016 1532.7615 1161.0499 1458.5665 0.02810731
704.1782 1157.5916 1276.7532 2252.5034 0.027895814
743.01355 1279.9791 1179.9595 1895.8976 0.0261447
607.05963 842.2845 551.335 487.26614 0.02590313
756.8931 831.13544 1056.3807 1001.43634 0.025511969
758.43494 1054.1393 1077.7028 1435.5425 0.024417274
718.4161 830.80444 1165.364 1000.6969 0.023483628
734.57556 814.5354 1095.7156 959.71454 0.022207845
446.4105 1453.2477 300.5541 216.69489 0.021963842
761.15094 1652.179 981.52313 978.536 0.02050503
501.0315 1448.076 203.10612 194.75131 0.020003498
1008.3921 498.61826 504.66644 313.03137 0.018163282
443.88776 1461.8126 330.4311 254.35106 0.018025355
362.9024 1486.8057 213.66258 264.42245 0.017503439
723.43274 1656.8823 825.421 938.0948 0.01656822
727.0377 678.0118 1216.548 1239.4133 0.01640811
763.30414 972.4699 1052.5732 1283.2612 0.016312215
549.12616 1378.559 337.24835 359.3047 0.016004572
511.88782 1399.5471 474.16287 404.79092 0.014524845
631.7453 1385.0502 561.41455 393.10132 0.0143663725
684.86957 747.1971 750.19727 707.0043 0.014086191
610.7753 1466.5607 679.5282 563.9891 0.013876875
891.7299 1386.8724 126.03155 113.72 0.013874246
746.8092 757.039 253.57175 280.30615 0.013498974
906.71155 1660.9712 154.30586 203.78525 0.013354293
480.75964 1418.1521 453.78983 446.45782 0.013311925
576.53827 845.1675 452.22705 461.70013 0.01312909
919.1102 1659.4685 204.58029 229.58913 0.012335189
833.6218 638.41565 751.0666 581.0159 0.01211412
948.1343 613.70593 632.28973 549.4411 0.011927396
903.3111 1382.2723 178.02365 143.20354 0.011774869
756.97845 697.0311 595.63403 546.07135 0.011480772
828.6885 1651.675 861.5632 939.9223 0.011339209
837.0711 644.59753 499.8787 494.55795 0.010875596
691.29987 761.9058 371.39297 314.55707 0.01082142
529.8953 931.4786 722.9168 676.2912 0.0106451865
648.4128 733.8497 633.5699 700.23944 0.010334115
675.7692 2700.245 1322.0348 907.2099 0.010166255
674.12537 416.48642 69.34989 100.7851 0.010060543
576.4661 1489.0078 645.0271 613.39514 0.010005056
973.5235 1827.1697 322.63562 551.1178 0.009882552
610.2849 1367.0897 394.886 349.6687 0.009745349
170.87234 1216.3062 313.62753 194.48009 0.009684314
102.66264 1218.8842 182.6749 223.18312 0.009553004
633.6474 1629.4557 803.1952 936.4144 0.009494629
652.10913 1296.2297 866.91235 1503.9115 0.0094570955
738.2561 1318.5514 1026.8887 1054.9564 0.009206434
785.5538 1538.393 1049.7152 770.3275 0.009166392
535.9807 1799.2756 71.53736 83.7861 0.009140875
705.62885 1330.0006 982.28357 1200.6576 0.009107129
567.40283 1096.4949 714.8263 1009.5715 0.009099932
654.14746 1476.7336 829.4243 654.3427 0.009030805
747.8049 1289.7008 969.9511 853.8909 0.008639953
840.9596 1021.2013 875.65576 1345.4237 0.008633573
901.53973 1736.8845 542.7192 778.585 0.008527064
987.9349 1284.9135 334.41458 329.38293 0.0083404705
881.8319 1614.3499 227.29013 300.2577 0.0083265435
585.9606 1072.1447 662.5004 947.8042 0.008222418
458.83365 1482.4427 428.8573 476.72287 0.008196271
678.25226 456.56552 89.41932 184.58415 0.007991324
980.0009 488.52606 322.5343 245.46104 0.00795269
723.31085 1335.8201 951.27 928.92316 0.007832914
932.5954 526.4465 281.8015 197.52791 0.007733013
757.3129 1387.5565 868.2747 958.95734 0.007720886
690.21173 1575.1503 1297.6057 3093.8086 0.0076945187
695.10565 813.9399 721.80023 558.495 0.0076219025
645.1295 1220.9229 815.6068 898.0088 0.0075749895
803.4548 1970.3331 1048.7008 616.9701 0.0075434064
1015.4183 1805.5891 486.23978 634.4617 0.007482695
618.69073 809.8302 333.0474 343.86526 0.0074550174
715.48016 1181.3855 958.85596 1613.7666 0.007391198
1291.7789 2448.8486 100.929375 443.68387 0.0073278137
777.9296 1424.6575 1028.3745 588.3014 0.0073193167
684.6915 2031.1396 1300.3038 2203.5854 0.007318333
805.0784 716.7589 930.5034 754.2438 0.0072435504
634.1702 1664.9685 771.8183 953.592 0.007229074
535.4191 1818.3481 107.92447 132.3248 0.007226651
645.189 1216.0033 896.8103 1323.2639 0.007208747
659.9767 967.65045 820.8004 1216.5458 0.007187929
754.284 1183.2172 870.7238 911.06915 0.00714192
1011.2945 1799.3767 619.3036 846.9748 0.0071062017
982.5893 1299.0951 692.41064 1655.9049 0.0070115793
788.29034 1946.5845 1079.4431 654.69824 0.0069732326
1215.4326 2688.4854 254.97345 924.88074 0.00692258
711.14276 1933.4629 501.86523 386.79208 0.006899988
878.9839 539.3744 247.06505 205.09923 0.006880548
873.56055 1563.1425 326.0226 421.7072 0.0067955162
425.42865 1374.8942 437.59753 446.28244 0.0067711235
781.25055 1605.5468 1064.373 2543.1553 0.0067544198
397.68384 1208.868 191.1693 165.00085 0.0067117517
779.07684 1855.1935 793.2604 562.2046 0.006659755
636.7947 845.08044 858.3383 842.8602 0.0066147093
938.0981 1649.9374 761.11816 1000.08234 0.0065926723
728.14923 1295.0692 1034.0784 885.7812 0.0065424843
781.8113 1840.0997 1053.8867 1896.2047 0.0065348647
909.1436 1610.8303 421.32614 479.05682 0.006512607
949.0754 1752.6035 760.0393 1038.0394 0.0065082395
733.4552 1344.1538 960.9692 631.5158 0.0064488663
396.26447 1383.7036 333.2827 404.3149 0.006435239
1058.6893 1694.76 533.08417 878.29266 0.0063960683
1291.8906 2411.9358 100.08862 385.68805 0.006376358
885.78467 1093.3226 773.0669 900.453 0.0063725766
630.71155 1311.5227 835.2968 850.38885 0.006325765
908.61414 960.1709 799.8979 1205.4613 0.006315095
562.39465 1614.97 647.11017 851.87994 0.006273745
914.1583 1692.2668 837.1658 1152.6533 0.006229479
931.13184 1677.4828 374.37457 411.0474 0.006171349
669.0655 1469.5298 708.21594 555.61584 0.006151088
680.6799 2310.1958 1302.3761 1672.9077 0.0061206087
953.4709 1898.6226 171.17987 401.65082 0.00605497
799.6849 1549.7668 390.33884 447.32352 0.0060291947
947.0897 1791.5826 759.91846 974.28406 0.005917262
810.38995 723.7035 482.40396 400.10803 0.00590404
674.91364 2115.6616 1308.0314 2070.6926 0.0058615776
627.7405 1919.9922 333.2529 331.32535 0.0058425777
863.8673 319.3387 940.3576 590.07135 0.005782584
739.19794 1182.1094 638.6558 632.6724 0.005726553
709.97107 1317.8176 985.12994 706.051 0.005685462
845.80225 1718.7996 570.2476 780.8473 0.005639044
722.3472 2054.7153 172.13889 142.216 0.005637483
980.9203 1704.6421 668.1961 849.82465 0.0056358823
725.009 1493.1307 1199.9312 2682.2017 0.005616408
946.9115 1870.6738 350.12408 700.33905 0.0056132823
1021.3288 1253.0273 638.0912 1850.7955 0.005586745
920.1518 1795.3345 665.27686 640.61346 0.005564302
818.9538 2096.4333 1014.68097 388.17487 0.0055586034
313.7549 1219.4253 379.55344 211.65962 0.0055573015
709.1369 1738.0089 626.9524 720.98944 0.0055227214
916.4427 884.75256 765.25604 1103.5493 0.005510526
800.5314 1652.1067 1021.2667 2666.2253 0.0055101467
699.2852 1933.0072 512.55084 385.94342 0.005472066
250.01256 1210.5834 188.79117 166.65086 0.0054331957
1004.7173 616.1599 552.8927 572.8689 0.0054011284
517.17847 1444.6018 145.59283 158.71019 0.005376346
990.8402 935.4226 678.03204 1173.5897 0.005350247
489.32352 1428.2352 404.74048 283.19778 0.0053340443
972.8704 636.3357 648.86774 614.26746 0.0053044353
762.52435 449.7072 243.72696 220.18561 0.005303014
702.7049 1296.3342 1150.6444 421.26794 0.0052924706
383.22104 1442.4176 133.15047 153.02054 0.0052901963
779.89496 1377.9308 815.99915 851.0626 0.00527535
1042.8861 1468.1031 489.8931 643.462 0.0052637425
768.8145 1884.6064 1048.537 2146.754 0.0052443407
765.4008 1341.2157 980.915 577.31415 0.0052417475
727.16565 2067.01 1214.5668 458.31543 0.0052307197
1107.1278 2694.9292 469.10544 911.6271 0.0052158437
931.29474 1301.7875 697.98224 1350.8676 0.00520077
942.37067 1378.757 190.42435 160.06299 0.005191195
979.3524 383.75983 695.69073 543.8132 0.005188556
957.34937 1135.1083 551.21497 652.5749 0.0051560826
601.92615 729.5628 509.11044 699.29785 0.0051391893
878.823 1447.0188 644.74054 1110.2802 0.0051323483
762.0811 1236.4916 684.87805 931.5103 0.0050789067
809.41724 1915.4365 888.17474 433.7756 0.005074923
238.97664 1211.9215 262.58847 191.56248 0.0050538564
858.5929 1179.0565 430.00217 481.3286 0.005028581
711.0635 1582.2552 565.0135 501.09454 0.0050259116
637.74585 1425.4757 189.79448 219.86835 0.005023206
834.83527 635.5555 454.33435 457.2339 0.005020164
586.3666 772.66187 725.34467 787.512 0.0050193565
331.93164 1473.079 153.31392 241.34451 0.005012762
1045.3325 1624.9922 576.77673 1136.8994 0.004976111
968.06366 1265.14 350.74326 335.04025 0.004967772
1291.8348 2677.4163 100.83527 899.3637 0.0049421787
409.9125 1582.3235 325.7281 481.82867 0.004940003
529.1131 1858.5017 221.56636 253.19504 0.004922543
266.3543 1222.9303 500.70834 214.0925 0.0049044746
736.5311 1357.2098 380.75632 331.14597 0.0048976447
737.5511 2059.7288 129.08188 121.74635 0.004884462
1083.862 1997.3119 491.84253 551.5303 0.004882108
698.7651 1348.8258 271.00806 296.35587 0.004877438
330.81927 1232.6536 622.20123 234.76431 0.004871812
911.06915 1453.0321 794.7991 1139.6136 0.0048594507
994.9834 1776.1771 656.3949 921.95526 0.0048391116
568.6709 1185.8342 620.22015 1499.0121 0.0047993944
651.9566 1169.6605 715.2005 756.2367 0.0047967667
1088.6047 458.50497 334.8723 248.58746 0.004734634
682.72327 1451.8534 476.94406 519.2826 0.004723762
788.84296 397.2626 304.74344 130.70612 0.004690957
931.06573 1976.7076 596.00635 466.7168 0.00467332
982.8587 1965.5001 203.77272 348.21692 0.004654496
1008.5546 1915.41 225.1571 330.62323 0.004640762
1242.2506 2683.0596 201.15382 945.73334 0.0046407185
577.84424 823.75854 883.84515 924.2925 0.0046054674
818.1036 1332.7743 321.66406 290.06516 0.004597509
286.52866 1511.0895 516.817 770.8395 0.004585755
570.3042 1388.4015 840.48914 547.8888 0.004579771
731.1324 681.50745 195.67505 175.69724 0.004570095
999.812 1432.7317 669.3322 1578.9598 0.0045446316
391.1884 1543.1289 361.49405 709.2548 0.004535873
335.79367 938.4973 621.7599 728.7308 0.004517345
342.00174 1655.026 578.7601 1054.816 0.0044846297
968.3864 1724.7458 375.84158 707.27454 0.0044621397
904.35895 495.93372 831.7147 766.3514 0.004456712
823.30853 1933.4916 251.26662 344.2049 0.0044227894
556.5846 1430.8507 286.22223 255.04404 0.004420558
908.27106 487.1368 547.3449 330.23492 0.0044182944
483.50717 863.00415 324.75693 379.9532 0.004415038
761.994 1942.9915 775.5185 601.71783 0.0044057732
1032.655 2693.2908 616.1634 915.28625 0.0043832813
981.0906 1703.2408 609.4348 860.80023 0.0043766582
496.3559 1712.2101 763.8722 1105.8733 0.004357857
731.48376 1324.4761 1155.2019 527.0458 0.0043340796
940.64624 913.2686 297.84286 327.9457 0.00429699
972.209 1310.6393 279.74817 257.34555 0.0042896396
807.89154 1728.6677 458.50928 767.1752 0.004264813
332.35358 1435.846 243.24486 505.23804 0.0042579295
246.24515 1355.1724 451.48172 477.57132 0.004249146
113.16666 1432.1603 202.8191 627.87463 0.004227073
586.6669 1674.0681 935.83185 1098.1725 0.004184284
1094.4243 1769.3903 415.8271 565.741 0.00418397
570.05914 1875.609 469.93127 423.42407 0.004178294
592.7144 759.02563 860.6133 854.8421 0.004172364
1051.2366 1570.0868 275.7057 349.08954 0.004156769
788.1466 1598.1768 1096.7483 2979.9458 0.004148922
703.31165 1918.6398 314.48895 313.12503 0.0041422783
120.912476 1397.852 217.61754 552.216 0.0041272813
1091.1124 1012.1086 461.68298 759.8114 0.0041216915
493.36386 1589.845 321.95993 446.7223 0.004118481
990.7437 2012.0835 244.08824 335.38687 0.0040831803
161.67218 1600.0581 297.85977 956.30054 0.004069113
709.4035 2056.6665 303.5395 198.77675 0.0040660924
785.33655 748.43787 376.48624 331.65677 0.0040654824
834.8202 1161.2357 310.4831 325.84378 0.004059542
1015.0271 722.34814 549.2506 758.8722 0.0040546902
750.20905 1379.9994 1071.8326 523.4186 0.004052702
832.15967 704.3739 814.3276 719.48 0.004007072
1028.8032 1202.3977 628.06824 2124.044 0.0039604506
647.71826 1864.6853 723.50037 538.20215 0.0039423197
609.74976 1143.4979 848.1405 1516.68 0.0039168303
803.6706 1179.8196 330.3344 368.99963 0.0038985168
1105.1123 462.9164 343.65366 281.11572 0.0038957533
933.7726 2148.6763 777.295 278.60767 0.0038655573
764.5294 1114.8785 268.19858 252.4682 0.0038578769
1063.679 1331.4138 494.76663 530.806 0.003846558
917.3333 1920.3881 267.85437 373.84174 0.0038352625
1018.16425 1940.7274 246.67076 369.99637 0.003833727
812.03217 434.086 357.55353 206.52641 0.003797063
679.7285 1189.6942 537.4803 491.88535 0.003783631
276.53574 1581.6174 351.19583 835.2664 0.0037754297
962.5814 2698.508 751.5901 899.8593 0.003772547
666.81836 2938.0715 1315.0686 442.0944 0.003771511
765.72485 757.9936 162.28117 220.61438 0.003771488
713.3673 1268.229 1172.7363 676.40106 0.0037565806
767.0649 2593.0332 1113.7461 1116.2145 0.0037542987
997.5335 889.0453 667.1213 1162.5205 0.0037147033
596.68884 1151.1355 670.23425 1491.1284 0.0037092858
803.9041 1321.7029 648.6194 710.81793 0.0037056506
667.85583 3023.2815 1336.3663 273.36664 0.0036886237
1176.4042 1979.4214 324.25977 550.264 0.003680603
1083.8278 1570.0166 526.1233 3090.8357 0.0036437528
662.342 2519.9922 1257.7935 1188.5748 0.0036175065
1098.7344 1274.7817 487.3678 2001.8665 0.0036134028
897.48645 1518.3439 466.25705 1232.5809 0.0036125444
983.63837 1741.5223 615.9376 734.31616 0.0036029646
914.66925 1723.9229 136.05162 166.17813 0.0035956556
398.63083 1536.5776 557.64246 820.0607 0.0035844047
428.60678 1111.8534 590.05707 411.48825 0.003573253
841.58685 2723.6028 949.1711 865.2523 0.0035698155
989.1877 1249.5472 304.00162 315.16855 0.0035633082
1173.3395 886.6026 313.7374 594.07074 0.0035575023
1021.37256 1293.2859 223.42297 258.44223 0.0035334104
1124.2151 1554.3604 279.00217 380.13773 0.0035297237
1158.6106 983.0646 300.98398 402.09616 0.0035187323
1273.2762 2558.6714 127.132996 489.23123 0.003517425
938.4743 1254.0261 470.77594 456.34918 0.0035151944
674.6879 936.2497 559.0806 668.33594 0.0035091615
519.2887 913.26636 275.6335 222.3205 0.0035072146
964.9153 1549.3704 429.62262 442.25803 0.003507021
351.36432 859.366 388.848 468.82217 0.0035010155
1279.6382 2572.3062 113.19067 327.02597 0.0034666224
898.8761 1597.4678 893.29944 2995.1272 0.003464523
1201.076 1806.8837 283.04025 889.56555 0.0034593444
391.31244 1674.0796 365.4163 662.71765 0.0034481136
365.22482 1501.4144 374.1241 741.7601 0.003440614
690.4301 421.48633 1294.6646 823.2198 0.003432214
699.6614 739.60504 169.03506 224.9353 0.0034287388
663.66644 777.113 284.38498 308.39432 0.0034134972
759.7172 1277.5095 693.1557 470.7522 0.003411895
804.169 3112.0012 1118.2273 52.42048 0.0034111445
962.14996 2126.2402 191.20222 219.1441 0.0034084173
932.38007 1241.8741 380.66638 442.37787 0.0033842688
601.3948 1546.1547 346.8351 342.2312 0.0033671486
748.43835 1243.535 726.2111 485.75235 0.0033656976
1117.1082 1572.394 434.23956 916.64014 0.0033460096
1292.5477 2760.4602 89.196754 350.08502 0.003341617
487.77557 2020.3534 127.957016 147.18365 0.0033336019
1011.9074 1596.2339 667.4401 2995.9092 0.003332205
624.4719 1242.6267 465.6983 578.7781 0.003316239
883.35693 1979.6135 250.94553 485.74603 0.0033086685
245.05086 2964.8489 453.5291 406.42834 0.0032879063
189.13684 974.6483 352.48083 666.5222 0.0032871594
1029.9592 826.7068 340.50644 460.84058 0.0032818348
731.24 1125.5891 364.5624 359.55255 0.0032699492
1160.1708 1868.9423 261.6396 352.05386 0.0032660442
452.1567 1801.004 443.01312 668.56366 0.0032603492
111.413155 907.6781 204.5441 813.31354 0.0032590725
1007.6538 1424.1224 591.9137 699.89526 0.0032567128
733.3947 1654.5924 201.66823 249.8384 0.0032543687
1105.1283 1234.3844 198.81859 252.19777 0.003237691
1144.4363 1849.5262 367.17374 528.83026 0.0032315336
671.4803 855.42584 188.52232 183.67493 0.003224122
983.74835 854.05115 228.53969 314.4397 0.0032169581
883.14484 1697.9314 306.72003 651.6781 0.0031867085
693.73083 2565.1582 1111.7776 612.1221 0.0031775304
1175.9719 1964.42 270.936 323.9527 0.0031749578
628.4775 1053.1104 256.46622 206.2101 0.0031739937
489.28607 1575.9966 449.91776 752.5402 0.003162962
1293.2456 2336.7542 98.70991 237.0995 0.0031574504
1328.2859 2240.1357 32.3045 55.807682 0.0031544575
895.4152 1674.7354 97.85093 166.01666 0.003140348
130.66016 1004.5518 239.33742 597.6187 0.0031390542
1030.6947 1355.3258 171.91399 183.85521 0.003132506
1004.75574 2078.0674 187.92783 231.78885 0.0031311754
1162.1322 2083.7593 338.8236 363.63406 0.0031096085
1090.9518 1531.0068 482.62695 1086.708 0.0031048495
638.8451 2870.3147 789.94965 585.02264 0.0030874736
1203.5126 1851.0952 248.94731 382.73227 0.0030862924
1097.7743 435.47266 255.46101 193.87476 0.0030858594
831.82324 1530.9252 315.54245 430.9954 0.003069589
564.3783 608.2174 258.63718 242.01775 0.0030631926
814.43854 1114.1417 244.63268 252.99512 0.0030623
692.43915 326.85507 1296.1862 637.0001 0.0030534852
746.4711 1225.9304 619.7653 614.89026 0.0030524575
805.1322 1988.1802 1043.3276 572.4906 0.0030478132
99.756905 1606.4716 183.61224 983.593 0.0030477974
688.4746 735.3745 185.0627 228.26627 0.0030407035
1104.8452 1979.253 207.00305 253.80334 0.003037997
795.68353 1908.0017 351.99927 396.86435 0.003035035
1138.2942 714.946 384.1272 746.047 0.0030322573
1171.2754 1571.7008 349.94922 3109.6519 0.0030276566
1091.2646 936.5788 450.3143 906.67847 0.0030134276
905.0707 1956.6915 189.3031 312.38657 0.0029957057
914.27313 1350.7673 512.0535 813.8836 0.002992082
788.14813 1116.9669 226.43439 235.78606 0.0029864742
1069.8131 980.6832 529.138 1281.719 0.0029862723
227.89699 755.62354 431.39105 1104.9899 0.00298268
375.39133 1816.7605 278.93378 305.42664 0.0029823664
679.063 1708.9022 896.6148 1023.1212 0.0029663453
660.0597 1911.2234 751.6717 649.6818 0.002954437
100.36197 1502.2186 181.13846 778.01074 0.0029533512
1017.78485 195.66216 461.51276 241.07918 0.002952078
1292.3505 2576.922 90.160645 308.0071 0.002950543
679.3794 2587.5474 1324.9419 1147.5575 0.0029363348
1118.2394 868.35626 435.73135 1044.0933 0.0029260793
1298.9287 2807.185 95.8144 287.40918 0.0029255312
1294.6237 2930.9521 96.35257 399.4084 0.0029212043
560.6455 1213.7849 650.0442 579.9417 0.0029204865
970.34503 1479.865 253.41647 295.10004 0.00291603
814.6426 1912.1292 523.1408 1139.7933 0.0029115719
615.9555 2832.3381 933.67554 691.05835 0.0029108091
1136.22 1684.095 316.0345 678.89984 0.0029105572
988.8427 1250.746 259.92313 308.60263 0.0029072408
824.70544 3004.0632 423.70755 307.20917 0.0029054224
1012.8702 181.33414 667.03546 343.06958 0.0029035124
620.0001 2850.7085 880.24316 643.5995 0.002894406
590.1705 1849.7728 392.27353 656.9021 0.0028940276
721.0151 1355.7466 668.60486 962.0048 0.0028928306
815.7463 1306.3646 424.91058 872.1326 0.0028821004
984.5445 1412.8652 326.81342 726.83594 0.0028780086
1007.7366 1396.4744 506.47537 870.9785 0.0028635373
833.0332 575.4184 1000.41144 886.858 0.0028574455
963.67944 1963.7015 291.22766 670.5823 0.0028527512
870.79694 1475.6512 436.9772 617.38116 0.0028472685
798.99817 722.2855 310.84592 313.61996 0.0028399953
1261.9556 2450.1526 157.24263 448.23096 0.0028353566
1182.5049 2118.7383 298.68973 313.2098 0.0028319317
88.006454 857.8013 160.91827 911.49493 0.0028286157
1038.2118 1261.1216 355.5415 557.19934 0.0028242627
917.93274 1399.0682 544.2156 1143.0242 0.0028239214
837.8077 2122.7888 183.79213 208.47702 0.0028236036
674.10004 1910.699 344.74774 401.85522 0.0028230115
1139.4114 1489.5337 401.1984 1532.1044 0.0028152326
812.9076 1567.4939 433.30655 959.72626 0.002813774
1239.1968 220.03676 214.01701 330.127 0.0028097802
908.46576 1304.4047 519.286 927.6009 0.0027993238
1286.6875 2483.2222 105.31974 390.53854 0.0027991121
661.18677 1564.9764 161.41405 188.73474 0.0027989645
149.46889 2976.6418 271.7403 380.59528 0.0027855556
120.16836 3075.6504 233.6581 172.57301 0.0027832943
1005.47736 2044.5889 184.16307 199.38512 0.0027744372
925.63086 794.6675 280.13364 289.3254 0.0027648702
438.86743 1150.6335 223.36462 161.9209 0.0027621815
1248.4773 1564.8162 192.23569 3107.9548 0.002754676
775.0014 424.76883 280.1153 172.93019 0.0027500587
1065.7521 1106.8168 534.1209 1482.2377 0.0027493134
1293.8125 2667.436 94.10077 626.271 0.0027459161
569.9058 1995.6052 489.27362 573.5652 0.0027436414
501.0837 3010.4626 438.49393 314.4605 0.0027392309
509.65112 2032.0876 524.43317 1225.774 0.0027336578
678.31635 1551.8813 429.32446 728.56793 0.002731463
949.6956 2747.0435 792.703 792.3479 0.0027259118
389.17697 1046.3898 683.21405 1162.513 0.002725856
747.13184 444.31937 287.07498 229.91254 0.0027257109
1178.1154 1493.3633 297.28857 414.92896 0.0027208417
913.2802 1752.9302 339.7294 878.45154 0.002716888
859.5194 818.0363 355.94482 443.7759 0.0027123606
894.0689 2142.1914 224.15573 277.35464 0.0027112658
767.8726 765.59845 481.61807 321.98425 0.0027072164
836.5159 1342.7277 369.41245 823.46783 0.0027068844
1140.2202 2792.9548 350.60223 733.91956 0.002696993
730.1049 1253.2296 894.23645 460.08075 0.002681145
1129.0896 1598.3898 396.34692 589.88354 0.0026735503
373.5054 1648.5192 690.91846 1197.6001 0.0026652655
926.0087 1116.8627 661.7101 928.8056 0.002660866
1071.19 2056.0874 221.36923 275.06097 0.0026511184
1193.1055 1586.5189 222.64075 349.97217 0.0026492241
525.18036 1899.451 475.30103 636.88214 0.0026447123
959.763 1398.3439 563.83075 1299.49 0.00264281
1296.5935 2906.761 86.92007 422.68292 0.0026224435
1087.1708 2152.9124 474.6 257.90054 0.0026200574
1254.8976 2680.6504 178.43481 902.0705 0.0026187107
516.08954 2742.4382 227.97711 288.6725 0.002616363
600.29175 2639.3953 258.6075 376.3847 0.0026119829
171.86548 2545.5254 300.8745 520.91797 0.002605473
1202.1357 2838.9094 255.23318 621.73425 0.0026026282
936.5845 2893.4373 271.22308 429.1122 0.0025991113
415.60654 2982.3513 400.98233 351.1885 0.002596485
541.88556 1274.5077 738.81067 359.05402 0.0025949257
885.7817 1395.1047 699.74756 1370.3792 0.002594532
331.442 3095.7393 338.34412 129.59799 0.0025932242
419.29605 2638.7307 464.5986 477.82874 0.0025893706
841.11017 1013.15027 425.8608 398.8124 0.002587215
700.816 2557.974 254.96846 329.53067 0.0025823666
562.0748 2628.1287 463.74033 504.67157 0.0025761297
814.9974 1290.5477 539.0728 747.4785 0.0025691555
1289.78 2978.7922 96.37162 292.98322 0.0025647604
1181.2032 478.2185 260.57294 306.87927 0.0025641944
1059.2689 1094.6547 540.8593 1327.4849 0.0025602144
1126.2776 1648.4806 171.6108 270.85526 0.0025563976
953.942 2869.6133 296.54077 483.2623 0.0025545512
400.4285 3079.7014 600.76227 161.9764 0.002539057
75.55068 944.23956 135.73047 744.8151 0.0025364114
95.87445 909.72345 173.9561 731.14996 0.0025346158
839.8086 2515.0076 815.7524 529.052 0.002529654
680.8245 811.12067 293.86896 334.43732 0.002522864
494.67572 1702.7759 726.5798 2604.6985 0.002521019
340.3767 1354.7218 617.8076 535.5009 0.0025156923
992.9465 2024.8594 131.29951 189.61348 0.0025103027
930.8988 991.13995 346.20584 599.16003 0.00250471
479.9035 1117.5293 688.75446 421.53973 0.002503799
843.3721 3099.0962 979.46844 126.09395 0.0025018048
1105.0547 1245.9924 162.41948 208.95105 0.002492953
1266.9802 1363.1343 110.420265 141.40724 0.002472802
1085.8097 2944.492 305.05936 431.80472 0.0024698528
1312.1802 2670.209 64.847885 990.05884 0.0024681813
1198.9403 2147.7502 259.17416 239.66675 0.0024676286
976.7534 855.1189 325.06268 385.7236 0.0024626825
1105.6272 2247.528 476.06277 1775.7872 0.0024553628
722.89185 1295.2897 798.58014 346.87744 0.0024525146
665.81335 1923.5505 275.298 287.51016 0.0024487157
1132.5262 2263.2205 420.91394 1744.7306 0.0024409078
540.9088 2926.6824 395.71234 256.51645 0.0024398398
940.2699 1468.7922 195.39015 233.6405 0.0024394046
533.5605 971.69684 364.99316 210.9432 0.0024247135
643.2272 2104.4407 381.32394 356.03226 0.0024227593
1038.5664 2205.341 605.964 1878.5105 0.0024219688
403.80444 2035.0793 294.23074 328.4137 0.0024197649
110.16481 874.1511 187.14108 438.53638 0.0024187153
714.6554 2784.4004 541.55316 699.50287 0.002405979
529.1065 1336.1431 852.6954 383.74945 0.0024025263
1030.7086 438.01318 568.76385 722.4882 0.0024020325
512.21423 1446.4446 803.73254 1855.2476 0.0024018532
758.6339 1394.6991 1106.4808 514.75903 0.0023988034
506.0312 1559.0496 390.96112 532.75464 0.0023973205
1240.3223 2021.4922 200.217 350.63025 0.0023959773
789.4334 1148.985 205.30687 205.11783 0.002392506
115.88787 3121.62 227.23497 81.35522 0.002392268
872.71533 1474.2711 128.9201 241.70393 0.002390599
689.5031 1575.7338 1305.2418 3095.7998 0.0023904105
698.90765 1179.9995 1304.803 2195.4792 0.0023851888
813.6833 1528.2622 295.1343 337.4171 0.0023840545
843.7845 1157.0514 470.29617 385.26505 0.0023807283
1290.3044 2549.7217 90.89346 263.67725 0.002380366
1093.1708 2686.3657 278.65198 481.9168 0.0023792419
596.56683 2961.9028 359.46194 375.06335 0.0023791252
715.93964 1076.5991 183.24997 223.91711 0.002377875
556.5283 2083.9753 214.26466 243.94814 0.002370714
1151.2357 131.05562 393.5459 239.23001 0.0023648401
961.0822 2109.6511 157.44139 340.0784 0.0023560936
929.671 1275.048 493.25482 437.524 0.0023544163
1003.8865 2944.0603 244.22192 347.23895 0.0023530482
596.10205 2845.2231 295.48697 409.53204 0.0023486733
849.4322 2868.5176 310.44675 472.08096 0.0023412113
1012.7237 1757.5652 274.6698 400.30948 0.0023404588
446.53204 1787.6013 241.25974 239.4013 0.0023393345
848.9963 550.117 143.36473 142.42671 0.0023387857
891.6045 2711.1213 238.26584 334.83118 0.002336296
1158.8856 2016.7856 257.58777 334.33987 0.0023330397
561.7123 1851.968 152.68117 197.59015 0.0023244272
1143.669 1901.6864 246.63802 369.53436 0.0023138083
1112.295 2743.349 241.66936 487.52664 0.0022934657
660.46704 853.0553 581.525 437.5649 0.0022928112
1148.1371 1189.9901 392.88672 2178.1902 0.0022915418
989.3291 2622.0054 303.88678 445.14563 0.0022886796
1071.0255 1362.8368 249.7789 341.18268 0.0022843273
557.5188 1267.7972 227.24152 162.94406 0.002283821
1292.4551 2989.7393 102.78646 278.21182 0.002282572
991.1469 2762.2275 372.33585 585.1091 0.0022817587
1193.615 2669.9521 315.58884 953.3035 0.0022739572
1038.7194 1739.4634 227.72006 319.09146 0.0022679456
960.7114 2808.128 329.87625 315.90424 0.0022676424
687.5991 842.99805 180.61536 147.29349 0.0022676284
984.43756 1021.1814 211.86082 235.8319 0.0022659258
933.6585 923.63513 239.8817 236.25465 0.0022643954
388.68555 2407.4814 364.44553 326.82535 0.0022608216
78.77228 1211.3169 124.26851 176.31044 0.0022607236
1288.8319 2012.1747 111.230736 2244.1511 0.0022599935
735.7218 878.85443 844.41156 502.084 0.0022579697
1097.044 2041.5978 292.41086 440.5355 0.002257277
733.6918 751.7419 229.38196 264.54916 0.0022556162
683.6049 1575.2726 1310.5618 3092.6035 0.0022501275
989.7241 3024.9111 668.0323 272.66367 0.0022496649
609.06665 1878.3785 184.78099 213.29607 0.0022487852
632.9703 1234.0316 707.9375 544.82654 0.0022484001
791.98206 243.12215 1126.5454 455.29315 0.0022451773
902.9043 2481.8716 852.70703 1334.7705 0.0022447405
1208.3888 1589.8777 266.26254 888.37415 0.002239068
703.839 2648.1628 273.22723 349.33047 0.0022375209
1071.2168 2487.7024 378.80576 462.387 0.0022337502
957.142 752.56085 199.31635 207.85692 0.0022229722
1002.54395 1009.6171 231.85133 246.0489 0.0022205801
1041.0658 1668.2926 149.5211 218.20792 0.002217841
846.8086 2119.3374 308.4118 324.83975 0.002217796
1076.5336 2945.7256 328.94156 317.16434 0.00221511
453.51855 1760.4814 283.70294 304.58737 0.0022096932
924.0137 2765.0095 252.90077 393.0235 0.0022063272
119.87606 656.15533 214.18 499.42725 0.002204381
1160.3516 1814.4938 374.36627 2618.5005 0.0022005402
1024.7844 1503.1694 480.75262 1159.7372 0.0021922134
720.879 1198.2687 347.88934 523.97577 0.002187498
671.14233 1981.7499 266.45145 239.4168 0.0021830446
314.06335 336.48734 427.90033 408.20193 0.002180518
940.6005 2294.9922 566.00433 810.8997 0.0021802804
710.3959 2115.5994 208.64684 306.0698 0.0021754052
796.02985 2268.296 731.0988 665.90564 0.0021749176
138.14276 572.5793 248.90314 471.47083 0.0021646835
925.6307 2743.6106 264.38342 402.20337 0.0021644856
890.961 1387.625 85.93194 97.69284 0.0021553882
976.73126 1185.8828 217.69597 176.952 0.002150585
58.827763 1938.5413 108.55899 627.897 0.0021501172
968.1771 1758.5054 243.84967 368.78952 0.002149163
804.5185 1968.6685 221.41396 271.0721 0.002145397
182.03271 3069.7163 371.90594 204.46179 0.0021343415
1076.8727 2599.5212 268.48676 366.0565 0.0021330442
1099.5084 1184.6272 468.03857 1232.5513 0.0021311662
1149.3969 3046.1113 354.60123 227.73883 0.0021196343
774.15 1790.1455 323.36005 516.7318 0.0021146294
1195.3428 1216.3937 265.043 321.18878 0.0021066903
514.49255 2669.9392 544.8346 518.3594 0.0021048947
888.67834 154.48509 921.6294 288.00613 0.0021037653
1194.9015 1246.8723 294.86353 1882.0767 0.0021028295
1282.5433 1581.356 124.14134 3038.854 0.0020991545
1255.6802 1330.0874 150.16289 207.63637 0.002093439
174.0058 666.5285 327.66382 1077.2095 0.0020912397
1044.0701 3027.0764 259.7084 255.35992 0.0020909908
747.8064 2537.834 289.65207 288.6327 0.002084961
313.74747 361.7683 352.79062 358.78275 0.0020826645
853.53503 2315.244 314.60803 418.52194 0.0020807746
79.38379 1121.6974 145.91864 384.72446 0.0020757546
935.4765 2769.1362 790.43713 770.35864 0.0020709233
109.72062 552.8054 183.7257 334.24997 0.0020679033
757.0474 1090.7633 171.60951 207.07127 0.002064806
1035.5032 2172.271 512.99927 225.48824 0.0020622252
677.32306 104.082436 1298.4136 194.93097 0.0020588543
1302.6288 3008.7815 122.60125 223.49115 0.0020545754
781.0649 2552.3115 238.12938 265.93307 0.0020402924
690.38293 1244.8914 1226.5421 330.76575 0.002039018
1103.4884 1353.4456 447.8651 759.7497 0.0020362176
1290.5696 2017.2041 108.91492 2271.2488 0.0020318995
584.80536 618.26025 192.87878 167.88449 0.0020311514
795.7148 784.5946 244.95993 254.05612 0.0020304625
993.87396 3112.2913 537.2079 96.305534 0.0020278215
647.0365 1580.6746 567.71716 1054.1423 0.002023706
1277.8934 1898.3696 133.182 2473.841 0.0020230727
913.10034 1359.391 502.80038 773.10474 0.0020209122
1089.676 3128.3196 507.19235 64.80411 0.0020200363
538.0636 2249.2131 563.1577 563.097 0.0020196636
912.055 2558.1812 231.6378 307.21063 0.0020142961
814.99207 1995.3275 209.0394 210.38872 0.002013427
803.1008 2264.465 277.7854 252.41469 0.0020127227
662.3261 1667.6213 488.06155 1012.55414 0.0020056865
1070.796 1773.3876 510.05243 2053.4978 0.0020017808
1241.9543 2034.7839 203.27444 449.3803 0.0020015303
722.95966 2771.0771 571.81946 398.53558 0.0019999146
1096.3119 2441.5457 381.30286 394.6606 0.0019987891
1288.5363 1547.7789 111.86581 3110.1792 0.0019974967
717.4332 875.6997 1148.4254 1014.4788 0.0019961237
145.3997 392.5932 255.73618 480.21786 0.00198656
415.0613 1395.6072 339.7779 570.92926 0.001985082
741.6308 1666.5026 416.3207 802.5126 0.001983402
970.93524 3044.8884 458.75287 233.05649 0.0019833804
1161.7573 3020.6235 227.3791 280.9344 0.0019753163
909.5869 3100.8352 178.23903 126.3856 0.001975226
206.40714 508.16785 380.40967 616.8081 0.0019735629
1226.7499 2187.591 233.83128 1929.7356 0.0019679873
1206.809 2203.1013 274.21448 1890.7712 0.0019652834
975.70825 3026.647 638.7834 260.32187 0.0019646045
360.9239 234.64674 264.15097 210.27794 0.001963025
127.41062 469.1875 241.88026 786.8036 0.0019461995
1174.9885 1351.0912 327.69583 592.0653 0.0019446469
821.0337 763.4953 248.14941 252.77794 0.0019443284
110.6624 957.27734 195.63959 395.05237 0.0019424759
1142.5521 1581.1305 427.21835 1388.124 0.0019423233
382.15247 1291.643 203.17557 224.04358 0.0019405475
763.67163 2147.303 649.3326 755.4677 0.0019402271
176.56517 436.41998 281.60324 355.73022 0.0019384172
1231.922 2792.0547 154.18031 473.03564 0.0019379247
1156.3904 2829.6992 296.37305 644.9447 0.0019335975
727.0267 1064.3866 161.49492 131.67291 0.0019307699
673.6342 438.14478 49.14294 121.110855 0.001928352
629.36536 390.08206 223.23714 211.81781 0.0019273446
792.3926 1833.0292 367.7268 689.3936 0.0019249208
1211.9678 2759.9956 176.27058 453.0481 0.001922405
537.4393 2435.1658 768.8402 711.959 0.0019211035
311.56253 558.65454 522.0919 682.1645 0.0019199308
1127.6759 3031.1414 349.77682 260.17975 0.0019168385
1077.3114 678.7427 488.10776 688.08856 0.0019158333
845.2991 3102.1643 272.00934 112.05283 0.0019140317
1211.9291 3062.1118 256.52203 194.41089 0.0019139816
535.1546 1798.1552 180.20877 241.2665 0.0019129917
790.93286 3130.191 759.8633 60.166195 0.0019096797
1207.132 2160.5818 224.1078 247.42825 0.0019064624
1009.79913 2465.2043 744.29425 480.24237 0.001904206
1083.4601 2930.7466 381.68228 463.67017 0.0019026307
1227.1243 1935.4939 232.3619 650.49835 0.0019009915
81.72283 598.8905 148.0323 372.96985 0.0018978267
690.3109 1249.9163 1223.2211 342.29272 0.0018926896
1289.9292 2969.472 101.30579 326.70087 0.0018859565
1156.6489 2132.0542 244.968 267.91458 0.0018805446
616.08905 2223.1235 543.1307 342.3727 0.001880039
69.38543 568.5056 129.24881 540.35394 0.0018783397
238.49387 340.53915 418.28482 506.94406 0.0018766408
1065.5337 2751.876 297.7625 450.48807 0.0018756775
178.42426 854.86145 283.6847 551.9738 0.0018717662
966.0965 1104.3884 528.93317 455.74356 0.0018709849
1097.8735 2402.3582 324.68723 320.64316 0.0018696409
550.26044 2024.1411 189.28883 169.2625 0.0018662758
1127.5798 2064.296 456.52585 830.97705 0.001864046
1134.1748 1982.886 337.69794 580.8984 0.0018613135
740.90845 1207.0634 1220.1019 2139.1353 0.0018611363
1218.3921 2446.403 250.3528 431.39532 0.0018566931
990.65546 1146.4429 257.71008 313.32736 0.0018562285
1099.8611 2137.0679 440.82388 793.5322 0.0018531847
1247.2949 2852.4563 152.92065 549.577 0.0018520172
1098.9331 1534.7906 436.28012 1087.1368 0.0018514197
992.52136 1227.7698 493.67215 1052.8712 0.001847768
1104.0818 1655.2926 169.81596 242.56296 0.0018464273
702.22144 911.1893 349.6907 346.29044 0.0018427673
909.0616 2437.3872 779.3844 1445.9604 0.001841509
1097.9233 3052.878 399.49945 205.63496 0.0018392788
820.8346 2340.61 253.28561 318.15732 0.0018392508
1210.2944 1752.4529 238.16301 414.76666 0.0018391983
955.8174 2307.3438 275.01334 404.91113 0.0018389752
515.63025 98.83689 285.89612 171.99762 0.0018327989
777.1708 907.2726 274.932 305.89716 0.0018318807
1283.2206 2010.9652 121.60042 2286.5388 0.0018262882
1194.1373 1868.4158 268.01718 398.1532 0.0018259368
1111.4125 1040.5802 412.16937 1257.9181 0.0018250098
1202.8511 1464.5118 247.20029 377.8904 0.0018223962
522.1333 2368.0286 520.8768 594.45233 0.0018177675
414.55725 2347.0483 593.6811 1000.1255 0.0018173315
1267.4358 1932.2705 156.62471 552.607 0.0018156947
1261.8574 1384.5079 162.5553 336.5028 0.0018121913
1118.1488 2463.8967 452.46732 1377.9524 0.0018099283
1155.5919 2543.5344 351.30426 611.35266 0.0018084456
1179.3394 2188.849 255.01364 207.82588 0.0018072822
1197.1373 2455.9204 294.13876 466.84818 0.0018014549
1295.5895 2995.1104 88.065056 280.0774 0.0018010967
1275.0205 1729.7871 138.31996 2769.2444 0.0017986087
1233.1538 1314.7462 208.79074 346.0827 0.0017915862
1230.8793 2911.2554 171.33514 478.0025 0.0017898943
1184.8531 2165.624 250.27823 243.04254 0.0017883171
1190.4635 3134.2812 321.30078 54.117737 0.0017877358
1053.1317 2343.2385 428.3739 230.00922 0.0017821057
1052.2509 2671.9043 231.33458 303.3272 0.0017780224
796.6441 2580.9473 279.48016 244.70595 0.0017654928
372.2739 404.93292 356.48746 418.37805 0.0017596143
1210.6642 1247.7278 274.81082 2486.2485 0.0017571176
1291.5098 1685.401 106.61688 2854.7876 0.001753277
804.0235 2117.1304 1040.3755 343.38867 0.0017462058
55.975327 1583.7177 113.613266 642.7785 0.0017449427
490.81183 1436.4617 500.66226 514.72644 0.0017399647
1303.1819 3019.9531 83.5109 221.48453 0.0017371898
946.7001 2723.4124 226.46275 289.0072 0.0017369955
1235.3813 1961.3582 189.95934 230.25696 0.0017366168
1296.714 2483.488 94.539764 337.90274 0.0017361391
1288.8391 1773.5012 112.057076 2706.4229 0.0017353855
1152.2151 1985.3085 263.59744 275.4742 0.0017337672
1291.5312 2111.247 109.323135 2100.1292 0.0017318875
573.3318 1279.7816 393.9964 524.5237 0.0017312783
1069.2751 1766.7046 473.72562 1127.2883 0.0017298269
1219.151 1851.244 237.43533 497.09814 0.0017229567
1211.1743 2139.945 243.54327 285.84653 0.001716381
1284.2944 2448.9297 113.267 347.73447 0.0017102975
707.4962 1134.2009 326.06952 458.70288 0.0017071262
1244.0146 1661.759 177.1864 234.04576 0.0017050918
76.57008 968.5965 140.88245 374.9598 0.0017046615
1202.7852 2751.055 218.98698 602.93066 0.0016938145
1242.9299 889.6902 205.9398 1072.517 0.0016929656
1222.351 2133.6216 227.27002 263.10193 0.0016874702
713.0665 1595.2577 1250.6472 3070.1978 0.0016828055
391.29184 1959.0073 374.53903 912.98535 0.0016672125
1103.6979 3139.6582 366.26355 42.291058 0.0016656606
1272.7664 1998.0105 150.99977 297.409 0.0016554774
685.712 2184.224 553.7194 1273.2997 0.001654261
792.77905 468.0401 1124.0419 852.5334 0.0016532927
1283.0988 1999.2538 125.372734 2302.8013 0.0016483166
1310.7847 3085.6162 68.80937 146.89256 0.0016479008
812.75165 3128.8271 305.75073 54.481106 0.0016463763
1167.5087 2998.1428 242.03964 324.28094 0.0016461585
884.0427 789.07385 281.5894 230.512 0.0016459109
1023.61523 1946.2633 500.01395 660.34296 0.0016317726
726.47577 1190.6145 1244.4906 2184.1067 0.00162596
1161.543 2709.2144 269.82965 366.36194 0.0016213191
1217.6443 862.58203 190.85007 322.78226 0.0016191378
483.1587 410.83032 252.1638 274.36554 0.0016143235
869.6465 2359.914 722.1812 367.3616 0.0016094192
815.77466 768.68036 202.70618 262.35187 0.0016024765
924.15094 2467.643 170.0437 183.03702 0.0016023414
1210.4536 1578.5187 277.20108 1036.3403 0.0016003593
1069.0306 2587.169 239.26009 370.20502 0.001589278
695.2606 1597.1354 1285.1543 3085.6536 0.0015848738
1253.5612 1227.1605 183.55733 681.64795 0.0015810274
1247.1476 714.3857 174.36699 365.31 0.0015782161
1299.8564 3068.652 107.82672 143.19743 0.0015683523
1292.3945 121.53135 107.6817 216.87666 0.001567029
891.3613 1654.0996 92.075485 172.01193 0.001566483
1156.4955 2609.6567 248.2476 324.50198 0.0015637506
1005.222 111.37597 625.6345 197.3949 0.0015565435
1216.5046 3111.3894 235.96518 100.5204 0.0015487988
901.14386 1087.4628 323.75052 377.1505 0.0015426684
1171.8403 3149.4517 268.44556 72.290375 0.0015382556
823.79865 1308.6943 203.5466 245.65228 0.0015379576
1101.77 2427.4917 392.47125 402.23517 0.0015346345
1243.1124 3013.4702 170.93202 284.7925 0.0015314238
1243.356 1500.465 196.53392 465.70544 0.001530893
1323.1194 2759.7046 44.830997 346.69623 0.0015240388
1253.3108 2173.9417 170.73895 198.22302 0.001523433
1298.5652 3010.8376 80.28889 241.78214 0.0015197522
1174.4408 1586.7726 320.27496 1353.8826 0.0015151558
1221.8396 2142.852 242.03894 1917.9496 0.0015118698
1330.9465 2411.9255 32.13484 387.57288 0.001507351
893.00946 1844.72 403.37323 747.1327 0.0014909612
1295.7357 2675.8215 92.56646 380.5882 0.001475187
1302.9741 2055.2878 86.38934 387.6395 0.0014710145
1199.7537 2042.5457 247.42754 467.82867 0.001466728
919.3096 3134.847 362.24945 51.417843 0.0014590854
1262.1469 1153.8385 162.25883 506.73984 0.0014528421
488.27652 1452.8568 395.26202 614.23065 0.0014520474
1071.5804 2445.0913 445.616 710.0686 0.0014445529
1317.2273 2398.1113 59.697395 368.68484 0.0014439524
319.09476 163.10008 611.9194 291.639 0.0014421447
947.59216 1303.3965 563.7204 1248.1619 0.0014386039
1037.1089 1736.647 627.47546 1083.8054 0.0014378539
1275.0306 930.4621 141.95753 479.46313 0.001429693
1253.9308 1610.7236 185.39241 1324.6094 0.0014259787
1282.2555 1503.9874 122.986725 383.15927 0.0014218788
1217.0314 1234.3181 259.70132 780.0535 0.0014131732
1322.2632 2275.4531 49.17918 150.88824 0.0014131287
1260.7487 964.585 276.7646 696.85846 0.0014129222
1196.2266 1251.1696 248.51775 491.98523 0.0014084211
1243.2955 1319.3041 187.03786 1913.6022 0.0013960319
1095.4513 2353.4783 322.37216 271.27655 0.0013956897
653.7917 1371.8184 427.704 435.7754 0.001393627
81.95661 236.22485 155.1671 413.76065 0.0013848335
1295.5299 2410.5884 86.353806 341.55533 0.0013739216
1254.8336 483.22244 276.1513 308.05014 0.0013469612
653.5013 1331.6483 797.7427 454.98767 0.0013412832
1181.6677 2365.7898 245.866 302.76193 0.001338945
372.4603 1564.4562 508.55133 452.89365 0.0013386129
1289.0458 1562.3121 108.29225 3112.6626 0.0013275488
1336.2161 2888.0496 21.763536 451.49835 0.0013254181
372.42587 1719.5721 495.31134 591.54694 0.0013191226
1192.727 3020.9624 208.29578 249.5403 0.00131665
1260.6676 3142.981 158.9469 37.45646 0.001315805
1266.7001 3089.2153 126.48631 113.59721 0.0013125538
1232.6581 2162.5356 178.02457 238.01819 0.0013089528
1298.0178 3046.1038 82.32135 206.4611 0.0013001857
1047.0502 1783.4471 491.86795 1232.7496 0.0012987308
1284.3558 1554.9954 120.56206 3130.1643 0.0012917215
1296.4985 3070.7173 187.33743 170.27121 0.001291588
833.164 1872.958 255.71552 348.14526 0.0012875488
1293.1577 1953.8651 103.04891 277.7512 0.0012846862
1151.1216 891.7708 324.0359 542.80414 0.0012799083
1265.7781 1549.4943 156.42766 2775.3767 0.0012793496
1290.7546 2917.7107 73.928955 471.98572 0.0012756857
1246.8999 1959.4779 263.64886 977.8691 0.0012685492
1280.1487 2361.998 122.1742 329.26868 0.0012627863
1217.4 3119.633 221.70673 84.2784 0.0012624214
837.3571 1854.0864 127.0039 337.61942 0.0012616087
1274.8014 3090.497 119.53851 134.94603 0.0012590507
1236.3951 2273.4836 144.71457 140.43175 0.0012577232
709.2512 1473.254 239.68668 285.03958 0.0012518067
887.1448 2133.6455 647.2089 263.91086 0.0012491186
795.16223 615.8747 182.49632 194.44562 0.0012365209
1256.5344 1156.4476 180.38968 2072.0642 0.0012342522
385.24326 1899.3452 247.03168 506.3146 0.0012241744
1253.4128 2334.6433 165.14366 269.09045 0.0012190703
1161.194 3090.552 379.32004 195.98744 0.0012131429
1326.0082 2881.167 41.922527 389.7688 0.0011947766
1303.6257 2578.8718 69.409454 194.79996 0.0011939474
1242.3757 1203.6617 197.35417 2143.8525 0.0011852742
1228.5334 3139.489 205.16486 44.51375 0.0011850811
1318.8787 3073.2175 51.51969 134.82599 0.0011798481
1256.017 1488.1248 191.51794 1486.3988 0.0011682148
1295.9728 1582.514 96.874664 660.2557 0.0011672743
1035.5144 1577.2028 510.29575 630.2373 0.0011613596
1309.8654 2618.0742 87.33746 385.81744 0.0011559366
1237.4241 2217.3584 190.52759 224.42989 0.0011529246
559.65106 887.7723 974.65356 836.2914 0.001149381
780.93506 1231.2397 1062.8898 1867.9915 0.0011447787
1300.1268 1100.8745 97.13601 470.79834 0.0011402734
1290.4829 1337.5665 114.66079 651.82227 0.00113588
457.91345 1875.9954 447.57877 964.37006 0.0011295456
1301.6627 994.28296 92.64072 339.47516 0.0011290046
736.18695 1234.605 767.6077 504.8569 0.0011204291
1332.6213 3037.5938 30.133814 216.09726 0.001099686
1207.372 1116.6627 260.6818 2293.52 0.0010948271
1308.2175 1602.0518 78.61219 512.18866 0.0010911527
497.9647 860.9715 656.85913 850.7849 0.0010900794
1309.4492 1981.3456 73.548225 533.1046 0.0010892573
905.92096 1435.1819 537.2412 1023.698 0.0010853
1303.8657 1934.1859 83.3129 2409.173 0.0010785968
1295.7278 3105.1414 72.925446 242.80344 0.0010777012
599.7591 1744.1782 676.57794 745.2164 0.0010628059
1048.7335 1704.544 546.8093 874.0449 0.0010559688
525.0877 837.31995 402.47162 407.10623 0.001054894
756.8556 1756.056 1074.3466 1892.4662 0.0010473796
766.3202 3141.7017 1181.9489 65.01928 0.0010444392
785.028 725.8984 1136.98 773.05505 0.001037598
985.1839 2113.875 521.7088 457.9784 0.0010346649
1129.8756 3145.693 308.18295 83.3471 0.0010195213
827.9789 1716.9514 795.7226 715.8028 0.0010063023
497.18192 1323.1056 473.9118 835.9869 0.001002299
679.2024 1276.9995 574.71704 340.70825 0.0009969885
580.0903 896.64056 388.91196 380.52054 0.0009942529
537.49176 1568.864 676.837 709.27936 0.0009470482
1330.7583 3059.083 42.32334 138.98192 0.00093318976
671.0089 1835.7167 415.76678 344.61688 0.0009237481
1325.8046 2577.7576 41.37239 349.658 0.00091801514
679.277 1246.638 862.4414 407.3691 0.00090520026
1322.001 1236.4878 54.8212 351.7105 0.0008977311
773.582 1889.5507 333.73788 570.8451 0.0008961086
1087.8065 2315.8857 363.61313 453.93082 0.00089575734
882.7129 765.0423 631.9937 613.18945 0.0008954036
1214.1431 3157.774 238.99706 13.724672 0.00088507927
793.5529 1900.2327 922.31903 503.67035 0.00087727763
571.5927 740.619 747.8176 821.0631 0.000871704
1171.122 2569.0232 369.9578 1173.9637 0.00087095227
1009.9795 2209.3816 726.50824 564.00977 0.0008662232
1328.7601 2488.5447 33.827686 229.48293 0.0008645892
540.45874 1318.8656 554.05383 995.1137 0.0008538292
1335.9169 3011.031 23.076715 262.52817 0.00083636405
1324.4064 2064.0344 43.920254 409.9357 0.0008348432
1343.3452 2968.4993 11.99751 392.6418 0.0008303045
1316.8252 3135.1365 62.514057 139.26152 0.00079739647
610.14496 835.5558 563.3454 450.41437 0.0007897994
1255.195 3159.4429 153.45184 11.380389 0.00076828455
746.25287 1165.7664 1127.1964 594.7213 0.00075337186
704.61884 244.44798 1237.3922 269.16443 0.00074662885
807.32074 893.5927 1027.7793 1104.4309 0.00073946296
1332.3635 1276.114 30.938507 425.21893 0.00073141133
403.04602 1290.348 409.36322 1598.0352 0.00073124794
1338.6954 2951.1821 19.842562 255.44412 0.0007245281
579.9458 1767.2295 598.11646 1185.9723 0.00072393316
706.61584 1805.0104 454.43466 429.32523 0.00068780134
1016.50385 2064.2761 448.72644 557.32733 0.00068676576
1343.2225 2078.1694 16.054314 691.823 0.0006814844
1343.2296 2744.4001 10.093826 365.42447 0.00067097624
764.30365 1536.9214 659.6198 469.88684 0.00065131846
700.408 1098.9211 599.04865 456.21848 0.00065055606
1122.2538 970.62317 519.9743 857.13635 0.0006502988
789.03455 1722.8043 363.21432 652.7484 0.0006376153
734.04004 2603.1873 1106.229 1082.0779 0.00062600087
879.39294 1494.6992 445.63416 844.5289 0.0006121986
1338.4441 3097.5435 42.389347 282.67603 0.0006092312
1294.6392 2600.6143 90.98121 811.1262 0.0005854253
743.2376 1140.1873 1088.8672 622.8222 0.0005816671
876.961 628.6856 945.5405 542.72656 0.0005803663
1280.2069 2400.655 161.80124 388.84128 0.00053651514
745.97656 1268.8287 937.48126 594.352 0.00048055805
1165.0446 1906.0829 475.6909 528.47754 0.0004738742
1211.9119 1979.2213 314.16577 583.4664 0.00046489388
966.55066 3077.7407 779.9027 168.55798 0.0004607067
1056.8875 619.69257 731.6449 526.3891 0.00043904787
