530.4526 1394.2156 1047.0117 2777.187 0.4432547
529.22504 1252.2201 1045.496 2496.223 0.40011126
513.7438 1297.267 873.95135 1865.0873 0.055758048
506.77872 1478.1285 872.3295 1540.3368 0.044840593
1036.4764 1737.2439 155.50139 180.4371 0.043741107
44.283592 2622.354 84.4597 369.41293 0.043104623
517.5479 1634.6145 987.61414 1600.6324 0.037200384
1059.6134 1737.9349 108.303055 173.87749 0.03344771
515.023 1044.4926 833.8696 1627.3643 0.0325487
662.05145 2144.007 268.38748 155.80699 0.02662045
995.6678 1733.2412 92.58318 179.13072 0.025556384
503.3362 1310.9515 806.9433 1152.6735 0.025124097
520.0856 2039.1857 1016.389 886.0961 0.024912879
504.78427 862.3636 897.07825 1593.8645 0.024630591
595.87537 184.78893 312.88675 368.9843 0.024275493
519.4146 1910.1302 1009.042 1137.4259 0.02343614
528.46576 2193.8643 1039.2942 1183.6371 0.022689085
790.56903 1227.501 225.2583 463.3199 0.022615941
498.14383 1057.0712 762.3325 1471.3828 0.022516036
521.1497 1760.8347 1005.98944 1418.0226 0.021589028
505.5293 1053.5989 789.6634 1263.1415 0.020461576
524.8591 889.5866 1001.036 1711.0577 0.017779242
521.6825 1234.3124 669.63184 1551.6677 0.017756063
480.98407 849.78033 830.9842 1568.1489 0.016377933
494.0828 1120.0222 820.6365 1103.7593 0.016295766
524.05457 1762.6641 1016.4888 1967.0205 0.016005453
389.2499 317.16016 729.78033 631.58514 0.0155329555
525.5489 1915.671 1027.0876 1718.521 0.014966926
502.35022 988.8635 746.6468 1056.263 0.014849454
579.8934 144.20433 208.44667 289.4607 0.014594301
524.3243 1866.0187 1021.57874 1825.8446 0.014362599
398.45142 1170.8445 739.5876 2188.9124 0.013764389
485.86023 1005.54877 859.6752 1309.2587 0.013696348
536.27026 295.07108 439.31555 586.76025 0.013430157
561.10486 985.7463 846.3693 1667.5562 0.013214736
965.009 1734.1542 149.14941 190.40086 0.012997304
490.08026 1137.201 898.86554 1332.3502 0.012901556
648.8671 2138.195 422.8765 262.1903 0.012634042
517.8251 1621.9296 761.1273 1172.5499 0.012494399
529.8204 1251.1792 1041.2266 2491.6562 0.01233193
764.3887 804.7742 323.6839 694.6749 0.0119663235
509.85437 1010.6521 756.9431 1079.3832 0.011846755
517.2795 1634.3748 794.0608 1250.5806 0.011582384
501.08633 718.0543 952.6 1392.3148 0.011472593
988.74664 1737.0563 249.745 202.93182 0.011435727
704.1376 1167.4554 389.737 614.31384 0.011341128
432.8692 1415.9164 679.64685 1684.1112 0.011335937
437.399 1201.1014 653.4751 1461.9116 0.011273666
507.81766 764.32184 843.219 1348.4684 0.011265548
494.3065 1325.5222 798.7768 973.5872 0.011146363
717.01984 1096.7733 370.436 741.0477 0.011093874
710.1486 2094.9243 366.94315 270.48535 0.010974049
549.059 1746.0056 744.63763 1002.5843 0.010908037
427.80264 2250.0247 825.6669 468.28687 0.010823859
565.0492 1687.7953 813.9949 1277.0449 0.010807754
636.4951 1508.5997 613.93304 1354.6187 0.010715876
505.97937 705.237 768.3543 1274.8927 0.010677758
560.7143 1064.899 722.08136 1407.6229 0.010645533
408.90344 704.3654 768.42676 1388.738 0.010639994
486.0276 1631.2041 827.6869 1020.27814 0.010582933
609.0134 126.992905 210.03868 251.24223 0.010555348
420.6983 950.2253 763.6034 1774.3615 0.010537441
534.73535 786.3867 787.82684 1397.6053 0.010501046
383.73547 406.97205 733.0437 811.1593 0.010455002
605.0747 1303.1143 783.698 1719.46 0.010441908
420.8404 1356.7357 663.53845 1471.6251 0.010305124
514.01245 1701.7738 770.65125 1051.2108 0.010280676
522.8545 727.3906 1017.4126 1451.7518 0.010173365
622.91864 1345.3053 538.6166 966.2629 0.0100318715
494.30405 1874.7072 896.8686 979.5693 0.009946979
514.7951 1230.477 951.6203 1401.2793 0.009909552
583.44257 1161.1046 599.54376 706.17114 0.009906446
508.45645 2212.1035 994.79913 555.6054 0.0098294895
369.65945 1169.9841 641.5314 1891.1412 0.009743642
510.04636 2158.9927 996.87445 659.7958 0.009738789
780.6381 1938.3203 501.6596 581.6771 0.009675886
607.6938 1758.923 558.7397 857.43567 0.009647802
306.85156 301.34113 409.91397 507.6751 0.009567805
492.03375 1179.1573 803.3592 653.88806 0.009519239
826.42847 956.81934 200.63129 360.66235 0.009509964
753.6838 956.6625 327.4064 1030.4624 0.009486389
699.23413 964.51685 431.48593 998.03217 0.009431558
1024.3767 1739.0219 177.57454 195.13019 0.0093668215
604.7731 1348.2561 757.9454 1260.3491 0.0093320375
608.04504 1501.8247 692.8517 1476.175 0.009300232
574.2549 1133.3771 671.43207 1376.1188 0.009172175
723.5971 668.9932 234.2471 426.42813 0.009059398
465.64316 299.02536 571.52344 595.4156 0.0090537155
467.5476 535.79846 896.05005 1065.3297 0.009048738
589.34314 1514.698 679.55334 1545.1438 0.009038093
387.04312 496.88638 748.4493 995.1802 0.009026833
537.4825 892.7615 710.142 1222.6543 0.008996913
599.2555 1092.7399 612.80023 1128.8617 0.008950969
498.90836 1081.2491 798.1124 1129.3208 0.008759127
649.77484 1451.474 648.7626 1476.604 0.008742095
620.0205 1767.9438 660.00494 954.3477 0.008740289
763.656 1110.9965 149.67609 221.12091 0.008703511
511.20703 2396.4102 1004.07166 798.5085 0.008690166
511.4918 953.451 622.6381 912.882 0.008663806
384.52582 323.13617 559.67426 567.75616 0.008656969
815.9671 1134.4534 454.02963 1376.5067 0.008585673
422.92218 869.83307 727.55475 1427.4706 0.008323941
596.0197 933.2514 128.64467 143.08311 0.008322804
566.8301 2568.9885 1115.0048 468.53195 0.008264283
587.4208 1130.8074 653.0073 1364.8083 0.008226669
457.3168 799.7546 817.3245 1244.7129 0.008223515
513.8182 964.0982 612.0254 854.09314 0.008219616
604.77295 1070.2295 700.38257 1684.059 0.008139263
531.4192 1548.4491 564.26196 1351.7867 0.008116336
773.78357 1124.1633 179.60913 262.89166 0.008103689
271.51157 1280.0203 311.93478 372.75092 0.008092203
564.70856 1874.6978 692.88306 739.8139 0.008088006
620.84576 914.9891 604.4449 1251.8904 0.008042575
524.8969 1135.5634 451.36627 507.07144 0.008012069
582.9315 880.4814 629.7599 1172.0133 0.007994701
386.87924 264.77313 718.68726 528.613 0.007908017
689.97784 1026.3158 690.3568 1795.2224 0.007762674
529.0075 2422.7905 1037.5414 756.2809 0.0077476776
829.29034 2013.8738 119.621284 130.21744 0.0077210725
595.2781 938.2815 154.63602 168.7985 0.007711748
812.12134 1158.6207 452.803 1337.6338 0.0075871046
646.82214 2136.0369 511.8867 378.28052 0.0075361202
746.4743 2013.5863 442.18155 437.89468 0.007521401
393.46603 688.6692 756.2505 1370.7118 0.0074614943
656.28564 957.715 510.7779 1027.7994 0.0074391775
84.3795 2620.7102 160.06335 371.5509 0.007436154
646.8146 1144.4296 587.13086 1377.0012 0.0074287597
825.95276 971.9436 224.31345 418.30167 0.0074167266
626.68805 1156.9397 555.0288 868.0635 0.0073814862
548.5925 982.41736 703.00226 1318.3483 0.007368385
857.50024 1404.3102 364.6182 835.3944 0.0073094284
567.97876 1583.1599 396.3225 513.58325 0.0073001888
485.9041 973.65515 522.8348 753.13794 0.007255084
539.54443 1627.8846 657.6344 1569.1337 0.0072531165
514.685 965.2794 935.9838 1675.9148 0.0072007217
532.166 1338.4911 623.7972 735.985 0.0071932226
571.1719 680.4162 605.0932 1004.55457 0.007169055
610.75696 1753.4685 628.2469 903.55115 0.0071558435
495.90387 1260.9651 433.04102 1243.7467 0.0071335565
346.10504 2277.523 660.17267 411.23627 0.0071017994
559.50134 1681.3494 626.8765 1448.8052 0.0070655476
576.63635 857.6778 481.78323 775.32935 0.007051057
631.57697 1759.2379 749.2987 1350.3796 0.007048577
137.1963 224.21602 266.04202 438.30634 0.0070446837
679.18787 1528.6222 608.722 1448.4229 0.0070294836
643.5603 1148.3927 581.8451 1277.2899 0.0069826758
787.41693 1087.4968 525.59863 1814.4824 0.0069542592
547.7147 937.8636 690.3297 1285.4192 0.006942233
770.12537 950.0858 557.7232 1805.1738 0.0069197384
607.51587 1959.6843 826.04376 769.3604 0.0069147726
636.97424 1069.1229 595.15234 1315.5098 0.006871203
604.6021 1732.4835 672.0945 982.6672 0.0068593845
714.5378 1297.0897 622.4371 1830.6735 0.0068111075
1005.2206 1828.995 225.97914 393.4099 0.006797725
491.80038 1281.0566 787.7702 679.35065 0.0067845895
483.55322 911.0101 692.6792 999.5339 0.006764892
621.4442 1157.4052 232.82956 360.69485 0.0067601837
568.07874 2637.8003 1115.374 330.23846 0.0067554917
693.5487 1283.696 459.7064 873.2731 0.0067539304
827.44745 2004.9215 174.04836 205.98038 0.0067325863
284.87027 697.73047 200.03014 319.0251 0.0067171548
245.87505 2238.4512 467.5945 478.9691 0.00668311
111.88251 2620.035 212.76518 370.68198 0.006680477
815.71075 2031.0774 192.05492 216.76651 0.006625437
617.0447 1064.1534 309.3124 578.1374 0.0066199787
602.5094 1854.8737 554.4467 674.1148 0.006570904
491.59622 1177.5615 434.76895 1120.9996 0.0065645818
395.77713 1095.6343 603.3138 1236.2823 0.006545252
585.66174 2065.2666 726.50867 553.7708 0.006515613
566.1799 897.4938 680.2598 1287.0677 0.0064991387
230.33354 2320.6777 417.5518 313.21747 0.0064906613
703.007 1173.477 554.8429 1427.4252 0.006487157
624.7475 1482.4225 523.9254 1491.1234 0.006467086
694.4373 2003.1488 665.0633 737.4619 0.0064661205
617.0 835.79517 188.66165 317.19257 0.006455873
626.0682 1973.1078 839.23395 771.1896 0.006453179
265.9624 1895.2449 222.95145 271.1544 0.006419785
1001.3647 1394.4911 260.65637 2781.544 0.006418988
520.3547 377.2095 257.9609 347.0331 0.0064027263
795.2431 1253.1882 482.3552 1144.9491 0.006396638
557.10693 2312.9731 298.99728 280.895 0.006363055
589.25366 2186.9597 414.32098 298.21014 0.0063621476
497.82895 1670.4116 689.4729 704.99225 0.006339129
673.40656 1758.1687 608.0429 936.6457 0.006313943
769.03735 2013.6036 550.86597 761.57135 0.0063090115
470.13623 1752.5542 504.24536 1079.1848 0.006308808
572.6998 283.5874 392.04 564.6832 0.0063079502
700.76843 1464.5831 621.23895 1382.4242 0.0062558623
270.13742 364.96732 512.62146 702.2864 0.0062424215
455.58664 404.60468 298.22488 356.327 0.006234508
516.4253 1507.1466 580.6793 937.10657 0.0062311855
262.15994 1300.0627 505.36075 2484.2356 0.0062234155
623.0925 1175.5127 542.98706 669.8081 0.006221225
514.52576 2376.7012 1003.95483 841.6914 0.006210774
624.1196 844.53015 583.9854 1169.1722 0.0061840806
983.8232 1750.06 169.55737 298.1542 0.006179183
671.21136 405.1734 293.68918 437.6887 0.006151619
674.7039 1710.9055 610.1875 1121.2441 0.0061481157
397.00748 1714.0872 734.1962 1135.0525 0.0061404807
880.9636 1871.2706 321.44943 466.64517 0.006134402
747.8608 1515.3097 491.4805 1326.434 0.0061273184
278.50336 2277.388 226.85065 190.1799 0.0061146216
322.78207 2317.6018 341.07428 269.0538 0.006107963
758.16315 1322.1489 503.15494 1004.5768 0.0061058127
731.1317 1576.5228 517.34564 1262.1265 0.006093711
733.5133 1188.0725 607.98456 1987.9307 0.0060881455
290.91956 412.30698 292.88718 380.6187 0.006076387
390.7215 632.93176 752.8803 1281.8137 0.006066575
495.92496 1526.3789 549.899 705.75793 0.0060583577
746.6949 1171.8496 617.1039 2281.311 0.006058073
539.77496 2281.286 211.9734 184.95119 0.0060139173
448.48862 376.57986 591.4752 756.6838 0.0059751165
730.56696 1277.006 605.2321 1755.037 0.005967656
793.9955 1039.043 452.08643 1236.1271 0.005961021
370.43994 1838.9524 665.3733 955.7352 0.0059568575
771.343 1162.6669 286.04956 641.9131 0.005955923
574.0025 766.9784 307.22562 450.08093 0.0059327055
882.1971 1857.3562 295.19202 435.7053 0.005904312
501.3574 1000.5744 481.27722 655.7379 0.0058967234
421.67798 1713.6066 559.0621 1234.1617 0.005880171
438.95975 718.15564 535.72186 649.52783 0.0058758887
738.07245 1138.1006 594.30334 1563.0983 0.0058727833
533.9335 1397.6835 1046.4929 2784.8542 0.0058690514
712.0737 917.05597 615.737 1609.8539 0.005851697
268.55386 1391.4072 345.5849 611.69055 0.005846623
572.47095 1139.9825 415.35242 507.02106 0.0058311
700.2318 1091.3655 583.8469 1488.125 0.005824931
521.8155 1176.4606 276.50986 363.05923 0.005822054
254.06288 1940.376 486.62415 1069.0819 0.005791924
485.81473 1408.1255 764.9039 662.3512 0.005791355
284.7545 1949.8457 258.3557 317.53683 0.0057826694
679.02545 1162.6759 424.52982 608.071 0.0057653063
759.9503 1629.0685 519.2814 1248.4904 0.005759416
775.1964 938.21716 519.28625 1533.8716 0.005730295
281.18637 309.1026 258.7277 338.68002 0.005727449
522.0344 1553.1904 304.66937 442.92252 0.005722897
543.1167 1499.3685 245.59425 312.05637 0.0057151993
219.42464 1798.4271 419.29675 1314.7609 0.005683185
538.3205 1770.1763 638.7907 803.1572 0.0056603784
760.6741 1314.6068 532.39325 1054.1753 0.005656201
885.79565 1900.3588 175.71408 240.00858 0.00563975
762.2119 1307.9308 554.9854 1875.0632 0.0056367884
772.0598 932.9579 357.66754 959.1607 0.0056321663
692.13135 2202.2893 379.665 417.26053 0.0055933874
781.6587 830.37415 303.68253 680.9781 0.0055838926
454.6541 414.55545 883.5015 825.16815 0.005581008
324.72284 806.2274 393.54584 567.0217 0.005580671
1041.1191 1903.1208 173.88322 528.3232 0.0055660596
471.87524 1322.4282 670.1106 643.235 0.0055497433
952.82635 1577.4526 188.96265 506.2843 0.0055268817
321.5112 845.13794 555.9272 928.4273 0.005512959
619.0154 1313.4895 550.3827 896.32806 0.0055092424
647.29004 1163.2124 284.66647 428.52686 0.0055013485
443.05215 741.2294 400.53845 477.42227 0.0054951115
662.4291 798.632 729.6075 1584.5555 0.0054923026
637.47736 1392.799 501.94135 873.69006 0.00548643
580.6931 1037.3427 600.996 1121.5427 0.0054841302
535.78235 160.76024 229.3555 300.7934 0.0054816757
1010.878 1959.9814 234.7608 639.4379 0.0054792487
670.6494 449.1083 387.52866 771.8653 0.0054704654
977.17914 1406.8165 163.52332 844.8378 0.0054618563
739.35504 616.10486 387.1605 980.856 0.0054594143
613.0702 777.8562 133.43239 171.27248 0.005458596
532.80634 1024.4338 469.40622 862.32776 0.0054472596
260.58365 2130.1716 498.0382 697.3366 0.005443195
739.0322 1935.4078 645.3717 698.2075 0.005419528
352.83557 171.51984 289.85147 273.86975 0.0054139844
384.8357 1460.4097 522.1537 650.99536 0.005409167
547.5017 1006.78864 394.50186 653.4247 0.0054083797
655.4375 1966.8186 370.42865 449.08353 0.0053899614
515.8739 2284.715 173.08904 157.76628 0.0053770314
969.193 1497.6788 164.37851 662.0987 0.0053662728
824.7006 1273.6031 442.70908 1749.1207 0.0053648017
256.7917 1223.2444 427.1823 622.56757 0.005356936
511.34512 991.1249 408.66965 823.9113 0.00535435
698.9983 1732.5242 647.1254 1444.2538 0.0053537856
829.469 1926.6481 260.39392 347.50546 0.0053428505
300.62396 790.4563 251.52832 499.4852 0.005341163
553.4653 1136.4866 646.40344 675.7144 0.0053277994
476.72375 1160.194 447.60657 1135.5553 0.0053183464
657.87006 2235.3706 326.84155 367.95813 0.0052975635
565.35724 2321.0964 292.89044 293.6152 0.005287081
534.5246 1086.6462 427.05762 1429.7681 0.0052857045
716.65704 615.49725 290.1051 519.1151 0.0052750977
755.7421 1340.7023 507.00174 973.2458 0.005264022
522.0695 2037.562 518.2521 448.81226 0.005223155
397.9171 748.0683 589.7174 719.7162 0.005215814
921.0971 1412.0836 259.6478 836.9022 0.0052110706
1015.3472 1542.2855 207.714 600.49274 0.0052022683
583.18994 974.6616 678.35394 1407.148 0.0052012713
535.90125 333.6998 338.67377 450.9904 0.005173294
595.122 2162.2825 121.15137 167.5887 0.005165797
526.5245 880.03796 547.20624 821.7065 0.005148506
729.989 621.7172 556.37634 1250.444 0.005145754
663.4133 1503.1017 302.43805 371.00485 0.0051443577
334.71118 2107.4634 624.9902 631.52936 0.0051394477
568.648 2069.9639 246.21738 330.51108 0.0051378
637.7043 1090.4071 497.1405 733.6952 0.005095388
579.6672 750.8856 342.4541 533.19446 0.0050691264
672.12885 977.48157 454.95453 927.229 0.005063077
999.88916 632.62665 266.77145 1268.6039 0.005053521
668.3134 407.6806 407.3987 807.95496 0.005030361
805.15674 979.9482 228.5581 355.2832 0.0050210925
671.38885 883.1728 453.0952 667.357 0.005019242
513.1145 1647.2925 596.60175 594.6835 0.0049774144
833.831 1027.2571 232.69885 522.03375 0.0049576117
733.443 277.66772 274.24155 412.04288 0.004936193
783.6384 1560.2688 506.9807 1674.7307 0.0049307295
696.821 542.7029 518.9422 1089.4834 0.0048765745
743.39874 763.00146 596.5738 1533.126 0.004852907
774.8927 1057.9719 464.46848 1318.6617 0.0048470953
387.87845 770.3585 606.2671 599.6314 0.004842759
528.351 2315.0503 1015.83307 972.21655 0.0048234463
807.826 1185.7847 505.7457 2359.0952 0.004801559
1036.8313 2112.75 193.96767 942.28265 0.004796512
355.16693 1015.2094 525.16296 1205.3402 0.0047958954
863.256 1648.5936 284.81796 389.53162 0.0047910204
561.8595 1170.1628 458.72647 1791.943 0.004790282
112.80474 224.6808 215.39899 424.4028 0.004776138
682.59064 825.80994 281.4211 368.07373 0.004761324
729.4098 631.92206 545.7187 1274.6487 0.004758069
244.58421 1677.214 464.46014 1103.8309 0.00475036
852.9199 1384.2915 358.99872 869.7702 0.0047290153
834.2371 1247.4279 263.38763 532.0996 0.0047229063
336.31955 196.50374 261.78363 257.54425 0.004716565
655.237 1531.257 263.83752 377.52957 0.004712307
903.03455 924.9264 353.61533 1856.162 0.004708118
475.63675 851.8174 510.85217 1113.2985 0.004704363
840.381 2021.5791 522.8054 768.68445 0.004696682
599.24316 1142.5339 468.2221 557.4308 0.0046937945
807.1584 1303.4985 493.62106 2213.3374 0.004677438
823.80664 1581.0087 431.7912 1305.8408 0.004676981
575.9602 2085.2651 190.07472 259.0375 0.00467606
814.70654 988.66626 236.92212 910.2631 0.0046667946
841.9254 1500.196 410.4723 1260.0662 0.004659117
659.7241 1748.0492 239.99376 367.42368 0.004641573
573.168 1809.5048 856.5294 519.03503 0.0046215774
838.84705 1009.04663 237.48393 467.0501 0.0046177115
296.2615 590.08704 87.20004 103.46886 0.004610846
379.98758 828.3281 728.2743 1631.3208 0.0045890776
401.94946 1927.2786 382.7045 621.1756 0.0045816214
821.61395 1069.4286 291.57962 739.9236 0.0045741554
950.0865 1916.7632 329.58386 570.8917 0.004562277
621.6721 1730.0098 344.196 551.81775 0.0045599258
921.36475 1579.0088 245.5356 513.93884 0.004549812
910.12256 1298.5125 328.73996 1062.702 0.0045353025
328.1812 571.2682 377.6281 516.70337 0.0045335335
562.49805 1321.7325 329.07703 916.78534 0.004525333
253.9583 1583.1433 480.07874 1321.4333 0.0045240186
883.3053 1241.345 336.60873 1106.9586 0.0045220433
635.99524 2161.8926 184.23491 250.19989 0.0045159473
885.67896 1276.6356 347.34387 1150.5591 0.0045066644
444.51944 786.28564 449.7227 531.1906 0.0044949003
747.0433 194.17853 279.65234 383.72064 0.004494414
827.05695 1086.8264 234.44629 650.42664 0.0044746436
1000.7806 465.19186 266.4512 934.4644 0.0044726967
692.5299 2169.8613 148.89188 235.87271 0.0044698673
374.59155 2488.7007 729.56976 623.5572 0.0044633704
363.34915 699.7443 309.9359 376.014 0.004445241
772.3366 2073.6362 205.15129 192.27104 0.004442766
473.6942 2365.072 172.72891 176.75798 0.004440649
244.96921 1184.6422 434.65286 836.6878 0.004439888
456.80548 732.9882 205.48656 288.89914 0.0044195848
881.2695 1927.41 461.74182 645.84045 0.0044174744
308.32645 432.2994 393.51874 529.94806 0.004404487
1044.881 1588.8086 157.56694 492.61215 0.0044041025
341.68674 1254.9291 209.37198 288.68762 0.004389768
819.27606 1565.0316 430.27087 1462.1726 0.004378296
282.29675 1127.5558 358.44028 558.2133 0.0043753018
1052.8453 1434.1368 163.90283 805.3728 0.00436989
481.15173 510.35822 557.5985 1035.4929 0.004364068
1058.9728 1780.6293 120.116104 191.56168 0.0043363497
692.5262 1777.2496 243.44061 377.0245 0.0043355078
728.08466 1154.6572 220.13846 361.5808 0.0043329955
546.70416 1666.8546 450.59918 1295.5486 0.0043233884
640.32245 1646.8075 629.4529 1613.7678 0.004316946
643.6488 1182.0851 467.52008 1161.2864 0.0043099173
1068.5122 1451.516 136.11295 765.95844 0.0043091034
822.9667 1967.8417 575.1669 659.4602 0.0043079597
655.15765 2057.853 411.05847 806.3995 0.004303644
884.9254 1157.2335 311.21127 806.6233 0.0042984514
469.77747 760.63477 399.17566 450.20114 0.0042875996
614.7426 1604.1304 544.20557 827.9969 0.0042810473
615.55615 1272.2966 553.2392 790.89386 0.0042806203
802.97943 574.2729 417.9891 1162.886 0.0042764135
204.6393 1985.705 361.0028 492.37796 0.0042680865
613.0513 774.3687 158.4464 202.66147 0.0042669354
527.82904 524.11444 1040.1418 1051.5979 0.004248565
442.632 2348.242 615.16614 283.28375 0.004243606
806.72626 1565.9999 471.06073 1567.2638 0.004225283
596.4642 1928.0538 305.3966 729.399 0.004218892
685.9458 1433.456 218.66473 285.2474 0.004215642
195.65085 1944.0132 359.29782 789.5019 0.0042112605
648.72437 980.5027 504.68314 892.8581 0.004207982
834.99603 1913.9769 420.65463 600.6872 0.0042024474
782.5519 1397.7164 297.8462 545.3266 0.004200616
469.29434 617.2762 899.5119 1255.6946 0.0041957204
532.7182 122.793594 333.33273 236.47432 0.004193521
647.2022 341.02628 475.74457 684.0589 0.0041889814
694.4349 1786.0924 625.64777 417.86816 0.0041769054
246.45651 703.5473 379.80228 513.9148 0.004172885
578.5575 829.66113 209.34737 298.23636 0.0041672653
194.37895 266.8203 97.70816 114.45914 0.0041612894
710.27 737.44904 325.047 691.15594 0.0041534463
629.6965 2701.8298 901.6912 409.2348 0.0041343016
390.34454 2159.8123 344.9898 317.13727 0.004127701
723.4024 2106.8289 143.17142 195.5542 0.004125038
392.54364 678.035 177.7555 257.39432 0.0041246894
834.8372 1686.3977 397.05945 702.23706 0.0041105305
633.7117 1965.401 207.00475 279.9357 0.004110363
647.1803 1588.8517 326.5002 1253.3696 0.0040810714
547.2822 2130.0647 169.20729 275.33005 0.004075625
782.2482 1521.6455 423.0404 723.61847 0.0040661213
657.819 1977.3079 327.69366 718.1031 0.004054465
885.0393 1286.7245 333.8835 1079.9789 0.004044801
281.1467 2251.0754 494.84824 468.41745 0.0040369923
738.0442 1377.8645 563.9919 1135.068 0.0040342077
728.2785 1710.1669 611.9173 1551.1611 0.0040126783
631.92834 1306.6798 492.21686 616.318 0.0039861226
565.9151 2021.5387 171.94296 205.82922 0.0039807893
514.18225 753.63086 357.26486 461.07056 0.0039783265
432.7951 707.4467 775.5484 844.493 0.0039766473
582.1265 1465.9392 683.4716 1526.2572 0.003940096
851.78326 1154.4209 434.81717 2319.3335 0.0039399876
380.4174 2427.234 734.50305 743.99713 0.003938955
689.5363 1777.5386 510.8402 856.49243 0.003936508
600.9431 862.72894 191.6013 266.65717 0.003929229
448.94504 1112.5793 432.55804 878.75183 0.0039259437
1001.20874 1320.9465 219.01764 1025.5184 0.0039170203
636.68604 1422.369 483.77188 586.07446 0.003904632
719.89795 1066.0497 204.13245 263.06305 0.003895381
477.28046 1382.3665 305.9046 424.69846 0.0038934187
935.1204 1402.9603 364.9153 1285.6213 0.0038879688
552.3644 1685.8575 519.09344 1451.2123 0.003863169
533.27515 1067.8783 361.18762 927.75287 0.0038629598
607.57526 1825.2783 278.3043 460.60526 0.0038537486
851.007 965.55774 229.33688 375.20374 0.003849166
962.37683 1393.8313 326.96765 2778.5737 0.003843177
994.5901 2675.105 260.02887 259.19638 0.0038385813
113.179115 125.0547 212.25298 223.29688 0.0038363852
478.83963 1634.5154 525.63965 473.21918 0.0038337307
655.72736 2125.903 181.03403 193.57344 0.0038307293
818.33417 1601.9149 447.3073 1733.7328 0.003824827
520.3606 1803.2631 317.19937 526.49146 0.0038235772
489.04132 2249.8152 420.22327 454.15775 0.003821756
511.4853 1047.7045 309.10577 522.8069 0.0038215546
772.85077 805.1332 312.82538 580.5028 0.0038177825
779.44214 1442.5735 272.95648 372.4545 0.00380747
758.281 661.9364 252.884 375.29837 0.0037986215
678.5387 1655.5692 691.3798 1602.5992 0.0037979884
1004.7978 2580.7766 255.17667 447.968 0.0037927239
179.18474 2115.0747 343.98175 1368.1853 0.003790955
570.1827 1849.207 364.25912 1069.134 0.003785508
694.5847 2340.463 726.21844 1293.5629 0.003784494
545.74054 1715.6433 279.6963 551.956 0.0037801422
823.86145 1861.614 561.91705 494.89734 0.003777613
179.73207 765.3957 298.961 459.29092 0.0037707407
751.0586 2068.4963 579.8168 840.4146 0.0037661095
331.741 1600.5482 573.16943 1737.0295 0.0037639975
600.0057 1797.6788 192.98364 277.1099 0.0037617825
776.4107 690.9203 306.54895 639.15247 0.0037404972
946.4106 2088.7358 360.46817 901.32367 0.003725027
578.3065 1892.5973 243.80966 382.47476 0.0037224689
780.86475 2025.7523 544.86255 888.397 0.0036982866
676.8153 786.99133 308.06625 631.47314 0.0036966566
879.601 1534.9398 321.73096 598.1462 0.0036964128
303.38742 1272.4509 593.8278 2503.0803 0.0036894984
677.1906 1197.1844 215.89021 330.69757 0.0036709618
314.1218 1765.5936 282.09518 421.76508 0.0036664337
669.6297 972.34314 465.1389 966.0872 0.0036580001
870.23425 2002.7662 137.21933 164.47772 0.0036548385
625.5717 1461.926 425.3403 986.3379 0.0036478632
640.6878 1510.8777 248.46127 350.3831 0.0036456021
700.99725 1284.9515 645.2359 2039.8099 0.0036442813
640.49536 1314.635 581.79333 822.3764 0.003640732
1004.18823 241.86125 266.05457 484.74927 0.0036286057
481.49783 1618.7732 882.86523 1587.2781 0.0036144073
105.387825 2407.9443 199.24785 800.8577 0.0036061227
515.52704 365.25638 244.56754 324.15622 0.0035968514
846.8532 1107.4401 214.48402 599.953 0.0035833593
410.6418 1291.482 197.75212 269.63022 0.0035829572
895.17004 1706.8297 171.19785 236.03226 0.0035730018
322.14966 1859.544 304.54675 790.19055 0.00357242
131.51068 2345.3782 245.16743 275.1683 0.003563122
366.47186 415.30963 191.28824 238.9879 0.0035613377
460.67545 134.15118 573.1154 264.97363 0.0035534732
393.4143 2350.6892 737.4881 275.97156 0.0035247765
902.2967 1239.9648 361.284 1266.8717 0.0035233614
353.96527 1395.0916 179.84361 257.15793 0.0035096533
535.13214 2462.66 1039.115 688.83417 0.0035094332
778.48517 2096.389 167.01842 212.4561 0.0035071026
358.80197 144.42696 274.73657 276.05078 0.003505795
512.59515 470.547 372.57712 470.14175 0.0035051852
948.79193 1848.8296 315.0241 428.92755 0.0035032404
830.9177 1053.5665 245.2644 631.4649 0.0034983165
843.72675 754.0418 431.79828 1513.6104 0.0034897695
1058.2181 1760.4006 126.24932 314.97546 0.0034891625
826.9486 1964.3417 109.21756 128.51164 0.0034738733
728.5997 1247.0441 405.09985 1676.8357 0.0034649265
835.9857 634.9331 484.65036 1295.0774 0.0034596995
521.10974 2174.6306 434.14252 725.06915 0.0034435352
989.4092 1789.3531 205.15631 320.4117 0.0034408446
116.98717 2054.7053 221.03763 1504.1567 0.0034342047
118.85178 2106.3086 201.685 273.5347 0.0034336955
587.0671 2194.9912 463.60986 1074.5668 0.003423789
126.57647 2179.5674 234.5866 603.48865 0.0034190025
296.43927 716.24274 245.5195 307.99493 0.0034168018
851.12524 1545.5562 165.47989 249.83887 0.0034130465
852.3739 1451.9694 352.03104 958.0138 0.0034076306
43.22742 2718.4685 84.49679 180.81581 0.003400028
924.1974 2577.0596 397.89566 458.85855 0.0033921457
503.8794 1287.9012 389.72864 396.6668 0.0033872102
643.3396 103.1894 224.75919 202.3875 0.0033862588
796.8214 1200.2826 428.8973 888.7468 0.0033779205
943.44525 1194.8295 212.81677 696.94696 0.003360166
619.46826 93.48038 264.42822 185.14005 0.0033550123
519.80145 1869.5692 341.89902 1060.869 0.0033492914
824.8127 1233.8357 218.8608 455.8946 0.0033441572
1022.1955 313.90646 225.77075 602.2068 0.0033422427
277.2039 1386.1526 285.76422 465.45853 0.0033215468
481.0142 1016.1861 534.42975 1030.0905 0.0033112376
43.742275 2622.0112 82.15641 366.32068 0.0033081074
588.5228 2690.0022 918.0736 452.1196 0.0032997488
455.20792 300.75186 912.5506 600.756 0.0032880125
570.1002 840.05914 229.6817 441.83905 0.003280743
694.63605 1372.811 375.35678 962.9313 0.0032726326
655.68475 1258.6101 421.1967 1706.6221 0.00326111
478.26962 2130.0576 458.7557 1318.1187 0.0032586546
743.4311 1396.4546 326.60483 1053.3704 0.003247996
28.283712 2709.6162 43.791054 195.74 0.0031936227
1042.3136 961.81573 195.12793 494.42157 0.0031896876
705.5281 515.819 711.1309 1040.494 0.0031885053
578.7583 2372.5857 285.64142 240.54013 0.0031883584
742.2912 1271.5513 304.3004 1550.9154 0.0031836668
775.36053 1389.198 508.21045 851.4737 0.003180465
710.70917 1411.1907 564.1864 1715.9382 0.003179188
729.4417 1355.55 367.50574 994.8691 0.0031713818
407.4118 1739.192 351.91797 607.9779 0.0031571758
392.60168 1450.1802 353.48563 920.8899 0.003147629
599.25916 1745.8287 338.86346 913.4393 0.0031357673
249.07607 1320.9492 352.88107 1682.6814 0.003128084
708.56793 1642.8127 246.30687 1026.628 0.0031279025
762.3326 1343.0934 293.53406 804.31104 0.0031144489
1055.4858 2630.0876 155.75063 350.95633 0.0031106418
825.85693 1201.827 296.9528 1227.8942 0.0031072015
718.01624 1418.1416 390.92328 873.95715 0.0031046872
645.35706 1250.0078 382.57315 1025.9017 0.0031045943
791.7716 1330.131 484.3788 992.3558 0.0031011575
800.7737 2202.722 251.26491 276.37897 0.003094013
961.2523 1234.6749 131.81544 312.217 0.0030933896
859.85376 1436.7948 350.0256 920.69244 0.0030875162
935.4934 1690.9846 177.1161 292.1835 0.0030679286
602.87256 2375.7908 353.57236 611.07214 0.0030597057
348.37506 1035.1757 513.98596 1027.716 0.003052719
561.633 1173.7587 358.95834 976.8709 0.0030452847
586.91925 1280.0645 179.8722 257.02414 0.003043283
772.96985 1161.6033 499.28177 1265.766 0.0030293195
1021.4537 799.49585 236.84766 772.6779 0.0030291334
779.4799 1776.0496 203.03192 404.99887 0.0030263541
686.17084 1794.379 252.60681 561.7385 0.0030250552
429.34213 1367.331 379.10284 883.66437 0.003022337
364.30557 633.5091 410.05865 577.52167 0.003014955
933.06836 1192.4877 339.69556 1280.5679 0.003012932
381.80466 128.96678 749.2672 253.83725 0.0030017688
846.95654 2635.9214 333.3259 329.95413 0.0029844558
567.3216 1891.5697 890.1005 1399.3989 0.0029590197
501.22162 1340.2979 495.66022 423.6547 0.0029571252
833.4568 1964.3228 102.94518 127.84064 0.002954076
357.44037 84.55511 270.13132 163.1461 0.0029213266
851.195 2221.0076 520.0373 878.8763 0.0029186793
929.4054 2561.0222 333.13525 354.56494 0.002906004
905.1952 1730.2496 310.12384 932.4509 0.0029004205
527.3224 1255.8511 493.96027 425.80356 0.0028989522
573.2999 1106.5162 437.0352 1710.5464 0.0028972973
601.7329 1125.4087 436.36496 1497.3206 0.0028959366
727.4348 931.06104 255.2893 666.3579 0.0028939738
743.6887 1101.8165 567.08734 2060.832 0.0028935666
876.01587 2561.0215 455.4366 456.5043 0.0028776063
794.9951 1056.1613 463.49533 1186.4657 0.0028745553
278.08844 1078.3047 497.36017 935.122 0.0028717236
687.39374 1745.0096 165.8761 231.73676 0.0028709564
977.66583 1291.2186 277.24744 1123.4862 0.0028691017
272.0112 1046.4457 431.52365 1647.6154 0.0028684812
822.39996 1267.5958 184.7316 369.77524 0.002864338
900.2315 2125.3472 496.1264 1037.4314 0.002851989
891.2854 2583.4285 309.2181 436.10635 0.0028486443
232.10922 1739.6799 401.11392 992.9393 0.0028440969
507.362 1075.6558 887.1745 1149.6764 0.002842799
666.5896 1617.2474 698.4596 1591.1609 0.0028363613
528.468 1397.1444 1042.3221 2776.6816 0.002834203
250.4757 207.66542 480.03223 414.5929 0.0028279903
618.5363 2277.6267 484.5968 658.84033 0.0028124028
672.24274 43.044357 167.79875 81.77695 0.0028076794
374.56476 1233.3486 614.21765 1812.8438 0.0028054442
1016.92444 851.80054 241.45332 562.853 0.0027993398
349.34805 2637.6885 730.4353 331.45572 0.0027853358
991.0486 1692.637 231.77327 491.9262 0.0027846552
749.0414 2651.8633 291.3603 296.5544 0.0027763955
494.49268 2690.2852 804.2662 230.7937 0.0027682171
947.39417 2643.6091 303.2718 309.0679 0.0027586583
564.5244 2316.7996 333.47806 662.8201 0.0027575383
791.9382 2319.6116 509.5335 1084.5492 0.0027482165
809.86847 1651.4686 505.797 1631.3245 0.0027449252
955.2013 1721.9784 324.37903 829.07275 0.0027441187
129.8749 705.1406 208.35608 305.90042 0.0027429601
818.4659 1937.096 574.20264 1092.6107 0.0027356017
342.92856 2370.4978 458.05743 235.1743 0.00273082
910.24335 2456.4255 417.0592 695.70654 0.0027306876
645.00183 1211.2307 255.63838 450.6203 0.002730067
531.1053 1070.5514 782.0666 1263.4827 0.0027227765
323.65387 1684.9877 187.34036 248.19922 0.0027095063
483.7482 1422.1705 745.4478 448.91177 0.0027018494
601.97076 1247.6442 190.01486 257.8645 0.002700168
1026.8645 1945.7585 215.2434 977.47076 0.002693922
343.00006 2633.746 714.61255 338.6861 0.0026906878
1011.0875 973.7837 256.34216 1714.6306 0.0026897485
822.633 2296.455 584.1597 983.5874 0.002676518
685.0331 2376.284 210.44003 215.29361 0.0026604976
677.1911 1257.4589 304.85294 436.60556 0.002653943
141.54105 118.51198 270.27344 233.00748 0.0026521413
669.8185 2370.673 537.85205 377.99307 0.002649219
867.9555 2646.8843 268.6074 283.81497 0.0026485235
721.9659 2456.683 449.9934 618.03534 0.0026457603
662.49 2741.6487 845.7824 316.44226 0.0026449803
807.8752 2705.6511 282.51022 200.70944 0.002635158
748.49585 2576.6204 230.98843 224.69289 0.0026298848
145.44843 789.0354 253.8699 675.7577 0.0026225345
845.9141 2174.7478 510.23615 712.2215 0.002619108
804.12524 2498.9465 268.27563 214.10287 0.0026186036
995.9197 2394.6157 251.08067 283.4421 0.002609873
942.3702 2687.0176 292.43274 235.86029 0.0025985774
780.873 1541.4006 291.3973 579.58734 0.0025871263
878.07855 2540.555 484.36255 521.1787 0.0025846716
504.3865 1257.4961 355.4589 956.987 0.0025826686
675.23114 2678.1592 289.15808 247.67018 0.0025780885
510.05927 1403.3291 985.9979 1052.81 0.002576946
407.13535 1509.8119 373.41104 928.6142 0.0025695858
879.82086 2624.632 248.64104 288.62622 0.0025676505
574.7566 2551.7002 283.26324 455.14804 0.0025669606
967.7027 2677.8325 173.49275 214.6386 0.002565762
988.8291 2758.1265 283.31137 81.9661 0.0025614884
230.01575 2641.6235 330.22705 321.3138 0.0025488096
1015.9632 777.22076 245.19148 640.5711 0.0025483754
155.43813 422.31085 294.1409 778.9411 0.0025431968
914.0272 2665.771 185.47255 257.69113 0.0025426694
785.3484 2228.719 280.66165 289.4711 0.0025415015
743.69135 1879.9484 246.409 364.0459 0.0025382338
629.14874 1839.4587 379.15814 990.0573 0.0025325408
861.9829 1268.231 390.9198 1117.0553 0.002531151
1029.8165 1074.3682 220.9628 521.0764 0.0025259675
899.51117 2678.1477 418.08673 252.53622 0.002521268
826.3764 1110.635 198.29407 459.2053 0.0025199458
671.4153 928.75616 346.86987 720.2822 0.0025198488
836.0827 1315.2473 490.79922 2606.4587 0.0025103719
484.18707 1247.1031 361.87012 723.8523 0.0025085504
570.7618 137.58925 122.588 197.90926 0.002506703
388.5613 858.62036 724.54626 1090.6068 0.0024997352
832.27057 1222.207 465.8683 2474.0784 0.0024980523
778.91974 328.7539 676.7303 661.12 0.0024896492
524.13837 1678.6643 1010.67676 2229.5342 0.0024867805
1049.7157 2465.6052 158.59798 381.26782 0.0024769632
141.95135 102.36265 270.326 198.81172 0.002471907
531.08405 1256.0431 1041.0244 2459.557 0.0024650393
860.60345 2615.7332 196.5587 228.11417 0.002450418
628.8987 2437.633 449.23074 607.9596 0.0024451506
921.16754 2697.8533 421.4068 219.11517 0.00244106
827.34796 1327.5621 171.44258 277.3796 0.002432294
1042.4498 2222.5066 191.13388 467.1209 0.0024280353
976.9618 2678.1807 287.58868 253.49643 0.0024256133
923.7039 1141.5623 158.1455 260.767 0.002415528
922.0766 2720.9624 282.33395 162.72258 0.0024146228
1005.8603 2265.0376 248.41066 465.32416 0.002409101
578.8675 2632.8423 948.4929 472.5463 0.002404472
914.31006 1311.5942 166.06564 267.62094 0.0023964744
303.7753 34.97175 475.76236 69.33024 0.0023960993
783.5407 2275.3923 161.59007 171.65346 0.0023945018
966.06 1535.7074 159.16383 570.6145 0.0023931412
847.74316 1790.7622 497.82452 895.16766 0.0023908778
945.95074 2653.5464 331.0358 298.98874 0.0023809967
986.8608 1851.5271 285.305 1390.3977 0.0023702395
1068.4669 1040.2625 142.34482 370.39346 0.002368915
495.14307 2011.2006 469.4523 1234.2078 0.0023675112
1066.6571 2703.143 130.5382 204.46327 0.0023631149
993.9758 2535.412 175.3759 212.11676 0.0023578664
818.8229 1962.5715 579.02893 1066.1171 0.0023546899
847.01245 1226.8004 427.44254 2311.1008 0.0023520153
588.6204 2608.3508 341.32327 356.26004 0.00234807
1063.7958 2179.4675 173.94661 378.3573 0.0023404085
781.4674 2594.716 334.33112 395.52972 0.0023373421
1042.6714 2574.8987 159.17366 299.3006 0.0023349805
567.21625 2592.8806 592.9 444.7797 0.0023274403
1051.1215 2146.8103 179.30833 486.78058 0.0023185397
1014.4354 2338.102 224.17892 294.32083 0.0023180312
75.30167 2729.639 140.5256 150.3714 0.0023159557
1055.8868 2579.456 142.70569 451.921 0.0023157452
1062.6259 1658.0706 132.89694 365.91696 0.0023156032
1080.3539 1525.9436 118.23335 507.1556 0.0023138172
880.25836 2634.7393 220.60414 304.5074 0.002308053
1021.2991 2361.5078 223.80836 923.0379 0.002305475
1053.318 1840.1407 161.46994 259.06696 0.00229955
1049.9938 2651.668 157.56836 291.57672 0.002299492
900.9984 1628.448 204.13388 558.32605 0.0022916694
1001.4762 1451.1062 118.97759 739.7967 0.0022895094
1075.0796 1935.4237 131.92744 599.4806 0.0022862332
1072.287 2546.191 115.7941 525.5097 0.0022831638
920.81226 2370.048 371.06375 446.9097 0.0022813517
1048.2295 2265.5652 178.58307 407.10425 0.002277853
1043.258 2463.3333 182.5213 240.99223 0.0022714452
1014.1484 2311.8423 228.1182 270.0513 0.0022590228
392.94385 1525.3644 607.2707 1376.6865 0.0022584337
660.6423 1587.6184 685.877 1673.3745 0.0022577087
380.49222 1397.9888 452.67105 1024.1848 0.0022555068
450.69446 1089.5717 533.14056 696.2684 0.0022535804
1049.3806 2478.1938 168.6355 658.91583 0.002252142
848.09863 1235.4349 173.35185 329.46964 0.0022491203
996.25806 905.9538 283.0019 508.2749 0.002232933
1070.6134 1091.9386 141.84006 446.86224 0.002229221
1008.6921 2581.1567 242.19563 448.92422 0.002228376
750.16925 2520.1797 275.46268 304.16534 0.0022208907
789.8911 2638.269 224.34956 324.73242 0.0022203436
645.8059 2787.6404 916.97705 266.61728 0.002216667
520.51276 1786.3865 904.45135 2231.7136 0.0021903329
1061.9009 2164.4526 157.86899 600.98 0.002189989
936.44727 2669.229 297.1272 258.7536 0.0021892502
1078.3367 2385.942 101.18729 357.8517 0.002182946
977.22955 837.90405 179.41898 393.39688 0.002173858
805.92206 2192.7876 444.28204 1217.9812 0.002169122
470.87827 2093.849 935.5086 770.85254 0.0021674228
970.6211 2354.0293 227.97664 284.4183 0.0021592376
118.442825 2605.5842 212.87512 398.36646 0.0021367935
757.31244 2422.2712 234.92181 183.62013 0.002135136
541.86383 2735.3157 899.22394 206.52692 0.0021313173
559.35394 1134.4 361.7937 546.0086 0.0021278264
1045.8722 2497.0356 184.113 305.7729 0.0021267869
1014.5872 765.9744 210.50958 447.04355 0.0021204574
947.1525 1173.662 255.56009 675.9573 0.0021077862
180.55289 1510.287 355.8832 1938.39 0.0021059487
967.1917 2704.674 261.61578 195.49266 0.002105625
621.34845 2691.1687 925.1335 277.30774 0.0021037813
632.60406 1096.4374 158.55045 284.6529 0.0020964066
1005.3272 2731.5388 253.86182 141.68956 0.0020926152
364.84485 2674.3562 727.0249 260.6441 0.0020785767
1109.7712 2650.3591 72.98257 310.50247 0.0020703163
507.9432 1455.3739 1021.8511 2196.4185 0.0020571023
1049.2405 2703.9058 157.14552 199.0571 0.0020524033
369.8451 1336.4313 478.2353 1375.0421 0.0020491164
728.1168 1113.1544 292.04083 511.09558 0.0020472782
778.6326 2082.111 488.6913 810.8183 0.0020420183
956.6277 96.76995 194.90343 281.17313 0.0020348858
558.39154 2758.0088 1061.7203 191.16315 0.0020303957
384.18994 14.939126 759.0094 29.709661 0.002028138
534.275 1414.2395 1038.2935 2738.6333 0.0020159474
446.4094 2778.8025 832.62103 71.83093 0.002011972
1050.8352 2301.928 180.40494 499.12756 0.0020095692
546.30896 2759.3276 1027.2192 199.22646 0.0019992534
1020.45074 2754.1147 228.52496 96.73462 0.0019978161
772.9472 2485.6323 216.68466 211.01701 0.001994202
1093.0569 2342.0366 83.765976 411.826 0.001985406
516.0465 1428.1714 352.3626 724.3391 0.001972452
150.27962 2633.8923 336.34915 337.19278 0.001966813
1094.5532 2681.0771 78.198524 252.04161 0.0019506791
1065.7252 2205.7197 117.120476 397.71786 0.0019489143
131.31757 130.21631 253.91174 252.74379 0.001941876
1056.8154 2153.4866 162.23901 319.65942 0.0019398079
229.74516 2729.6006 390.63007 156.08287 0.0019362414
552.2793 2604.8274 869.66156 428.7084 0.0019352289
1020.7072 1746.4075 243.62408 1255.2322 0.0019243658
967.0845 2617.186 348.64008 381.83823 0.0019227802
1072.0565 1412.7341 132.69322 366.01483 0.0019085185
1010.4176 423.01224 223.069 478.2811 0.001897571
1075.3413 2298.8003 143.96022 261.6105 0.0018948773
730.0036 2775.5227 442.92014 65.988976 0.0018924933
1095.405 1459.1006 98.742485 754.89716 0.001885035
946.2289 2681.1387 316.73825 298.73904 0.0018834342
1081.0929 2484.3547 99.83393 470.93887 0.001882806
1011.1713 1289.3787 147.67172 298.51758 0.0018821107
1016.7806 565.4688 277.7779 1152.629 0.0018776656
330.59604 2634.48 219.31898 214.90605 0.0018701634
1016.5433 951.5329 189.86847 270.08517 0.0018679056
916.3022 2181.1343 168.70111 219.79088 0.0018563477
286.87372 2696.2468 510.81284 221.70044 0.0018536116
107.16084 214.54257 187.78006 401.8324 0.0018513605
1074.04 998.2058 135.3721 1649.5042 0.0018456005
1064.4482 2193.6306 137.95538 206.78183 0.0018418229
907.6582 380.2149 256.04208 711.0666 0.0018293042
1006.72943 2076.2124 202.56335 305.74463 0.0018205246
586.2338 1067.7142 459.3917 1151.9723 0.001811435
849.1068 2290.2954 156.55838 187.48317 0.0018034893
406.9994 2787.4043 788.79565 49.478733 0.0017779716
528.50397 256.1497 1029.9169 513.8878 0.0017749952
918.2083 2179.57 196.15282 301.52383 0.0017715228
1082.115 1422.7421 121.83967 410.3493 0.0017664235
106.46444 44.073605 195.40373 81.9503 0.0017602636
410.5234 2471.956 493.4157 660.419 0.00175129
1029.9424 869.2048 240.66621 1474.0082 0.0017138215
975.6715 2748.8113 255.53789 130.98253 0.0017131184
758.07294 951.54297 303.1484 1003.7115 0.0017115852
1052.2795 2742.9553 143.5656 120.70799 0.0017109513
1069.5746 243.11967 135.10675 409.9551 0.0017103538
503.59677 1216.2455 263.22574 686.84753 0.0017038
1052.6144 2766.9988 153.219 61.164215 0.0016977724
56.149685 1557.5261 109.88617 427.40176 0.0016822016
53.225376 312.03546 98.35913 265.70422 0.001679374
1092.9143 2679.3762 106.55142 218.23055 0.0016688806
385.56314 32.148895 747.6956 64.64491 0.001666814
1079.7686 1242.3905 113.9049 405.86105 0.0016558691
571.6068 2783.6848 975.5011 236.10704 0.0016467582
546.125 2788.2817 926.43066 212.94612 0.0016347925
541.85156 2576.2805 823.5292 552.26227 0.0016304704
730.29596 1924.0807 205.25372 177.76683 0.0016299566
629.24774 921.5884 739.94275 1159.2019 0.001626663
1095.156 2708.7507 70.69017 194.88213 0.001623709
981.0599 1332.9781 290.96954 992.2285 0.0016179804
1093.4716 884.9878 92.32689 1033.0188 0.0016141783
854.89294 1288.3036 334.04007 1058.0393 0.0015972599
1109.6456 2294.66 99.82451 252.26012 0.0015898668
956.0055 1323.5358 173.24467 479.75165 0.0015770602
1095.8754 828.6562 97.563324 664.59924 0.0015723874
504.01782 1158.1022 993.38416 1008.1274 0.0015684704
1070.5146 2752.098 151.00171 114.18123 0.0015577252
1099.5887 2676.0151 106.06334 173.1945 0.0015512052
607.1257 2620.9792 911.5713 371.21527 0.0015476672
63.78706 89.446266 128.31384 169.50337 0.0015288251
488.17398 2791.657 318.61395 34.34814 0.0015226695
1096.6586 2733.3528 75.143326 153.94702 0.0015148614
512.1968 2023.331 662.3416 910.8328 0.0014885284
645.66003 1501.7238 312.88684 800.18243 0.0014870302
534.1819 899.4783 753.4076 1100.0431 0.0014846142
826.4122 1232.4944 518.1349 1193.6062 0.0014796504
1109.206 2605.168 76.59634 288.72467 0.0014755938
1116.5385 2611.7637 44.625263 392.87485 0.0014674077
951.3266 2753.3389 302.42255 252.20218 0.001463126
736.3956 2235.771 379.75632 561.74384 0.0014476961
1086.4376 1853.9034 97.72962 819.0368 0.0014449491
1073.6119 2773.2197 111.53149 51.843544 0.0014383545
588.2783 2784.7698 1046.3158 219.94681 0.0014381504
44.965816 592.6544 82.4899 363.28894 0.0014268523
357.4101 2347.0178 519.3485 567.7265 0.0013818166
455.94418 1767.1392 396.85135 866.495 0.0013682833
1076.3557 1508.2574 120.533455 300.2856 0.0013389578
1096.9727 2775.2412 74.10269 69.82112 0.0013169302
1108.3868 2600.0479 95.5787 214.81114 0.001299584
1125.008 2706.099 30.56233 202.42023 0.0012953929
1110.9054 2738.3694 48.006596 132.01555 0.00129353
28.789188 731.3106 55.538162 395.74255 0.0012691614
546.99805 1818.1395 872.9223 2099.2031 0.0012560298
441.43222 984.89154 376.19962 967.0043 0.0012515491
1074.2474 2746.0352 136.60567 194.67207 0.0012331001
1028.4332 2788.0369 154.25264 81.88302 0.0011890682
1081.6781 2761.597 175.846 95.36956 0.0011833046
363.21002 671.4573 641.1247 1316.3606 0.0011794784
399.8336 2138.2534 510.05807 704.9672 0.001171086
526.22217 2140.809 939.4857 823.5468 0.0011598296
1133.4546 2696.5403 16.26431 216.26576 0.001146894
1124.1838 2369.6062 34.721256 487.82693 0.0011434512
1121.0944 2756.8389 51.53466 86.50186 0.0011322136
1119.248 2759.2715 38.63117 97.20827 0.0011252938
1131.5664 2339.6846 22.287182 379.5276 0.001122592
972.55054 1732.7712 148.73686 233.64067 0.0011161428
465.13177 983.6225 314.99677 932.5661 0.0011031716
1116.6888 2755.7903 48.75077 130.66475 0.001084059
1128.202 2459.9324 29.045368 431.10788 0.0010608814
225.93256 1820.7118 243.07408 1353.2273 0.0010533872
335.87753 2469.0725 376.01685 437.78693 0.0010476061
1127.0991 1380.1105 29.626648 485.38214 0.0010343249
1057.4086 2801.8203 166.3324 36.116867 0.0010255299
686.6548 1713.8794 264.1739 871.4287 0.0010015444
1119.369 2773.0522 33.79575 60.18276 0.0009872731
529.91473 1810.2333 285.92267 715.80206 0.000978425
773.1331 2800.1868 519.2145 102.928055 0.00096675014
536.3701 2357.2495 904.72577 563.80023 0.000959113
379.5467 2038.762 495.54303 904.121 0.0009302939
462.09576 1289.9512 892.77344 805.3088 0.00092992303
1114.2743 2787.0012 41.49542 35.957275 0.00090537145
401.59103 1949.4724 432.83566 1021.4757 0.00089554524
944.0321 2328.455 427.8455 701.1076 0.000892878
1136.6859 2084.9287 12.059129 338.70624 0.0008912367
353.47556 1160.209 289.89215 818.0379 0.00086738984
547.04694 2746.3901 914.68884 129.81107 0.00085722085
1106.7755 2792.9546 54.60863 27.80916 0.0008549046
605.5094 1737.7983 308.37335 946.4606 0.0008508895
570.34174 239.18372 956.6864 470.03046 0.00084093463
577.16455 2023.4644 566.1147 802.65375 0.0008337974
928.0422 1731.4425 73.86994 184.9437 0.000819278
432.5592 972.38257 411.67093 1051.8693 0.0007958153
567.0981 2073.1926 675.06177 497.355 0.0007890625
970.97095 2799.6936 453.39948 44.73442 0.0007462544
772.8516 1271.0688 392.8566 1031.2001 0.0007365843
509.57486 689.67175 511.7088 722.0586 0.00071154593
364.3261 2653.3774 563.92645 177.87723 0.0007110389
476.90887 1011.64197 384.20685 887.77435 0.0006842962
602.56274 734.23193 800.6803 1414.1979 0.00067830976
513.476 1398.1179 1023.37555 843.25525 0.00065923407
477.56094 990.16376 903.98773 752.85614 0.00062913407
510.06638 1412.1023 1024.1562 824.8829 0.00060740754
508.16876 1472.4462 1025.292 871.3712 0.00060727494
744.9015 736.5413 522.5769 860.57104 0.0005445306
786.63074 1219.1338 493.80316 915.2643 0.0005435313
759.5349 1337.7391 512.0319 883.0652 0.0004939342
643.14355 1279.3604 687.1744 791.08923 0.0004549638
