487.3116 1269.8195 904.4476 2490.9468 0.47922027
495.29266 1038.4077 890.59705 2031.1709 0.34067792
522.21875 1138.3722 800.3409 1607.1158 0.077789545
541.78766 1064.9363 719.52893 1434.5459 0.06648972
63.650673 920.00793 101.02681 164.51375 0.056582652
537.128 1225.6315 743.66486 1303.708 0.054850385
876.92206 2286.7014 128.55571 490.79837 0.04647528
534.4326 962.6044 735.0278 1252.9414 0.042952485
543.6043 959.61896 699.28046 1225.218 0.039179515
549.7529 1193.5396 685.7478 1172.3318 0.03804083
848.4972 2453.7617 43.16628 48.930305 0.034368332
513.84143 1341.4629 833.7334 1370.8574 0.033969037
591.32605 1068.7069 622.23193 1419.0411 0.028473169
543.6447 1070.6884 672.924 916.96344 0.024596214
520.97455 750.05676 802.29333 1324.5226 0.022777166
559.44415 1085.6055 633.88586 888.0822 0.021348452
611.68713 984.8439 574.3495 1264.9045 0.02103581
565.06335 1325.2 710.7492 1370.9993 0.020904511
794.8986 395.4903 81.33904 76.30226 0.0201983
494.28763 744.8467 864.6916 1389.285 0.019364657
793.55225 395.28632 89.66418 85.28486 0.018684272
546.0477 1055.0878 581.9151 754.9804 0.017061846
555.24286 1450.7355 735.66296 1067.9502 0.01704145
521.21075 828.3446 732.734 1091.8259 0.016204385
581.337 1133.1487 651.7498 1604.8004 0.015911013
486.3035 1269.3813 907.4699 2496.1306 0.015296799
339.4153 662.19965 32.38191 38.224087 0.014915832
510.5139 640.269 843.8786 1215.7806 0.014266677
606.565 805.2249 623.86725 1327.5214 0.013510867
480.75827 527.0383 909.6132 1011.8897 0.0134493
614.49664 538.93036 154.69075 161.79245 0.013141527
548.40924 831.7574 649.04663 928.17163 0.013111106
589.2256 870.31726 594.2853 1041.775 0.0130464
560.5291 1363.3644 673.64105 819.8214 0.012683256
282.41376 769.3323 230.77379 271.40833 0.012169179
498.74884 1162.64 634.0863 1285.155 0.0117547605
519.58606 576.9198 827.0149 1092.6075 0.011683937
529.1338 768.2344 754.4713 937.6942 0.011605477
558.4522 1006.8435 474.86673 560.4072 0.011554848
686.1662 501.91077 300.26584 292.65497 0.011229165
366.69882 1359.2034 215.43762 196.38588 0.011171345
527.35284 681.3046 739.8799 737.95496 0.010488809
496.085 1041.3896 884.7667 2032.8318 0.0104487045
764.31555 533.5106 80.31183 83.41366 0.010371978
533.0344 645.8236 717.75867 629.3731 0.010337599
763.69995 403.1067 156.48233 107.109024 0.01016758
587.3246 1240.3097 534.7282 1055.7684 0.0101556135
528.473 896.7717 664.61346 811.3934 0.010131249
349.64395 677.20123 59.99976 80.20136 0.010044272
515.62823 972.0371 712.17487 765.023 0.009991237
573.67975 1430.3931 683.2505 1068.9084 0.009919489
553.8293 663.20355 663.96027 658.2146 0.009828872
581.89355 1193.3143 554.6932 687.865 0.009743477
350.93225 773.3411 349.2758 287.47455 0.009701249
488.71454 1598.8232 892.1858 1849.8396 0.00969292
518.0483 925.4144 766.264 805.9506 0.009688179
672.2085 557.3803 75.317055 76.17048 0.009682005
562.9973 835.7145 525.3388 904.3863 0.009665222
274.13284 727.7624 257.0679 356.96255 0.009590071
524.95703 673.079 775.86273 713.5106 0.00957563
509.0347 1024.5493 801.5662 851.6751 0.009569463
876.2583 2474.4995 119.86545 115.17369 0.00951279
636.2415 1236.1458 536.93536 1043.9131 0.009450015
600.3778 671.8223 570.41974 672.17053 0.009437894
519.5829 646.66907 796.3465 1058.9445 0.0094177
511.73804 1269.4312 587.62476 877.46027 0.009380512
517.70355 771.6051 806.1305 959.47253 0.009347444
613.15784 993.64294 428.39093 580.86957 0.009339472
357.4699 777.5274 378.4751 314.53836 0.009294541
132.15396 835.2213 233.48578 340.5531 0.009240728
487.07947 1033.6431 308.9526 345.14526 0.009218416
511.31046 960.07336 745.43744 1002.4112 0.009215707
507.4616 652.03357 673.2934 600.5496 0.009004918
520.5063 778.7892 670.70795 897.4853 0.008892012
516.35376 913.3299 733.8423 861.37976 0.008875578
712.70245 570.16406 371.1744 443.2217 0.008865466
617.1833 632.00726 615.563 1095.2009 0.008796537
352.9774 735.44037 380.32578 371.2516 0.008732608
198.15399 779.66394 114.39882 215.12675 0.008673783
202.847 773.1528 371.91275 466.6253 0.008662946
505.69897 835.9667 722.21765 1107.3655 0.00864773
570.7144 1666.7405 715.53674 713.32336 0.008562447
563.99054 622.2756 559.59015 541.4064 0.008546795
348.3885 1250.2131 290.04538 416.32758 0.008515252
586.68866 632.1826 565.1611 592.8912 0.008499734
744.70184 413.56693 194.43199 140.95346 0.008401064
637.51416 1148.548 506.22336 872.64386 0.008361292
432.3108 950.07104 475.56708 622.88806 0.00835353
669.74536 555.74603 100.55162 102.273346 0.008251824
344.4784 624.45703 64.44816 149.22401 0.008228619
720.0356 660.937 391.11636 625.30743 0.008130943
596.3756 954.51166 560.3794 679.93085 0.008096901
584.8299 787.2874 632.1601 921.8939 0.008046299
506.32846 1768.9362 856.8824 1508.7085 0.007995548
494.07242 1040.1532 247.69891 289.1384 0.007889666
199.39398 776.259 365.32498 462.71802 0.007859257
685.8398 563.2571 353.9294 434.26572 0.007856183
509.293 1313.7343 536.56494 951.2976 0.007819114
526.85297 756.86346 771.4614 1118.8549 0.0078156
623.9238 1104.5503 555.0843 1552.5051 0.007812621
434.8604 695.0949 546.53766 513.59247 0.0077340594
686.4867 589.8071 444.2865 544.9595 0.007712919
598.63824 1554.9564 634.234 522.1842 0.0075836484
666.6801 886.42725 505.86694 1202.08 0.007547102
325.96317 1260.41 337.21634 427.60577 0.0075442204
116.89197 839.26843 205.9755 331.07108 0.0073399213
599.749 554.75745 606.3785 528.5557 0.007273264
820.0407 2285.514 241.04945 495.01904 0.0072650816
754.9253 657.9214 277.64716 438.32132 0.0072273663
639.19257 1380.309 541.93933 1022.7412 0.0072214874
542.31573 870.8542 486.51346 1070.6318 0.0071067805
428.48337 768.9567 237.75969 252.84904 0.006965982
669.949 1610.7931 489.99954 412.94083 0.006901259
100.79005 839.83185 177.07515 336.32034 0.0068952907
512.6659 686.2836 812.5888 787.093 0.0068527963
514.715 931.681 734.4858 622.60223 0.00681486
754.0745 2284.187 371.4681 494.23282 0.0068125725
133.82362 882.22626 234.6969 266.3075 0.0067607216
815.7759 378.62878 155.44656 145.10826 0.0067475615
336.78668 718.6456 136.8412 176.5514 0.0067466125
311.5902 739.83923 367.24597 432.32446 0.0067202896
524.4031 1310.4009 455.09857 1184.6312 0.006707433
849.756 2451.7102 33.849186 41.941174 0.006601325
621.5189 979.01013 492.60486 596.0254 0.006574911
652.94836 586.33484 277.2369 317.8671 0.0065373597
601.354 1560.4047 288.10538 270.01328 0.0064629996
511.40353 862.7716 791.1425 932.822 0.006448335
546.30475 1100.3962 640.19385 458.4389 0.0064394968
272.9709 752.1476 154.81404 227.12387 0.006410706
401.32428 1066.3198 482.4772 768.9156 0.006389096
417.55646 708.3254 202.70714 155.82289 0.006353689
729.3934 1001.72406 172.79938 237.7352 0.0063196444
516.523 662.6786 400.52142 432.23196 0.0063057747
301.0015 1086.9128 402.11612 833.64124 0.006263836
702.2689 641.83704 433.39374 669.3503 0.00620892
625.13684 1659.7417 596.4833 730.68 0.0061786617
637.3043 719.74744 584.71124 1298.1105 0.006152759
654.13055 1650.1135 546.1306 670.08594 0.0061488035
687.5579 453.49503 306.58292 232.60852 0.006145701
487.1048 1069.922 858.1145 860.773 0.006087733
677.96924 990.3612 300.087 442.8699 0.006073958
588.7236 942.4037 395.65427 948.69055 0.0060700173
634.1269 611.90906 554.47644 689.7956 0.006056554
409.71393 725.05994 532.12537 531.53937 0.006047164
695.1536 1425.9088 429.65918 710.26886 0.006019737
391.68964 1392.9156 489.78976 850.4292 0.00601168
572.61676 1036.7982 263.37906 347.8894 0.005990603
658.26636 767.6339 511.5015 984.82965 0.0059886808
604.9738 1594.7292 354.44138 363.4756 0.0059630666
698.43036 1336.0746 389.6584 577.9649 0.0059402133
664.52466 1403.4174 502.52936 1012.7531 0.00593171
879.46173 1087.219 123.90988 741.69775 0.005926648
357.03683 821.5654 470.32086 587.24054 0.0058716005
525.8965 1563.4769 815.698 954.84094 0.0058615133
644.19525 1142.8396 427.69983 895.7533 0.005859958
469.57834 1063.0378 393.15384 761.50714 0.0058260052
584.26843 1183.3575 376.7741 554.2612 0.005825718
717.33325 585.8026 226.36485 248.61978 0.005819637
797.3432 580.64954 203.64043 298.46173 0.005818743
380.3553 929.9594 478.90143 729.4411 0.005775141
365.8124 925.203 408.67526 582.4369 0.0057613063
510.26083 1933.1111 841.8668 1188.8381 0.0057536033
533.1944 2072.2039 788.62463 911.2029 0.0056849793
641.3214 1401.4856 479.73413 596.03827 0.0056798314
695.9119 431.45636 288.1837 178.56442 0.0056578047
551.8687 871.12866 466.94003 462.4559 0.005657751
880.6336 920.62555 119.54406 404.5115 0.005648252
735.3579 593.68256 181.83476 218.51434 0.0056238323
553.1264 972.1067 116.957375 158.51414 0.005623755
704.4075 736.3369 435.20245 889.02576 0.0056123273
643.5867 716.6091 565.8573 1236.0173 0.0056105577
671.11053 1276.278 348.99014 469.1917 0.005599125
416.02698 1144.8129 585.65405 994.046 0.0055959662
760.19025 535.69 230.69402 352.76297 0.005589241
740.81726 1054.969 229.7005 367.31833 0.0055705667
462.4212 997.0984 342.57346 397.39578 0.00553893
468.9405 2123.644 911.17224 811.5186 0.0055356636
649.17926 1079.0134 403.4007 783.283 0.005528274
706.1172 1014.33075 465.50388 1795.9945 0.0055264626
876.38947 2117.0984 130.6857 830.729 0.005516853
618.7524 799.1413 531.43243 893.2048 0.005490865
713.03754 1338.7491 370.32016 570.45 0.0054875594
406.77063 704.53986 518.7064 466.11163 0.0054764533
633.36615 1305.8177 442.29666 679.3589 0.0054527153
718.4492 1732.0881 427.4442 511.23703 0.0054312046
674.0968 1210.7478 484.98315 1003.5378 0.005387597
637.8737 1181.9546 202.13634 250.7058 0.0053838324
708.70233 1368.2373 424.21976 954.94586 0.0053744977
588.26654 759.0651 406.93973 744.1168 0.0053615565
505.47327 1284.9757 432.43588 1235.6318 0.005284702
432.5894 814.93384 632.6919 910.7602 0.005282659
506.56805 633.34265 385.84366 322.12076 0.0052584545
216.2397 1004.9025 139.32793 234.16559 0.005235736
732.0603 533.16296 245.3506 207.13571 0.005226027
667.5617 2280.4846 538.8261 502.37103 0.005218873
476.41907 1001.44244 395.24158 568.9944 0.0052187494
630.4511 596.7148 186.56161 203.28207 0.005205223
398.6574 1530.9298 322.3344 422.0779 0.005189324
416.3324 1295.7925 560.97034 844.69275 0.005160509
242.2448 874.6049 304.08188 496.40814 0.005151579
477.6157 1980.783 891.3056 1096.8282 0.005138326
674.98584 1589.7205 243.52852 301.7518 0.00512697
689.288 1328.0309 443.8837 857.2462 0.0051243487
398.7351 1497.4211 400.84103 607.1378 0.005109284
469.2286 2255.3813 924.754 551.3043 0.0051056477
781.8225 648.18176 289.93588 600.00696 0.005103797
577.50934 1257.2521 367.38885 595.38684 0.0050895223
355.49387 685.18774 80.84623 107.20299 0.005059823
457.47165 942.0466 396.76422 461.8051 0.0050528017
611.91925 698.70154 614.17194 1092.2496 0.005039457
608.6355 835.64453 483.7223 645.39703 0.005016559
696.9771 1347.3053 262.08716 320.6605 0.0049883532
386.2647 1045.6975 464.3346 822.1642 0.0049640723
192.82083 865.8058 354.0299 326.356 0.004943424
499.61972 920.2505 412.3094 529.0815 0.0049371584
384.01065 1008.213 552.7373 802.9936 0.004923034
688.4935 1415.4976 438.1574 763.5874 0.004902576
687.67206 1584.6549 485.66058 901.6494 0.004897624
631.1245 911.6326 462.6714 1254.404 0.0048948126
259.74365 1670.4625 487.42044 1708.3594 0.0048872773
578.5891 613.3257 295.34183 339.14774 0.00487548
482.39847 953.99963 863.35065 607.25494 0.004872113
280.38846 1195.6866 515.0064 1213.6073 0.004868965
127.37069 1197.0558 231.56839 731.09125 0.004847553
681.1947 1306.6285 436.60788 924.7909 0.00484584
272.72302 1375.1211 480.5718 1083.5114 0.0048313215
627.78156 831.37726 249.50092 291.5869 0.004817576
689.0259 769.5539 310.43085 436.56592 0.0048062117
687.4171 1416.1614 481.039 1488.7885 0.0047596428
91.31369 1029.9719 159.25554 408.14825 0.0047351285
459.2452 1157.1222 434.9813 1248.236 0.0047186334
695.0132 1324.5884 476.55908 1342.1825 0.004708703
200.94492 819.56793 219.82336 350.04318 0.004688544
119.8538 1122.2363 214.29558 587.65 0.0046745823
686.2214 575.78625 388.67123 519.35754 0.004674074
709.99036 1453.814 417.5908 857.79004 0.0046538287
617.3514 1021.4188 178.62286 268.57385 0.0046485686
581.79504 1003.16235 292.03757 384.44907 0.0046431813
769.73206 1286.9565 255.02034 440.00732 0.0046317643
638.78174 984.0625 458.6499 911.69214 0.004608063
868.08234 186.18262 146.69778 306.206 0.004606202
652.45844 1544.8931 530.89813 922.8475 0.0045978297
767.54877 1406.8301 281.6667 526.2932 0.004595207
314.65018 750.4404 574.8073 533.88416 0.004587499
275.3662 761.2425 364.04828 475.9155 0.0045822565
505.72012 652.684 829.22345 848.5315 0.004567213
726.47455 1315.7423 389.70618 962.1965 0.0045542847
438.8338 1068.3643 339.1226 411.81918 0.0045423605
400.14493 1369.9501 165.59346 169.0291 0.0045394595
237.02461 1153.347 421.81592 642.541 0.0045380034
764.1488 1222.8286 334.41272 995.33826 0.0045133606
617.7475 948.40393 380.46814 405.46277 0.004510615
563.7187 1192.8053 499.87012 450.54337 0.0044991313
474.5259 815.5863 584.9258 394.97723 0.0044964966
875.8635 2362.4038 125.51713 346.25626 0.0044956026
693.8498 1846.8033 474.5029 390.81525 0.0044892095
775.69403 1370.3258 248.70842 351.79562 0.00448433
525.27167 1043.2788 188.03726 254.58124 0.0044817184
766.1965 1278.945 332.33368 1074.0153 0.0044748522
432.01004 1186.6266 397.65674 562.8133 0.0044657825
509.08466 378.99097 846.66736 728.32983 0.0044605024
473.37033 1463.873 721.88513 1099.5725 0.0044438797
235.70694 1051.9348 255.1094 431.3166 0.0044393633
731.95807 1057.0835 336.5335 874.5021 0.004429894
723.50476 422.35315 313.90604 269.15378 0.0044114306
456.8765 952.804 754.6148 627.0339 0.004406208
729.69147 1516.6865 380.30658 694.3317 0.004390804
577.03357 783.1497 179.86331 225.61153 0.004379402
633.3472 487.6472 196.4288 238.46434 0.0043789404
492.91473 396.62592 80.15731 100.832634 0.0043739043
74.9026 1050.2393 127.21753 449.36545 0.004311078
719.0308 1852.1721 427.73407 379.60928 0.0042981673
703.85626 1369.5538 155.89192 235.47517 0.0042828424
242.34178 894.2539 435.0272 665.16724 0.00426635
774.344 1356.7828 306.5689 891.85376 0.0042154137
502.46387 600.46875 200.62376 221.53615 0.0042124987
880.0762 990.0972 122.00734 548.63354 0.004207777
523.67505 2282.526 804.2249 496.6959 0.0042063864
717.78455 820.59454 200.307 276.66544 0.0042056954
778.9801 1273.8002 158.70123 240.37672 0.0041970434
671.8063 901.9897 368.95627 467.65265 0.0041921814
148.88177 942.8875 262.25003 344.66513 0.004191471
626.7544 1332.8776 104.24255 156.50038 0.0041877306
710.3558 1263.5653 465.1011 2403.3662 0.0041862433
554.7775 964.9231 77.62299 107.61187 0.004167485
224.12354 954.36346 406.9942 826.08545 0.0041669765
543.7829 472.90958 784.9993 898.98724 0.004162914
752.37665 1472.0779 325.04132 640.5434 0.0041565085
734.5333 509.7034 401.36612 924.5168 0.00414314
354.31818 1048.5858 197.5004 260.55722 0.004130868
763.9173 1591.9012 341.5033 851.5513 0.0041201008
196.8613 930.25336 235.98225 553.2659 0.004119885
259.15286 1055.6057 137.32118 217.07239 0.0041163615
322.9914 1252.6212 231.45218 337.92178 0.004112389
437.35883 1111.255 371.29776 488.3575 0.0041081225
482.31265 988.6767 463.03882 1219.8383 0.00410115
515.252 1030.654 155.53542 209.89738 0.0040947166
271.37656 1027.1531 497.5605 886.4307 0.00406316
378.91443 1129.8823 303.12488 681.6992 0.004058923
741.8234 1475.8563 342.9269 626.2657 0.0040538586
732.61847 2158.7566 411.77542 743.5954 0.004029746
255.11186 1066.4679 179.97789 329.57364 0.0040178807
605.1306 571.4817 162.23784 217.11078 0.0040069693
793.4825 397.58365 65.85602 62.67243 0.0040011085
369.49844 690.6282 110.319664 127.19716 0.004000882
861.18964 2477.6638 69.51101 102.958015 0.003961109
586.7093 1385.5504 288.7133 443.10406 0.0039270776
677.7681 1273.6205 292.1493 400.5341 0.003926496
713.88464 1126.5387 343.25565 767.7516 0.0039261696
483.51187 1633.0142 209.79517 283.77505 0.0039085923
532.19684 1606.1566 776.6787 391.28302 0.003906428
143.08322 1386.7347 263.01346 1132.0989 0.0039021072
737.2272 1628.6235 363.8881 356.5409 0.0038839178
461.3899 1044.2013 168.72519 220.08382 0.00388351
865.8162 2471.8447 68.55388 87.91126 0.0038785143
722.98413 1373.5024 422.51337 1311.6222 0.0038695254
329.68796 1364.0979 405.30792 654.7742 0.003868088
620.4628 1653.6775 527.74994 615.29156 0.003862158
624.80084 1247.3889 241.1331 405.08203 0.003853498
707.0238 1572.8121 450.51224 934.9594 0.0038476211
453.87 2332.4573 897.2657 398.0258 0.0038421717
700.9936 790.75037 164.80508 216.16357 0.0038074267
522.93256 1825.4601 225.72226 287.20773 0.0037975984
586.4754 915.1119 465.55423 1103.8326 0.0037759175
487.13483 1591.565 434.2616 559.45306 0.0037437202
461.72885 705.51306 147.03174 133.66016 0.003741112
317.72644 1082.1943 470.7242 1132.5275 0.0037323977
369.7561 1363.4019 226.56741 274.48978 0.0037187256
163.0917 1057.0599 290.38715 469.39355 0.0037146204
111.78393 939.9971 193.33134 283.35657 0.0036951485
611.687 805.1746 262.5803 501.19946 0.0036890304
562.4994 1778.0878 259.93036 281.3725 0.00368434
277.16898 1237.0048 226.8197 385.45123 0.003677464
674.2103 1251.7463 349.1351 523.77 0.0036719944
711.67395 1177.6484 192.47911 265.74976 0.0036673865
584.6452 825.0288 284.5161 329.71533 0.0036668954
429.55676 1286.0652 713.1298 1226.0234 0.0036632612
786.3107 1334.1898 214.36613 299.48465 0.0036307736
788.5762 288.68155 251.43967 291.5284 0.0036252972
503.838 937.545 815.105 507.08118 0.0036176185
182.94026 2287.4756 314.4485 465.60645 0.0036160182
200.28876 1926.3536 384.35587 1203.8575 0.0036042538
737.6755 735.7335 389.12857 912.1493 0.0035920355
744.41656 759.18463 378.60532 898.69006 0.0035889102
716.54626 1217.1423 364.50516 1014.87164 0.0035888471
790.177 518.1788 269.19733 404.10666 0.0035804813
617.21674 1452.2683 288.91388 386.62106 0.0035651454
246.1375 1817.8905 472.60416 1424.6415 0.0035618863
802.9706 2340.1577 190.30086 386.4999 0.0035598995
551.10144 1579.7617 212.00314 301.67572 0.0035495902
851.4265 587.86084 142.14192 212.48262 0.003534418
707.7565 1381.1467 435.45593 1241.6968 0.0035266995
703.6465 1724.3566 223.917 244.50615 0.0035257011
360.96878 666.0537 147.766 232.6683 0.00352412
444.7147 1482.2272 530.73755 788.2214 0.003512735
803.5459 1864.8622 262.28168 353.97153 0.0035093115
627.7625 1645.6406 167.63075 226.14062 0.0035078495
506.19913 644.4353 399.76083 317.03793 0.0035077776
639.6094 1040.9055 249.42604 399.29254 0.0034927125
537.1355 729.35626 508.94827 734.06573 0.00346669
767.66223 1692.2898 180.09692 216.44513 0.0034561583
775.20844 807.70184 158.32034 218.654 0.0034560598
535.2972 750.9788 141.39873 179.49371 0.003435471
665.182 1835.3055 552.853 707.53064 0.0034094218
511.97525 1180.0189 316.63602 378.05252 0.003408772
704.1425 1875.2808 424.22006 536.7177 0.0034072627
578.27966 967.0567 183.73454 274.2558 0.0034029586
332.60156 1250.1384 379.28888 784.2336 0.0033947453
637.4082 1911.052 225.20947 203.70859 0.0033774886
525.40894 1973.2766 775.4612 608.98376 0.003372948
492.27042 1152.1316 489.6964 557.3598 0.003371241
818.23395 1798.6741 240.47147 479.87506 0.0033685907
587.4827 1450.9258 583.72595 561.4169 0.00334335
712.12854 1537.3195 419.07144 972.4169 0.0033370862
748.63495 1791.8726 349.13818 499.73233 0.0033306123
699.8356 2019.2186 474.511 1020.1422 0.0033298496
845.2158 1268.1042 197.74185 2497.2915 0.0033200886
743.61536 860.61115 379.5025 1264.3121 0.0033168744
586.62177 1532.8102 155.26262 159.39716 0.0033161303
474.83868 658.02814 608.117 759.122 0.0033103358
459.86838 887.88055 360.07922 461.85617 0.0033096059
833.46155 1882.5914 208.49593 296.47964 0.0033019327
817.8461 1011.94135 250.8491 1988.4974 0.003294233
798.06555 757.0934 272.08347 832.2588 0.0032877468
775.4802 1942.6993 308.74124 230.36562 0.0032818113
685.5946 1947.0966 456.50424 479.6527 0.0032741665
483.20862 1736.0498 451.69165 598.42706 0.0032689872
677.7143 2303.8557 550.50464 462.4965 0.0032666698
864.971 2402.119 140.87967 259.86203 0.003251621
715.6095 2286.6433 444.24997 485.24942 0.0032411846
370.88815 1497.3014 253.7622 276.11847 0.0032373127
774.2426 1269.0165 346.4234 2498.1545 0.0032311021
811.829 499.59378 234.36903 410.29977 0.0032241605
748.3739 981.7042 167.02934 212.4823 0.003221584
835.109 346.1911 180.75853 276.02267 0.0032133379
401.75708 1382.2003 125.49498 134.34506 0.0032088323
508.6523 958.4132 315.98633 748.9326 0.0031997813
381.86453 719.5491 514.1167 613.97174 0.0031997368
333.4029 904.1446 588.111 532.4118 0.0031995713
794.53033 1005.71814 264.99625 554.83185 0.0031925193
803.1216 2024.4465 277.43805 1009.0277 0.0031904306
751.2427 1272.6237 387.90488 2454.4846 0.0031868478
480.84567 251.53462 908.872 490.45657 0.0031849185
841.0567 560.754 148.40796 255.73755 0.0031848003
789.0289 1642.3802 293.66803 791.62744 0.0031780652
352.09714 1389.523 560.3013 1938.9984 0.003174027
482.90915 1271.4155 920.64844 2487.3994 0.0031643664
746.01746 1631.1803 246.05522 328.28683 0.0031564871
623.3908 1204.2949 336.5197 757.18506 0.0031477236
352.4427 871.1947 326.06805 450.81577 0.0031472715
87.04454 2459.6494 165.11891 148.88838 0.0031462545
876.0337 1611.3566 131.81708 1835.2614 0.0031400525
310.96445 1167.6622 158.87428 252.95023 0.003139178
890.7959 2223.8657 82.89044 343.40714 0.0031322485
387.52646 1259.255 258.05276 376.3313 0.0031314997
182.71075 708.2128 326.09305 607.40857 0.0031238478
497.6675 827.829 626.9357 371.93646 0.0031197432
748.0546 1247.6552 367.07883 1389.8422 0.0031169413
219.24066 590.25476 408.919 833.388 0.0031162184
664.50305 1464.3381 391.0285 412.2832 0.0031156824
423.22592 761.8297 533.714 460.54404 0.0031133178
620.12976 1173.4578 358.38916 710.69135 0.0031110588
569.7855 1562.1624 242.48053 370.17938 0.003109208
242.84137 857.1138 103.47175 113.72704 0.0031066653
622.15936 1418.3984 371.9709 714.15674 0.0031013815
550.77344 1742.6744 698.8444 1817.7963 0.0030999503
78.22757 1301.1813 138.98491 386.35446 0.0030949456
830.51355 1356.2035 145.37575 233.65086 0.0030948296
865.93304 2332.239 117.1879 302.8919 0.003092412
506.92813 1549.2489 150.59305 204.70532 0.0030909714
447.4892 2428.9155 911.5635 210.97023 0.0030880137
359.05045 1262.0016 191.91974 204.97939 0.003086803
531.26556 1700.0999 248.39465 403.9821 0.003082521
512.2264 1946.982 220.59291 281.26907 0.0030780581
591.5776 994.452 289.8395 901.66254 0.003067153
240.63364 537.10913 453.71088 954.4673 0.003063743
321.8522 1152.0132 254.96535 527.5385 0.0030618678
798.09607 873.2902 254.32028 372.5244 0.0030607588
898.42163 2359.779 68.57019 344.0095 0.0030606294
879.4701 1260.7177 124.05968 1115.9655 0.0030517352
641.94037 2055.7798 521.2877 465.6603 0.003043467
827.83844 1222.8966 188.51303 502.76846 0.0030399617
472.9718 2246.8228 832.59644 618.91833 0.0030377472
638.7311 1131.1257 325.94595 399.55737 0.0030335146
704.2816 2304.6243 476.0427 460.7761 0.0030110048
792.1247 1147.0066 295.55765 1694.4924 0.003007574
792.9211 489.9085 105.164375 97.07411 0.0029890365
500.73972 620.2398 133.05594 154.43762 0.0029779037
820.2773 1504.0364 173.74702 243.20819 0.002969393
399.52173 1077.7338 156.6095 195.87907 0.0029631625
754.55255 1629.7714 174.80489 269.18643 0.002959443
853.38116 1902.5824 172.97682 254.34108 0.002958392
342.1104 1535.4082 187.88745 239.39476 0.0029565925
896.7568 142.5645 94.79915 258.72946 0.0029426783
173.39876 812.5836 326.98807 380.57715 0.0029381295
172.6527 853.929 138.61826 277.15045 0.0029368333
255.89032 1235.3394 296.84067 381.70758 0.002935397
874.1251 1009.7971 110.72268 204.4663 0.002931726
474.77972 1815.3865 908.2038 1420.8502 0.0029293504
459.47314 1523.7871 260.76767 291.29822 0.002929239
419.49908 983.62885 455.4098 468.45908 0.002925413
835.0783 625.754 181.72903 354.54608 0.0029176774
203.3715 1188.473 195.76025 336.10083 0.0029125093
724.5831 1980.0989 508.9481 771.6156 0.002900062
488.8157 932.5726 637.24915 468.9321 0.0028868867
203.48715 2062.3237 296.8655 417.10562 0.0028815055
667.1793 878.1906 322.67557 345.77744 0.0028739923
114.37487 786.63 199.37906 469.12848 0.0028634584
504.06644 2235.3916 777.3624 596.91046 0.0028565354
754.3638 824.7153 247.16217 302.46786 0.0028553961
195.73404 2387.585 331.99298 287.4744 0.0028524678
816.546 1627.905 252.60863 1822.4008 0.0028476405
316.29236 865.79095 566.1094 591.2434 0.0028463032
646.22577 772.1987 216.44815 282.8573 0.0028429597
824.29614 521.5435 193.32455 401.62958 0.0028238746
683.1006 905.1149 157.24818 179.45978 0.0028195102
655.0762 1563.1794 195.11192 274.32697 0.0028062006
359.78696 960.14636 165.15529 181.61261 0.0028046372
824.7874 1781.4237 178.3333 190.70871 0.0028018525
582.70844 2400.4128 203.06447 254.19296 0.0027929419
346.70322 2166.0583 260.37088 285.26834 0.0027888797
751.20135 1598.3062 361.65137 1792.9135 0.0027870925
109.8271 1302.8518 203.99048 985.7876 0.0027856696
609.7232 2331.277 571.31274 414.2752 0.002781422
606.3661 1333.1278 175.5004 342.07104 0.0027763823
823.1194 849.25653 183.85318 289.66037 0.0027749042
386.6507 1538.3823 432.76315 877.6889 0.002774883
866.4231 1857.2599 154.15247 349.55704 0.0027736574
547.03735 2350.9646 741.4412 358.52713 0.0027716428
603.3105 1562.8705 557.0785 394.09015 0.0027690479
133.74863 712.296 242.27942 593.9919 0.00276004
768.1083 1596.1974 250.08702 381.48715 0.0027584105
864.0235 582.1356 121.94007 198.3009 0.0027543327
842.7255 2303.1477 195.40494 481.4006 0.0027530484
745.4964 923.598 241.23087 397.6129 0.0027518992
733.637 994.6929 191.96573 242.05952 0.0027501592
575.2148 590.1952 476.1442 314.65344 0.0027480924
776.7703 1293.0829 124.872505 193.83005 0.0027415613
573.2668 763.32745 152.79964 186.12082 0.002733802
737.4589 1001.87494 164.841 227.8987 0.0027289481
700.92065 2370.0898 204.3024 309.13617 0.0027279528
781.44995 1401.2666 231.93735 468.98462 0.0027253001
324.77972 1477.9913 249.43024 451.62128 0.0027251926
863.4152 2441.2827 98.13118 164.3595 0.0027250112
838.7289 1026.7072 212.25815 2028.735 0.0027176787
451.79486 1982.7406 227.17761 257.59442 0.002706919
173.88094 1431.6815 307.34045 618.2543 0.0027003067
836.1131 1750.4694 210.39903 581.10297 0.0026988792
575.99634 2418.247 183.53815 220.1242 0.0026978103
717.4841 2012.9153 387.91827 374.5336 0.0026897052
633.099 2355.3345 234.06686 334.44116 0.0026849653
250.15373 977.26636 455.46176 1597.4481 0.0026715344
270.29745 1135.2872 402.35907 642.3483 0.002670588
139.8176 2413.155 252.97224 233.78851 0.0026704837
386.53638 1494.4537 197.07487 257.31528 0.0026658396
558.70764 2089.0142 551.36304 432.71262 0.0026624494
776.642 934.26373 230.25545 389.151 0.002661582
311.54095 1410.3121 578.11914 1171.9335 0.0026510719
822.66833 166.21614 244.58322 309.767 0.0026475932
261.73883 1718.3591 339.42596 427.46698 0.0026307942
490.98373 1030.619 122.76831 148.89716 0.0026255732
781.5027 2445.343 185.95137 167.02614 0.0026237334
222.86429 2139.3481 354.37924 511.91806 0.002623262
876.74146 1819.4075 131.16972 1424.3156 0.0026229299
416.19946 1865.4708 178.33388 242.66425 0.002622391
728.742 1796.0482 437.49295 727.3864 0.0026207627
427.93536 2460.5178 839.2863 144.3508 0.0026192488
702.08606 858.34436 204.59529 268.2113 0.0026147407
668.71936 816.53876 185.11401 218.59004 0.0026128998
765.6178 2273.694 338.0506 520.03613 0.0026024908
265.23547 2476.5508 250.85622 111.88102 0.0025938326
350.6198 1360.8994 178.13304 187.42455 0.0025906921
463.0593 2434.4834 826.51483 197.19211 0.0025787628
754.14264 1647.7319 363.70328 804.9517 0.002577923
536.72565 626.85 733.4494 495.5734 0.0025752503
523.61926 1317.3975 143.50621 228.69968 0.0025722147
339.44504 2096.5205 227.55588 307.6171 0.0025706785
632.3575 1766.8328 426.23727 567.3478 0.00256559
836.1829 1380.5339 215.7322 1332.1217 0.0025623292
876.42175 1944.2612 132.22986 1174.521 0.0025611327
634.59265 682.84033 153.70819 148.98969 0.0025555305
406.8482 2151.439 220.41782 297.08713 0.0025476373
765.5922 2321.9534 396.18237 486.14407 0.0025473442
685.21326 1947.1554 490.3835 1161.2324 0.0025464345
641.59283 2295.5647 315.0724 326.20453 0.002543809
696.2115 2462.1116 243.90147 138.45473 0.0025430094
381.27615 1905.5658 168.62244 221.84578 0.0025375276
824.2479 693.23285 217.13991 567.4774 0.0025283066
282.81842 909.28687 120.98083 168.99643 0.0025136706
829.08734 685.4576 228.39053 1357.8732 0.0025132452
589.1121 790.8264 181.0538 218.20253 0.002509707
719.33136 2376.1985 176.43294 284.2394 0.002507256
773.8707 1128.8601 217.99878 401.09058 0.002504846
866.31976 500.27316 147.02893 368.5419 0.0024989233
144.10094 1620.9304 254.50397 565.0014 0.0024975864
879.48474 1888.8485 127.37854 290.73102 0.0024928534
785.4676 882.57465 272.30167 383.7669 0.0024920497
227.93082 627.76 414.15186 796.44574 0.0024906513
512.3114 2283.006 269.09952 452.1449 0.00248975
150.22281 2479.9387 282.4709 99.915146 0.0024834967
748.8248 1674.2748 336.81552 724.4234 0.0024742573
466.6925 1332.9525 287.4055 316.55008 0.0024734172
689.6619 1307.8901 206.47932 385.4311 0.0024717117
121.93467 2497.103 191.51944 72.08431 0.002470608
759.56903 1111.315 335.76813 1364.2882 0.0024688835
637.57367 1624.0101 429.6158 312.13382 0.002468348
791.3434 1419.5289 296.113 1268.7062 0.0024538357
739.3941 1417.9258 376.25186 1440.0942 0.0024428105
483.78772 1001.28827 929.8127 1957.3198 0.0024425385
790.7685 2036.1417 267.2547 340.55566 0.0024338332
617.9065 2291.2878 619.347 474.07233 0.0024237405
777.8467 1556.5066 318.385 985.63904 0.0024217777
541.90497 2205.6638 202.11537 244.80637 0.00242017
171.14832 1831.4012 265.004 381.27634 0.002417412
716.46906 1454.192 422.48462 1487.636 0.002416244
272.92538 2200.4297 177.38733 230.2225 0.0024158554
639.8969 1765.987 149.03496 196.51514 0.0024142046
680.4727 1370.1965 280.2718 717.2909 0.0024134503
515.411 771.29297 750.467 941.19104 0.0024117976
264.5873 1166.1945 124.98965 189.6538 0.0024110773
739.21356 1858.5149 118.72869 161.66412 0.0024105166
478.81598 1103.8043 584.17664 967.82214 0.0024071843
589.3469 2175.3352 206.82042 278.8196 0.002403115
310.43564 1665.5592 300.3978 527.15533 0.0024023193
709.88763 2230.9956 202.06645 390.8077 0.0023982008
571.7087 2186.2847 200.16566 223.11913 0.0023969214
400.8975 2036.4596 278.5346 370.20374 0.0023969132
479.7934 1455.0537 452.43784 748.36365 0.00239635
102.03798 470.04025 179.70354 399.08292 0.0023900524
557.2907 1189.5718 476.86182 391.32233 0.0023830545
583.50195 2287.482 197.41444 333.0404 0.0023821727
306.93878 1433.6 159.20673 216.71623 0.0023783748
455.2319 1622.2043 223.18054 394.97824 0.002377988
226.79285 766.1149 92.697975 167.69847 0.0023672667
343.807 1887.69 207.01271 242.12871 0.002349232
735.9383 2054.2039 339.57428 343.69687 0.0023477026
558.80225 1290.8724 144.31169 204.78185 0.0023459876
118.10881 380.58716 222.5788 659.4202 0.0023437154
491.33435 1522.4213 245.04431 258.02084 0.00234339
619.9619 2396.8354 201.03267 265.66458 0.0023408695
781.37634 2016.5494 218.46332 219.79185 0.002339813
690.0789 1540.7263 139.30945 208.9107 0.0023334112
686.70447 1442.9078 182.5433 251.82439 0.002324698
86.20911 405.32397 145.9463 289.3969 0.002321323
396.86917 1124.936 572.4739 1408.9692 0.002319471
425.54462 2504.4553 904.20764 61.677364 0.0023177203
863.28 2180.19 151.06834 303.24332 0.002313184
446.4963 2492.0618 578.5422 83.66856 0.0023117496
222.16122 317.1173 280.6783 306.27084 0.0023061496
683.36505 1820.953 521.27856 455.8566 0.0023037295
532.7867 1038.7914 841.5914 1956.111 0.002302567
881.52893 2359.8777 116.94555 345.0457 0.0023023065
856.0903 1373.8945 171.05736 1352.1569 0.0022963644
856.72955 2377.8616 151.63414 311.13275 0.002295484
490.11237 1029.8284 921.13245 2007.2701 0.0022944217
389.55698 711.52747 351.04337 360.29874 0.0022901674
857.38086 636.6745 166.81305 635.2433 0.0022894996
420.97217 1506.7131 657.91754 836.554 0.002286155
702.1549 1683.9894 376.8626 704.51294 0.0022842688
493.00873 958.1651 312.21384 369.8955 0.0022694557
775.87164 1115.8174 293.04193 919.1949 0.0022635907
485.01776 264.48004 164.06451 186.83778 0.0022613627
869.33075 2448.8438 101.34803 161.67487 0.0022570128
641.93 2388.8044 520.59235 392.73926 0.0022567015
692.429 1391.3275 305.49695 773.2255 0.0022566724
699.4567 1816.9708 435.588 677.9026 0.002256214
770.5364 2430.1138 139.70601 195.33232 0.0022428508
481.1666 803.2641 929.516 1531.4578 0.0022404098
143.79718 1203.2063 222.2754 366.8342 0.0022341965
317.31305 1143.8092 462.1902 652.95825 0.0022293185
328.3716 1777.1288 409.83224 408.27365 0.0022263275
757.22815 2459.6414 222.28064 136.0676 0.00222056
390.86795 1496.7833 227.48262 293.66013 0.0022137708
858.1193 1716.7565 169.93144 634.88043 0.0022068887
215.19167 1700.6641 380.4396 683.915 0.0021971683
743.65 2124.348 387.43805 660.7279 0.0021965695
721.4583 2497.3408 171.66837 117.6299 0.0021964628
758.0295 1227.3497 329.36957 1232.0134 0.0021954346
280.31967 1390.1198 152.61798 234.3654 0.0021943299
43.82514 552.13086 84.23272 287.17984 0.002192535
868.32935 2180.5862 139.60919 296.25354 0.002191809
446.53165 2220.6638 167.33467 179.36383 0.0021883296
593.9617 1713.4327 143.84961 173.3675 0.0021863678
425.88495 1208.2041 354.6679 454.0729 0.0021851407
441.3338 1497.1189 461.31808 1097.1556 0.0021846343
835.923 1446.2859 152.43512 237.60419 0.00217508
873.6848 1181.4574 134.16794 472.75388 0.0021740154
876.58167 1641.3688 130.72714 1771.1808 0.0021723113
355.5599 278.76447 212.58856 261.2758 0.0021658104
871.9084 1367.434 138.93864 1331.9939 0.0021644712
224.00987 343.60425 424.85724 608.59814 0.0021641252
719.6369 1735.7817 166.13084 243.15828 0.0021608265
725.6567 2287.4932 522.15424 129.84285 0.0021530155
239.77927 1445.5782 211.48497 333.82825 0.0021506483
601.43866 1181.0657 277.92337 538.7326 0.002150502
581.2289 1588.6385 667.04364 432.89172 0.0021420217
823.2854 843.7348 225.88667 765.4589 0.0021354407
697.22437 1632.5156 227.50023 402.6379 0.0021265564
484.95935 146.20702 248.38261 237.7308 0.0021246
98.752655 698.70544 175.41846 634.8263 0.0021235095
504.74234 1188.7252 350.0982 1031.3517 0.0021233975
766.4239 1786.5149 192.56308 232.14748 0.0021229722
419.70645 1201.3296 241.26578 283.83398 0.0021202324
502.33725 1275.028 880.1725 2472.4365 0.0021070533
77.57191 445.913 136.17574 271.76877 0.0021027415
548.0666 1257.88 128.22427 168.90466 0.0020968744
373.59378 93.6147 218.7473 165.71028 0.0020950253
150.13548 2493.0657 283.5797 81.91762 0.0020859307
845.43976 1934.4266 130.68552 197.98378 0.002079953
60.7112 424.82275 109.851746 380.69623 0.0020772151
305.51266 1583.4324 165.14597 202.7078 0.0020753744
467.65482 1879.1042 129.53642 116.47989 0.0020736312
821.5486 2122.5999 115.82111 200.09422 0.002072475
728.75635 1744.376 239.92075 206.47827 0.002067858
756.9061 1139.6187 324.8335 1496.1655 0.0020674574
258.70645 145.84297 254.25409 202.93962 0.0020563302
140.8594 348.0787 242.40411 400.10165 0.0020485255
858.8207 1459.2633 163.1036 541.6959 0.002047704
304.4461 728.0934 290.70972 369.79944 0.0020430263
710.90546 328.40155 212.61545 115.26918 0.0020421438
251.37643 1315.7599 163.17642 267.30792 0.002038141
733.1861 1369.1958 393.56662 1325.2213 0.0020355394
855.34143 2446.2803 148.25182 177.0405 0.002035214
480.22653 719.1471 490.94547 587.3457 0.002033275
282.81415 1601.3999 160.02347 231.14769 0.0020329219
770.1613 1187.5079 239.68747 343.00778 0.0020198182
386.8412 107.16683 183.71693 143.61206 0.0020154016
190.0776 1672.6799 201.51642 258.9504 0.0020140412
298.61383 1590.0233 467.4373 1468.5605 0.002010524
761.57196 2327.2366 409.112 460.78247 0.0020001812
838.04114 1417.1451 201.56064 1256.1982 0.0019978352
370.01135 1845.0002 165.51462 173.36128 0.001997183
872.6355 1733.387 137.32568 302.98868 0.0019968753
478.41028 1286.3206 225.59793 959.9998 0.0019813813
826.196 1912.3152 124.002556 224.69583 0.001973777
547.0236 1343.454 404.17435 647.7081 0.0019691368
870.81854 1521.9957 146.48787 593.6074 0.0019630399
810.6206 1071.5376 247.54227 1879.3105 0.001958299
337.61057 368.93732 239.91615 364.75458 0.0019518536
329.72763 351.6254 202.67119 294.35565 0.0019493604
610.02765 762.4376 541.7387 832.9642 0.0019480472
871.3566 2489.0295 95.91885 79.00692 0.0019369095
877.66 1605.4886 129.08296 1837.6373 0.001936503
825.30493 2056.2769 202.3253 293.80783 0.0019354664
787.4479 1942.9844 144.53023 170.98622 0.0019342888
520.0081 1186.2361 734.2472 517.6885 0.0019297521
729.6171 2134.2178 243.1582 292.42142 0.001929054
102.66757 1215.348 159.31 434.2108 0.0019198522
880.17487 883.5167 120.32627 355.82617 0.001917939
874.7061 2231.0269 131.98781 394.1946 0.0019123809
856.5702 1014.8109 169.75392 2043.6211 0.0019111716
426.36542 1529.9862 167.40793 193.66336 0.0019075886
757.2411 1191.8489 344.28912 1689.8749 0.0019062953
868.80493 742.77136 149.88641 1484.2156 0.0019017272
713.0995 2494.3467 198.50397 125.9615 0.0019012792
879.0359 2139.838 103.6883 251.65285 0.0018955899
607.4041 1204.6403 364.836 347.7963 0.0018942488
270.84268 432.53336 204.6626 212.46388 0.0018942343
444.829 637.1341 454.3719 580.32935 0.0018912534
831.9582 2168.1104 189.32292 361.1817 0.0018821062
377.09097 317.38086 126.61028 163.91393 0.0018798653
789.9529 1194.9409 272.28265 987.1059 0.0018657785
835.814 1464.7451 204.74239 1157.365 0.001863479
872.6626 683.4631 138.63057 761.5915 0.0018566409
445.03445 990.21716 298.99426 480.7641 0.0018555183
872.7569 648.2431 114.53316 194.42162 0.0018523416
353.71634 692.0611 72.02675 117.83325 0.0018500692
495.35507 153.8759 876.9861 281.73456 0.0018494346
43.918053 1223.9589 87.42477 568.4669 0.00183743
885.25757 1313.5231 122.09272 354.02408 0.0018330764
816.9963 2346.2432 153.09789 205.22495 0.001829912
801.67377 1040.8485 245.99864 1522.3104 0.0018237976
791.29456 1788.5443 184.15416 225.14613 0.0018228333
237.91069 868.3318 167.85034 291.1006 0.0018161796
881.29065 1028.6272 124.31378 2146.7974 0.0018137824
833.5255 1017.64923 211.78946 2030.1642 0.0018033201
408.8424 1266.0608 152.8712 180.92229 0.0017958038
830.4488 2048.3342 212.95416 970.4789 0.0017906706
81.012726 340.61368 156.96591 577.4765 0.0017861351
639.937 1147.0199 451.86746 1699.6748 0.001782982
904.9774 1919.8291 79.529396 205.84868 0.0017764625
901.239 1131.1498 147.25267 346.6838 0.0017702263
856.17 2467.7075 168.50243 149.12914 0.0017546762
871.42737 2495.867 97.47755 74.817215 0.0017544874
840.5766 2508.2585 195.0431 52.81458 0.0017512302
206.06186 96.468765 239.76083 146.99605 0.0017444087
878.1884 621.385 122.70956 313.5928 0.001743801
702.11505 1472.0271 411.53476 1123.4924 0.0017422148
878.9358 2527.382 411.42654 60.36015 0.0017263005
915.03864 2473.4646 53.340805 117.64464 0.0017208855
823.39215 2462.9065 170.01625 140.48373 0.0017207995
607.1725 1571.6692 497.28894 448.57007 0.0017173428
805.92535 2131.78 181.53992 223.09692 0.0017043321
547.8781 418.3851 787.2441 787.3774 0.001703611
884.8061 651.64545 116.545815 634.93365 0.0017023763
460.58856 629.4705 463.79327 449.96292 0.0017011297
217.70995 82.09958 232.33675 147.58937 0.001698889
780.38544 1564.6932 250.28369 387.37494 0.0016967545
863.16705 1658.3375 154.4286 263.56796 0.0016925224
66.09527 139.9253 135.94026 647.22046 0.0016917815
813.0912 1607.965 226.72726 1855.4963 0.0016892456
890.27155 493.8498 102.69939 350.1318 0.00168574
806.47363 1268.0189 266.95114 1551.055 0.0016757182
498.9573 2474.8704 736.75934 336.8236 0.0016752931
881.1919 564.12067 121.81798 240.97139 0.0016688862
880.72095 1835.4517 120.28001 161.03784 0.0016620402
761.8889 2379.8066 348.42706 324.29715 0.0016587994
782.9028 2434.4868 335.67798 243.71484 0.0016570969
432.25656 948.6061 419.81906 591.7514 0.0016513609
568.0335 2487.1255 543.96655 214.0114 0.0016497327
385.35477 925.56757 362.91183 1045.1996 0.0016452059
541.36957 1342.6107 823.24646 2443.883 0.0016309549
483.9143 1729.2585 911.6113 2283.236 0.001628221
886.86 1564.867 116.12404 442.2975 0.0016267558
829.86304 1089.0609 207.66434 961.02454 0.0016241489
672.6309 1476.824 378.05954 1077.6808 0.0016231895
804.9236 2188.111 168.28514 236.00932 0.0016212974
864.8034 1462.1792 152.19357 611.5275 0.0016163667
768.76117 2197.855 288.66202 366.2706 0.0016003296
192.2855 909.31067 266.7181 220.0078 0.0015985599
870.3183 1497.3564 128.19365 245.80183 0.0015981597
253.6434 189.70924 479.57483 352.37375 0.0015922633
917.18365 179.26842 58.640682 330.81882 0.0015922618
869.23724 2032.5322 132.49464 420.31296 0.0015777242
888.496 578.61163 93.333664 1138.5378 0.0015724959
713.4354 2466.1648 393.44223 187.07155 0.0015638667
810.64185 1726.5748 249.1725 1441.6842 0.0015525536
887.2189 2076.175 124.11752 192.1032 0.0015451206
858.5357 2072.4434 152.91394 449.53036 0.0015290487
520.84436 2120.0254 468.8619 147.85872 0.0015259287
839.7622 2172.4314 178.34966 218.26083 0.0015062117
569.26807 2478.924 608.0772 313.75873 0.0014887339
920.02435 2424.22 40.376644 216.88666 0.0014807512
723.2442 1920.0883 372.64102 474.90332 0.00148004
565.929 2387.7898 670.4017 326.075 0.0014653703
895.9541 1426.3278 98.75431 391.87024 0.0014521421
876.95013 1978.8536 128.06264 163.94421 0.0014469719
856.082 2287.7488 169.69244 530.4674 0.0014360134
888.6929 1434.5613 113.28161 297.58734 0.0014348535
876.9589 725.7208 113.29899 244.2962 0.001433584
892.1024 2142.2607 98.69311 803.77374 0.0014335731
881.805 898.1202 116.02127 1153.0997 0.0014206255
867.9309 1476.6572 128.72475 530.7438 0.0014182727
880.13873 1611.4102 105.19083 285.07022 0.0014157424
874.09515 1031.3159 126.008896 1164.1125 0.0014087731
814.12024 1119.7638 253.77724 803.3867 0.001403967
803.4894 1005.31683 266.92905 1305.2184 0.0014011546
891.82355 1329.3564 117.91666 296.67657 0.0013819501
482.39148 2505.5654 777.2034 160.6115 0.0013795128
905.68774 1071.7562 77.7389 689.88763 0.0013761471
900.9834 1657.9198 84.798615 357.37915 0.0013667099
883.71155 1197.5251 105.81524 531.4756 0.0013614874
740.01843 2049.6428 404.3422 147.67801 0.00135423
446.84818 1392.8778 443.20062 881.95746 0.001353631
641.90845 2115.216 523.9803 292.5382 0.0013495712
926.31067 2059.9229 43.921032 118.037636 0.0013281431
888.7829 650.0396 118.52626 189.64212 0.0013125025
917.1677 765.97516 51.73627 1543.8411 0.001311839
16.739563 297.0045 32.04226 314.2582 0.0013104816
742.87726 1888.6523 327.67996 723.38354 0.0013022355
686.4669 1474.9426 371.08078 1056.4666 0.0012999332
884.8002 1409.1394 113.198204 878.91907 0.0012965914
911.7142 889.55316 66.17776 344.22296 0.0012867643
363.1501 1152.122 375.4995 981.3895 0.0012762096
876.02856 2174.6257 153.98822 273.57303 0.0012657908
907.56525 1921.2393 73.9555 267.47253 0.001257059
913.7993 510.90668 62.929893 317.5353 0.0012412487
907.48364 1734.5847 73.16418 439.6135 0.0012386775
394.25815 1184.7446 525.6451 1045.2142 0.0012313771
336.44836 1043.9852 278.2106 1443.1677 0.001223041
486.8104 57.380978 920.1325 115.73612 0.0011954005
868.28925 2519.614 117.050415 33.06511 0.0011835515
241.89304 766.10864 152.71025 236.47554 0.0011789392
933.55066 103.383705 26.201338 177.68555 0.0011661063
871.5385 2191.726 110.07645 372.98215 0.0011589488
912.55725 1086.8734 55.892406 636.64557 0.0011537881
926.2271 237.15279 40.240074 438.75186 0.0011295343
524.06683 665.74884 373.47754 592.616 0.0011269244
896.94507 790.2003 86.75254 180.25722 0.0011230258
291.43448 1050.2035 262.7573 545.92993 0.0011228353
704.5318 831.06104 415.7973 888.21155 0.0011148449
897.85895 814.1006 87.870865 238.73434 0.0011017653
551.33936 1362.2097 281.5337 683.31915 0.0010968032
761.01715 919.0772 331.23856 1020.64795 0.0010947265
907.1191 2525.004 55.752995 50.997894 0.0010941525
507.3673 2286.344 743.6727 137.59479 0.0010889019
928.20276 180.56296 36.730385 345.45264 0.0010834576
845.7143 2513.5383 148.01103 85.18143 0.0010787155
529.18915 56.595394 836.7303 143.57219 0.0010733375
371.22964 1162.3389 210.30736 194.10127 0.001066709
921.4931 2101.3303 39.932594 239.22348 0.0010639
922.0358 387.3115 46.208447 745.8887 0.0010617079
936.5123 2512.4714 26.154518 44.686176 0.0010612676
918.956 2523.8513 45.916336 23.09228 0.001059697
620.5133 976.1843 412.73175 715.1077 0.0010572291
919.8337 398.95404 47.999924 171.15164 0.001045334
487.02084 2501.3462 686.8237 104.90788 0.0010322483
918.0385 581.0975 54.957497 358.54294 0.001030379
451.32825 1694.3729 176.09665 483.55194 0.0010225314
941.0279 2485.207 10.346761 90.69367 0.0010196724
703.20935 2433.2976 449.5031 100.67243 0.0010121308
444.81873 923.33325 466.24203 500.8473 0.0010093759
934.7936 2382.056 20.660355 285.83154 0.0009986426
921.07697 1512.2399 49.168858 498.93597 0.000993538
921.7151 1527.2748 44.676422 391.5865 0.0009693368
922.1182 1617.664 44.376793 328.7618 0.00095724565
401.74756 1364.1202 208.22922 359.80585 0.0009457457
908.42505 1086.9607 77.06719 1285.639 0.0009446101
719.11066 571.98444 400.94885 719.12897 0.00094095775
906.65295 2528.1548 62.485435 16.879047 0.0009317824
932.0004 1825.9791 28.00548 286.07327 0.00091990596
471.83658 704.70325 784.5342 790.97144 0.0009164346
930.9734 2420.1533 26.346209 184.50543 0.00091552216
927.2347 1949.4675 34.388565 224.40881 0.0009016267
603.19885 1572.0044 325.29187 447.81674 0.0008922474
603.40753 1608.0455 317.51367 716.71814 0.00084973814
917.8958 2029.8119 56.961464 170.69157 0.00084881886
546.38104 900.0534 269.76074 705.456 0.0008428282
881.64294 2532.0115 95.79202 12.989331 0.00084222853
734.0137 1097.1241 415.40466 738.48663 0.0008416208
501.7477 1547.1029 743.90906 911.655 0.000828433
635.9115 1541.0522 334.8332 638.3281 0.0008138008
421.13104 636.6484 658.93445 621.4611 0.0007828022
526.2713 879.7129 482.99835 781.4942 0.0007797416
436.24316 929.4891 347.88272 1207.4543 0.00074492535
936.6034 1485.9282 18.834366 348.7436 0.000743654
520.7875 1193.046 329.939 359.5914 0.00073607767
535.1394 1182.856 631.1019 636.4478 0.0007354516
893.6461 2534.1526 89.46005 7.4693804 0.00073468836
912.3882 2532.1438 47.55407 21.507137 0.0007163184
578.7322 368.1832 656.90393 506.92932 0.00065071235
647.22296 2535.1233 507.71194 10.348 0.00064150046
685.80566 1599.723 407.97064 879.6504 0.00059928704
520.13684 952.9427 739.65717 514.7908 0.00055279024
748.3067 984.7399 409.71326 869.76074 0.00054434245
739.29456 2130.4426 284.77216 299.1447 0.000543059
934.2779 1897.7648 32.55593 180.7761 0.0005319927
523.6525 1118.5581 779.5295 513.19934 0.00051014
843.76904 1035.8082 308.7831 694.6495 0.00044659688
637.803 211.52824 676.21344 465.30933 0.00036890883
