374.24075 1582.8221 743.54675 3153.1487 0.49804425
372.26706 1233.2468 737.0567 2457.7883 0.23161437
369.46924 1149.93 731.7001 2292.9067 0.23082873
353.2021 1134.3097 698.4695 2262.0938 0.19543314
320.72134 1696.4065 635.56445 1128.642 0.16698967
386.0422 1297.9347 762.93744 2577.9204 0.123226084
336.55145 1370.2767 665.13196 2723.3787 0.111829
308.75772 1125.7915 611.5509 2248.1995 0.09632376
680.9216 1785.6373 186.28717 215.16914 0.09440919
329.48712 965.9942 623.29297 1882.4027 0.07277877
327.5241 2148.5154 651.3346 2024.6556 0.07101696
335.00903 870.6653 652.8438 1732.995 0.05969585
46.16991 2796.7166 91.82748 752.5056 0.05326586
309.38953 684.20795 610.8062 1370.0503 0.052425917
303.83398 38.19316 94.86475 75.17789 0.043715853
437.23114 216.36958 170.3955 158.13185 0.043665756
381.5564 2150.6455 757.5185 2020.4624 0.04166327
364.24918 2151.3186 725.5931 2023.9515 0.041221634
308.0288 632.30457 607.565 1271.4696 0.039405
382.66354 2414.2847 758.56714 1493.4572 0.03859281
323.68985 1495.5042 638.6297 1612.5785 0.038319673
50.987267 2664.8323 101.67224 1017.51166 0.037133478
406.0243 215.29456 99.6154 146.07574 0.036216535
301.612 613.2914 594.214 1225.7164 0.03609353
483.7816 209.9149 74.67944 119.15856 0.033666164
155.71034 2122.8699 305.35052 280.90598 0.033530977
325.60336 1833.866 645.0102 1491.4952 0.03347973
322.52374 1401.5815 632.63403 1752.2118 0.03191747
496.89255 1050.9008 140.4618 210.16379 0.031410214
319.9366 1298.5256 586.0637 1587.0336 0.029801007
270.93362 2012.5587 530.06396 490.0933 0.028594136
63.231213 2785.7502 125.603035 777.62067 0.028537706
349.82498 1530.9355 512.7142 748.85 0.02632264
338.76242 1512.868 659.51056 2001.7104 0.02619992
250.33208 1704.6218 495.50772 1072.9896 0.02610021
361.80753 704.55304 709.2063 1404.3898 0.026063964
116.17119 2160.8306 204.8366 201.80882 0.02586956
449.01062 515.86774 78.94252 122.5068 0.02583651
171.7846 2029.1296 338.59506 460.6352 0.025813434
365.62866 695.3434 722.44653 1388.1471 0.025757466
112.40676 2191.2888 128.5746 134.59943 0.02493306
515.35803 817.4919 422.81216 1633.6454 0.024496565
41.31446 2617.9333 82.87626 1112.7314 0.024247358
290.5427 504.77158 557.9386 983.3968 0.023936354
339.0978 1018.13135 510.34653 1619.6716 0.02366731
65.00665 2687.6562 129.74374 973.43915 0.023515644
309.76938 842.47656 503.52292 1433.5583 0.022232324
325.1922 1952.1077 643.02356 1718.4857 0.022137802
285.93143 661.44403 534.2327 1078.3983 0.021797301
424.54056 514.55597 139.76956 140.35324 0.021653317
318.69055 1498.0503 593.7305 723.4261 0.021236626
484.33246 1079.0262 98.24133 93.15567 0.021233976
528.48395 936.83545 421.08817 1874.9758 0.021186123
446.2362 1893.1896 159.6829 169.1383 0.021080555
398.92636 2056.1145 728.379 773.7941 0.020810883
293.01953 2463.469 582.50806 1407.8175 0.020643895
378.74524 1581.8643 750.3951 3151.7278 0.020466212
368.86093 317.04224 91.537575 70.47675 0.019906538
424.88055 1500.045 375.87027 671.8535 0.01982933
316.96274 1358.4664 596.9132 1236.7815 0.019695684
382.8126 1955.5374 756.53546 623.766 0.019500796
445.7743 1051.4205 245.54857 275.65536 0.018771106
293.08203 429.81824 568.9081 861.8448 0.017745165
380.2501 1567.5753 702.8956 872.5709 0.017708441
444.582 1535.5731 379.62 733.13824 0.017699908
500.29214 1308.4711 164.99767 245.70128 0.017691122
425.2077 245.05804 211.58514 221.33258 0.01750024
174.36711 1942.1089 345.24854 629.39404 0.017480124
374.25974 1967.5775 309.45874 348.16675 0.016860202
101.163826 2191.7976 95.2968 128.62965 0.016666008
325.09103 542.09045 638.6452 1090.8936 0.016538365
507.0261 311.95813 129.29655 326.56534 0.016497782
165.76219 2209.982 327.5469 482.88153 0.016480368
336.9201 1900.6183 660.8499 2541.6763 0.016191475
514.54095 645.8491 416.02347 1287.0813 0.0161573
12.012119 248.16492 24.40852 212.94258 0.015853766
93.7762 2698.0789 185.41335 948.9299 0.015819097
269.91016 2098.721 534.96204 709.6881 0.015328773
476.28094 841.9066 336.85193 1475.8799 0.015168676
453.46664 655.18115 287.2985 1052.3859 0.015077726
275.0004 980.0873 522.9554 1778.2993 0.01499422
172.55437 1714.9423 340.67114 1070.6055 0.014861184
119.21552 157.63771 238.32341 316.47473 0.01473874
448.54175 951.42444 555.51117 1893.8168 0.014635035
255.81274 708.3876 500.1947 1178.8345 0.014590105
521.8182 1528.3896 258.03445 689.9595 0.0144725805
301.06433 1670.2202 445.6709 703.4697 0.014277343
451.99384 623.4387 359.65726 1199.4456 0.014268292
245.7298 1128.2456 485.81583 2235.4153 0.014087423
444.2909 951.49915 513.3923 1873.6188 0.014059944
78.75974 2608.647 155.79048 1131.1011 0.014047913
223.5344 1129.0012 442.7851 2227.8423 0.014016168
242.85324 2109.0063 482.56906 696.2166 0.014015897
339.119 1585.979 349.44003 783.5273 0.014012109
423.84842 805.3039 589.42633 1606.9977 0.013992748
453.82544 298.5172 218.47046 331.21335 0.01397855
416.63278 159.61282 345.3525 319.16467 0.01396844
514.0292 1528.2544 492.89136 740.70667 0.0138664255
375.09293 1621.7867 743.0777 1273.0518 0.013837284
395.25836 954.4101 497.28183 1746.6421 0.013800913
609.96796 1543.6604 319.743 702.7028 0.013766849
293.24744 2094.893 566.5194 699.4026 0.0136767365
497.3278 948.03705 482.30188 1895.8046 0.013642032
354.03113 2018.211 356.09863 451.05536 0.013579857
442.66034 367.2081 237.36378 460.93015 0.013428748
17.194548 2813.2212 33.813873 710.2486 0.013323104
355.8756 1937.814 698.1643 2447.899 0.013127416
482.40817 817.40186 489.40442 1633.8027 0.013074949
325.30435 474.39258 445.10394 734.5087 0.013064058
365.49252 622.1122 632.84467 1230.6359 0.013036039
450.25925 1455.7823 297.4667 525.66956 0.012960885
393.69525 874.48126 617.92725 1709.7374 0.012902995
46.383053 2280.9817 92.35751 442.20105 0.012838275
121.91005 2604.3428 241.39076 1135.725 0.012826182
197.82803 2484.7876 392.36838 1369.0249 0.012634136
49.129326 2348.963 97.186844 302.32364 0.012629057
416.6997 1904.7146 227.77975 232.91977 0.012537321
196.75972 2252.7063 289.16425 371.16086 0.0125245815
115.07277 113.99176 229.35626 227.76343 0.012446494
400.1064 707.3292 449.31985 1329.0475 0.012428314
445.78928 195.06737 290.29755 374.97784 0.01234805
192.81453 1817.5476 381.06204 876.2173 0.012309323
358.94418 538.049 710.0287 1076.1932 0.012264833
377.6688 511.90317 56.20142 100.763115 0.012234894
214.27008 1130.4698 422.6822 2229.7854 0.012107502
506.55307 1425.7375 219.93016 478.66373 0.012098021
288.75937 1819.9923 557.5936 2648.2004 0.012050849
321.95337 465.58334 636.94226 931.3569 0.011901045
379.4549 1010.2554 404.29984 1293.4971 0.011852835
289.08087 2107.114 572.69293 926.5534 0.011849871
360.6008 580.89374 707.7707 1164.6719 0.0117810285
429.7783 836.3383 463.30893 1659.9149 0.011701113
512.3513 605.8022 400.59183 1207.5521 0.011566307
235.87482 1870.9581 468.84036 797.1674 0.0115596475
18.587528 2619.1353 36.991474 1099.5366 0.011516722
361.55795 560.27277 455.28796 1057.7175 0.011493931
495.01694 977.66406 487.6461 1950.6425 0.011464733
481.87772 1532.9069 560.9298 766.06836 0.011453481
160.7409 2630.8013 318.3543 1075.2599 0.011377016
193.6971 2223.374 381.71143 466.9436 0.0113335755
258.60074 1504.9469 512.4187 1505.6635 0.011325313
417.15756 306.8024 343.6797 598.9824 0.011317008
479.05875 947.2184 510.40488 1901.1243 0.011233777
342.4199 474.19464 391.1662 703.09515 0.011217116
526.34766 1302.3319 112.199036 201.90025 0.011123078
469.64026 817.5553 309.94818 725.61774 0.011073465
476.3169 797.13763 351.42453 1609.4459 0.011023563
421.4791 66.48408 347.14276 134.8394 0.010937905
368.66858 408.3364 342.96832 552.5606 0.010918053
301.50754 1369.0691 586.0377 572.58417 0.010857693
320.2434 616.1582 397.1084 753.55615 0.01083781
50.83333 2318.476 101.34395 598.1751 0.010820296
89.491196 2193.8687 64.39793 111.474 0.010782406
483.17438 1106.5714 189.04083 328.09842 0.010738434
251.35045 1577.1744 498.73444 3139.0605 0.010719588
388.45578 510.8135 71.06192 112.72357 0.010672003
386.15573 1577.2911 682.68176 1071.5321 0.010671162
291.5134 1039.9026 557.82166 1072.3467 0.01062201
127.95427 2781.5767 252.24718 781.0276 0.010606471
111.76426 1583.104 220.71281 3148.2622 0.010598319
404.21655 1369.531 469.11545 1043.9419 0.010579075
231.40408 1758.1753 214.17105 319.6992 0.010575752
315.05316 340.0032 622.7943 679.525 0.010539449
537.5485 1290.6078 230.12683 683.4964 0.010440903
567.4136 800.15204 337.16208 1607.9086 0.010433781
301.40515 1263.252 584.81287 859.9988 0.010425823
100.89848 2579.8271 199.54472 1185.2238 0.010396485
459.7998 1024.2513 548.4848 2055.3467 0.010366307
39.82533 2699.8792 79.02391 516.4471 0.010323416
446.6696 1327.9683 382.44644 859.17236 0.010237494
436.09576 1176.2705 290.81137 486.0914 0.010226681
436.34277 1397.1178 424.16458 980.00055 0.010223191
509.86346 69.06289 155.81084 137.97594 0.010220137
455.9515 1282.647 319.4206 686.93506 0.010196404
508.06693 1277.1827 225.87987 665.2131 0.010171439
420.27567 64.36118 335.26157 128.08508 0.010158547
193.91089 2604.7612 385.49557 1132.7717 0.010130886
309.5299 2519.8645 615.3522 1303.6259 0.01004901
361.91443 1483.7261 231.02176 370.12616 0.010047682
464.8324 325.52637 263.07074 521.59656 0.010047649
88.27276 2254.3923 175.10027 437.70227 0.010037219
10.089351 299.17114 21.146505 367.12308 0.009963795
390.58517 2802.7827 771.4614 740.5598 0.009949276
21.256174 2803.0784 42.12187 423.16788 0.009945064
529.8476 1415.482 212.7885 456.4903 0.009934622
393.92642 303.99915 138.6023 111.97549 0.009897816
478.67264 1045.427 517.6779 2097.3447 0.009849596
382.2227 519.77277 445.1335 1038.8568 0.009845007
407.2324 582.795 604.868 1179.3354 0.009822369
523.5761 1326.4363 128.65367 261.2636 0.009777725
163.31363 1753.2289 274.28958 360.62198 0.009732151
427.53592 587.17993 559.86365 1185.4495 0.00959975
369.90942 432.9504 491.71344 872.8462 0.009550379
499.2588 263.2161 106.041756 232.96233 0.009534073
644.0501 1702.7964 254.90784 401.21964 0.009506533
375.65887 327.47284 454.11343 653.85724 0.009496311
476.57446 1592.2839 152.4405 230.72037 0.009431784
312.9767 307.93344 583.0387 617.34656 0.009429072
438.2512 476.0643 361.97742 939.77795 0.009426547
494.36075 501.62088 272.6774 999.98987 0.009425492
389.4487 1277.0585 477.33774 1486.8899 0.009392741
488.2923 82.759384 206.72227 161.71884 0.009391756
178.10094 664.558 351.47183 1214.0328 0.00939027
532.9327 237.85938 183.62967 472.03406 0.0093866605
108.22838 2722.5325 214.02596 898.4339 0.009375245
200.14093 2161.943 399.01508 2010.207 0.009290256
13.12462 397.98486 26.220781 604.63586 0.009255211
446.0955 1560.2871 218.52573 347.52786 0.009240894
354.15408 512.29865 700.536 1189.5093 0.0091751395
481.9546 1051.9948 351.20554 1135.7306 0.009174528
265.62625 756.4145 366.63092 646.89276 0.009172499
339.20975 208.5711 528.75507 417.6358 0.009171698
428.45523 504.79077 176.84065 218.1539 0.009169783
339.3953 2416.502 677.05475 1502.9397 0.009112445
115.29989 1780.5182 228.41475 940.38983 0.009092906
318.69748 981.21234 498.25955 643.0654 0.009089353
240.78775 1721.3541 159.98618 243.74667 0.009062965
346.2166 1772.9833 682.75806 712.9071 0.009025591
7.933767 2780.1702 15.200683 774.36597 0.009024905
660.4894 1777.2484 207.70158 351.14667 0.009000493
18.517323 2184.7659 37.495575 316.09317 0.008968524
159.5442 1434.8175 318.46106 1643.5161 0.008947587
208.86345 859.87177 412.91534 1627.2327 0.008896694
147.2273 1945.1855 294.8693 979.74896 0.008880575
497.35797 713.9559 457.20023 1434.0118 0.00886248
719.0684 1789.9592 114.95635 191.48387 0.008860749
32.932255 2251.0051 65.50605 1842.4395 0.008850178
248.8898 1433.5515 355.56793 475.54318 0.008833012
172.40462 1557.434 343.72565 1396.5776 0.008797094
511.41568 1542.684 495.72153 788.104 0.008788866
156.8005 615.378 303.6177 700.3549 0.008779855
470.10147 583.93884 498.17886 1184.0878 0.00877657
128.31398 1728.3738 212.52026 287.66272 0.008667668
403.78122 1702.5814 511.49863 2329.0593 0.008646634
310.14197 113.19723 137.96454 224.55284 0.008600146
392.3499 2733.9685 778.03076 878.1562 0.008579334
471.4628 789.1218 327.93546 1606.7317 0.008577708
43.275227 2466.9766 86.49793 847.6697 0.008562842
287.50183 795.14655 415.83945 750.6656 0.008539513
9.527225 2276.182 20.322468 586.354 0.008474863
555.0765 645.86847 334.79706 1282.4565 0.00846952
6.8284087 2602.6252 13.267262 1130.2714 0.008460483
219.90211 629.45996 424.21002 957.1117 0.008443008
192.20155 2310.5115 381.57602 1054.3462 0.008435594
3.9678814 2198.0986 9.492099 408.49347 0.008417868
314.85968 248.67734 606.112 499.53415 0.008412074
215.88635 2780.7478 431.5222 775.8255 0.00838207
197.6647 962.8607 390.08875 1852.7509 0.008359509
449.3498 952.0127 261.9409 441.9193 0.008353507
18.939854 345.91382 37.878006 461.4927 0.008342297
51.717056 2219.8777 102.04666 1899.2262 0.008288071
402.72528 1094.277 422.51337 1050.8859 0.008269893
220.30281 783.953 202.29329 378.24725 0.008267581
5.4239025 2195.1626 11.867948 318.62897 0.008249468
201.25009 1368.0504 399.93597 1771.636 0.008236347
140.8383 2395.2307 278.99307 1554.7218 0.008233742
358.2586 467.3609 674.06415 938.8879 0.008217532
159.03336 1731.818 299.7132 543.0367 0.008210311
509.6573 1667.5833 228.54167 349.5887 0.008199899
133.79224 1531.2268 183.62039 245.36572 0.008185951
124.41815 1556.9482 234.72194 417.28726 0.008164685
543.25397 943.1273 433.23 1894.581 0.008145724
175.40709 132.58485 348.53098 266.0577 0.008078802
536.202 789.87335 184.45189 317.85355 0.008054959
9.675521 216.7224 19.65427 385.4262 0.008045116
612.5101 1607.079 318.6232 584.3134 0.008032982
443.31955 315.44806 282.26678 435.34378 0.008000515
575.3017 840.96545 302.63513 1614.6112 0.007993536
498.22833 17.42578 171.02992 34.520626 0.007990905
392.45203 1923.847 247.85965 246.06177 0.007986612
8.62908 2655.421 17.265963 1038.2363 0.007966998
527.4199 582.0857 218.01472 1162.0674 0.007957345
449.75735 659.7118 531.08356 1331.916 0.007926295
12.643989 2990.9536 27.388908 353.33243 0.007887729
112.89908 2183.1182 224.19147 1973.0042 0.007872579
327.20456 270.69354 260.79382 265.31982 0.007842302
122.20572 234.47066 243.73094 466.96756 0.00782307
112.345436 1880.7389 214.9259 494.0676 0.0078046923
257.93594 2326.8115 509.6463 1210.6879 0.007778634
282.3035 1416.2783 220.20691 406.86584 0.007773773
150.9143 2017.0912 208.92 334.55145 0.0077625853
250.30072 2080.9204 505.83832 1967.8973 0.0077623976
5.808527 264.62 12.315402 257.53476 0.007725973
518.02576 2040.2721 497.79523 752.00244 0.007716818
240.97424 1114.6664 402.72964 1652.9272 0.0077117877
134.17557 2485.1064 266.48572 1356.0887 0.0076818475
76.97612 12.961004 157.78458 24.291903 0.0076711974
325.90524 1376.2961 649.1762 1004.5684 0.0076552145
175.9055 1012.30963 339.05438 419.10583 0.0076529575
404.8359 520.46765 517.8169 1050.4573 0.0076298374
500.85953 273.63544 105.68266 249.78809 0.007628174
131.86876 2123.0986 269.6629 677.7221 0.007620298
82.53804 46.68977 165.07367 90.80888 0.0076187295
167.25853 2191.8086 329.66354 544.06 0.0076181414
10.584064 535.6594 21.11937 955.13275 0.007617104
323.5913 2134.0085 406.92578 607.0243 0.0075989338
567.2557 957.6112 265.1026 965.0493 0.0075894822
131.39688 2162.409 260.67227 2009.7224 0.0075698835
372.16245 511.1416 361.46146 780.9207 0.007536987
516.3802 1014.9825 89.233154 131.62924 0.007525108
124.615135 675.02545 246.4977 1326.2112 0.0074824616
173.64653 1011.16376 340.4775 671.42975 0.0074434006
202.62901 1011.79596 396.7636 616.645 0.007434989
488.98645 811.6713 355.4482 740.25415 0.0073616435
580.267 944.5846 342.1101 1901.5897 0.007354445
13.023264 637.0214 25.814724 1243.5632 0.007347423
669.05255 1555.6799 211.87306 687.0692 0.00734127
523.6523 1641.0249 237.57028 450.03662 0.007276643
483.17227 202.5028 63.938427 99.84041 0.007267589
81.23642 2084.4072 159.19176 2160.6401 0.007250106
214.3738 2397.8323 428.04697 1544.2549 0.0072425487
51.98147 2316.5664 103.67191 991.73126 0.0072348523
224.13976 1404.1036 419.2578 476.34387 0.0072252015
167.56331 1002.80273 216.89354 308.4337 0.0072248722
52.46577 1171.1107 104.02262 272.91678 0.007191401
38.888363 1138.5941 76.94596 2257.221 0.0071875276
470.718 1283.788 160.235 258.70026 0.0071860887
242.45934 319.9395 341.4461 437.02728 0.007175578
136.09966 1582.0999 272.97873 1361.3431 0.007162382
595.42725 1977.4755 353.954 623.6141 0.0071569723
683.4292 1783.6322 174.0657 205.01933 0.0071450416
654.177 943.87427 263.961 1895.9943 0.0071421233
508.49496 1088.3529 162.25821 302.58636 0.007120562
334.97656 1209.1769 462.45813 772.62683 0.0071058418
434.1375 1060.0024 342.3589 602.3413 0.0071011367
639.2466 938.3666 228.82138 1896.7109 0.0070994864
500.3398 1402.8853 295.00912 950.776 0.0070910277
477.3229 1198.8297 420.84088 1532.3229 0.0070728245
184.39842 850.3458 356.93872 659.73285 0.007060862
10.190026 2782.5427 19.540804 768.1877 0.0070487675
132.35947 2457.5867 260.99335 1408.0424 0.0070464513
47.021755 206.71722 94.49048 407.44995 0.00703695
412.21002 1056.2488 158.31477 235.2992 0.00702961
210.80089 864.46545 409.9514 901.5999 0.007024333
153.58809 1228.2347 152.73926 238.55536 0.0070199906
203.21346 1956.3502 430.36664 1122.6858 0.0070038317
497.5892 960.2091 233.67119 373.04834 0.006992188
130.24281 2346.6775 258.37347 1651.5995 0.0069710044
167.60861 979.99567 329.48862 689.91815 0.0069703837
410.00308 758.4776 459.9019 1179.8359 0.006970248
232.12987 263.69095 132.20273 259.3124 0.0069599384
23.833536 2791.332 48.0044 772.0 0.0069486895
115.969284 546.6671 214.55356 410.30148 0.006939647
659.1749 1540.1753 228.98764 712.6306 0.0069275317
205.05159 843.2419 301.15567 495.64896 0.006920178
303.4172 37.80366 85.843315 74.539 0.006919496
180.91826 215.07509 359.83798 427.80164 0.006901592
364.97168 442.5084 726.1044 886.45447 0.0068969885
438.31262 1452.6261 451.79645 1134.7719 0.0068915724
280.30307 2179.4841 258.18738 453.63626 0.0068871747
482.08966 1712.608 372.59583 1065.2552 0.0068735
4.991723 477.3258 10.484751 758.18494 0.0068482677
2.831036 2797.6855 5.581971 737.03394 0.0068411916
480.56418 554.94574 487.52063 1131.9431 0.006835703
27.589094 2332.123 51.743557 208.59656 0.0068266923
547.5538 695.6917 165.4802 368.10944 0.0068185567
138.22285 1346.6456 279.1732 1819.5742 0.0068051335
128.14108 696.69257 254.07007 971.2436 0.0067858524
460.1416 1050.2025 362.71405 1574.1909 0.0067765648
36.375366 2138.0647 72.57946 2062.6223 0.0067743952
408.8532 624.493 225.52902 367.38467 0.0067699277
149.86923 2340.6042 155.55212 203.65662 0.006705997
316.46686 109.3548 179.32997 219.728 0.006692156
311.47638 37.22308 185.13518 74.481186 0.0066894977
4.8828754 576.6825 9.805607 972.4064 0.006689295
12.52382 921.1876 24.525993 1830.4146 0.0066850726
480.76056 113.29873 165.64331 221.11493 0.0066669662
525.3427 316.38443 221.86171 591.3034 0.0066586225
116.91923 520.2874 230.60631 627.68744 0.006656699
4.178218 2600.0464 8.39604 1141.9913 0.006654795
224.7503 2222.7693 443.2539 488.5371 0.006654407
646.4311 2036.8411 262.2745 742.03156 0.0066466546
229.94342 1259.2983 437.6813 1852.159 0.006645071
135.82623 1222.7098 268.04642 2463.9482 0.006620782
23.002449 534.51196 45.946472 815.4983 0.0066097486
62.09021 2586.1472 129.654 1179.1779 0.0066096513
238.29132 2242.76 278.51236 392.2043 0.0066019255
486.04724 370.61884 350.54755 746.585 0.0065925694
611.2769 1429.118 317.16016 932.8142 0.0065850285
537.33093 1138.0753 453.84674 2298.2017 0.0065805633
513.6217 1801.1571 504.6602 416.13846 0.0065578343
455.4906 1941.0668 181.61632 306.24048 0.0065422924
513.1627 929.0915 213.33058 415.78323 0.006538586
435.50607 1347.0251 497.22818 1524.5145 0.006534685
434.56317 6.406779 372.47717 12.839715 0.0065161185
5.237185 2912.8298 10.981356 481.01526 0.006506979
584.9931 474.60245 283.1875 951.31647 0.0064929803
51.457184 34.101116 102.452034 66.571884 0.0064764833
31.377274 709.06757 62.23156 384.8913 0.0064743417
396.2202 510.68964 49.704235 105.51075 0.006469936
480.34116 1679.1564 304.9318 937.73535 0.0064693503
596.8392 319.77753 201.36848 497.55914 0.006464614
395.74335 2094.7312 368.2012 642.7663 0.006460147
453.1287 1721.3884 588.31067 1052.7914 0.006422045
128.08055 370.9712 253.9868 738.84106 0.0064181243
554.98785 1767.6533 438.91196 344.43237 0.0064152027
552.92224 1400.811 136.59682 362.34238 0.006409321
7.937161 1136.4282 16.247149 2267.9707 0.006397641
266.6892 1230.3387 520.8258 654.9513 0.006379217
197.98871 1433.6283 387.6978 1463.9728 0.0063609425
476.3331 369.4644 437.41357 743.08984 0.00635927
230.97028 2148.7954 463.33975 1998.8534 0.006359137
97.14177 2385.7185 207.18599 1572.0853 0.0063528307
522.69543 153.93779 193.28479 308.96826 0.00634731
491.8703 1056.8927 320.68915 2111.579 0.0063042836
2.7628274 498.76498 6.1136827 775.1139 0.0062657236
1.7917632 2705.1357 4.5049624 922.5965 0.0062540188
160.16345 128.72038 128.82619 178.37642 0.0062505025
493.06516 1687.0576 317.56744 1048.6345 0.0062462827
342.97586 1746.72 435.05197 979.85254 0.0062344633
564.676 1765.8955 385.33597 1243.16 0.0062214485
25.987339 2837.7402 34.209538 243.36497 0.0062115355
509.47275 732.44214 292.42755 525.68713 0.0062065367
559.28424 1654.2228 158.92587 213.91154 0.0062014833
419.49176 1222.4095 368.59802 1134.6118 0.00619609
357.11847 388.44028 699.05304 772.09436 0.006195532
539.65497 1185.6433 428.80066 2411.9458 0.006156498
29.390575 697.63654 58.473995 1285.9003 0.0061483136
11.456271 2401.1492 21.738901 383.16882 0.0061463215
427.12106 1950.7152 659.023 583.7609 0.0061317394
74.795815 1913.1824 154.04227 682.35815 0.006127173
244.8011 459.16214 117.89324 227.59346 0.0061245663
56.55095 1740.5629 112.27995 1032.5251 0.006076177
556.55084 1215.9087 403.66534 2463.4436 0.0060489466
556.4329 1074.0326 129.07108 284.8355 0.006026575
472.3124 1919.1143 179.48468 269.13757 0.0059911455
28.706518 1805.0966 56.66837 866.79565 0.005990427
322.00165 1207.0375 320.0738 533.4957 0.0059781475
623.1727 1735.2654 144.49539 302.62634 0.005966799
37.10213 2612.84 74.38864 1167.452 0.005966001
441.67032 2015.5109 229.97427 436.44754 0.005965147
361.75436 349.4558 718.06366 696.5992 0.0059577976
6.9686723 804.63776 14.363404 321.58563 0.005955242
513.28754 909.0852 138.17346 320.96387 0.0059542237
22.662329 239.15921 45.52003 468.99112 0.0059294724
799.8697 102.50064 10.43389 199.40831 0.0059218607
796.65796 201.63249 17.577555 405.82965 0.0059180916
75.49879 2090.8005 147.65593 325.74988 0.005911859
295.13205 1695.436 582.2643 1088.5137 0.0058986577
162.81567 558.2187 322.98566 1116.762 0.005895033
116.57136 257.4712 232.39267 516.2997 0.0058788443
54.923546 2384.8462 93.65348 192.56332 0.005859372
156.16972 1336.859 330.54556 1836.7623 0.005854583
472.1012 1598.3511 134.58516 182.32826 0.005852732
9.593956 2312.7454 19.752123 583.87286 0.0058522825
275.18918 895.038 307.0346 528.50745 0.0058458354
406.41248 998.7131 196.3672 336.01086 0.005834405
22.64321 707.2961 44.902096 245.8021 0.00582405
494.19138 999.37354 146.09358 277.475 0.005822087
766.99365 123.75885 76.6888 249.8974 0.0057907486
518.1661 177.77466 143.59312 259.26477 0.0057900157
244.68039 1300.9996 382.46777 969.219 0.0057662767
185.37743 823.03394 362.81177 690.5415 0.005759635
61.85154 5.42277 135.10706 10.568756 0.005753849
189.37317 113.15741 372.8024 225.0851 0.0057529104
463.27188 573.29065 171.16743 307.87924 0.0057272757
768.9716 226.90724 72.08853 458.77383 0.005700637
476.44443 421.9975 403.7554 850.5379 0.005697354
84.74365 6.3121343 166.36359 13.079751 0.0056968327
185.9292 1728.5525 172.57884 205.24466 0.005687468
515.0609 977.7489 259.44208 719.8657 0.005677265
157.27701 587.45624 310.50638 784.8447 0.0056752386
5.0209627 250.19568 10.327113 395.81522 0.0056685293
110.71789 472.32245 220.89235 970.02686 0.005663677
790.3327 72.02947 31.812256 140.47453 0.005656826
626.2628 426.40787 156.13731 486.286 0.0056550344
610.3208 1454.5398 118.850296 340.88733 0.005647122
57.373512 516.1848 114.78893 984.0159 0.005622161
147.43555 2862.5874 291.38983 664.8698 0.005613309
249.20026 2463.7332 388.67944 1340.0696 0.0056041074
24.152416 3038.3806 47.057945 260.85593 0.0056006038
54.13254 2946.1643 104.78095 443.42587 0.005599125
99.99214 2131.0662 197.29517 2098.232 0.00557901
23.93664 3040.4512 47.062286 266.18555 0.0055756723
2.8018603 670.2419 6.226218 1255.9479 0.0055752518
207.21466 2017.7592 410.85214 481.2698 0.005572992
51.67295 2065.8423 107.77579 420.89285 0.0055608787
565.06805 773.877 197.2568 519.87054 0.005550154
294.50323 2441.234 593.64923 1458.278 0.005519713
189.43515 2810.5767 385.8616 713.36646 0.005509282
401.0056 31.406227 490.49533 62.608536 0.005509115
45.80876 1827.0029 94.46138 857.5127 0.005493647
700.6201 1303.2461 189.55154 1185.6201 0.005486175
506.94223 373.02472 208.3947 504.74164 0.005473989
363.8924 1012.68506 120.90314 278.65286 0.005465458
8.19334 2675.8572 16.524017 529.1295 0.0054553715
479.12042 1550.2776 543.6568 1220.7443 0.005443484
494.1611 1416.4357 439.82462 1301.9788 0.0054195845
405.4138 1072.8938 360.54785 823.5284 0.005389573
106.966324 1242.469 211.26837 1873.2068 0.005359332
162.87779 1731.4884 134.2304 176.93637 0.005358298
2.2906184 2784.3171 6.5157146 705.79266 0.005350676
54.168133 2187.1604 107.304695 1273.5206 0.005306587
443.11017 504.7719 230.29848 724.9182 0.0052996017
2.586523 782.7136 6.219565 282.76096 0.0052995137
433.2822 223.70052 366.2668 452.261 0.0052960385
540.83954 1560.025 456.85248 3111.2793 0.005285318
507.11325 1139.6371 479.60208 2304.5857 0.00528194
117.01056 621.9494 232.15427 1254.3127 0.005278734
500.51743 4.7837687 214.99693 9.034295 0.005275603
565.2925 222.20584 150.69815 445.17725 0.005274517
3.626122 645.6495 8.277944 436.67987 0.005267914
510.39255 1276.203 410.085 1228.99 0.0052112415
28.406029 2416.1758 57.033207 1626.4186 0.0052109915
25.904078 451.55954 51.802746 896.24713 0.005209195
455.63144 377.8118 94.65287 120.75894 0.005202515
392.8598 2943.8398 783.4295 460.30704 0.005200975
276.6803 1351.2416 595.49854 2317.476 0.0051958216
45.965782 720.42163 91.43857 1225.3893 0.0051783393
118.0717 902.7109 228.89099 567.1374 0.005160443
594.0338 1095.8424 322.2191 2223.9016 0.0051356237
697.74744 2050.9736 182.95544 768.8651 0.0051329806
528.031 1216.7313 440.78857 2472.7722 0.005127408
665.8173 1377.0564 229.4264 1033.7996 0.0051175468
437.3662 217.05493 143.25377 146.3865 0.0050795865
70.483 861.448 140.8779 795.1149 0.0050649485
117.876366 2688.2986 241.60219 968.93146 0.0050634057
18.595228 3067.9207 35.775917 210.36438 0.00505075
4.357251 860.50665 9.268357 1544.046 0.005031872
105.51355 1427.0017 209.83427 2027.8083 0.0050314446
557.1041 939.78064 432.8734 1898.1194 0.0050199754
703.751 1195.0952 180.07954 1413.0509 0.0050190636
592.4233 741.79913 129.5837 263.7073 0.0050164256
572.7783 647.0138 134.84093 217.40297 0.0050112447
657.5226 1383.4077 245.35297 1017.69495 0.0050069573
578.1389 1793.0669 279.65036 417.91214 0.0050065583
532.8429 1306.5143 101.22716 194.964 0.005001774
542.7571 1397.943 452.89062 2817.5952 0.0050013256
159.90189 2885.9731 318.70508 584.12427 0.0049919565
594.2007 2979.9912 335.29633 385.9879 0.004990422
481.6679 1205.5762 159.53178 357.16583 0.0049901213
4.3881664 3019.244 10.27575 294.42532 0.004988467
1.9786488 493.92703 4.272301 317.79486 0.0049690916
154.50087 398.48163 308.36057 808.63617 0.004953593
34.09416 1682.7516 67.56212 1167.5267 0.0049484745
553.16736 338.57608 196.88687 391.87372 0.0049373927
3.4865444 2999.9475 6.628883 386.20856 0.0049262396
335.3403 1815.4454 471.6402 1266.2865 0.0049199234
411.95508 514.90625 63.23726 103.081985 0.0049062716
17.626772 372.5606 35.29832 740.0384 0.0048912046
752.0921 907.66943 123.682434 572.05493 0.0048841033
6.906103 785.93036 15.104536 701.0618 0.004869252
313.3883 2211.4692 153.58939 305.8826 0.0048688822
4.287467 770.6331 9.464076 746.3707 0.004868764
639.06464 1978.8542 284.45908 665.1735 0.0048609823
579.30963 1541.6361 297.7567 703.1114 0.004857625
40.94323 3075.4556 78.73718 197.55107 0.004846732
45.584732 948.4735 90.51192 483.06107 0.0048251837
585.47925 1728.3894 350.98355 1130.2023 0.004818484
59.09252 1001.0097 116.92305 589.4736 0.004815757
632.96204 334.69022 129.64372 299.41672 0.004804923
438.08978 1603.5518 145.90341 214.53531 0.004803555
288.7324 264.6529 482.05814 558.5284 0.004784922
5.369143 3066.305 10.344409 211.82964 0.004779546
43.190247 2796.6616 86.03285 744.8882 0.004771213
534.04535 854.73846 110.35913 168.44104 0.004752475
737.4751 2476.9182 165.15858 926.63745 0.0047208015
540.6686 1794.0933 463.18146 1231.6487 0.0046941643
532.34357 1692.471 269.78687 562.40985 0.004686315
348.7582 2265.0664 726.632 497.29492 0.004665849
620.7831 651.8038 172.04187 510.95514 0.004631859
113.115616 1705.8154 169.97063 255.56694 0.004619426
17.081503 2687.7866 32.035027 517.05505 0.004616572
509.86423 1090.399 193.83475 643.8346 0.0046074637
753.6403 2693.2166 116.25882 413.0505 0.004604764
526.526 1403.5803 435.7401 2556.297 0.0046042213
588.6889 1429.3955 335.44803 2909.072 0.0045820866
109.699295 2834.481 215.86758 668.0367 0.0045586945
765.9683 405.31467 79.74804 819.7502 0.004551456
4.2256217 3070.7312 8.148737 205.68819 0.004524953
289.6862 989.12335 148.06682 309.60126 0.0045248177
304.04214 953.70264 130.74292 272.47104 0.004505109
588.26965 293.10904 288.6924 593.2525 0.0044873664
36.141438 627.493 72.04269 1307.693 0.004476692
718.0362 2896.2332 208.03877 546.43805 0.004472707
506.93475 1881.9381 478.17377 1469.3954 0.00446393
458.2502 2913.063 246.53702 392.2332 0.0044619935
257.65204 1263.8239 280.31076 358.00983 0.0044496995
59.39031 829.33453 112.64805 256.40317 0.004444521
707.9363 1254.3005 177.7005 1283.1924 0.0044389837
660.7324 2693.1523 271.49905 884.1467 0.004431284
372.6089 2168.4788 425.9478 1082.8435 0.00443026
137.75034 2880.9 267.113 568.36566 0.0044240137
536.93536 2418.0762 561.61414 1523.164 0.0044214353
430.1919 21.14252 415.29343 41.082233 0.0044085705
801.00604 139.56923 8.846225 283.09476 0.004408472
606.9264 1569.643 216.64067 649.0269 0.0043965485
414.02228 1729.9381 110.07756 160.77287 0.004394416
536.7297 1307.4352 412.19073 2473.2537 0.0043648286
1.4235446 308.1109 3.2354262 608.9341 0.004357001
553.41595 1096.2367 134.1845 308.42844 0.004346055
538.5612 296.64294 137.58847 343.2232 0.0043339375
684.9131 488.70566 234.69246 983.7162 0.0043191765
626.2263 1625.2737 273.28586 551.5024 0.0043146266
730.36993 2605.76 157.9321 383.604 0.0042915707
109.81802 353.96396 190.32562 642.47266 0.0042861053
506.6423 1552.8715 450.51758 1418.9956 0.004223793
418.94858 1640.299 118.44764 155.56958 0.0042226296
55.498066 1688.1356 104.2027 243.8931 0.0042085717
571.37036 2140.8103 291.34482 512.2149 0.0042055235
59.718716 3122.395 116.59875 114.154396 0.004169959
589.26776 297.05438 111.633675 290.53186 0.004167558
502.70847 1376.6227 255.21062 448.3451 0.004166274
240.05612 2473.6355 316.7548 1189.1288 0.0041579553
708.1645 2742.0757 196.11118 820.389 0.004149612
2.70426 2996.7437 5.4064674 323.08926 0.004145202
494.5256 386.6409 165.91232 472.49353 0.0041066343
107.9393 1674.5074 137.38457 159.41518 0.0041025975
2.9003975 868.3048 7.1361876 241.3074 0.004099834
232.89487 818.7495 521.56134 1666.1577 0.0040926696
533.9456 1293.7598 415.79358 2399.8142 0.004086352
746.3804 572.95166 115.056984 1161.3721 0.004077865
598.3526 1430.9697 138.73026 385.52246 0.004074818
173.69635 1788.0106 349.27185 1580.7258 0.0040622437
713.2182 2961.5842 150.98732 430.95837 0.004035679
496.2067 489.97092 134.12123 171.26466 0.004033374
652.1796 1377.6328 257.99765 1006.3238 0.0040165414
288.13596 880.48785 186.19615 370.72064 0.004003321
395.7693 3040.2993 777.1252 273.41925 0.0039839023
310.09064 822.7752 205.9541 254.57146 0.003982527
133.91544 2614.011 216.36166 514.35425 0.003978368
1.940297 2923.2493 3.738634 494.87097 0.0039758505
712.0979 1103.2057 186.3433 1159.2466 0.003968112
15.208547 604.62805 30.369474 1152.5065 0.0039671566
318.2159 679.6558 181.68228 369.47006 0.0039600106
763.198 402.19574 82.83921 580.0641 0.0039575943
390.94067 508.42786 41.098064 95.04358 0.003941925
19.887169 2290.0242 41.148033 403.63986 0.0039382568
556.631 2641.5537 221.7863 356.80685 0.0039312206
445.10928 2511.1602 206.75763 317.74844 0.003929059
585.52496 210.43637 103.07959 222.2096 0.0038710786
470.362 1903.0934 90.66599 123.97916 0.0038671312
577.24634 1752.5496 380.31186 1458.5278 0.0038641419
229.20996 2445.8203 398.58838 513.9941 0.003853183
514.359 781.68604 136.52666 193.13873 0.0038467187
474.89447 1884.0826 87.856606 124.33565 0.0038449706
627.2846 1520.4857 91.657486 225.12518 0.0038386434
537.4307 1032.3148 107.563446 172.8664 0.0038355032
185.2439 2898.3867 375.23297 537.5473 0.0038346653
714.5026 948.2568 177.38263 678.03955 0.0038330334
330.448 94.22881 602.812 207.97156 0.003826635
500.1573 3050.8823 364.55905 248.81483 0.003792717
693.56134 2427.4675 200.90094 352.37933 0.0037912305
133.85979 2979.776 264.69034 395.27063 0.003786069
661.85004 579.36365 202.4302 1166.4681 0.0037711724
528.65063 1878.1566 115.34881 205.52316 0.003768762
439.6015 1028.9583 230.43465 251.65286 0.003764237
439.30435 2323.315 359.099 433.63928 0.0037559741
7.2377696 443.92444 14.900779 905.2379 0.003755815
529.05426 1398.3071 98.38185 202.7309 0.0037096683
155.60861 1170.2164 264.80734 433.89108 0.0037078464
706.32983 3008.9045 174.49281 316.41467 0.0037046752
602.22437 2647.8586 358.25238 1045.5742 0.0037000955
165.83586 2626.5789 213.36575 371.3671 0.003693181
740.51794 1437.9674 139.56938 373.17554 0.0036617422
200.25009 2481.2507 291.50992 266.66376 0.0036571175
368.85898 2740.3096 364.88385 716.8508 0.0036416487
573.31146 137.0531 138.39182 277.519 0.0036328924
242.76115 957.3967 124.41644 225.45576 0.0036293026
373.96716 2270.963 184.71303 283.11935 0.003626686
667.1559 2171.053 198.1322 389.3346 0.0036208818
744.5207 140.48843 124.810555 280.53128 0.0036192343
452.1461 932.9245 218.60536 1295.2045 0.0036169156
359.03607 1007.22034 292.73584 1640.3363 0.0036168536
648.1832 1539.0774 281.8876 3124.8877 0.0036080007
29.20928 3050.0928 55.934364 242.39099 0.0036054768
178.96126 1017.37573 227.12221 334.68335 0.003570962
522.4061 31.439028 213.41762 60.649055 0.0035661685
364.0939 2553.7131 204.75787 304.09375 0.0035635857
0.7869755 781.76337 2.1550016 546.1771 0.0035379282
667.6301 1011.36414 194.96355 1186.2346 0.00353509
522.8124 2252.9824 255.26624 362.4846 0.0035258634
751.76636 583.68445 111.51836 351.88348 0.0035124111
638.32416 2228.887 215.00452 358.39297 0.0035098454
468.87994 3040.1611 206.85257 267.22498 0.0035063494
368.13254 59.369015 713.8648 131.17334 0.0034959638
105.35571 3043.5613 207.34886 262.20245 0.003484558
369.66116 502.6411 729.2675 1006.5143 0.0034844673
419.53995 2086.9565 355.15765 597.60876 0.00346844
291.79733 1166.0653 252.03455 393.99704 0.0034562077
227.20395 2379.1536 457.68137 2252.8171 0.0034550778
586.8307 1265.7854 374.33078 2492.6516 0.0034519583
790.17804 2327.9385 29.334827 365.8919 0.0034485331
638.00275 1646.3177 373.80646 1526.3452 0.0034407876
667.3149 244.55379 160.30281 497.59592 0.0034364704
660.5883 3071.3904 260.01395 206.49797 0.0034289358
461.28204 1557.227 337.81995 618.99316 0.0034220663
677.3245 2747.6816 266.2617 608.6095 0.003388957
1.0084826 930.59717 2.790074 400.2671 0.0033757924
683.37695 1804.955 205.82722 996.5719 0.0033547282
73.683556 3112.6929 147.84438 125.02688 0.0033490448
563.63916 1157.9586 164.01364 417.62073 0.0033459587
607.6941 2676.3691 202.20567 362.28806 0.0033445833
636.17004 176.06342 146.13974 348.73843 0.0033373334
240.9627 2191.7388 301.54126 1951.5187 0.0033337732
630.1514 760.1729 158.30452 748.197 0.0033315541
396.0314 2139.3223 135.46938 258.61792 0.0033275096
95.82459 3067.4526 188.28345 218.65817 0.0033193864
340.21002 3000.858 149.47365 310.92947 0.0033131894
613.0106 2118.7595 217.12048 369.75372 0.0033120746
393.58652 3114.0688 706.32764 126.305534 0.0033110264
4.0990095 1365.0966 8.331673 391.23895 0.003288608
685.43555 2423.802 164.17087 311.56897 0.003278084
179.61021 2939.7317 310.18484 466.9686 0.0032756918
267.8286 946.33813 204.53593 417.7807 0.0032722827
797.74335 1222.5112 45.380894 551.6961 0.003272057
213.15309 2959.1235 444.48816 440.37866 0.0032644675
511.1656 2258.5735 187.9155 296.1118 0.003257462
544.75024 2230.9492 212.00597 337.21692 0.0032455006
559.06525 2954.1182 213.11893 234.6446 0.0032451537
669.3926 505.20364 266.0248 1035.1122 0.0032360232
497.0138 2617.4448 297.29938 452.95798 0.0032263324
523.808 3099.6536 512.1456 150.2983 0.0032250753
568.2756 2926.598 212.91429 203.72339 0.0032155581
166.74146 2625.7354 228.53621 362.1102 0.0032116813
80.90485 3053.3142 159.63701 244.10118 0.0032030286
755.97156 2533.78 135.92581 322.14432 0.0032018197
477.72327 1980.1777 135.71815 213.96074 0.0031980614
396.11874 2813.79 297.21506 332.07645 0.0031953175
490.59912 1287.4772 127.247116 251.49818 0.003194663
138.88873 3064.0698 278.18137 217.9576 0.0031939705
672.02026 3131.417 243.51532 84.35755 0.0031912269
472.90097 2431.7622 165.92175 226.90506 0.0031886145
381.5338 3158.896 749.9868 51.48379 0.0031878978
542.153 2304.5852 210.4484 296.13705 0.00318249
139.8864 3093.8135 281.85913 167.10112 0.0031742034
512.46533 3116.501 530.832 120.186134 0.0031708616
122.26233 660.0779 252.0384 1306.0897 0.00316915
2.0782297 3053.615 5.4148755 224.4642 0.003155563
665.82916 417.62598 143.05556 640.0662 0.0031515996
729.3492 2957.545 123.76408 427.68683 0.003143752
692.2603 2124.2947 210.51025 480.3067 0.0031430316
421.46295 3047.0667 219.01239 195.66777 0.003137628
689.677 936.9253 145.90388 530.34564 0.0031117187
470.4133 419.20212 89.04132 270.88443 0.0031107736
701.0751 2261.7234 186.93237 321.0026 0.0031088577
145.47235 3094.8757 282.49078 162.15092 0.00310216
111.14041 2845.4912 162.78854 327.72372 0.0031014937
670.584 2223.6333 162.89925 257.06522 0.0031004662
782.05286 752.4644 55.698288 378.8312 0.0031001773
548.22363 1867.8799 121.85323 169.5495 0.0030968117
342.36755 3028.3223 406.05737 223.47339 0.0030945751
138.81749 481.12366 325.08743 977.58685 0.0030938955
720.34094 3090.6096 139.6271 154.64706 0.003083311
0.96900696 883.49884 2.3745096 1501.487 0.003079744
365.6068 1622.0001 660.1137 848.01 0.003077537
387.93246 3082.9001 765.0569 189.57889 0.003074145
700.65735 1032.9347 151.15652 377.05646 0.0030476581
137.05946 2920.0005 264.73483 495.35855 0.003039972
524.8153 299.3394 87.65325 274.72125 0.0030386308
277.47095 2767.128 297.29608 407.7292 0.003009595
80.00086 1171.807 140.6454 1348.6404 0.0030031505
331.79895 3028.5164 186.53479 213.593 0.0029874058
588.127 1906.1982 172.14977 246.90662 0.0029865836
571.30853 2024.7476 179.58385 348.09824 0.0029775072
566.7228 2119.97 183.91422 302.93484 0.0029757484
390.54312 1581.6567 785.0422 3152.9888 0.0029648943
615.04333 3069.5803 166.31755 200.16704 0.0029633725
670.98553 139.4182 133.24702 289.38327 0.002959443
323.26028 3094.8525 418.62503 185.38899 0.0029579168
232.23267 3088.7107 476.60123 205.2582 0.0029519377
503.03085 271.41168 90.2511 226.98538 0.0029475174
196.50204 3063.1707 405.72913 231.23705 0.002947446
509.66302 1994.6384 125.5316 141.52919 0.00294321
718.57794 894.35254 193.76077 507.95724 0.0029354137
576.9022 803.39856 347.40042 1488.1444 0.0029336
286.9408 1159.4138 569.5738 564.03796 0.002925036
320.20984 2965.4102 171.29652 319.6381 0.0029103872
259.82672 2510.8894 207.42966 306.64062 0.0029041863
294.66953 2577.2935 170.63431 304.23175 0.0028958993
242.73732 3044.8518 186.89548 258.40488 0.002880392
158.1243 3153.5522 315.25076 50.138634 0.0028602688
587.1187 1226.9825 117.84094 299.49026 0.002850453
769.51575 472.59366 104.76048 777.8151 0.0028436533
393.15103 1580.2955 793.178 3147.6624 0.0028305438
534.5521 2367.602 180.36774 264.2872 0.0028283708
151.73558 2919.1428 302.29294 679.30634 0.00282656
411.0191 3145.1655 202.70793 63.630806 0.0028186482
774.43207 2082.431 61.352947 548.433 0.0028183747
537.8352 1452.7874 102.17023 174.84464 0.0028130314
235.21281 3126.7651 485.71167 108.139336 0.0028128028
681.1534 1038.0924 132.08875 300.97583 0.0028063902
113.24195 2998.777 196.07683 341.33344 0.0028057096
297.69223 3123.3438 617.7769 110.485405 0.0027873549
512.18695 300.7929 97.90498 277.68793 0.0027697417
215.22137 2670.4941 205.14978 363.39944 0.0027649452
267.5093 3101.753 94.93883 142.43132 0.0027620515
244.92606 3106.823 219.04655 137.48822 0.0027118074
718.94336 1407.2256 172.50641 394.74658 0.002708056
512.16895 2111.7827 160.0373 332.78885 0.0027003363
38.63313 3157.2314 73.9294 44.87186 0.0026987304
249.8931 1608.0845 443.4262 3062.524 0.0026855501
165.70404 2197.1292 331.66425 526.1461 0.0026838174
546.673 1391.4066 317.46423 973.7584 0.0026761338
342.0221 3135.7644 177.04686 80.14869 0.002673166
113.93941 3069.119 168.71733 202.29938 0.002669561
555.58124 2217.5974 170.1147 323.80627 0.00266421
265.42673 2171.6711 628.26196 1333.1932 0.0026609632
337.12878 3162.5286 281.29236 60.60995 0.0026477983
202.53505 2656.2163 183.58185 312.1327 0.0026475706
195.39609 3100.2913 392.41336 278.22864 0.0026426215
400.31024 3146.4119 396.90378 79.08998 0.002641737
763.5753 3051.3918 65.63526 247.05408 0.0026225145
473.05533 993.7061 90.24679 143.27379 0.0026164001
294.53186 3159.0586 317.5461 38.881447 0.0026054024
456.35028 250.86308 264.86023 297.01306 0.0026018866
563.1535 3158.265 441.2479 38.66197 0.002594173
685.2813 201.00125 142.4382 405.82047 0.002586905
465.37488 400.82376 172.34843 279.87988 0.0025858877
29.681194 3159.891 56.89105 38.588226 0.0025621916
392.73175 2246.1846 510.45288 1726.2858 0.0025355152
765.595 2042.5144 77.66051 394.31445 0.0025349883
290.86597 3119.1611 408.07077 227.4803 0.002517072
233.98386 2935.9778 195.7232 400.59894 0.0025090184
145.49539 3135.5103 285.09756 179.62393 0.002504459
294.10773 54.41574 517.0725 137.65024 0.0024563614
609.7613 2920.587 337.80307 562.3317 0.0024496105
116.06628 1407.9469 255.2498 1672.6312 0.0024492797
602.61163 3140.1665 217.76025 105.67441 0.002430723
372.40665 1129.334 737.92255 2242.2104 0.0024304227
262.46222 3166.3467 444.5597 28.52028 0.0024279938
481.91718 1036.712 128.40152 200.20392 0.0024001605
312.94443 2165.091 592.1889 2026.1343 0.0023640224
681.2408 3133.9097 193.00879 81.0666 0.0023633072
306.20035 2450.8281 616.1362 1455.6852 0.0023604634
358.99698 1214.6504 458.97418 1412.5953 0.0023435683
799.7856 2912.4456 9.65193 485.58597 0.0023263444
145.11453 3154.1594 239.48488 137.10995 0.0022893297
539.66974 1298.8651 87.57499 161.52502 0.0022761477
299.4733 1455.0854 182.89684 1902.3608 0.0022669975
201.71254 3108.7566 156.11024 124.523994 0.0022648976
449.97644 2096.6106 601.473 956.3351 0.0022594903
517.89 3159.9072 167.5673 68.6436 0.0022420401
298.56552 2663.344 392.40497 411.68576 0.0022156285
164.3918 751.45123 455.70023 1415.7925 0.0021791428
720.1114 1782.3646 133.78043 205.17093 0.0021612244
362.24152 854.7667 457.87027 1750.0067 0.0021226672
226.7783 3157.851 185.81902 109.8102 0.002116493
144.5843 963.1987 225.43294 724.9427 0.0020965273
657.20245 949.2681 230.81549 1962.2585 0.0020336767
155.53603 1452.0674 254.97496 735.9628 0.0019506011
323.63068 1583.1256 640.52985 3118.656 0.0019365601
166.7669 1133.4078 332.59918 2195.2598 0.0019218423
796.739 3046.7603 14.403071 246.10779 0.001905926
394.04138 3043.8801 556.42914 394.252 0.0019032087
457.00668 929.21185 193.38939 1928.0103 0.0018790469
292.08542 213.10689 589.86346 452.32993 0.0018384184
453.31332 820.4855 237.85562 1739.1694 0.0018348267
295.87286 1119.7639 558.53656 2209.182 0.0018149639
209.71619 2313.7134 362.6483 1185.5297 0.0017948151
234.93787 485.68448 413.30472 831.1705 0.0017694437
88.10508 3175.0894 88.94451 9.766454 0.0017544191
198.94493 1138.5903 455.0158 571.38696 0.0017435513
349.6347 1560.6183 417.54123 820.5392 0.001737772
404.72803 1967.3958 660.35706 549.17773 0.0017364697
511.6194 1255.4158 168.40425 515.73944 0.0017152382
443.61444 1051.9583 143.49905 232.9384 0.0017058118
391.5311 1613.4144 778.48865 3083.6309 0.0016925732
753.6275 1848.8687 90.98602 118.57549 0.0016537099
786.70874 3132.4756 30.631468 85.96367 0.0016395398
766.3443 354.35974 81.865906 1649.7655 0.0016168223
258.51144 1316.8944 226.01901 1006.42645 0.0016017419
262.68637 2440.0771 411.88754 1206.0718 0.0015817599
440.69952 1477.0671 97.20349 275.30194 0.0015673202
502.18817 300.59586 92.20896 292.44727 0.001537543
132.5024 1144.3422 256.6818 2266.979 0.0015352009
417.8424 1104.8263 381.06503 573.81213 0.0015315098
208.20514 2388.2085 233.1339 299.547 0.0015302525
439.3054 955.8128 153.88596 374.7909 0.0015209146
229.86182 2114.6855 266.4147 292.53397 0.001497655
378.5819 3018.9468 467.68997 486.0951 0.0014487637
466.7106 1557.0729 427.16257 914.003 0.0014338127
375.82104 1599.4487 724.84503 3067.094 0.0014214334
369.001 2413.0872 778.59955 1592.7797 0.001385852
283.05353 1017.6355 78.19821 309.44714 0.0013787111
536.45215 2437.4407 265.9167 468.78647 0.0013671181
385.92245 2257.2925 617.04553 1828.4271 0.0013658173
422.69687 1044.0198 83.81378 209.52437 0.0013427525
699.21075 620.51605 209.18877 2104.848 0.0013382438
364.18408 210.87001 714.6765 478.1641 0.0013353531
389.619 826.59045 223.6109 733.2681 0.0012666417
323.55865 2791.4746 457.4545 284.3682 0.0012610579
423.26175 1920.3751 566.3009 386.8908 0.0012581432
407.8215 1156.9187 126.876625 161.85683 0.0012441914
388.76538 301.21805 151.93707 239.84041 0.0012328335
348.14758 1653.172 730.77985 1531.286 0.0012249256
327.89542 849.12317 764.1207 1464.9281 0.0011651586
88.04007 2153.6929 121.106606 498.3506 0.0011477345
425.97513 3168.871 488.9678 32.04591 0.0011079811
476.57172 3165.1672 612.0653 32.02143 0.0010644621
156.73775 1591.3031 341.1619 1728.5127 0.0010306092
164.9713 2136.107 246.09868 217.09023 0.001026235
224.43672 2040.4465 499.48428 607.3898 0.0009914151
568.28253 948.542 354.26437 1413.9233 0.00091883115
728.0924 3116.0298 196.61745 273.63452 0.000851119
318.48938 1941.5636 678.66486 566.1553 0.00082234206
548.94336 216.38724 463.5871 389.01038 0.00067529624
429.79974 239.42903 534.1 595.99646 0.0006289764
386.7893 197.6485 764.7438 428.1967 0.0005647105
368.13882 161.17432 791.31165 349.67517 0.0005462455
