463.37357 1089.1661 918.1085 2111.712 0.42320743
403.76883 1090.5154 796.9199 2109.7542 0.41166717
372.90704 1286.6865 728.96423 1553.5798 0.10888889
351.29416 1291.4525 683.6684 1504.262 0.09497542
843.0244 1341.8739 186.20941 251.42053 0.09427413
362.77234 1215.3159 678.6652 1302.0646 0.064904265
294.4286 1266.5382 561.04767 1404.5654 0.052798815
271.94858 1295.9691 525.6516 1472.6625 0.046985593
254.26389 1040.8464 462.27954 906.28394 0.039260488
352.87155 1092.601 660.8429 1094.7196 0.03861334
364.7463 1080.5997 681.2318 1380.4797 0.037700724
277.9903 1155.4196 520.8358 1177.0519 0.034756374
309.23663 1111.8333 577.68207 1094.4708 0.033638228
373.15588 1088.2384 698.1851 1245.2981 0.03343517
266.93793 1092.0327 413.68912 820.3451 0.026180955
362.26138 1183.1404 585.2981 1069.4479 0.025957357
465.1543 1294.0548 910.9561 1667.3638 0.025780354
384.2233 951.385 724.5851 1416.8698 0.025279386
207.99927 968.9266 145.05269 193.87563 0.023925655
396.69516 786.1485 770.8435 1421.3458 0.020326769
280.4597 1261.483 483.09235 1128.1458 0.019546065
215.927 1312.5646 415.07266 1479.2692 0.019229406
382.16824 1123.4817 724.9266 1147.5831 0.01857148
276.9816 1152.3663 352.58823 598.2821 0.018467337
237.70468 1033.2698 365.5559 801.8931 0.017287364
454.9004 864.1994 884.62384 1600.8925 0.016992604
463.88785 1036.3882 890.95404 1003.6109 0.016966006
355.6106 1330.2017 577.83636 1078.905 0.016944706
213.74289 861.0934 366.99167 534.17676 0.016908737
358.50012 1015.18665 669.3034 917.5622 0.016893407
284.08328 1345.6171 504.83395 1240.423 0.016798975
376.14172 1665.8683 736.84796 940.02954 0.016159307
464.59995 772.99677 908.5792 1451.1849 0.016158542
344.14676 1175.2905 528.5831 858.91077 0.015641497
369.6886 992.37634 698.9365 1167.2701 0.015229409
338.94565 985.0948 564.61615 769.86554 0.015188827
460.84515 1078.6626 883.69165 1122.1213 0.014956307
365.56955 1518.281 707.2546 1154.0746 0.014795323
308.80237 1022.4643 584.2733 1269.0638 0.0146082
269.31918 1250.2883 521.4628 1630.6425 0.014606258
345.8699 1043.1732 630.1617 913.94116 0.014462804
357.35153 1663.0458 694.2297 796.2475 0.014274638
233.01485 981.3212 385.34497 737.62213 0.014197579
296.7311 1133.0691 570.55475 1867.7373 0.014189045
362.62305 1277.4824 583.3806 912.9031 0.014180937
385.22278 1073.1057 578.433 911.487 0.01414525
195.60405 908.17633 236.12828 358.7197 0.014094975
364.57315 836.7806 683.16846 1180.5629 0.014028984
457.03366 1666.8885 899.00415 938.85474 0.014028086
331.25198 1009.0259 626.48175 1255.9752 0.013540446
325.2852 1268.1229 458.75793 1044.0634 0.013452749
282.01025 1234.9103 354.89105 465.8353 0.013425034
358.0467 1724.8148 699.7786 793.6616 0.013338389
248.50185 987.7628 237.32782 259.29883 0.012828657
353.54208 1524.3356 682.5639 1040.4915 0.012795452
288.88647 1793.1366 556.83276 535.56067 0.01255713
400.19467 666.4995 783.99194 1241.8785 0.0123831425
465.0904 1166.2755 901.35767 1301.4303 0.01226321
313.8262 1317.5624 546.7263 975.1676 0.01224202
207.93948 836.9728 341.23227 471.58295 0.012022679
296.44424 948.61017 539.5376 761.5076 0.011957441
240.43257 1853.7386 453.57095 387.5107 0.0119573455
208.27502 1049.4175 374.16925 909.5651 0.011939046
213.51547 938.5303 108.75402 127.31771 0.011809231
347.75925 1581.3693 670.2865 900.813 0.011411915
342.2163 1068.5216 523.8954 790.193 0.011336365
241.22527 1796.0997 462.7455 516.1853 0.011139805
497.26285 1149.2839 787.8424 755.3422 0.010813984
268.239 978.65344 509.01233 1267.1476 0.010753714
354.7185 1300.8633 647.0547 886.475 0.010747942
227.31238 700.42914 192.63763 167.53288 0.010672818
801.2026 1339.0842 272.0724 283.06378 0.010553377
370.16193 878.4258 698.91504 1057.8152 0.010527611
213.4563 1923.6125 192.09987 165.6503 0.010480919
377.1706 1618.3654 611.1965 752.2206 0.010453789
196.64662 1128.7352 371.4491 1096.7762 0.01044833
287.6017 1271.5983 414.86368 855.9735 0.010447669
397.15323 882.20526 562.37573 855.73474 0.010360668
241.82742 1191.8976 456.41742 1263.1243 0.010344508
282.13522 1016.0777 426.23346 633.81335 0.010320098
352.03348 872.53375 662.1178 904.024 0.010286563
611.42804 1076.6381 635.29285 796.6393 0.010173374
367.35526 1304.4614 578.3893 835.76117 0.010154875
320.93423 1136.7802 424.30292 771.6195 0.010087101
222.68814 911.13446 316.99942 435.19333 0.0100419205
502.28152 1082.8301 803.4183 924.8961 0.01004129
280.80795 1303.631 248.2111 262.42285 0.010028056
325.1814 1063.0243 609.73785 997.5718 0.00997098
161.60152 1941.9774 299.75568 221.4518 0.00996284
316.4095 938.07947 595.4547 1153.8768 0.009900335
338.7855 1176.0474 502.58606 698.64886 0.009840527
230.03558 1205.1451 394.61002 912.10315 0.009814135
317.96045 1556.9797 618.74896 1105.3184 0.009773229
462.16165 1134.7914 818.4995 931.2471 0.009731076
271.7636 1779.3225 518.3668 529.5748 0.009630322
346.7123 979.5034 652.36176 885.51526 0.009585068
375.65732 1400.7693 589.2822 729.10706 0.009566237
277.8023 988.5336 530.016 1515.193 0.009466624
492.17484 962.2855 422.98895 642.70575 0.009435296
250.34106 1153.41 333.63095 613.8084 0.009399021
500.643 1106.7565 449.36627 795.69525 0.009285771
378.11926 1204.104 589.43066 680.2758 0.009255194
398.1011 1055.2064 449.0802 669.9753 0.00925087
337.40427 1219.9901 429.8292 896.7016 0.009220276
334.03232 1207.5791 433.72855 1022.1818 0.009216548
192.06764 993.6678 327.19543 782.2399 0.009210235
250.09468 1125.2399 275.33304 538.73883 0.009158248
220.46806 1231.1322 390.53635 1316.9799 0.009118505
273.746 1092.5975 288.9535 445.97974 0.009081479
251.55869 1812.5813 323.75708 318.8949 0.009064648
468.46237 631.5621 38.67602 40.88877 0.009038455
463.67053 1089.3674 914.5781 2109.2332 0.008885437
491.10062 1006.36945 391.75214 568.269 0.008863414
526.33405 1066.3433 486.60428 890.67554 0.008820905
417.78586 1313.8435 548.90985 1085.4213 0.00881357
381.0163 973.6873 727.8453 868.1499 0.008790685
343.02646 1751.6166 190.8708 172.83875 0.0087516075
258.14554 1496.154 458.97827 1039.5466 0.008721223
660.985 1438.5438 109.564545 153.52962 0.0087092845
221.28856 713.6833 281.63876 220.10979 0.008646896
241.21541 1201.605 335.4411 1135.7308 0.008606905
177.70099 851.8839 167.1928 231.04865 0.008596162
321.47852 1133.9274 341.3684 532.8623 0.008548973
292.74045 1337.2914 407.82733 640.9129 0.008531644
328.16382 1818.5509 455.2174 369.36118 0.00853139
245.19159 1677.0582 241.32674 257.90686 0.0084080985
391.3204 1145.7922 500.77902 758.88007 0.008344277
463.2482 1593.0936 903.3489 1092.5063 0.00831456
178.77731 1900.2528 339.54782 324.68292 0.008293481
340.13364 1768.5864 238.52054 231.70595 0.008247108
373.23117 1034.7793 518.367 777.0304 0.00823018
190.4348 1919.4008 131.99614 146.83385 0.008218679
843.05176 1344.5591 201.93932 286.0003 0.008185393
376.45752 1561.7664 587.73303 642.8897 0.008166945
337.2148 1155.9258 450.74213 576.3739 0.008093497
499.0333 995.4603 373.27643 542.3045 0.0080335485
328.47354 907.28015 569.1617 1218.443 0.007965736
447.08542 1506.0131 844.86707 1261.1985 0.007918581
453.8672 1726.8583 890.3813 838.4086 0.00787208
293.04803 1323.7828 394.56323 583.5419 0.007841207
385.7821 824.602 742.9816 1097.5786 0.00782719
288.2968 1715.2107 422.19196 380.57645 0.0077819605
284.0474 869.2553 541.3613 1390.0533 0.0077551072
496.0221 1451.7762 419.707 342.5458 0.0077419425
372.61603 758.3217 513.9249 683.9354 0.007679086
355.0536 1307.6747 407.6291 876.9988 0.0075420244
332.79395 1593.7091 575.907 661.43317 0.0075119
200.53662 1927.104 374.0565 261.15158 0.007501665
250.50941 1300.2578 168.06628 187.94814 0.007486081
365.26105 933.2294 692.18823 744.04156 0.007460619
243.95015 1697.9769 471.7672 728.1114 0.0074603437
339.403 785.0979 105.15136 129.27057 0.007453134
171.388 872.09436 286.43964 541.733 0.0073455204
344.6393 1187.3774 209.92938 274.04984 0.0071922424
358.4969 568.3591 697.4511 1052.088 0.0071706125
780.24335 1215.1666 312.6179 513.24207 0.0070931804
252.18614 1446.6079 453.0799 1255.8158 0.0070543
595.2838 940.42847 658.2191 1113.1224 0.0070344377
845.4715 1341.6506 174.66876 242.92793 0.0069985976
366.4237 964.4399 690.4273 1112.2628 0.0069937706
351.01328 1699.1686 464.18228 664.3703 0.006947054
528.62946 933.12384 562.02405 1144.5052 0.0068665543
496.7928 1046.8889 528.3039 924.9784 0.0068258364
326.04263 442.5099 633.56146 814.79584 0.006818018
413.95657 660.4022 399.37845 614.73474 0.0068159187
291.1608 1629.9896 544.2412 750.86414 0.006813331
647.52625 1426.4662 140.13495 184.57013 0.0068116914
481.1654 1515.578 445.5829 549.3454 0.0067365677
316.22812 901.2721 581.26794 667.44214 0.0067243646
525.98663 1380.8444 49.953087 55.123154 0.006722983
276.68027 966.22296 529.3349 1314.2657 0.00666434
290.12677 1681.7921 322.76007 337.71805 0.0066634878
358.54303 889.80066 676.1093 668.1204 0.0066401972
105.432 1948.5885 196.42523 210.37799 0.006621735
170.60284 1808.5845 326.12872 490.25247 0.0065970523
194.62749 1730.3798 315.91003 336.62952 0.0065946523
768.521 1256.9792 335.19858 448.0713 0.0065400144
292.5249 1798.7675 572.6435 625.8942 0.0064944816
361.7954 942.85645 665.46674 701.26025 0.0064937556
305.47263 1241.7314 362.28027 385.898 0.0064815413
160.56238 1975.0347 309.21225 303.56918 0.0064597856
646.5056 1082.5896 550.15857 782.116 0.006438566
403.3317 1091.4852 795.12885 2107.7742 0.0064248876
433.33447 1255.2981 830.50757 1211.4918 0.006413571
461.14722 1210.2247 872.50574 657.078 0.006371324
205.00247 763.60803 389.08643 681.25446 0.006320342
332.41144 1791.9054 286.82812 275.72946 0.0063176057
372.92572 1622.4283 498.67645 657.8151 0.00631455
474.20856 1600.2272 478.60986 767.3082 0.0063066143
249.50706 1636.7043 484.67535 916.1424 0.0063017122
388.70984 1070.522 462.11542 500.76343 0.0062412387
463.55847 1456.8807 255.73817 228.38483 0.006232647
447.86475 1592.4222 482.9159 693.57336 0.0062256157
155.74677 1425.5571 299.4714 1269.855 0.0062209507
660.72974 1011.31726 537.7211 929.43286 0.006183248
326.23132 1839.7461 635.61053 557.2079 0.0061207474
393.46124 1466.2687 206.65862 218.2431 0.00609634
786.8841 1140.7789 304.0157 660.2049 0.006048683
495.68768 1329.9863 781.17365 450.12396 0.0060384977
698.7767 1361.567 199.61113 306.53168 0.0059513655
392.08914 1299.1167 777.61487 1646.3589 0.005936084
399.05182 1504.8845 300.0196 323.01245 0.005935918
294.46545 1031.1726 321.68674 370.42517 0.0059213107
555.9617 1006.0821 723.8202 963.03436 0.005906055
243.91284 1140.0258 280.15945 521.7407 0.0059019197
326.70566 405.68008 636.0591 745.3654 0.0058806227
89.19536 1155.0842 169.06401 552.1432 0.005840786
153.58424 1447.5867 295.48364 1234.1794 0.005800258
558.1811 1416.2198 310.84293 309.57687 0.005783829
313.60043 1494.082 291.30353 695.4656 0.005768587
624.7176 867.97833 613.34784 1219.1929 0.005747298
337.62183 604.4825 568.6937 695.7772 0.0057456875
407.10678 1759.0928 303.04187 318.41702 0.0057431003
273.2769 1358.8628 330.58487 330.66956 0.0057345107
157.68321 1250.2913 302.0575 1680.2975 0.0057290136
327.76822 1597.4614 597.6196 1010.97186 0.005728565
350.24365 1383.6658 358.82245 880.5898 0.005719623
443.5622 1407.0154 328.74792 326.092 0.005693115
739.6544 1049.9119 395.1968 841.0333 0.0056295255
697.38434 1032.9844 468.52725 883.4762 0.0056283246
370.74902 1282.566 550.586 577.6104 0.0056239045
224.30536 898.21234 432.05103 1314.866 0.0056162593
359.1586 924.55133 638.876 655.3055 0.0055810898
344.54254 1907.8649 684.5515 491.29663 0.0055784225
512.5965 964.29974 663.92444 1079.6116 0.005568919
258.3053 1740.9109 267.8035 335.3023 0.0055570668
283.66562 1070.1964 147.81737 165.59322 0.0055495645
518.7938 1130.8994 496.16357 1477.4609 0.0055261613
519.27313 1368.7906 238.0316 281.68542 0.0055202316
606.7268 1424.5045 214.32446 215.16107 0.005485332
297.60226 1587.4838 289.3574 791.20905 0.0054847808
508.1613 872.3095 150.64624 173.48055 0.0054676486
236.21597 930.2044 448.96735 1462.5115 0.005456223
409.04718 1737.4353 336.52365 380.2654 0.0054541794
550.034 1084.2719 565.13605 1089.7507 0.005427633
361.30634 632.2257 433.1884 514.002 0.0054199495
499.3447 1237.2723 535.5502 1300.5457 0.0053905416
427.69528 1481.185 454.75183 444.3403 0.005360331
320.9824 1086.5142 236.96533 354.4659 0.005350902
342.73218 1730.2222 533.05756 610.80945 0.005336147
543.92365 1353.6912 190.01338 235.7335 0.0053270916
543.4818 964.20557 532.1434 1070.452 0.005317459
460.33896 743.42865 304.0305 437.995 0.005306818
363.0289 814.958 159.13507 191.70842 0.0052827992
273.77795 1756.7694 503.58072 759.3121 0.005273784
408.68405 1716.3539 339.18372 398.93655 0.0052442937
363.96478 1399.1581 289.07104 347.8539 0.0052003264
430.06006 1037.8949 808.5761 976.08185 0.0051912
770.19275 1150.4329 331.393 653.64966 0.005186312
457.26868 918.595 312.4432 397.9234 0.0051853526
613.5292 1413.4662 615.99005 442.3443 0.005159584
203.97192 1751.5662 397.763 768.5412 0.0051462934
170.21025 1988.5038 328.97073 306.802 0.005135848
542.7637 1291.8593 457.37354 1448.0782 0.00511928
371.7008 1547.8867 460.3956 606.21234 0.005105337
411.217 1406.3502 811.11475 703.6805 0.005092814
573.4838 1135.854 154.73343 218.23668 0.005092698
254.04503 1625.0806 458.0688 861.7354 0.005078114
459.1924 1829.242 909.1375 655.8884 0.0050748987
556.1828 966.7566 502.84274 1029.0934 0.005045711
299.2953 1146.2096 213.90436 260.38153 0.0050075776
290.20526 1774.3055 306.45786 393.80548 0.004989265
371.31183 1159.9532 281.72018 464.69534 0.00498833
571.4626 1103.3344 257.36456 326.9563 0.004986441
310.7359 1784.4391 426.03302 522.4024 0.004983208
452.79208 1531.4486 900.7339 894.255 0.0049813907
298.7114 1515.6198 385.73453 741.49664 0.0049789636
698.44385 1089.1666 469.48706 772.0995 0.0049695917
615.0607 1397.7617 302.17352 398.03998 0.004965613
313.5712 753.0387 598.5343 842.6692 0.0049540303
238.25516 567.1061 442.69757 365.2001 0.0049463217
469.10452 1621.0358 421.03745 771.46045 0.0049346173
312.12982 796.41125 594.7162 983.8324 0.00491849
386.46588 1690.8232 457.43274 621.4219 0.004916155
607.7608 1148.3501 353.75125 642.2482 0.0048884875
759.535 1635.5082 378.25433 862.1866 0.004881066
160.35252 1511.1544 297.63022 363.4531 0.0048779584
827.71576 1480.2653 249.96786 555.63763 0.0048555415
434.09988 1483.3584 272.872 335.37122 0.0048469324
410.66675 1353.4144 795.8726 583.5522 0.00484332
392.33005 1426.8392 781.26324 831.3164 0.0048366184
123.74993 479.73178 236.39932 123.637314 0.0048352596
439.95987 1822.1552 248.82928 315.40005 0.0048321723
249.22594 941.8343 257.53076 389.75146 0.0048319916
808.8544 1482.5455 272.62827 550.9533 0.0048270295
367.35898 1842.2266 229.04147 351.9282 0.004823057
173.03195 1663.748 335.7482 787.9901 0.0048209406
435.46646 1319.953 857.1296 1005.4363 0.0048162686
611.06 1282.6133 616.72565 556.7719 0.0047959727
528.4615 1293.1128 444.00308 593.8021 0.0047950237
561.26587 1207.819 522.2985 1257.2517 0.004775685
217.05693 305.4261 416.62674 537.59296 0.0047722207
270.75333 515.2627 508.81668 402.06226 0.00472808
495.75165 1447.6312 246.43217 213.37085 0.0047245445
304.03784 1741.0232 231.91307 219.17128 0.004718094
170.99507 1583.9172 330.5521 938.03076 0.004709769
480.1064 1829.5645 204.55678 268.80933 0.004692233
233.47746 1730.0367 298.0328 516.00714 0.004668337
507.07507 1632.4819 395.02512 595.3627 0.004652219
709.78595 1358.6475 175.74849 286.9911 0.004650078
681.2877 1233.4452 504.28046 500.55743 0.00464217
682.35486 1578.8643 505.8042 748.23694 0.0046391324
315.88516 1376.8976 168.619 195.36246 0.0046008267
338.87485 1743.7316 359.40594 337.62958 0.004592532
418.43936 1858.438 277.3648 320.57513 0.0045899404
276.6 1405.5398 260.60175 351.66486 0.004587168
511.40103 1451.4982 435.69894 983.0557 0.00458527
516.57135 993.62354 455.00098 797.07 0.0045613567
449.9061 1831.9507 249.64528 321.653 0.0045591793
395.79993 1468.5305 300.62595 583.6003 0.0045301993
424.86575 1792.09 205.60007 216.98048 0.00451884
324.60687 708.02423 620.4116 882.30743 0.0044929273
706.72205 1383.4298 447.5053 370.53912 0.004490356
552.1734 1630.3219 204.2725 264.04083 0.004476932
320.03607 997.22394 166.89691 242.36064 0.004470372
571.6007 945.98724 597.5421 1087.3588 0.004469903
324.90796 1008.2389 526.6913 557.55457 0.004464123
564.0721 806.90186 239.31912 413.7213 0.0044611525
549.0536 802.065 415.83588 849.8808 0.004459641
633.958 1030.4685 266.28723 465.98578 0.004451975
263.46646 1805.7944 366.79526 536.7036 0.0044488716
682.5995 1038.33 496.87247 872.4125 0.004445331
650.9128 1156.1526 313.23514 624.52167 0.0044230623
356.59167 945.14307 149.61095 215.53625 0.0044071185
519.3805 816.6572 345.131 536.1917 0.0044069593
474.48407 414.77933 938.55286 797.7888 0.004398131
694.9294 985.1336 475.5722 998.72815 0.0043945266
559.878 1075.5801 196.77861 289.0325 0.0043913857
432.54224 1020.6806 178.1794 242.05531 0.004385309
210.38954 735.8888 148.81412 143.44612 0.004369915
176.29117 376.32202 313.43405 262.35626 0.004342623
544.42523 926.77106 229.11671 299.35193 0.0043195887
503.25345 1609.9844 449.00577 851.8561 0.004303571
385.9115 1459.9513 293.21417 418.44775 0.0042965454
576.0066 1175.8035 221.34802 226.74687 0.0042788344
629.3482 1141.1252 131.24506 217.73067 0.004271967
295.85825 548.794 567.07556 543.1191 0.0042431764
524.40106 1367.3696 386.52982 740.85913 0.0042313966
472.90125 1995.1426 927.7654 337.52805 0.004223861
606.5674 936.54706 256.17404 548.6669 0.004222413
565.11255 1416.0587 670.8928 886.5149 0.0042182407
227.02574 1376.3555 209.17365 557.2717 0.004210087
295.65723 1684.2336 300.88986 600.1503 0.004207403
488.13913 1371.7119 414.31778 368.4607 0.0042014956
386.66086 1232.805 759.3337 1731.1763 0.00419036
318.11832 708.3001 609.87463 1122.7427 0.004177528
536.2311 1051.9999 490.74435 912.3724 0.0041729123
133.03506 1944.0342 253.7212 378.73248 0.0041634203
613.3842 1252.3274 356.3365 538.2074 0.004161396
364.98672 1180.3887 141.39745 194.26408 0.004161131
548.27594 1085.326 513.8443 705.572 0.0041601653
289.0698 1906.1746 567.18933 479.37775 0.0041421526
412.52435 1192.5686 243.11426 296.06198 0.0041335677
242.894 1351.6003 191.08163 231.59647 0.004111649
199.70422 307.42883 375.36325 424.60315 0.0040948857
466.67242 1717.0745 328.21677 527.63983 0.004078233
535.5635 1678.1704 448.1068 924.0852 0.0040765405
272.40387 1660.2972 380.95453 969.42804 0.004070018
364.30566 1235.7717 164.40102 230.59091 0.0040543247
523.31036 1421.56 381.3794 783.78156 0.004048714
282.71042 911.6024 266.30832 353.3945 0.0040365206
395.6301 601.1575 787.8663 1117.2673 0.004030416
562.1343 1066.6313 325.9467 872.562 0.0040210416
311.62494 1334.6432 313.44107 500.1606 0.004019894
319.83917 1749.8871 479.956 576.2621 0.0040185675
171.0134 1799.4835 222.66812 405.13202 0.0040162723
511.5702 804.48987 236.53645 377.73486 0.004000523
241.40822 1942.8458 188.8264 174.90099 0.00399641
739.7957 1219.1566 390.85056 507.49966 0.003989992
832.3644 2013.1854 249.56332 300.98557 0.003973279
372.50284 1894.2856 222.50592 271.70187 0.0039700307
616.6347 1104.3652 617.7383 731.3991 0.0039495127
601.8425 1545.3259 642.03186 901.80084 0.0039467467
397.69284 1320.0372 263.33038 310.512 0.0039464864
152.88864 1660.7495 295.18155 798.0637 0.0039358726
465.4309 1985.693 921.8343 505.48148 0.003933486
740.04395 1440.5555 367.15732 493.87506 0.0039287494
436.60226 1707.7522 146.64546 171.1349 0.0039262776
397.96252 1617.5272 241.10046 223.7027 0.003924361
223.88063 1244.4407 210.16022 278.7819 0.003903965
650.16144 925.80707 556.7258 1097.8136 0.0038976395
257.73474 1001.76544 220.0594 241.9157 0.0038923596
594.81 1310.1045 385.59305 1129.241 0.0038808417
470.3783 1137.1843 916.2453 1251.1816 0.0038660215
836.8853 1922.893 246.55887 474.19678 0.0038604375
280.72733 1861.5161 232.11081 305.85107 0.0038598382
574.08496 1154.1552 536.99493 1260.24 0.0038511266
546.38776 1590.7582 435.8328 770.86365 0.003836323
452.36206 635.57544 386.3093 704.6084 0.0038239714
221.30736 1110.5681 194.00822 301.21353 0.0038167685
585.1641 1667.3766 152.2256 209.4575 0.0038162756
441.5513 1317.0594 355.4082 1069.1757 0.003816109
238.88684 1276.1729 183.60323 242.37334 0.0038099813
398.43674 1877.5862 284.15402 325.7494 0.0037835734
500.46793 1594.3605 300.92764 620.2322 0.0037821217
484.03934 1822.0499 219.11255 324.61432 0.0037750478
168.311 1101.4554 235.6819 375.48517 0.0037675342
662.8164 1103.1696 199.13736 316.25626 0.0037570803
307.67056 1906.3192 232.91551 252.8032 0.0037322221
484.4808 1013.7418 375.22028 546.40717 0.0037285483
224.71959 747.4838 153.42213 144.55229 0.003728173
554.5166 1298.3093 440.0399 1492.0536 0.003725268
593.82495 1047.1226 621.7989 840.5805 0.0037161221
452.16113 1519.6589 262.65616 352.12582 0.0036987418
687.16003 1187.0492 525.9004 1814.0377 0.0036826811
573.5635 1219.9047 450.7856 1616.3085 0.003682268
587.30743 1241.6804 411.03156 1129.5851 0.0036679963
316.8729 1919.2859 262.83646 250.83432 0.0036678833
560.605 1731.3896 347.6609 798.2536 0.0036610048
582.0313 1131.6598 373.06854 608.87885 0.0036501226
286.61838 1453.6448 229.72147 786.1284 0.003644392
740.6073 956.2909 405.69513 1042.4316 0.0036404808
599.53076 1635.0072 147.69325 215.98085 0.003640308
148.60736 1676.0785 293.05524 934.77 0.003626608
789.0525 982.1554 318.81876 992.4422 0.0036208495
546.0307 1732.006 240.11113 409.85083 0.0036156783
529.8611 1461.9023 657.26544 702.06616 0.0036154618
316.7822 1698.1144 282.1355 487.99216 0.003604478
91.20572 1929.6882 169.58191 347.38037 0.003601438
558.7905 1452.8687 199.93115 243.04861 0.003597532
81.88147 1087.0295 150.01868 370.4066 0.0035974616
514.7535 1288.2854 221.54274 227.88698 0.0035874066
200.21672 1201.0437 182.6049 320.47604 0.0035733855
674.0348 906.86426 520.81464 1165.5365 0.0035450796
677.36664 1226.6078 485.75574 1259.9717 0.0035420572
222.91054 1211.9473 209.0708 270.6106 0.0035275093
377.68515 1796.4573 369.1262 414.93817 0.00352182
674.63666 1252.2185 421.0108 1124.8501 0.0035101618
350.5047 1535.0055 265.63712 453.0977 0.0035085932
802.0367 1363.5533 164.13501 204.03128 0.0035076758
831.82996 1139.3627 225.9388 671.6895 0.0035059098
329.07715 1712.8633 568.2571 848.0802 0.0035030257
394.75452 1951.5714 150.229 181.09827 0.0034892191
91.131294 1451.2328 159.61435 306.39423 0.0034850948
585.9082 1315.652 228.75874 238.70285 0.003481
566.206 1305.0427 431.28766 647.6488 0.003480092
404.32382 1212.183 196.4288 277.1752 0.003478072
138.78587 262.96136 238.87988 225.71373 0.003477831
298.36856 1409.8552 179.39201 256.08463 0.0034746807
527.11414 1238.7219 275.3078 365.53568 0.0034734295
475.7209 2040.5876 938.3878 248.72536 0.0034717016
533.57874 1770.0593 125.17552 197.76971 0.003468117
297.20825 725.5633 414.04135 713.95184 0.0034576335
507.73865 1700.4673 362.99487 593.7075 0.0034535795
772.05475 1490.8025 314.56003 588.1752 0.0034521485
596.6001 1245.3052 373.84634 1372.8636 0.0034509003
432.15234 1707.5839 431.16965 454.99686 0.0034437792
620.7426 1100.3889 592.2409 730.0164 0.0034241208
552.02997 1726.955 307.63522 758.09503 0.003417019
645.17377 1595.8572 203.99736 357.26505 0.003415295
839.52905 2058.5632 205.4238 209.46902 0.0034151508
768.8655 249.83813 347.65366 421.0217 0.0033924957
520.6948 1400.1505 127.12451 140.11661 0.00339104
195.64705 1990.5879 109.18017 120.89085 0.003389493
591.0924 1275.6129 389.77844 1437.6156 0.00338328
645.669 1136.9191 435.51404 1181.4791 0.003377662
477.30884 1214.1796 277.05038 468.18176 0.003377142
661.57166 1311.4199 539.3961 335.40085 0.0033761503
742.9878 1368.7809 349.84555 790.40063 0.003374641
201.0598 2058.9778 392.9201 193.79678 0.0033731435
292.1706 981.5003 318.734 807.56995 0.0033710422
671.2923 1500.0607 288.17682 572.53735 0.0033582873
291.72168 2001.6512 353.76456 267.03082 0.0033472786
220.99976 1208.6614 224.71158 489.11127 0.0033461398
397.72055 1698.6292 273.3854 433.21378 0.003342543
587.86194 1620.7551 346.6508 738.12225 0.0033424685
522.75916 931.2198 338.0095 575.68616 0.0033186956
339.1986 1948.4487 122.818115 158.41208 0.0033107966
321.55316 1842.4933 159.42542 191.97171 0.003309711
336.47775 1946.2876 136.50508 181.05823 0.0033053756
160.14392 2017.2622 141.07033 116.472176 0.0033049171
351.23486 1345.8658 246.52484 313.21954 0.0033028931
304.4363 1941.9476 118.37717 162.93208 0.0032982358
312.621 1985.1422 634.29724 336.63257 0.0032911457
416.77795 1417.4165 380.3688 326.97757 0.0032828895
739.16425 1319.613 395.28854 1179.342 0.0032665767
661.8492 1176.5442 229.5914 575.0559 0.0032604889
293.11462 1733.7812 253.43878 453.1621 0.0032571834
654.0648 1345.4517 295.50085 340.91272 0.0032550306
624.58575 1671.4868 616.2964 943.63184 0.003227791
293.2822 2000.1278 378.38107 289.22858 0.0032273063
588.5904 941.9607 561.27625 1076.6093 0.003223701
827.8779 1108.3889 245.74644 732.809 0.0032184082
284.1376 601.3507 551.9105 1054.5371 0.0032134466
598.88696 799.8853 190.98006 329.19595 0.0032041902
640.0013 1181.2805 487.35065 1424.7957 0.0032027878
89.5875 210.48436 166.65823 225.08534 0.0031989478
291.02597 1972.2332 558.4183 352.0387 0.003178905
356.5122 1900.8514 634.41 506.5428 0.0031719862
161.57812 327.77917 325.9362 589.25574 0.0031696772
742.4836 1173.1128 390.5029 708.86383 0.003157917
770.85016 1508.0078 349.4285 1131.8295 0.003148319
374.47186 671.04736 144.90187 138.6895 0.0031380546
300.97998 1975.687 152.49313 158.32669 0.003133194
457.37482 1878.5374 228.95563 288.6838 0.0031280362
397.92514 1188.7864 170.0451 259.22165 0.0031180037
321.95865 2002.5969 660.6497 319.2753 0.0031144146
587.7727 1196.1324 145.63524 144.36978 0.0031083392
296.35376 1990.1759 518.30945 291.26703 0.0030997102
689.977 1169.0178 474.02106 1189.1777 0.0030986036
428.9208 1982.3901 211.66412 266.91718 0.0030687237
779.19684 1595.0104 343.13892 785.23425 0.0030594524
533.9079 822.1249 342.4186 545.2404 0.0030504863
439.27832 1939.7906 161.61928 185.69357 0.0030340252
475.68524 1681.6074 407.99188 901.4774 0.003031199
706.659 981.75024 459.66138 1041.2634 0.0030277846
473.51 2096.4553 933.0297 137.77646 0.003017918
351.6873 1906.4333 386.2875 408.76 0.0030097752
106.49243 1621.2931 180.75859 265.59335 0.0030097538
757.7973 2025.3779 301.9311 271.90857 0.0029975462
221.63353 266.50418 187.67598 175.8936 0.0029922284
341.30347 1923.0566 184.31853 204.74637 0.0029904423
287.88126 506.90268 562.855 928.658 0.0029861704
637.64154 1673.7166 265.79837 504.84787 0.0029842288
659.92596 1243.3972 548.39996 1180.3651 0.0029724496
385.05045 1848.6849 373.33545 386.74664 0.002963457
831.3214 1340.2926 149.88557 242.53549 0.0029557324
334.94003 1951.7722 313.91083 353.112 0.002945818
326.40326 1929.5306 446.2688 444.27798 0.002944432
591.90326 1444.3306 135.46057 152.54239 0.0029380356
800.0821 981.4269 298.9785 990.4176 0.0029304842
757.4547 1289.0865 371.92938 1075.2297 0.0029270505
274.8591 2024.9897 346.2216 228.12883 0.002914088
301.9676 1958.3871 527.1221 465.46384 0.0029111167
643.5988 1657.0376 328.6285 861.7095 0.0029067902
350.5712 1085.1455 162.66534 237.70453 0.0029040028
74.577934 1185.6445 120.66115 284.33002 0.002903188
212.94983 2030.1503 344.14523 244.08765 0.0029007196
112.53684 1327.9525 230.34898 1497.4833 0.00288496
184.1541 2078.0447 352.24286 147.16438 0.0028804222
484.33374 1563.0831 193.04433 285.24878 0.0028793158
805.70746 1680.4515 303.5556 965.8235 0.0028700747
284.2396 1568.053 144.71219 134.57568 0.0028687676
716.2604 1098.3909 162.10709 251.77356 0.0028672866
838.4739 1734.5142 241.70782 630.4175 0.002852777
643.18555 1455.4972 119.54122 142.82979 0.0028451409
343.71692 1760.3704 429.99527 490.38644 0.0028443714
352.16052 1364.091 143.01088 144.12686 0.0028351154
729.3132 1303.1185 225.18294 356.62613 0.0028304146
894.7745 1838.0879 134.6508 659.3951 0.0027794826
321.14026 1917.8318 644.21216 471.30234 0.0027788521
595.93713 814.9816 129.5426 185.05653 0.0027763387
425.6227 1983.7385 192.78674 218.70464 0.0027742088
480.00912 1772.1041 141.0429 145.33006 0.0027700025
876.4896 1878.111 160.63678 350.80615 0.002765984
861.15326 2060.234 181.8917 206.74394 0.0027628029
471.59912 1840.5259 205.23805 252.82823 0.0027620487
538.2723 598.0515 236.9217 328.12924 0.0027610417
855.46857 1927.729 163.99326 202.2682 0.0027407242
293.91147 2010.102 593.634 295.56155 0.0027386188
805.5294 359.73996 272.52426 473.12933 0.0027379182
703.8742 1551.3789 466.70038 768.44104 0.0027371282
391.47443 729.3061 793.1967 782.66376 0.0027344378
388.6203 790.96295 774.1898 740.81744 0.0027275444
604.503 1278.9873 232.64238 390.57632 0.0027265418
704.7786 1103.6488 464.06082 1527.5138 0.0027225139
308.09256 2005.1852 158.081 150.58054 0.0027215444
681.05566 1887.3978 394.34192 724.4508 0.0027183662
255.40425 647.3144 250.31487 209.21356 0.002709196
832.4321 1768.6827 245.60155 383.9027 0.0027078588
365.9126 1539.2311 391.6727 641.2428 0.0027076195
507.38312 752.42017 328.4734 451.68347 0.002696521
467.25098 1090.8195 921.71277 2101.7063 0.0026931851
482.31378 1867.8214 145.86894 183.7129 0.0026930445
715.35223 1901.0618 441.37683 551.07025 0.0026907006
51.32967 2066.43 94.82813 194.25035 0.0026856177
758.3925 891.3771 378.27325 1228.8027 0.0026853406
177.68796 756.9472 244.43257 302.2956 0.0026849932
783.6436 1795.4482 294.17422 739.9339 0.0026811678
807.9001 814.8291 299.92633 845.30164 0.0026749999
589.8279 1747.9165 366.4366 815.9585 0.002642036
129.31908 1011.0085 241.61217 1339.1016 0.002641061
402.1482 1841.733 738.07965 628.14685 0.0026405123
209.0453 2086.5234 409.8077 151.38985 0.0026317264
653.5474 1414.9077 181.53766 233.95612 0.0026253161
240.65843 2067.297 469.0491 181.44447 0.0026228165
188.24062 1592.797 196.30562 181.52423 0.0026223985
611.18317 1388.832 184.92299 243.81215 0.0026192889
407.2482 1867.3324 584.7221 466.32925 0.002610669
525.6234 774.9891 584.8919 871.8811 0.0026099067
506.87067 1885.4039 206.51237 261.81073 0.0025941099
313.21793 1236.4788 492.08926 761.0022 0.002574588
467.64383 1970.2703 134.20427 144.68289 0.002568304
278.26596 1628.9872 255.66896 391.29718 0.0025666861
568.0271 1266.2656 143.06604 148.96663 0.0025504925
789.42456 882.5104 330.1577 603.4123 0.0025383376
528.3204 1565.5195 143.05226 171.94165 0.0025373986
829.5441 369.48666 228.08916 395.9324 0.0025271357
619.5352 2090.1711 237.06078 141.06827 0.0025268313
531.64667 1137.2281 934.57135 719.9102 0.0025122603
632.17004 1476.9613 516.83325 868.9775 0.0025019038
361.06006 1944.116 619.09406 431.0016 0.0024966826
522.4169 1000.8371 905.65326 785.21423 0.0024876548
599.24994 1280.6022 442.0174 1259.8528 0.0024822142
669.4623 1055.621 181.38193 319.67398 0.0024732996
614.4873 1616.0106 307.9387 660.7732 0.0024724163
500.9627 1873.3514 116.88414 155.78018 0.0024675147
560.7713 1876.359 195.88881 272.81357 0.0024629203
495.68497 1620.4768 264.76456 593.97925 0.0024580483
759.6917 1233.0703 376.22888 1117.8412 0.002455976
493.15228 1901.7504 124.507416 159.35777 0.0024533255
850.8961 2105.3704 213.87292 116.53379 0.0024378144
670.72314 1452.6704 110.81529 155.7214 0.002432271
617.57153 1004.1483 188.71402 261.56726 0.0024171374
579.24725 1297.912 455.3079 638.2769 0.0024030544
107.85947 319.83127 188.91933 204.94283 0.0024021366
755.7729 1994.796 392.34573 341.29276 0.002396569
911.538 2031.7753 92.2619 269.4625 0.0023948175
593.4365 1405.2325 274.20895 509.83026 0.002388336
136.46037 2087.0735 245.2781 135.13367 0.0023647603
771.3799 816.01337 366.4207 806.8924 0.0023645386
380.74005 1638.7755 462.93005 345.05832 0.002360899
481.11252 145.29895 953.34424 283.42816 0.002354656
620.2095 1994.3165 231.54321 306.37216 0.0023531052
669.9908 1490.5217 402.25494 1266.9447 0.0023523208
733.7093 1099.0238 216.0853 624.78906 0.0023490263
531.5871 1620.082 452.30927 1080.7178 0.0023463594
813.2565 741.68475 271.4681 363.63043 0.002344516
478.78876 277.16687 943.4167 529.3447 0.0023389172
117.344406 1673.9479 195.89264 333.91162 0.0023385521
359.5063 794.2022 712.6855 1368.4814 0.0023345063
593.5692 1281.3811 458.2371 551.1973 0.002331179
521.0185 1826.6625 308.08472 665.36664 0.0023261982
474.47498 1955.5416 148.37671 153.08746 0.0023244526
580.9978 1605.8613 122.29411 175.1644 0.0023208992
660.4781 1269.3658 306.54224 476.88425 0.0023173057
341.93912 1707.6744 359.2931 389.4543 0.0023153939
575.8022 1350.526 238.53383 401.2042 0.0023118001
360.6172 289.4596 163.1157 189.5181 0.0023111273
103.041565 1782.8868 177.19339 817.5078 0.0023079761
631.4227 1546.3339 278.96234 720.80457 0.0023016243
235.16748 1114.235 113.9895 147.06554 0.0023001344
498.82874 2100.0972 174.73177 113.088326 0.0022982857
709.6077 2085.6472 200.83685 153.03969 0.0022826523
826.1534 785.5054 262.29257 1394.1921 0.0022816556
557.33936 1933.1206 226.27849 318.45706 0.0022803436
909.389 1732.791 102.50547 271.40082 0.0022736867
513.6915 1943.4474 158.11258 203.43152 0.0022732422
65.50507 2098.5027 131.99638 114.90765 0.0022732087
316.73035 2030.9592 650.8497 279.11557 0.0022726604
352.86807 1905.1317 711.37787 564.32806 0.0022686676
800.251 856.26117 241.49666 336.1756 0.002262047
757.8873 996.88385 212.01746 375.60007 0.0022562023
716.5651 1053.247 259.97443 667.166 0.0022561313
728.9895 1692.2286 225.71121 405.15167 0.0022489715
611.9175 30.22629 341.21692 59.865623 0.0022476236
861.4126 2096.197 198.28926 140.1159 0.002247364
923.3739 1870.8141 78.90054 598.4873 0.0022342496
682.9413 1952.7139 165.73598 195.5579 0.002214835
835.2633 2043.3993 263.8731 246.44556 0.0022145705
349.51797 2019.0626 382.63638 269.02026 0.0022127419
471.44876 2008.446 161.55562 233.92625 0.0022115705
560.91376 1549.835 437.70035 1208.4677 0.0022048969
655.379 2027.1967 397.6371 281.4688 0.0022000263
340.1955 1249.4147 672.22595 565.60944 0.0021972447
668.7643 1822.8788 466.17715 563.7667 0.0021969592
284.98697 2106.8545 596.63324 118.71261 0.002194405
521.9422 2112.6748 213.9157 103.51704 0.0021919685
318.4217 1968.3318 595.7245 411.72888 0.0021902337
120.237976 1109.0107 207.63931 1452.3519 0.0021879016
590.7956 2044.8396 666.7312 241.38152 0.002185852
317.04538 1768.5759 629.4626 734.8543 0.0021856825
621.96063 1901.3617 320.18445 697.2341 0.0021834632
637.6985 1843.3345 249.5377 382.0802 0.00218295
387.1481 1236.1783 679.3138 559.15924 0.0021735365
757.16473 881.0936 284.81323 593.13416 0.002172298
765.4823 1598.2784 375.58078 781.75134 0.0021718608
766.8524 1812.445 204.70903 271.13348 0.0021664402
756.9339 1950.4135 135.79353 167.26636 0.002166095
473.57025 1770.3374 186.78383 321.81927 0.0021654489
812.90796 1695.8438 172.65929 229.44453 0.0021645639
568.21277 934.58795 787.1907 774.75934 0.0021596353
721.1908 1416.7318 88.17009 145.67719 0.0021523917
478.2849 1931.2697 382.5807 464.30774 0.0021487868
306.8744 1436.7311 232.33745 652.1616 0.002139571
607.8103 2049.2512 209.37851 195.98848 0.0021390824
801.5196 2070.4895 268.81976 185.69624 0.0021327955
811.623 2011.8224 278.22977 318.4773 0.0021291696
741.17676 957.4782 318.7864 824.473 0.0021262942
413.2891 19.955889 220.34909 38.267536 0.0021228762
832.8959 1730.4536 222.15057 304.98422 0.0021224378
239.29549 1087.4978 433.7621 984.29614 0.0021204958
784.08295 1720.3341 190.7564 277.3057 0.0021174015
581.4823 2068.1309 209.55354 173.40947 0.0021145602
601.72546 2058.399 202.48161 186.1303 0.0021119798
743.7413 1885.7379 199.06252 212.19072 0.0021102158
805.9127 1011.87933 296.01587 922.58234 0.002108343
300.18063 2106.6467 618.7902 120.45664 0.0021016393
869.6544 911.5702 189.60349 530.9015 0.0021011122
715.17523 1973.592 252.3573 294.76437 0.0020990698
595.6177 2037.8735 333.2937 402.32916 0.0020941144
866.9146 2013.0706 194.33635 291.2465 0.0020826852
780.93494 1820.9899 190.48897 247.95305 0.0020822135
569.09094 1946.6157 153.0312 169.5065 0.00208004
573.72375 1909.2583 264.56958 456.92487 0.0020781078
450.30682 206.02032 794.0468 359.61664 0.0020780803
246.23752 1357.6443 100.55795 143.41187 0.0020769383
871.30994 2074.3872 158.08907 179.49622 0.0020758447
519.1836 1776.3284 448.4192 803.5225 0.002072125
864.57776 2087.128 163.81804 152.76813 0.0020669175
633.1891 2099.2903 151.00241 131.24583 0.0020659685
635.08136 1941.2284 280.9656 567.7715 0.0020631528
892.35175 1352.9456 111.65631 212.44376 0.002060053
555.5955 2022.1454 233.77881 236.29308 0.0020539802
241.09163 2101.2837 478.04675 122.935005 0.0020525672
321.06485 2090.605 214.8107 132.51628 0.0020510764
418.2134 1912.4602 756.702 497.77536 0.0020507446
382.88113 1398.7128 791.751 1874.7548 0.002047215
583.8881 2110.1982 220.49376 107.37792 0.0020453483
332.0331 2094.473 584.8177 158.29129 0.002043416
725.6704 1700.3981 195.71616 322.41223 0.002043209
847.8652 1454.391 181.0042 133.47089 0.0020422633
742.22003 2102.2468 232.55238 128.07715 0.0020324257
469.09705 2109.796 173.62558 95.559715 0.0020306217
173.9913 2120.273 338.12973 87.95193 0.00203027
627.9732 1659.4135 149.33005 203.13469 0.0020296471
734.1101 1169.0448 135.85197 197.63522 0.0020247889
398.3359 2054.3538 220.60237 176.76009 0.002019874
614.46094 1862.9564 297.96265 415.51385 0.002017433
123.59297 1120.3329 248.04242 1925.2761 0.002012993
138.14319 2106.5752 259.73004 89.03615 0.0020095876
135.56818 2141.5986 248.32062 47.71264 0.002008834
313.69382 16.758991 488.9478 31.343374 0.0020042392
315.27588 2008.0261 625.0452 377.99057 0.002000421
619.00964 1943.1349 277.09824 382.58704 0.0019980834
500.33383 2081.356 204.7264 159.31012 0.001986835
302.64578 2037.371 619.5588 356.36475 0.0019828216
559.5342 1932.8243 152.73167 159.613 0.0019747221
417.65085 2067.08 157.40048 132.09688 0.0019738616
705.394 59.730003 518.5556 121.06887 0.00196562
784.51697 1051.8419 182.20555 257.95715 0.0019648017
160.92169 2064.135 258.70068 201.90845 0.001953574
472.53934 1090.1244 917.39844 2095.9182 0.0019468655
553.3577 2052.2537 386.95093 231.74954 0.0019420868
907.708 1869.754 107.67269 404.4306 0.001932454
214.37231 1979.7389 313.21716 180.65907 0.0019267522
425.99298 2067.9905 111.88455 125.25741 0.0019235307
921.91534 1880.4597 75.56164 260.7973 0.0019138523
73.88784 1308.955 142.44539 1493.759 0.0019079227
780.5774 719.7228 350.25702 1582.3838 0.0019041562
355.43945 1702.8838 394.0992 496.93927 0.0019023201
612.47833 1978.9808 249.00986 332.3705 0.0018959246
796.1583 1756.9342 179.97101 234.28609 0.0018927401
659.37213 1661.6547 119.58267 174.61015 0.0018917181
800.09247 2107.7803 176.61276 122.56882 0.0018775299
605.04736 1982.0172 262.75726 358.24216 0.0018735612
900.8314 289.86383 122.392586 526.9026 0.0018660654
95.7193 2148.1763 170.80324 37.71269 0.0018523794
395.82257 25.690334 277.21298 49.39278 0.0018462349
573.938 89.48832 758.7094 178.94771 0.0018461006
201.92769 2125.4102 397.00192 77.53095 0.0018439025
132.93036 1267.0973 191.11516 854.8819 0.0018430217
488.38492 39.61838 946.19305 76.42875 0.0018381027
351.61078 1449.4088 277.86084 491.1078 0.0018358277
803.6813 660.0235 282.97836 548.25916 0.0018343367
53.503654 2128.3286 105.52051 69.300575 0.0018315536
711.71686 924.3471 219.69914 405.3633 0.0018290274
896.3661 61.774265 131.78586 121.08156 0.0018230242
250.38104 29.104694 138.32378 53.93538 0.0018079551
309.5118 2117.4453 634.32733 99.35684 0.001806246
888.3043 2096.7104 140.87288 139.00137 0.0017979
312.046 2097.8604 166.52617 93.871346 0.0017912826
314.08133 1548.6183 249.22954 447.9304 0.0017910543
517.95807 2061.3792 297.91315 199.90337 0.0017841799
858.8499 2122.4856 189.19405 81.92101 0.0017771806
376.40967 1261.0715 350.12967 267.95633 0.0017764863
910.33185 2015.8901 109.5575 306.18265 0.0017759054
192.32657 2149.9573 380.77115 36.028774 0.0017727924
308.62262 2057.1055 638.82855 305.18262 0.0017660242
508.00168 1093.4329 918.0624 585.9072 0.0017602678
312.00882 2092.4016 648.91724 165.92133 0.0017591714
331.11084 2072.4187 340.0509 175.44861 0.0017589855
307.0222 950.6649 535.74506 604.78564 0.0017511501
521.9244 1253.1659 310.4891 1047.0837 0.001749602
424.3464 2131.2842 236.20093 71.77295 0.0017491397
385.42096 2052.0889 352.04562 197.35312 0.001735137
382.7934 2084.1272 328.16238 152.44832 0.0017254715
864.3955 82.52194 184.19653 165.33392 0.001722495
723.6394 965.9292 283.72803 1000.4046 0.0017217506
712.9967 1451.4932 242.91847 478.6919 0.0017132668
911.63104 1044.885 110.76522 347.9655 0.0017128094
319.8636 2070.924 671.1932 252.53314 0.0017002627
436.39722 2108.3713 180.54657 99.29933 0.0016999049
932.22675 2052.2278 55.23481 227.82434 0.0016982235
448.6893 2088.1516 231.3615 136.46481 0.0016951341
712.51666 1625.6075 152.48709 217.29315 0.0016935332
426.9099 1483.3114 852.2591 751.80005 0.0016896565
915.3824 583.5807 81.994446 576.4456 0.0016754647
419.2386 2090.655 400.68634 143.04459 0.001670464
830.5423 1389.0947 188.22166 156.0627 0.0016672552
453.61874 1401.5836 849.4095 403.69107 0.0016628568
187.07079 2121.4836 365.082 97.44653 0.0016613052
878.24896 2116.3503 143.70532 92.0176 0.0016549722
724.015 2138.6497 294.81876 83.39277 0.0016533565
328.7804 2134.6106 266.29218 61.870823 0.0016505442
724.0115 2138.418 150.58566 60.13855 0.0016503722
681.9684 1692.103 149.01347 279.9867 0.0016320935
841.3223 932.2551 184.51509 294.55817 0.0016260908
256.52646 2129.6934 226.21437 69.88145 0.0016214256
328.75485 901.8112 345.35162 443.30646 0.0016133909
889.8785 2101.2542 132.61348 126.36785 0.0016123127
819.37396 879.93396 274.22513 821.28577 0.0016008926
927.05194 461.17844 66.48528 456.4878 0.0015897313
439.5717 2140.4016 567.3265 52.543503 0.001566586
832.3212 2113.0256 224.31648 128.83751 0.0015652978
880.8742 1030.2587 166.65839 382.7381 0.0015620496
502.7343 2135.0159 240.05052 67.19223 0.0015481815
355.98697 120.40751 206.19968 145.31357 0.0015476355
397.9332 2086.7134 619.38916 219.21024 0.0015420053
889.3561 989.6355 151.42769 681.1511 0.0015386685
270.67883 2159.4426 344.3843 21.247305 0.0015192009
448.83844 2095.242 448.89026 180.74968 0.0015095242
309.79468 1219.5237 347.10437 336.9518 0.0015034719
413.51788 338.81967 679.0995 827.7095 0.0014785525
472.20856 185.04245 903.1341 334.1555 0.0014675983
527.4025 1747.7255 812.3266 690.9303 0.0014625011
439.42105 2128.302 276.63574 92.603134 0.0014502835
146.08177 2159.0298 127.26787 18.392893 0.0014461549
520.24286 2043.8588 814.5315 292.92987 0.0014357064
940.8076 1889.525 48.780342 335.24203 0.0014329643
263.94077 2161.911 278.31516 18.868652 0.0014280403
918.9977 2090.9724 93.42921 157.9635 0.0014176422
310.4515 41.98202 581.48737 77.43789 0.0014136328
366.88815 1181.77 759.75696 900.51776 0.001403771
945.97174 1796.9596 38.363155 462.0999 0.0014022085
435.6103 2030.2938 753.4597 384.79166 0.0014007691
416.50864 2155.8567 494.8966 25.956657 0.0013976735
507.51025 2151.4531 333.97134 34.02563 0.0013930353
519.7462 2138.6238 859.8222 78.03708 0.0013927752
862.1703 1102.8138 185.81374 245.46892 0.0013904731
837.4731 1378.3354 164.39124 170.57266 0.0013831991
941.14514 2028.6105 43.72604 273.6422 0.0013732009
525.954 2062.1335 842.3119 247.42052 0.001363461
328.4525 2153.913 669.08673 31.555897 0.0013602575
502.85965 1348.0991 571.7996 318.79013 0.0013561893
765.67755 1796.012 460.16907 736.87775 0.0013496053
157.09972 1283.1604 244.02953 685.2537 0.0013466816
116.79584 1472.2294 214.98761 1382.5515 0.0013463745
491.92184 2151.086 283.50363 36.1576 0.0013228416
532.2098 849.77374 521.08124 677.1708 0.0013184902
524.9761 982.7658 179.7634 210.9092 0.0013062876
374.5853 2145.6418 546.27014 71.81211 0.0012892742
161.32133 1280.703 349.63254 1375.4049 0.0012852662
844.46136 1341.2455 170.00464 242.4031 0.0012799772
315.1595 1388.4075 620.78406 871.9527 0.0012798022
415.2449 2139.7776 506.9416 106.21245 0.0012629294
605.2251 2155.557 156.25285 75.31795 0.00125125
75.41439 111.43666 141.37598 176.06192 0.0012365257
608.74084 1737.4717 291.605 525.95355 0.0012339402
943.4289 1380.8353 42.94279 263.98077 0.0012298188
912.0771 2117.567 82.78103 105.40595 0.0012265356
926.97345 2126.4028 64.83241 83.23824 0.0012225535
203.11151 1160.9414 275.27042 831.5277 0.0011494698
422.19623 1667.3877 537.5896 581.8963 0.001114114
36.30719 1299.5737 77.29267 1682.0619 0.0011052428
598.24335 2159.563 232.83482 31.378687 0.0010940363
112.341774 1354.0529 166.64258 642.91266 0.0010630186
665.6816 2162.391 213.38551 35.28023 0.0010321426
552.052 1309.602 464.85928 999.7119 0.0010320044
616.4759 1588.4163 525.9337 612.7939 0.0010286542
524.7387 2138.6172 840.5941 99.83305 0.0010272929
956.8612 2087.367 16.156149 157.88177 0.0009870003
158.52695 1728.8033 188.24803 799.57166 0.0009833337
381.38672 584.1046 750.5675 790.25726 0.00096274534
663.29486 2164.84 165.80583 27.092012 0.00090830965
223.20715 1085.8654 412.31808 910.2357 0.00090661016
422.5219 1391.3451 894.0498 520.57117 0.0009063187
503.70035 1567.9689 347.81967 470.76898 0.0008911607
374.88635 904.8456 854.81757 1139.4874 0.00088057644
509.324 2167.9697 875.5457 5.6242 0.00082946237
298.7092 332.43042 604.1597 963.20154 0.00082751986
500.8798 2155.2107 827.42236 34.531338 0.0008121213
153.78398 433.14014 277.413 687.63654 0.0008048333
547.0747 279.33383 715.7461 595.2582 0.0007874401
389.17065 791.38666 731.9992 955.51416 0.00078703766
433.4338 838.20624 904.4806 617.18335 0.0007646723
328.6563 847.75555 469.0307 861.3683 0.0007469534
255.55334 279.16617 494.42615 787.7924 0.0007015607
494.6899 1330.3304 742.5131 362.34445 0.0007002918
399.79922 1514.2759 863.7377 768.0951 0.0006901533
171.80946 111.21037 371.59366 469.39127 0.00068733876
104.48109 308.82333 211.00737 882.45685 0.00068113185
501.2716 248.08043 800.7091 656.7323 0.0006794109
379.75378 929.1759 894.77704 704.5218 0.0006778961
675.96564 554.53546 683.8354 626.6313 0.0006611037
467.13995 1659.0212 903.315 626.4494 0.00065167795
493.3147 1569.7618 735.68665 789.6549 0.0006154954
318.5006 514.7335 710.1844 711.9023 0.0006072049
241.74574 170.21774 494.36124 572.44977 0.00058334135
717.76086 1103.0414 334.80142 790.4653 0.0005755282
283.61914 128.60095 602.3264 568.58875 0.0005551367
408.90207 1356.1917 717.77094 478.1116 0.0005472424
572.9168 1217.385 699.06537 1069.2345 0.00051557424
422.87427 982.8779 717.10443 749.8209 0.0005110518
375.4542 797.97046 836.13794 748.15674 0.0004917247
345.6794 412.2983 779.109 852.1346 0.0004885035
474.2943 1652.077 692.1788 238.38774 0.00048081257
581.0645 1548.777 662.56506 774.1174 0.00046997378
550.68646 1031.1947 372.0493 664.53326 0.00046071503
394.50656 214.74557 763.5449 673.66406 0.0004243849
