446.8045 1207.3192 882.32306 2402.855 0.7467279
796.5883 1984.5369 189.99574 194.48677 0.1365928
367.36877 1606.7964 716.33704 1343.9885 0.12693644
369.4654 1507.89 706.4461 1146.9733 0.0895108
441.55704 1659.8392 868.2979 1450.8268 0.08859245
369.00128 1592.986 704.15814 1056.3861 0.06445198
155.72778 322.10623 285.32047 365.37036 0.059723493
179.40796 453.4974 117.37995 93.470375 0.05595527
367.22455 1664.5371 722.1361 1462.2311 0.052669596
138.42091 355.49197 114.104004 94.72388 0.045098204
364.3934 1727.453 711.26105 1323.2805 0.040282622
437.32367 1526.6664 835.937 1187.5222 0.0389995
388.31796 1382.5126 720.62585 1347.0029 0.036311965
291.93976 509.17728 573.3472 1001.32117 0.036189467
402.54517 514.5664 794.64795 1025.5858 0.03581204
444.34787 1581.3309 867.23944 1588.2501 0.03147591
446.51746 1206.088 878.53357 2402.7163 0.030448593
428.19226 1028.6091 729.3587 1594.6398 0.029749963
393.19196 1368.0015 723.33734 1473.0493 0.028703569
454.5331 1385.6383 746.29584 1282.7479 0.02761749
446.5159 2147.4963 880.45575 533.1477 0.027419621
399.8532 483.75372 788.34357 964.2766 0.026690967
442.16202 1584.3933 793.3656 965.02435 0.024540365
389.0976 554.876 762.7639 1110.1895 0.023135573
427.6644 1548.1697 562.7361 881.85785 0.023027351
437.97083 1368.9498 802.0778 1350.4624 0.021986738
327.86523 1170.8152 623.4629 2208.3228 0.02189053
169.07692 273.8057 251.11844 255.73804 0.021549385
42.652416 65.73646 78.15107 112.91504 0.021356327
403.34262 946.8202 708.9838 1663.586 0.02097873
373.0654 1589.3074 527.2298 689.2317 0.020532502
124.617935 320.93625 157.46436 174.0133 0.019564679
735.8659 1352.7455 298.11368 1329.4894 0.019529311
345.20117 1033.1626 640.79755 1873.8823 0.019496037
714.9055 1370.552 346.11652 1395.3702 0.019276578
695.19214 1340.4902 383.27927 1456.2434 0.019125754
155.48827 401.5253 175.96236 202.96141 0.018931698
428.32962 711.33167 832.31726 1413.4763 0.01884958
297.60382 700.6914 581.42163 1373.7405 0.018417085
437.00226 1821.8466 847.9103 1125.5975 0.018088814
418.5029 728.48254 796.72076 1410.2473 0.018058801
147.86806 366.11514 195.12216 273.86932 0.017797535
717.8894 1341.4626 328.94705 1348.1833 0.017694859
157.11348 268.699 307.26474 484.3072 0.017693184
342.7965 1705.0282 575.45154 947.5677 0.017466927
349.95956 616.0393 683.45715 1222.3875 0.016897233
632.97064 1059.9884 506.0619 2023.123 0.01664187
107.89566 265.24506 76.81568 72.294334 0.016531898
473.09872 1484.9521 693.2485 1113.3999 0.016435415
585.76526 138.86363 422.31818 277.30887 0.016406832
357.01648 2153.9175 703.7391 509.6055 0.016083049
350.23517 1450.5123 640.18 1646.8624 0.015431026
162.4417 465.72095 302.0389 684.9854 0.015273008
404.7644 1357.8588 606.42267 838.54297 0.014987129
444.67725 1150.3091 601.9693 1326.2283 0.014856556
282.97018 1022.321 539.8279 1868.5349 0.014135566
444.00143 1987.9254 869.33386 841.6203 0.014092629
485.3973 164.28253 210.20021 221.27205 0.013865786
380.183 743.55084 719.0472 1415.6952 0.013858349
297.97958 1005.20044 559.99115 378.3779 0.013811216
517.65674 929.61816 621.7734 1489.3772 0.013563304
438.8551 1410.4667 538.2663 936.87683 0.013519565
452.76575 446.59155 72.350174 79.89316 0.013464202
320.22205 870.3895 613.8945 1665.0765 0.013295758
367.28268 1328.93 684.3165 842.8512 0.013242172
280.54675 417.45584 540.97705 788.92523 0.013021551
604.40674 1318.1389 543.53424 1452.5208 0.013015442
279.93762 1719.6051 530.39044 964.0364 0.012921829
214.55827 264.46606 165.45197 233.66037 0.012873203
341.6321 1618.4486 422.06512 682.9963 0.012761152
427.60034 865.2351 799.42456 1636.5691 0.012684898
286.4809 264.27148 559.0252 508.82748 0.012676923
585.0461 1068.2076 600.6318 1993.1116 0.012675096
519.95435 1346.4518 654.5277 1334.235 0.012670073
243.06807 1828.0065 235.02611 249.15 0.012577284
537.3015 1715.3871 88.54408 94.1956 0.01254749
399.2859 262.7648 787.64075 521.16504 0.012541755
239.96727 520.2017 459.18146 814.1972 0.012535249
357.408 2037.3385 698.8039 731.34143 0.012480645
539.0541 1211.9703 611.89703 1574.9177 0.012479447
455.105 1685.3931 735.2906 1116.136 0.012193518
496.66238 1575.288 605.84784 928.7159 0.012163803
519.59485 1375.6401 650.2868 1289.6083 0.012091349
517.7265 1102.5732 590.5441 1481.2029 0.012046598
391.1771 1405.5859 496.68253 834.1739 0.012030576
439.45157 1482.6963 840.94305 1799.2522 0.012019932
381.06088 1393.7568 509.629 1053.0927 0.0120107
365.4689 1823.8257 706.48285 1055.9418 0.011999208
167.71455 516.89746 322.79623 933.66077 0.01198116
585.8765 1336.6625 575.74817 1461.86 0.011931522
216.53241 382.55734 391.10925 588.8127 0.011833857
297.81686 1509.3298 296.5445 416.02734 0.011676639
660.2393 1335.0063 436.13562 1351.5378 0.0116033545
325.00726 1061.7728 434.82227 247.77751 0.011525471
662.58954 1284.7949 437.52267 1579.6958 0.011487803
412.45953 1033.7072 575.8571 1071.3214 0.011478532
534.1601 1334.1995 612.5891 1308.195 0.011367307
535.7131 1550.996 376.29477 855.1452 0.011306737
430.6973 611.9555 846.3414 1216.0569 0.011270323
700.15216 1050.4087 380.06296 2053.203 0.011204552
436.06735 1727.627 823.587 828.4864 0.011193738
259.8462 263.0214 495.85364 495.04245 0.011044772
390.96692 1078.1945 585.87256 1130.5468 0.011037358
238.1167 265.11063 121.93091 217.5268 0.010947143
293.74994 619.76044 575.6953 1231.0469 0.01092781
251.48106 1614.1537 449.53506 663.3351 0.010822277
346.01508 1951.2384 675.6879 569.9207 0.010725707
450.8793 1203.3168 568.10974 1213.7262 0.0106660025
653.8058 1186.4977 454.83383 1757.9059 0.010649431
450.496 1150.2052 732.8138 1137.7375 0.010619264
758.24567 1859.8472 262.3077 436.8923 0.010492081
457.13986 1088.8746 661.92834 1024.0433 0.0104809385
390.65018 1231.5396 715.3369 1137.1163 0.010389025
748.82477 1798.4796 232.2127 307.5026 0.010282015
797.4126 1983.3094 184.63165 190.34819 0.010238938
326.58707 1884.8829 604.61847 401.301 0.010237251
320.1414 1473.2084 206.7807 278.19565 0.01009596
418.42618 979.0155 752.79047 1187.7347 0.010046212
433.86703 1312.734 823.7475 1148.2263 0.010003441
234.46251 278.64435 447.47 521.4617 0.009955092
459.78784 1362.5328 509.32147 864.8478 0.009941116
706.3926 1199.691 353.12695 1759.2264 0.00991594
482.02145 656.0912 682.2437 1233.9113 0.009900578
367.79712 1841.4615 478.5218 312.8524 0.009878041
698.3023 1270.4962 372.28146 1617.289 0.009865285
434.4059 1231.511 811.28815 1178.4263 0.009791682
548.2618 1480.0267 328.90894 682.83765 0.009751822
185.50578 2254.585 357.2282 304.5833 0.009739355
602.6832 1313.3818 550.7992 1543.0277 0.009712562
237.59593 1710.3278 469.6972 1273.8102 0.009637534
757.365 1641.4634 251.23314 720.31366 0.0096317325
546.2666 1734.8853 129.53818 171.4993 0.009618932
317.58844 657.29626 589.7144 1036.4542 0.009563044
388.57056 1128.7457 471.48853 1477.95 0.0095603615
427.9426 1015.54565 784.82806 1204.4996 0.009436842
399.35004 148.48334 789.8383 293.89578 0.009425202
393.36362 1381.2062 502.27982 736.40076 0.009366932
557.41 1316.1637 626.07135 1555.5157 0.009334414
411.5657 1458.5176 385.40262 558.5529 0.009330354
756.9413 1709.1877 247.71329 577.2335 0.00930697
399.29126 200.63081 790.6985 396.23334 0.0093026925
434.76358 1748.5837 483.67297 1079.7489 0.009209388
213.8578 1704.679 415.8199 1177.0415 0.009208748
652.05786 1388.233 465.80878 1394.5582 0.00917246
383.91888 1219.145 708.6723 1113.3575 0.009164339
691.8723 1172.9866 384.7704 1815.0116 0.009114559
480.20474 1695.7931 455.1187 1129.9432 0.009109741
668.1729 1053.1119 440.34647 2041.9043 0.009107916
465.5191 807.03876 632.0232 1103.841 0.009076597
287.00876 197.77605 563.0843 384.41797 0.009054374
233.25896 333.57422 423.57352 434.9613 0.009049844
689.2376 1149.2349 390.69785 1862.0812 0.009034488
427.37323 983.3596 801.66815 618.03644 0.009000599
366.23523 948.3332 650.13965 1298.9564 0.00898573
450.57385 1846.8843 298.61078 282.8694 0.008927461
312.57388 935.3351 583.1058 692.61273 0.008915044
363.07336 1870.7136 657.4821 1057.8188 0.008896
595.59174 383.01456 102.88853 111.076096 0.008876271
14.511972 276.56952 28.216537 93.00775 0.008866459
750.46564 1815.8226 242.80568 372.53534 0.008861826
445.19714 1132.3853 487.3977 1321.7825 0.008832724
647.91406 1494.0396 456.58124 1162.3427 0.008727524
355.822 1535.7184 268.2282 400.3346 0.008705531
249.62016 632.5997 415.65494 506.66077 0.008670352
314.03674 705.28925 579.7866 996.4601 0.008636528
291.866 148.13261 566.34717 289.63614 0.008632067
540.69025 1739.9521 109.3251 150.91943 0.008551997
592.5729 1575.3934 502.9464 951.292 0.00855139
581.0981 1328.5643 599.5041 1652.6973 0.008528624
398.87347 254.73732 786.95325 507.7668 0.008517957
584.7991 1512.4125 581.9885 1429.8981 0.008516597
283.92264 145.60562 418.2216 269.64044 0.008491982
359.97156 1274.3488 679.45703 705.11694 0.008460938
232.53 974.34705 360.93762 141.6187 0.00843175
356.9571 2168.0583 698.20746 486.17072 0.008430028
189.74126 2170.0037 348.44763 212.1226 0.008427896
342.59674 1056.6361 659.183 509.08896 0.008415429
225.28104 2164.542 247.37614 170.95592 0.008402856
751.1186 1555.3734 265.9764 931.2717 0.00837724
327.87103 1477.6036 430.52948 574.4744 0.0083378125
320.5279 1802.58 589.57733 408.66336 0.008331676
680.3052 1117.3428 405.6484 1919.994 0.008254159
353.06924 920.98047 659.5399 763.3924 0.0082303155
544.35547 587.29114 531.3419 1061.3513 0.008210656
755.49384 1481.489 268.05847 1198.9453 0.00819315
319.7151 745.0905 624.14026 1426.3431 0.008162342
559.4358 1125.4265 525.4188 1063.9746 0.008142415
554.93585 473.64038 509.78003 919.5826 0.008113028
546.152 511.9808 545.37427 995.9057 0.008100183
269.53192 1973.9406 512.96857 513.52527 0.00808942
566.732 1136.2482 523.52954 1114.5739 0.008073539
78.23083 1803.4648 89.79781 83.55502 0.008031557
764.85254 1658.9109 247.88844 840.1286 0.008013935
271.87964 1352.6711 508.76257 1728.7621 0.007963645
423.63434 953.0356 777.4943 990.8849 0.007926062
284.0469 1837.5881 352.6247 287.5156 0.007921324
598.3888 1605.0613 549.024 1193.1846 0.0078990925
384.48267 846.8769 518.87744 652.21405 0.007877698
414.5025 1022.8964 783.60095 476.1384 0.007859866
803.6161 2158.7234 220.49779 556.3139 0.007850587
343.69897 883.0656 625.6795 748.0345 0.0078154225
668.2896 961.60693 336.005 581.7017 0.007814088
599.90497 856.88116 333.75626 541.8981 0.0077619576
340.10242 1465.1265 161.62378 233.96355 0.007759556
434.54434 1272.104 833.6927 991.8577 0.0077577685
747.55927 1564.8563 288.51248 1037.7098 0.0077438583
755.9888 1043.7467 276.7238 2073.4194 0.00773925
267.5396 714.3878 513.2032 1339.2133 0.007733635
576.4167 1450.5204 284.02786 603.4414 0.0076792426
464.38928 718.9199 337.6004 431.05283 0.007646482
709.6607 1047.695 291.37476 717.2686 0.0075943465
701.4374 1156.5161 366.93436 1853.331 0.0075862035
697.1125 1606.8809 352.68915 832.05774 0.00756815
708.8086 2025.7781 369.16293 289.79663 0.0075669005
565.49194 711.5695 553.5627 1278.9508 0.0075600995
420.457 997.7659 798.1691 812.8761 0.0075465017
358.9775 1016.22974 687.6617 672.2894 0.007512209
246.81375 470.2734 431.81296 669.336 0.0074990666
217.70683 904.03064 238.77742 203.71758 0.0074840058
355.80075 1057.6904 276.89038 220.7676 0.00747936
280.67477 2110.2632 317.62424 262.19733 0.007471007
402.45105 802.4158 714.35315 1088.001 0.0074660685
702.1517 884.56274 250.15942 393.771 0.0074464306
676.8447 1607.9274 405.87662 940.87415 0.0074409
85.361435 1826.1085 127.61111 142.73764 0.007396146
466.69855 144.59729 274.3278 280.5044 0.0073958766
474.56146 1783.6761 445.2838 428.59128 0.0073944726
451.59198 964.24915 668.464 670.45013 0.0073822304
704.83417 1122.6923 361.3414 1915.4141 0.00737721
348.30704 1190.9575 674.9243 526.0625 0.00735733
446.76794 908.5302 607.77167 570.37146 0.007357209
408.20056 962.7746 757.66455 954.1222 0.0073514096
607.85925 1495.1312 545.50964 1352.2059 0.0073309317
346.28497 857.64233 644.55597 1106.2332 0.0073267627
208.37706 618.93726 399.08966 1116.4374 0.0072991457
411.61725 846.7467 455.92914 633.02734 0.0072876904
629.92615 954.7602 258.82117 488.8396 0.007280594
228.86945 715.25854 375.95743 419.57428 0.0072619766
448.79373 969.8245 704.2785 611.28107 0.0072431522
263.5073 2004.7384 507.11298 618.2714 0.0072205644
719.69934 930.5511 232.85004 397.95972 0.007218517
422.52243 1061.6619 785.7532 1044.4003 0.007209928
312.3901 1557.5663 286.81134 418.751 0.007199004
512.1929 611.1667 629.17413 1192.7233 0.0071935155
207.02441 2048.2966 403.16327 651.5947 0.00719182
785.5304 1760.7561 216.99507 643.7186 0.007190226
698.2463 2081.7625 390.64313 406.91522 0.0071717566
230.60736 2201.026 445.00772 407.85214 0.007171679
405.82947 844.2066 441.78217 628.69617 0.0071628774
514.3019 728.2114 559.85547 895.03925 0.0071569383
426.73355 1009.1082 835.1797 626.88007 0.0071458262
597.1768 1256.0089 574.7216 1871.3276 0.007141626
406.22235 814.00977 736.7164 1019.99384 0.0071347114
470.20758 1741.5936 314.0669 469.33725 0.0071333237
458.21155 767.5447 629.21814 982.52673 0.007110234
390.1631 956.8469 579.761 469.76886 0.0069811284
68.850365 66.41804 129.3863 127.01763 0.0069758547
462.12378 1927.3572 251.83905 149.5256 0.006959072
429.75623 1197.2588 754.5963 834.9348 0.0069555864
631.07996 1027.0621 423.82504 861.58844 0.006948706
525.9087 1298.8475 422.4097 924.9606 0.006941231
281.653 151.94649 207.99059 186.09883 0.0069345883
264.017 979.54114 291.7248 124.40563 0.00689279
425.639 742.3149 648.26917 917.2006 0.006891256
590.0602 1737.9641 565.1303 791.53937 0.0068889074
556.38965 593.43 462.49942 664.0402 0.006872904
610.5061 2136.5715 560.18567 512.26434 0.006866284
566.8462 2089.1824 262.618 236.2245 0.0068566077
476.84647 1383.8867 343.24536 464.16806 0.0068545653
654.6048 1338.7306 465.4975 1501.0698 0.0068279696
369.3388 1058.9745 636.28754 1050.3895 0.0068272813
416.68433 1976.1819 444.1791 555.206 0.006805871
367.19666 1575.3103 638.1696 823.1717 0.0067888713
397.2705 965.7577 602.8154 600.7046 0.006778166
420.4486 807.1597 467.04153 794.15247 0.0067708124
439.84952 1374.7543 861.0352 1147.4227 0.006734089
388.83234 1201.7323 483.12772 735.03125 0.006716016
362.8902 1997.0953 374.57953 355.3171 0.006714779
523.7436 1326.4824 353.47748 664.78204 0.006704568
470.3461 845.58057 564.1431 724.57983 0.006692042
310.49164 1267.5231 581.1077 818.2521 0.0066507584
558.69385 693.7231 578.27814 1312.8595 0.0066067968
185.82668 1749.6399 105.39723 101.33573 0.006588701
606.36816 484.70096 415.238 884.3045 0.006581623
585.63043 1057.1636 521.1545 1219.8655 0.0065798406
360.16766 1283.296 679.2951 725.6903 0.0065710032
720.5321 1126.2811 331.25333 1907.416 0.006565462
604.67 1430.8286 214.71722 423.33972 0.0065168967
564.51746 1438.1439 548.1663 967.2906 0.006505064
592.9933 1758.1305 248.1003 313.02887 0.0064997817
354.77094 908.21063 475.69833 519.18713 0.006492196
511.9022 135.41 177.53093 212.73155 0.0064914636
735.8518 1477.0071 313.69275 1223.815 0.0064769033
442.80563 729.2717 443.03433 805.721 0.0064616986
553.42615 482.91785 526.0563 931.8655 0.0064557446
389.47665 915.2604 615.0856 1141.8159 0.006448909
484.5093 610.6447 378.76456 754.37146 0.006429918
693.1998 1049.2168 392.79697 2074.2742 0.0064112195
673.9123 1166.4194 369.2775 954.9258 0.0064022527
571.4041 945.4181 502.08 697.7494 0.006376268
785.8849 1589.1455 213.12753 982.7934 0.006369884
549.61395 1871.2347 308.89398 509.17792 0.0063688313
584.0029 750.6956 210.45467 338.07327 0.0063614277
270.04327 2179.8643 516.9179 344.6271 0.006356498
448.23663 1861.7028 150.67087 180.75478 0.0063527767
427.375 763.3072 272.01804 324.41876 0.006343618
271.5624 465.12872 531.58215 888.81116 0.006341649
310.8859 844.65857 577.0113 957.7035 0.006338045
507.2319 1205.9359 399.2675 970.80695 0.0063355495
617.07666 1373.5448 157.22966 289.25696 0.006330844
746.824 1219.8379 248.4083 856.01953 0.0063304817
298.0885 1266.901 562.04974 822.5476 0.0063179797
591.54517 1426.0203 584.7687 1829.7845 0.006306247
725.31335 1168.1118 320.15964 1829.171 0.0062966202
138.25182 604.7252 202.2005 204.99414 0.006275125
265.9577 1051.8604 279.57724 235.87437 0.0062747947
642.6018 598.10065 330.12274 615.629 0.006258685
591.6568 685.2935 339.6005 723.59546 0.0062288977
282.50653 672.9612 240.95322 284.57812 0.006223289
744.0683 1114.461 207.57115 405.66653 0.0062189666
649.2723 1606.9877 460.03217 948.6263 0.00620427
564.8684 1239.6891 628.00525 1817.8262 0.006195092
396.86676 939.15436 732.8051 497.17395 0.0061666393
798.45337 2100.8206 215.1029 448.0054 0.0061576767
762.6388 1431.6003 228.88211 966.61926 0.0061360598
459.0526 2022.1326 279.8897 330.90335 0.0061342823
673.5287 281.6487 286.38516 523.7713 0.006107378
232.23802 1369.7041 436.8276 771.36975 0.006096346
402.71292 1056.187 587.97406 282.91025 0.0060578063
383.84232 980.18976 479.36243 911.6646 0.006051158
530.7046 1191.8914 563.39606 1181.5752 0.006048775
470.18405 2097.053 180.1207 218.8546 0.0060479236
289.34567 1073.5576 568.6246 547.7522 0.006045161
178.51727 1847.5603 344.0856 1078.0033 0.0060446165
463.0854 1934.2233 127.67606 103.43886 0.0060444307
749.04144 1155.5312 228.36052 548.0491 0.006036783
403.7767 168.35493 362.8114 322.3873 0.0060219374
393.61823 1040.19 682.09814 301.27646 0.0060192323
607.83997 1390.2133 183.8991 336.6175 0.006014726
398.32648 736.5572 409.5735 547.49243 0.006013421
155.5736 723.2193 301.32617 1424.6377 0.005986487
424.26257 1011.88806 818.8592 866.6536 0.005984025
635.2887 1812.538 489.93567 707.2476 0.0059822774
512.0777 1311.9459 447.81473 1581.0107 0.00597602
702.6256 1188.0231 336.14532 1149.4344 0.005963329
184.73804 2245.1826 175.28981 173.66374 0.0059527564
506.98236 840.6195 415.5525 1050.8285 0.005919565
550.13995 702.7497 235.81398 337.60355 0.005899175
485.8838 1180.1323 372.31003 1415.1895 0.005897708
657.426 1693.066 377.7998 620.1023 0.005886516
331.31354 598.4701 269.04288 355.89233 0.0058816876
681.4172 2151.9468 429.58713 546.7049 0.0058682086
620.785 891.7677 210.92401 454.57343 0.0058642295
596.82574 1425.2399 282.04355 852.22705 0.0058596996
325.53357 536.5917 227.47682 282.00854 0.0058532893
730.89453 1163.845 268.32596 834.38727 0.005844719
289.03778 1276.3656 480.80624 585.2363 0.005844553
370.38208 472.4525 274.3336 436.24893 0.0058396175
604.7808 331.46463 425.19208 657.9405 0.00583589
527.1768 2119.5945 346.26233 308.78134 0.0058339066
252.06697 1162.1501 448.94785 433.09445 0.005830597
347.54587 2042.0182 221.46114 256.25073 0.0058277426
681.7077 916.2214 321.46725 704.02 0.0058275876
334.2329 1279.907 419.13852 790.5554 0.0058120578
441.97052 2066.9585 420.29993 333.17712 0.005808939
583.3257 1238.4813 595.4687 1824.0897 0.005795678
308.98303 628.14453 436.8807 580.88794 0.0057830857
387.87042 356.70807 238.54408 362.14322 0.0057825516
431.23822 1200.7295 835.5242 869.98065 0.0057733725
335.09427 2148.7507 167.67207 201.12984 0.0057552923
172.38376 2059.4639 333.33606 686.6728 0.00575329
205.60077 1793.6677 144.00626 189.63576 0.0057402556
437.90347 1045.005 845.54926 2035.3763 0.005728954
642.8607 1404.7097 440.96408 1176.0563 0.0057205427
755.571 1406.6055 269.63315 1350.1401 0.0057087
456.5245 1715.4094 755.9939 659.618 0.0057020183
750.7286 994.96436 223.06425 526.2068 0.005699583
495.83865 1258.8553 389.46893 610.32104 0.005687565
623.8561 799.9269 349.8838 492.62677 0.0056697605
604.04816 1132.8198 307.24872 982.39594 0.005662552
678.0376 758.5815 379.411 1309.0486 0.0056469
685.0751 917.9976 316.18857 712.00604 0.005628642
603.9408 1248.247 272.10605 1328.3488 0.005622694
338.79553 1712.8253 601.5329 1068.6721 0.005611409
515.5948 785.6233 395.67975 834.0533 0.005591049
184.532 1843.7401 314.09012 277.1209 0.005564714
216.73698 1752.064 386.06494 410.80606 0.0055475673
646.4761 48.550457 302.51874 93.91392 0.00554074
273.9199 1658.156 138.39148 155.25154 0.005540296
440.94327 1486.2568 140.62534 243.19643 0.005529876
530.31354 2106.3386 208.70613 203.95741 0.0055194986
635.8207 789.08844 459.05658 1386.1305 0.005518232
417.0474 924.6231 565.1091 1028.428 0.005496592
559.5926 1924.3663 585.8129 539.3179 0.0054404153
296.23898 1086.2992 562.0061 630.24646 0.0054232487
548.44696 1308.5391 285.90616 459.4127 0.0053752363
674.9555 1602.8295 217.59569 650.44415 0.0053644436
505.26492 825.3526 328.746 465.8572 0.0053622103
370.04358 1659.2738 152.52031 196.62271 0.0053595887
447.94122 784.45605 195.85834 226.7494 0.005332921
446.0951 747.10535 374.7576 852.0704 0.005326894
642.66425 567.6816 400.74478 1076.9258 0.0053218813
678.46533 248.15031 256.16245 319.08102 0.0053116963
418.56757 983.204 789.3419 919.36896 0.00530276
589.448 1067.9347 220.92194 308.97366 0.005247051
274.8493 2203.548 190.34502 218.81407 0.005243824
798.98724 1596.2719 184.8519 970.8007 0.005228943
764.92255 1525.5051 177.69186 302.82483 0.005225727
775.5953 1006.70636 142.26352 255.39606 0.005206981
481.84747 2125.9502 438.2412 413.73495 0.0051991157
524.8979 2095.7896 365.6719 333.6188 0.0051990245
483.46432 1066.0106 403.80264 546.5751 0.0051821214
204.10321 2229.3794 373.14648 358.18945 0.0051770816
861.23584 472.58817 112.57348 949.95135 0.00517295
644.4593 1229.9843 269.3599 738.2748 0.005148005
184.95308 2119.3643 338.50977 319.3712 0.0051422594
362.55225 1650.5876 332.25635 321.48572 0.005110729
626.6567 1235.7771 481.4159 1682.4392 0.0050997
449.9271 325.90277 173.94727 295.92703 0.005095818
454.00372 2051.0818 164.16162 184.86636 0.005088916
538.0592 52.090584 181.04036 100.509964 0.0050840755
499.026 123.24145 170.99673 164.10559 0.0050766496
781.2647 1481.4801 198.6842 850.085 0.005058623
651.53735 983.8878 392.74976 641.55786 0.005053298
267.9723 2149.0505 166.57513 166.80386 0.005048402
519.27844 1019.9959 402.88492 738.9081 0.005047279
677.1766 1149.827 439.763 2238.815 0.0050425758
180.35228 504.82907 353.14944 779.70306 0.00503995
541.5864 1949.3754 327.26172 653.3542 0.005035817
547.80853 836.0961 229.4543 465.6811 0.0050315903
692.3552 1784.361 124.29537 258.52866 0.0050242953
501.17004 2144.856 165.97577 183.37624 0.005016057
112.170044 2289.04 211.77367 245.4513 0.0050142105
429.6981 1124.1003 367.08713 1048.5547 0.0050132354
519.6209 1126.6647 275.03046 366.8821 0.0050072116
539.9181 1159.338 254.86671 316.86273 0.004999826
352.95395 1216.0297 667.27997 713.1331 0.0049700537
409.41437 404.1124 273.3425 499.73325 0.004965564
412.03558 1106.6265 505.41602 398.48395 0.004965286
487.6196 1814.2402 193.87785 283.3802 0.004948648
192.56213 923.8071 331.51532 257.74744 0.0049197017
523.6773 1134.7312 270.76508 340.17953 0.004918287
566.66895 791.00806 157.60724 239.35533 0.0048960946
765.1554 1165.2367 222.63478 782.4569 0.0048884153
693.3899 809.38904 291.96964 774.08014 0.004880387
604.8118 874.5324 261.10074 604.4411 0.004879262
417.95407 973.86115 815.5773 577.1173 0.0048734606
485.1182 933.01697 459.89526 649.1517 0.0048595658
446.34457 274.36215 199.48232 258.2024 0.0048544426
345.39655 981.9 404.68546 372.7979 0.004840744
742.626 1493.4039 305.12344 1182.7549 0.0048247874
46.037556 162.75694 89.061554 314.062 0.0048114555
544.8469 1800.602 504.61252 490.22635 0.0047972724
602.5585 906.64154 143.5248 199.44376 0.004796091
455.93378 1203.447 170.56439 213.31644 0.0047930926
572.88916 786.66614 261.1766 467.47488 0.004758611
262.76193 761.15125 513.07184 1522.3468 0.0047517624
785.9411 1131.2917 177.02837 373.91806 0.0047487165
676.3855 989.03955 354.4484 639.3468 0.004740455
221.87457 974.00995 422.3018 1669.988 0.0047346093
617.215 1170.6609 291.86133 525.086 0.004734059
117.17553 659.8398 206.54448 266.8587 0.004717093
137.99771 354.71033 107.171745 92.933914 0.004715938
691.9827 1806.1095 380.0277 589.44 0.0047143493
582.3129 1961.4307 140.37617 151.76021 0.0046988204
737.6337 1206.7871 250.62346 489.91147 0.004697652
474.889 1120.9446 290.29578 343.8551 0.0046947324
521.6713 1686.731 159.43983 237.07285 0.0046925046
604.0537 1370.8427 537.9727 1852.1335 0.004691122
456.42557 1848.0826 187.67836 166.6269 0.004658569
647.09106 1907.2908 460.9128 839.0605 0.004656818
234.63394 958.79926 251.69864 203.83325 0.004641619
534.4842 932.3255 316.62454 389.57956 0.0046295025
634.3778 969.34393 430.15955 843.6707 0.004629092
637.46826 876.8246 162.43477 354.06888 0.004580519
328.6772 2058.505 411.53986 416.8516 0.004573428
167.34929 1615.4 297.54135 534.4468 0.0045733303
131.07759 566.5433 250.92343 844.5544 0.0045660185
413.4303 1062.1042 467.85608 275.73914 0.004548227
453.8977 832.3283 261.21796 253.92459 0.0045459457
731.1257 1085.4382 315.58594 1983.5579 0.004532354
446.6979 2017.1531 258.09277 265.54886 0.004510152
215.34207 1591.1016 303.00024 845.0665 0.0044889795
548.0017 894.64746 239.58238 443.78766 0.0044780755
480.06638 1036.5544 319.0786 297.0799 0.0044772807
126.16281 2002.051 238.10878 500.50443 0.0044619553
437.80045 792.8484 259.0659 406.88965 0.0044251923
712.2854 1890.0436 342.7943 388.21527 0.004412178
624.46606 2091.1567 514.9088 412.30814 0.004399967
473.47418 197.33983 145.80644 141.2854 0.0043768953
693.1238 1048.4318 153.32256 219.98544 0.0043759146
770.01025 1278.7776 162.32747 286.22797 0.0043501053
663.50574 2064.0615 449.13416 367.95355 0.0043347627
449.83643 2312.359 880.40375 260.9353 0.0043346044
416.12106 1110.5258 474.19586 351.6553 0.0043160277
291.8028 279.60217 542.26166 564.9154 0.0042799497
501.29385 1122.3911 325.1385 1013.5297 0.0042690677
362.03842 1999.0824 292.91284 367.07562 0.0042651594
195.1498 808.9206 344.04303 408.9829 0.0042410935
623.69214 1237.008 447.45807 1326.0171 0.0042307777
312.61923 2112.2905 136.2425 172.22197 0.0042133406
665.4623 1355.8274 246.07411 560.36835 0.0041972045
647.6413 855.41235 369.30365 640.46265 0.0041967263
204.74535 1562.9584 382.38287 1670.491 0.0041933083
554.8018 266.47702 498.3507 531.6873 0.0041824486
465.92297 1009.5662 342.06088 958.82776 0.004171191
420.51773 2059.4897 110.80616 152.87964 0.004156538
698.792 2018.0217 365.28024 268.58893 0.004149811
676.17035 1378.4921 154.92058 286.1583 0.0041450723
456.61414 1122.6653 356.0067 1323.6079 0.0041437205
498.38843 1421.1641 390.55298 452.31876 0.00412706
660.9244 1803.58 184.15807 320.02542 0.004118692
757.2309 1596.6404 248.71304 843.92365 0.0041053514
424.5614 1188.7518 486.6875 452.01962 0.0041016294
532.32135 902.2805 420.81766 1429.806 0.00408933
242.70833 1500.3196 360.7318 358.21887 0.004079455
574.54004 1068.391 467.33917 846.64813 0.004078103
598.0953 1134.6447 584.0798 2026.683 0.004070132
769.61633 1431.8228 254.30109 1352.5713 0.0040687076
387.83963 1200.7999 561.7017 462.99442 0.004051233
212.0307 1253.8871 400.7147 1181.713 0.0040432224
329.389 1599.2069 118.42064 179.79768 0.0040368834
495.1307 966.56726 536.85486 656.18274 0.0040363097
306.33395 1274.4281 443.23315 1297.203 0.0040248744
798.4346 1385.6627 173.3341 1328.4637 0.00402338
383.98428 1053.7264 580.0632 371.5289 0.0040206313
147.36766 2140.636 260.37787 361.46436 0.00401706
759.24 1703.43 261.42813 744.88434 0.0040121656
679.4219 1598.0143 246.10703 548.504 0.0039794226
294.23367 1796.5369 113.40805 163.91713 0.003974997
508.72772 877.75726 580.66797 1376.813 0.0039416123
145.36797 1131.0507 272.06195 419.00272 0.0039304104
718.89374 1085.2152 316.75342 1976.7175 0.0039146785
514.20435 1082.0118 330.93585 927.5676 0.003908516
340.30737 629.58417 503.43948 903.344 0.0038934834
222.38855 651.2717 321.71048 378.99326 0.003889622
621.6432 1182.388 549.2018 2277.9448 0.0038876645
782.54407 1135.4075 184.87874 451.92792 0.0038837644
332.66467 2117.51 508.5433 615.2446 0.0038740232
263.1492 335.11975 480.15518 610.7044 0.0038723198
409.04596 818.09467 311.5982 388.6928 0.003871327
355.3105 1146.3507 631.91064 416.3213 0.0038251176
670.37695 1248.7384 373.16217 1657.6184 0.0038037586
653.4595 1482.2538 442.52957 1677.9976 0.0038012734
318.18976 387.32062 239.04362 281.6451 0.0037996557
627.4587 299.76373 166.93295 200.11426 0.0037938084
319.44144 704.5753 170.03012 194.7588 0.003721014
383.07156 1271.8893 612.7123 1654.8207 0.0037130057
358.70444 1942.5973 695.16034 573.90076 0.0037107277
603.9638 1132.6052 158.5946 270.67374 0.003690815
774.23676 1849.3702 177.78899 179.67867 0.0036797114
357.7502 1856.6912 606.4925 1086.9761 0.003678603
191.4916 427.5799 381.41373 844.21747 0.0036717155
786.64197 1131.2399 188.816 659.84204 0.0036699348
421.40616 761.3843 266.6017 442.30972 0.0036640759
813.89594 1694.3228 156.28645 745.8934 0.003652551
777.51154 1886.9291 219.22885 707.2313 0.0036462522
320.57135 1400.5582 368.35126 1175.8478 0.0036403704
733.6219 2009.6006 100.789894 139.37515 0.0036239505
469.14923 838.2896 161.28311 165.84001 0.0036138182
537.7571 2152.2832 156.02316 169.82945 0.0036042898
99.00214 2095.3472 176.93013 285.66855 0.0035946902
615.2635 997.6607 209.49428 533.5718 0.0035915847
282.07288 343.34955 505.64655 651.4217 0.0035908408
84.884926 1948.3834 155.0877 349.47946 0.0035897968
769.37024 1532.0155 262.0904 1735.6562 0.0035792275
700.29895 2309.7507 343.22864 261.32346 0.0035646746
281.6103 359.15656 154.15186 242.41379 0.0035588038
379.54843 1641.7684 256.78812 348.83295 0.0035551433
739.0714 1689.9415 147.44658 178.56122 0.003554758
242.6082 1405.0872 341.16467 398.95352 0.003552992
108.02425 75.354675 206.4366 144.57686 0.0035328162
115.99102 65.811165 127.6296 111.97966 0.0035156822
321.25323 2280.9321 141.2966 137.71382 0.003507048
676.113 2071.6128 436.99762 490.48734 0.0035053652
356.50824 728.59436 657.44763 563.0818 0.0034910035
393.72382 75.8594 759.34393 149.69098 0.0034616266
756.88196 966.2585 266.90298 1935.6978 0.0034601353
251.42944 2235.4644 272.03702 158.39175 0.0034455978
835.6712 1385.8534 149.38725 1284.7294 0.0034377738
387.0969 1760.6361 206.46715 224.62288 0.0034281504
745.36945 1053.4137 274.92892 2045.3472 0.0034134453
705.2495 733.9773 228.82724 340.84048 0.003409793
414.3966 1637.5198 154.61162 212.44879 0.003400928
735.56903 1244.4156 202.82057 301.08902 0.0033672445
672.9209 2259.3645 439.04007 363.30145 0.0033640247
447.2459 1051.4934 466.92383 1317.3938 0.0033414839
807.9381 840.2896 74.04848 124.77626 0.0033389581
726.63153 2011.3193 290.49252 557.30914 0.0033357386
751.5756 2364.4653 316.1384 157.629 0.0033177447
157.40039 320.52795 281.3616 358.8538 0.0033137454
749.8106 2303.6907 282.26157 273.5032 0.0033034456
88.139946 664.8114 165.57512 1057.8359 0.003298267
165.37044 411.94824 136.46991 152.1243 0.003284734
183.74117 549.0496 145.46655 200.42027 0.0032797095
588.4678 1159.2063 169.92624 237.77962 0.0032781695
659.4173 1705.9222 159.6576 244.32513 0.0032662568
864.71136 337.8564 111.67122 680.9711 0.0032449006
777.8143 1578.4664 170.9992 258.25775 0.0032346887
401.71628 51.70801 782.2271 101.58173 0.0032236318
113.24733 265.24445 56.411304 66.66883 0.00321186
216.46924 64.340385 155.45627 115.93496 0.003208764
841.42957 2004.063 144.04768 236.13045 0.0032062286
801.5036 2367.7637 222.17258 153.23215 0.0031910269
659.121 933.54285 188.34576 346.67557 0.003184961
436.3037 2385.201 862.77185 114.352776 0.003175865
292.3785 2300.7314 274.9395 211.79984 0.003161672
140.91966 796.1096 258.3186 752.35474 0.0031210734
401.4691 1261.1317 331.7386 1291.042 0.003119267
609.9564 948.95233 244.95854 292.8253 0.0031111967
805.12805 1029.7024 190.58026 2113.0276 0.003108828
132.12648 1039.2251 238.75835 347.78296 0.0031059757
793.94385 1572.0297 153.25154 347.83008 0.0030805392
790.31805 1710.8021 180.71634 339.8699 0.0030773734
99.21648 1445.794 180.99362 380.2302 0.0030445752
112.27516 289.32462 158.55258 224.09428 0.0030423529
716.6204 202.17517 204.4274 333.78415 0.0030255227
845.5692 2167.0588 144.46039 547.6895 0.003017872
801.40753 2334.3198 205.59218 209.42458 0.0029954307
907.1168 1054.9796 85.713165 263.6537 0.0029696967
668.4489 2159.9348 178.06467 535.80493 0.002965213
744.6438 2322.4106 207.10434 222.93892 0.0029608684
820.9452 2375.458 192.30179 131.40346 0.0029525089
225.65991 1379.272 388.2025 500.15323 0.002944947
816.4256 2341.8818 200.75833 202.39209 0.0029236095
519.70795 2205.2175 339.79913 412.3612 0.0029110084
603.0441 1928.3022 318.36517 838.4373 0.0029063688
227.50674 2170.4604 179.909 105.77786 0.0028997394
715.03595 2292.0996 235.51111 287.5459 0.0028974183
365.478 1560.1531 670.3356 1197.7633 0.0028973701
665.5752 1405.5083 293.62128 755.58325 0.0028613135
253.60524 790.2481 527.46014 1571.3718 0.0028557272
635.00793 2352.8162 166.72305 170.0092 0.0028554872
496.7361 140.55214 123.11826 196.7788 0.00284935
437.16556 2400.7366 859.4353 81.95012 0.002846582
693.22064 2120.0193 181.29779 201.75197 0.0028440128
777.95416 2303.0588 214.48547 273.19623 0.0028431083
782.0762 2396.9443 201.37852 86.360405 0.0028382756
796.532 1618.5509 147.78731 271.87076 0.0028118573
43.95537 2194.627 79.406136 433.5621 0.0028026362
724.98956 2360.0244 284.86685 157.54701 0.0028022418
544.4946 1100.3307 555.90155 894.7892 0.0027973147
598.3928 1739.5212 129.43379 140.75887 0.0027884394
758.1043 1578.5781 246.94254 991.53406 0.0027804384
447.22366 1212.0343 882.2707 2398.7925 0.0027721834
310.87402 1352.0966 337.22192 816.7956 0.0027580603
341.36783 2117.4858 406.40817 613.0726 0.0027576485
409.0067 42.291298 807.7405 85.43143 0.002754274
320.37097 674.65094 157.0084 179.28246 0.0027472104
866.04034 37.73522 110.418 73.64971 0.0027328518
348.62097 36.476486 602.42725 72.09289 0.0027296308
296.96933 15.314367 533.1072 30.7829 0.0027257304
323.0559 2291.5684 264.53418 237.2336 0.0027198764
414.36603 1131.7657 171.87503 196.4973 0.002719212
742.31335 2008.884 112.147934 131.1207 0.002701749
165.15985 540.5469 228.04034 545.912 0.0027014383
688.48035 1425.8728 151.67387 294.70035 0.0026978243
263.32898 1006.8357 379.33582 528.06775 0.0026878244
595.6925 2363.981 241.31636 159.12305 0.002680407
595.00934 1133.0529 285.75928 569.8902 0.0026580722
810.151 2292.6274 185.64775 428.9388 0.0026252288
386.51517 1109.0215 650.05383 363.98187 0.0026140572
248.80182 2347.4343 377.29028 187.37239 0.0025936053
714.70636 361.17725 375.73108 730.3565 0.0025794832
798.5236 1528.1078 220.81198 1748.7999 0.0025728813
62.752678 2351.8616 108.312256 135.82834 0.002570829
120.48995 314.8908 142.06105 168.44626 0.0025294747
304.88712 1384.5444 365.9624 1177.1161 0.0025262272
883.0277 1465.5798 75.1974 845.2158 0.0025217733
637.1184 2260.057 160.65053 278.33575 0.0025156394
341.32562 309.7471 408.64877 570.13306 0.0025106752
864.6576 217.95714 107.83778 402.06552 0.00250295
131.58524 2366.348 246.07816 127.68311 0.002493711
504.6045 1177.5549 327.89484 1046.3038 0.0024841276
838.1012 1283.6754 145.65108 1584.3643 0.0024835558
563.9452 1093.5724 241.68529 294.03 0.0024809665
430.30978 2385.9282 714.23505 110.87892 0.0024793586
610.7382 2377.5361 138.62274 140.15001 0.002475749
602.1742 2356.2349 487.4585 172.47928 0.0024755923
394.55508 2244.7012 556.0513 331.01584 0.002468691
458.45453 1174.6014 319.05627 815.5132 0.0024385252
870.20905 1576.369 97.71665 961.6619 0.0024306343
248.37993 1368.7489 370.91742 391.81622 0.002417726
752.4342 2410.91 288.8681 66.04785 0.0024104328
729.3818 2156.5754 155.40839 178.08353 0.002392804
835.70856 1744.063 94.94149 270.49582 0.0023774009
731.69934 2241.7744 189.08997 259.2052 0.0023584263
406.04633 1158.1317 788.0895 820.2109 0.0023556568
298.633 2382.6199 609.46594 120.86147 0.0023450258
723.03125 1034.5546 317.24362 2074.0867 0.0023408218
808.90424 2383.5938 188.21329 108.026794 0.0023402392
391.00476 1337.0472 642.1525 636.1782 0.0023345838
302.3579 2413.6892 508.4279 56.62477 0.0023325612
323.12115 2315.6328 215.87123 181.07594 0.0023141692
852.4517 2355.1619 114.40149 171.52008 0.0023084008
303.95935 2402.7505 600.8083 78.32014 0.0023054094
709.2399 37.289753 260.83234 74.267204 0.002304896
372.1384 2382.0728 722.61676 122.23678 0.0023033076
678.36304 2392.1997 232.56061 100.348755 0.0023014392
69.074455 2378.67 138.1078 98.9461 0.0022896195
404.43726 2265.1846 580.0903 310.02014 0.0022879448
524.1738 2409.3281 286.2997 69.78241 0.0022862463
792.738 1176.9097 182.67947 404.1524 0.0022812563
824.8008 1514.8148 140.18668 1118.5332 0.0022694664
881.95483 2186.8376 74.82013 509.45856 0.0022443752
647.90924 2159.2644 515.7434 535.84576 0.0022405377
446.45166 1210.2717 874.0655 2384.3047 0.002240074
136.5554 308.49652 121.665146 162.29501 0.0022318603
585.08923 582.33093 513.9191 1165.8252 0.00223118
818.68634 2325.067 191.11015 233.56288 0.0022235308
547.19904 1963.5469 138.6715 187.00919 0.0022182094
869.05255 772.0362 111.530685 413.1392 0.0022149181
850.4888 2338.0232 112.32562 208.15166 0.0022042969
797.86646 2423.0635 245.21175 46.022957 0.0021787353
641.69916 2023.0133 508.99283 821.57947 0.0021748026
770.6731 2394.0762 242.00067 94.20397 0.002171872
866.22437 1335.3226 105.193535 1472.7698 0.0021682614
102.106636 35.269947 202.72212 68.756805 0.0021658435
88.71297 2394.2927 171.05342 77.31724 0.002161854
726.1964 283.62262 140.99562 283.64236 0.0021608204
145.12744 2383.701 239.80731 110.06026 0.0021607606
809.2205 2376.0051 175.56345 126.80749 0.0021408063
774.0701 1320.5363 208.07712 1504.307 0.002138542
462.9096 2308.8271 160.54309 199.38503 0.0021369897
715.54663 178.94579 253.48346 350.03195 0.0021342451
255.75963 2411.6414 195.75586 57.54731 0.0021341974
821.2694 2300.4688 155.91798 237.32773 0.002118654
878.1157 2286.544 70.73976 313.18314 0.0021143358
679.86597 41.835777 246.41042 78.54629 0.002097473
864.36346 1524.9663 119.48868 333.22598 0.0020893735
119.30081 2378.0715 218.69186 118.5237 0.0020875153
887.71704 853.2047 60.179054 249.05122 0.0020838808
331.27405 1376.3424 296.1855 823.08606 0.0020803646
315.34506 2393.2104 631.89465 103.46027 0.0020415618
233.15746 2379.1267 454.70428 125.04561 0.0020306616
863.07605 1634.6064 106.89408 922.8193 0.0020288157
541.14215 2339.6243 140.19548 159.99406 0.002028246
108.20541 2399.4663 191.36052 77.78107 0.0020241328
605.74854 1268.4857 386.78827 1584.8612 0.002023136
433.2346 2336.449 135.85417 149.64552 0.0020224631
424.07825 2354.6343 235.4322 171.4916 0.0020188564
880.3 1348.6017 89.60888 408.98956 0.002013908
888.4094 1870.6921 67.57168 898.6446 0.0020113324
894.1466 1407.1881 61.05723 549.57336 0.0020019372
333.89722 2361.7288 127.0888 138.7021 0.0020011389
526.6057 2341.6848 123.54382 176.13086 0.0020005354
427.2548 28.536707 715.90137 58.221916 0.0019957942
642.31036 1322.1201 394.55374 1948.1779 0.0019917844
838.35016 2375.8635 128.49393 127.48194 0.0019811164
882.82935 2169.1628 70.15392 547.2561 0.0019764898
556.9096 2372.666 271.25723 142.2137 0.0019764446
843.4579 1731.0128 150.15112 417.9025 0.001965507
616.8258 1604.9333 380.87595 914.7683 0.001964567
247.32118 2414.6 258.78168 52.004307 0.001956583
398.2316 2401.689 347.8844 78.14571 0.0019559443
171.2286 2384.9521 329.74783 105.36037 0.0019530738
494.07928 2426.766 659.1095 36.39061 0.0019506355
475.44446 2367.9912 169.04282 131.83435 0.0019470545
817.30664 2175.4456 157.63785 291.85184 0.0019466773
444.10806 7.6900463 789.95703 16.005518 0.001934842
433.20026 2399.0547 155.43344 82.92398 0.0019337265
799.68665 2361.7998 191.17221 154.28131 0.0019231947
514.20294 2401.5933 350.2954 81.63652 0.001921035
844.3889 1393.2614 124.63736 1361.8762 0.0019037955
878.0444 811.3633 97.58277 563.49585 0.001902446
823.08154 2421.9463 186.98941 81.21295 0.0018978601
401.73215 2377.259 153.11255 131.15924 0.0018956331
746.0785 2142.7693 255.65477 575.12115 0.0018947059
852.9677 1159.7141 139.21599 593.5303 0.0018865715
410.41785 2416.763 351.49918 52.903698 0.0018799369
824.5502 2125.9783 164.88658 142.10428 0.0018641842
863.91736 1101.3518 118.45058 1615.9532 0.001862603
498.62213 2408.4094 225.50949 69.04576 0.0018619454
890.555 660.2805 62.22171 354.11804 0.0018587755
323.99762 2378.255 145.64796 129.65912 0.0018453029
882.703 1272.644 88.16757 645.4265 0.0018363843
565.34863 2410.2314 300.6906 75.23008 0.0018292415
879.0646 1653.5074 80.776436 475.44296 0.0018156101
759.87195 242.13747 164.80667 444.16995 0.0018109143
882.1714 2286.6013 65.19127 312.01898 0.001793769
209.93756 1198.694 431.25656 2280.3274 0.0017841596
579.55817 2416.3367 168.86319 56.338398 0.0017782281
815.3901 2397.379 176.22981 87.25862 0.001772491
413.08078 2429.2715 427.42004 29.76381 0.0017581384
608.35 1669.282 118.73649 164.49533 0.0017453249
825.4356 2400.0483 138.12796 143.2009 0.0017377356
713.58954 64.5778 398.29205 122.27752 0.0017336525
366.2319 2438.1362 294.38193 19.981188 0.0017253853
815.87 2410.5652 154.6385 152.23161 0.001713195
870.2306 2125.6687 118.33509 208.05447 0.0017129136
895.8749 1597.7704 53.845573 339.79422 0.0017127107
416.84775 2406.706 266.5425 76.703026 0.0017106484
552.4313 2417.2158 225.90663 53.85328 0.0017033247
115.43471 10.152772 230.47736 19.212526 0.001696529
143.981 13.247389 298.79483 25.456732 0.0016854448
801.20667 217.44127 219.4713 450.35336 0.0016831678
359.17596 984.20087 375.09586 710.6779 0.0016831291
473.86624 2256.2961 620.46326 348.91687 0.0016809962
577.5019 2424.236 336.48505 41.695652 0.0016773288
887.41113 2266.4412 56.579395 352.78955 0.0016718752
452.01373 1218.0442 876.3375 2369.8481 0.0016716437
541.1346 2420.5427 169.49998 50.81015 0.0016548352
881.06476 1716.0413 86.12768 324.2784 0.0016520512
884.06256 1985.0432 67.296745 172.48085 0.0016442577
200.05344 1303.1146 288.11826 1721.5627 0.0016441991
479.81473 150.93938 190.01845 252.57388 0.0016118139
745.83997 169.2382 184.74371 329.44418 0.0016074093
324.23615 2432.5413 111.48059 68.39384 0.0016000781
885.8749 1127.1813 71.35502 1714.6626 0.0015997528
849.03467 2215.4058 124.831116 309.7607 0.0015785468
796.6639 2408.8474 206.0469 78.06283 0.0015776993
713.295 16.044418 212.88295 37.186443 0.001577046
815.923 2409.448 170.4812 71.57127 0.0015746707
499.6303 919.9652 343.70792 809.60315 0.0015721561
690.2468 2045.5935 416.52106 778.9277 0.0015681068
887.2927 2393.8413 57.6178 103.195076 0.0015531871
898.4136 237.49399 52.593975 475.75787 0.0015249404
312.5414 1145.6163 538.63715 2149.4158 0.0015240925
885.71277 2379.681 60.344566 126.78708 0.0015239887
144.13168 492.6851 111.4188 169.99089 0.0015109523
472.27792 2427.7825 212.01077 37.7693 0.0014928493
261.62158 1739.013 259.84412 894.4719 0.0014891635
340.65704 599.849 632.3884 1074.7158 0.0014879012
807.7666 2406.3655 172.44377 77.941765 0.0014811603
265.9758 1361.4731 531.8795 1495.7052 0.0014774898
894.5958 2367.9639 41.75057 156.1887 0.0014741676
876.3301 2406.2346 65.45078 103.45171 0.0014695934
798.32117 2443.843 548.5708 24.029085 0.0014374158
879.82324 2365.0642 75.08233 162.3009 0.0014249064
884.84094 2315.561 80.60704 249.8334 0.001408943
811.2173 1918.9454 108.411705 135.55598 0.0013999216
564.27277 2435.7905 180.49675 22.301687 0.001398465
898.1106 2123.4639 44.745827 375.15332 0.0013696736
686.4724 2428.3687 675.12274 37.725845 0.0013464604
527.9442 999.86646 321.7483 735.37726 0.0013403095
901.3839 2415.121 52.901188 62.463078 0.0013193438
869.6627 2429.6648 70.13478 87.90636 0.0013021654
276.9673 1417.2441 311.1625 1118.9496 0.0012988218
786.1442 1750.4138 272.31143 1439.8436 0.001283575
291.24863 2420.5352 358.63892 59.327866 0.0012799382
695.34235 1574.1122 343.45526 853.9152 0.0012752982
807.67285 1692.1031 282.554 964.6293 0.0012597247
281.99966 1166.6135 461.49097 964.84045 0.0012536471
910.5256 897.1789 23.092743 365.26297 0.001248166
735.22107 1947.6345 253.82355 239.5846 0.0012478485
396.91843 56.437195 824.3599 108.19963 0.0012455526
464.09888 2012.735 545.1081 284.0436 0.0012273373
337.53052 1346.3464 318.86237 963.58765 0.0012249851
797.0823 1423.237 208.75938 1636.9104 0.0012075624
831.9984 1969.7045 133.23077 235.3899 0.0011925527
364.1607 664.3602 794.5703 1309.1415 0.0011834726
428.4327 2046.0333 436.79816 517.0026 0.0011720737
568.9887 2038.8438 104.307724 313.16943 0.0011002608
717.8192 1278.817 296.4548 773.6289 0.0010942703
905.57263 2381.3193 26.820942 124.31461 0.001093544
726.6627 1986.5459 117.57408 188.25452 0.0010788944
898.5829 2416.2678 41.584557 60.40087 0.0010757918
914.19977 1238.5022 16.092154 494.50296 0.0010709724
390.4837 992.6005 463.77213 678.1698 0.0010673541
427.891 1228.031 647.13367 710.61847 0.001048774
775.22876 1901.2893 230.11275 382.97122 0.001042898
291.15726 947.85504 459.72253 521.4105 0.0010142559
505.86725 2445.7612 860.5983 5.304354 0.0009957193
691.7045 1326.9417 384.97305 1549.5636 0.0009496988
277.08096 311.37213 569.514 687.3987 0.0009411012
367.8125 1029.8597 548.17267 576.8586 0.0009247181
555.6089 1061.4652 391.09824 2030.7985 0.0009083209
473.54858 1724.4425 156.88692 589.06714 0.00088199513
727.6082 963.74207 270.30365 806.0987 0.0008711843
598.4775 1509.0997 526.1013 878.84656 0.0008601106
226.7839 1187.7969 266.4206 1450.6796 0.0008495143
676.08014 1206.8439 293.36905 2265.5479 0.0007870339
321.84454 765.7783 602.2628 796.5417 0.000781839
717.9616 1574.5664 342.97372 1303.735 0.0007752462
367.13977 1273.9496 380.8458 1086.7657 0.0007524026
908.18494 2361.1794 65.080025 132.48097 0.0007479567
706.2874 1444.1532 212.40529 1224.6954 0.0007400026
666.5016 1815.0647 394.26025 973.27905 0.00073399063
845.5965 227.11534 182.34105 489.04065 0.0007328039
783.7471 2441.7024 417.39584 17.27853 0.0006772291
895.7081 2403.3167 106.74346 79.390175 0.00064052816
454.03485 26.863075 869.0249 53.877583 0.0006166427
686.465 2056.325 495.52594 585.07764 0.00060665305
582.15356 1020.8858 440.21353 882.4424 0.00059825525
322.90375 1086.926 511.43527 805.00684 0.0005971342
665.5005 1638.7524 396.82047 823.27484 0.0005961654
752.3653 2426.034 488.6958 97.16835 0.0005950888
865.3971 2008.3073 251.65533 255.26938 0.00059463776
837.5976 2105.6135 222.47939 641.26697 0.00058026396
854.9271 2208.4763 220.63516 224.91037 0.0005722997
557.1047 1354.4061 524.15405 691.5467 0.0005688296
675.2511 1582.2676 416.32156 757.886 0.00056833104
819.8896 2152.1208 293.77188 559.3946 0.0005456744
813.2938 2446.94 237.2194 4.2854996 0.00054180605
835.83276 2436.4614 230.55254 26.855158 0.0005071534
497.68 216.00005 913.6106 433.29965 0.00049392384
411.7432 205.87465 648.473 544.87244 0.00047372992
785.48737 2310.996 431.4469 257.37677 0.00046023243
836.6331 2127.983 270.28482 576.3558 0.00044669566
366.38016 388.91965 813.5639 823.77576 0.00042231174
