467.471 1000.13586 850.5974 1951.2417 0.88370323
58.35333 972.28094 90.720505 177.37471 0.08019807
505.23682 1093.4567 741.4484 1232.5825 0.06804937
512.668 993.73236 733.76953 1093.1199 0.056844465
141.73325 1355.2655 28.66818 35.109715 0.05072701
506.7841 960.7481 750.9716 1035.0023 0.048045214
497.43445 1222.6354 778.21405 1375.5338 0.047946524
519.0437 955.6473 721.5314 784.5813 0.04027935
527.8571 862.33606 718.34546 861.2578 0.03845086
514.15344 1100.2743 717.7317 958.00586 0.038442265
507.73416 873.14624 727.78156 1188.2985 0.03324916
503.44327 802.9021 744.9094 1080.2755 0.032890737
146.78284 1356.492 42.663773 42.718536 0.03283427
527.41486 1003.6309 699.3477 670.1325 0.031043833
461.3448 999.3918 861.2227 1950.903 0.029255895
477.0055 632.366 319.3986 177.26826 0.024007287
473.4103 554.3369 830.0319 1052.4974 0.020205062
490.1051 1477.45 802.31616 984.95605 0.020100245
523.4775 984.3498 711.4369 651.55975 0.01805878
623.1345 654.8746 532.44415 452.57562 0.017972596
493.13846 783.4024 775.7095 1259.2013 0.017970627
496.83014 1531.6646 785.61456 873.12164 0.017916178
503.1222 1265.9493 747.69617 863.6762 0.017562553
516.76355 976.00964 664.6748 605.2369 0.017362976
797.1795 181.03387 28.660206 31.005117 0.017170826
563.5256 973.63416 590.81494 590.39746 0.017145993
576.2312 1094.6335 589.05804 1104.9852 0.01675646
732.3606 694.1128 308.08542 251.3182 0.016597668
736.1438 623.40485 310.81177 393.7083 0.016158527
160.6523 1340.997 75.84958 83.85407 0.01599491
522.61334 1343.4209 698.2539 987.7563 0.015989501
583.10425 1013.0042 483.7363 400.46472 0.015677646
479.7867 1003.838 615.439 780.44635 0.015468309
492.71042 793.707 792.59906 745.6529 0.014929755
596.76086 1020.6385 523.0969 433.43652 0.014926816
486.64087 770.78674 238.62288 196.36336 0.014880576
410.28305 956.43823 459.82648 570.3875 0.0144318985
405.0943 722.77734 465.4891 358.62408 0.014128032
524.3462 1041.9976 691.51776 454.6751 0.013947772
514.00037 1489.481 721.989 720.44684 0.013602545
577.2721 1015.9239 579.1372 855.5735 0.01357206
586.3601 823.386 592.04395 756.4087 0.013424276
644.3594 649.0427 489.9027 439.0599 0.013184674
466.92892 705.0009 353.48547 324.19455 0.013093637
372.78882 799.08527 537.42804 508.9299 0.013035935
534.3064 1018.1112 359.21768 348.14743 0.012854488
400.91647 919.94916 488.58395 712.9698 0.012734094
604.7631 915.65094 554.5715 719.7652 0.012483391
454.5935 825.7318 862.26666 817.6622 0.012441355
532.2273 695.2472 706.50073 532.3191 0.012228287
559.633 1839.4668 34.13312 50.71122 0.012217573
597.0839 859.27216 575.66376 843.9716 0.012062573
521.93884 677.56146 707.6873 900.48065 0.011743693
140.95123 1353.2687 19.796644 27.759905 0.011663647
615.4539 906.15906 524.9171 608.8436 0.011622082
483.7951 1172.9779 582.4548 951.8016 0.011458757
507.26666 1444.2155 736.1607 629.8784 0.01129893
517.72864 1382.1157 717.1595 1033.4625 0.011272614
586.5204 1129.1422 596.9854 1350.1664 0.011180155
478.34448 687.0872 325.2237 287.1341 0.011038883
517.1665 1450.1426 719.18774 804.1153 0.011005383
469.7504 1084.8761 586.22815 1202.6443 0.010978298
522.2546 594.7888 218.38441 98.95301 0.010766564
462.23862 760.79193 698.40485 656.06635 0.010715006
495.283 1174.514 764.8892 727.0347 0.010653149
523.22595 1319.4562 688.1854 765.91534 0.010572499
398.31195 853.7926 421.35464 365.9582 0.010424268
375.73898 847.64197 536.3459 610.56055 0.010369933
579.82996 1158.7721 556.9637 694.97076 0.010352815
588.5201 773.09143 593.93604 689.84686 0.01027763
519.3349 1066.4724 697.39026 490.45255 0.010218614
640.38416 1028.9359 310.07828 317.05936 0.010130316
538.08093 1443.2693 680.29144 968.38354 0.009997488
640.6289 647.78204 497.66434 435.1088 0.00998078
637.0657 1012.70416 461.88943 410.61722 0.009887793
618.0874 1517.7203 351.32028 312.36523 0.009727938
505.6013 1173.7417 735.0758 642.92896 0.009667344
503.16135 1647.1005 769.5739 652.7972 0.009660882
734.4288 745.58887 297.73535 152.96341 0.0096454965
757.8566 624.9031 186.1434 120.3082 0.009442055
675.1534 1020.6514 376.16174 368.16122 0.0094238
799.2883 183.28798 56.774017 61.939346 0.009397148
510.88724 1150.59 702.068 663.7851 0.009328763
451.61002 756.6292 703.3973 619.64636 0.009328432
496.64627 1119.9552 688.4165 781.37805 0.009270509
609.4635 975.7848 542.45514 957.3027 0.009157024
765.7363 395.78577 125.31819 108.58212 0.00914354
74.852875 960.8678 126.15193 228.53793 0.009138755
610.3751 1191.924 556.83905 1366.4188 0.00904798
565.29895 1471.1019 610.26166 618.12463 0.00898646
186.55891 1328.3007 129.32533 114.15743 0.008984592
612.3989 1281.9922 550.4373 1242.5757 0.008894083
537.03375 890.1063 696.47217 912.01074 0.008787644
331.41144 849.2822 633.71625 619.7141 0.008765509
625.5226 883.24713 504.6542 586.7531 0.008627416
460.20807 1041.838 531.5662 422.28885 0.008602968
623.55725 820.51495 526.8357 775.24945 0.008566698
100.220146 1127.2 173.8917 500.6217 0.008539549
381.09344 1027.9529 489.13785 716.4361 0.008506049
369.96463 1053.6709 403.2892 431.88324 0.00845923
488.37714 1013.7583 283.34232 323.93512 0.0084521985
621.45886 1077.1052 535.50977 1272.2922 0.008417848
624.6826 1498.1779 507.51218 624.47546 0.008393961
304.3628 1328.287 343.51215 249.96567 0.008330758
437.33762 1036.068 495.64645 431.0898 0.008317882
570.065 1576.8773 622.2362 710.79596 0.00829132
537.4566 1416.0277 669.4383 673.5066 0.0082905395
290.75113 1037.5767 266.66983 384.49902 0.008281508
669.8229 631.1201 436.37698 398.5419 0.008273898
505.91946 1055.7601 555.50995 387.59256 0.008226658
437.8356 1093.0995 536.2138 576.64233 0.00816108
577.1182 1595.9827 606.3589 679.2056 0.008089647
315.7903 1336.8246 280.60944 210.18706 0.008017669
620.17737 1042.6351 511.67276 853.5885 0.007996977
295.46094 1081.3606 249.61415 291.848 0.007915671
598.4943 1510.2212 512.34344 456.69556 0.007897987
66.45512 1125.9495 107.46252 499.7094 0.007893567
621.48175 1014.58545 188.87984 229.57967 0.007876159
594.4921 747.2528 583.6396 641.374 0.007803666
265.72925 1086.0317 260.04773 289.99234 0.007788451
673.1723 1504.707 239.83647 275.67578 0.0077474895
370.11697 1038.5345 543.7256 992.5231 0.0076937354
613.4286 1223.3536 514.97894 799.19037 0.0076727443
477.9949 1135.9886 633.9141 604.5373 0.0076502236
279.93228 1102.7886 203.64415 221.37248 0.007649428
470.44528 1081.3059 632.6412 852.6663 0.007635725
699.09784 549.3779 194.74127 218.66898 0.007619674
464.474 792.79486 631.0534 512.07495 0.007598833
629.40027 1508.6698 449.4265 389.92877 0.0075934837
530.9382 1425.1295 667.1597 581.6934 0.0075508244
666.772 1454.2478 224.84875 182.31773 0.00753835
580.0567 1015.4517 504.70123 341.02612 0.0075302343
504.9635 1407.8688 686.5218 488.6503 0.0075060297
604.5736 820.4359 562.6981 802.70294 0.007480889
589.59485 453.2903 600.3597 841.0376 0.007426035
526.09717 821.6284 709.59644 512.5588 0.0073969057
215.86108 1309.2606 187.58412 161.6832 0.0073960694
616.0071 699.2521 536.49603 1093.8193 0.007391824
580.84845 1015.3242 200.18387 229.4498 0.0073877526
622.26855 1308.306 496.39316 898.65765 0.0073482543
497.7031 1389.0242 632.3905 456.3542 0.007342437
336.55353 1052.9716 322.19406 382.0463 0.0073097157
608.4778 567.631 378.74948 271.22018 0.0072851037
634.5868 871.3444 506.14267 885.4986 0.0072448878
506.0998 1336.0214 636.9702 749.0649 0.0072204894
283.78146 732.5965 291.05646 355.81778 0.0071875555
552.7147 874.3621 442.7665 565.7581 0.0071685594
589.2841 385.93127 600.27264 724.52563 0.0070745326
575.72723 1043.332 220.05118 237.48418 0.0070622265
627.23956 1532.648 257.488 285.28296 0.007044894
527.9215 959.43427 388.81836 588.12524 0.0070444904
396.7301 1148.5682 557.636 1001.66583 0.0070396187
240.9347 1081.5432 170.79506 234.99681 0.0070147607
580.4057 1226.1279 528.29364 680.32263 0.007010073
463.4659 1008.3912 838.5405 513.29254 0.0069645634
390.4267 1106.1403 543.29803 878.65173 0.006945887
647.80414 802.7473 474.7057 719.24774 0.0068904404
498.33432 1072.7749 605.91656 935.1979 0.006878
386.63416 962.5161 594.6791 838.0354 0.006875665
811.15454 542.39777 160.98012 239.38728 0.006862104
450.0053 890.8007 862.832 666.2432 0.006844555
608.96893 1555.168 554.84143 819.68097 0.0068002013
326.70996 1011.69415 593.3809 704.2952 0.0067994664
154.44664 949.35205 278.33786 241.0447 0.0067867357
644.04144 913.58405 142.37544 114.4354 0.006761317
256.38934 1376.8175 469.78766 1000.4702 0.0067308745
455.5302 952.2162 845.94257 617.6063 0.006719605
495.4711 1454.7289 600.2023 659.112 0.006628765
551.5197 1411.1129 536.4773 536.9319 0.0065865633
615.3515 762.9536 526.2763 276.35855 0.006584024
604.2055 1111.2388 452.57266 698.42694 0.0065814205
76.42737 1430.4783 139.76445 1111.3475 0.0065812743
605.9423 1055.3241 474.71466 954.58295 0.006578207
340.3053 1021.5567 470.05103 715.9527 0.0064934604
729.08026 1015.73883 301.5771 353.46478 0.006488128
554.4678 988.0769 392.63953 590.5983 0.0064810654
519.0853 1038.184 237.71974 232.8481 0.0064023496
459.55246 419.0497 853.18744 810.2118 0.006326556
628.9854 1001.7036 517.6466 1100.1438 0.006300682
513.98615 930.3505 316.34772 506.02063 0.006291118
698.37213 1579.608 325.0992 431.3762 0.0062819137
658.1792 1596.8031 458.0016 671.2027 0.006279146
626.855 1412.3236 501.59714 588.7062 0.0062762666
526.9064 793.12115 221.17339 226.98846 0.006253696
57.44842 970.81726 85.498 168.57759 0.006220638
353.06052 1154.2051 530.88873 1301.8782 0.0061948425
648.8725 1300.1511 346.20627 323.617 0.0061796545
424.38895 1137.6304 500.9255 457.52008 0.006169934
225.58234 1005.07916 87.36215 104.52933 0.00616068
370.06592 1161.8087 350.07843 253.69754 0.006143814
435.2208 955.34094 177.95222 228.01364 0.0061344192
616.6531 1494.2449 537.0698 892.79333 0.0061299494
583.5634 1241.7949 424.17236 710.8332 0.0061123674
381.88004 915.31616 653.2408 963.9294 0.0061047766
783.4311 370.89148 193.97566 170.15172 0.006103857
610.7967 1115.723 481.80908 608.00073 0.0061023324
502.67004 735.6738 175.91512 130.2764 0.0060816742
628.7914 1028.4559 496.09232 892.79395 0.0060392786
684.716 1126.4653 351.24844 638.1098 0.005985432
504.6304 1024.4531 336.9299 459.36017 0.005900809
368.1802 1107.7759 497.44305 531.73175 0.0058998154
779.1729 611.8068 224.45282 373.93884 0.0058826157
325.06046 1362.8713 396.454 334.74115 0.0058740973
488.4784 721.926 794.3332 595.4695 0.005854524
605.07965 1151.9893 395.67123 503.24847 0.0058314097
684.952 1438.5157 187.88629 151.76672 0.005827748
489.3076 624.3124 477.51047 376.17346 0.0058166003
476.72812 835.8125 266.6841 332.27237 0.005795373
580.85333 1487.9447 539.29694 425.97592 0.0057776384
610.18555 1464.3608 318.3374 557.5558 0.005740223
594.2068 1458.6086 179.65198 169.02878 0.0057344697
527.2366 767.04535 225.63962 207.96696 0.0057013156
612.6129 1210.0878 395.30325 555.60754 0.005689874
540.86163 1081.6096 369.75046 420.47845 0.005687274
626.9372 993.6787 525.4248 1151.9502 0.005678248
494.33517 1281.405 444.069 763.6276 0.0056772763
615.72534 1021.2017 208.11565 319.39056 0.0056724893
599.5771 659.91095 192.93332 167.26338 0.005665899
83.75337 960.91754 148.65681 248.92624 0.005651842
796.8785 283.73544 178.49146 299.35992 0.005642596
734.27844 1012.68787 209.6323 267.8165 0.00557701
171.14194 1290.4485 310.20084 831.7257 0.0055732513
522.3964 736.82806 154.61897 133.06503 0.0055652177
499.93683 1036.0662 610.6466 368.0393 0.005564059
442.43597 784.13055 279.56915 221.30557 0.0055538393
292.38327 723.33734 234.7549 260.43658 0.005552881
629.37787 1159.4169 476.799 828.2283 0.005548665
696.94556 1064.5973 199.94519 226.9539 0.0055338815
346.80774 1141.485 489.42227 615.61084 0.0055130166
501.94077 679.9623 757.54236 521.9831 0.0055018254
547.7814 1023.43866 662.83295 1515.7714 0.0054988493
290.2005 783.72125 252.25906 234.193 0.005488993
596.97736 994.90247 324.50864 234.73515 0.0054828194
270.9814 1073.2516 163.75087 172.57063 0.0054779854
201.22107 1209.5822 220.03198 341.2621 0.0054709245
598.5724 1541.7786 225.21272 321.40195 0.005470722
660.026 430.34277 425.1931 423.46136 0.0054256488
310.32846 1157.2769 410.1816 668.9843 0.005421618
228.04968 1010.12964 96.445885 120.17632 0.0054198597
574.3103 1289.0903 151.87329 183.11835 0.005383441
361.05527 1323.9711 181.13982 195.50153 0.0053804372
670.628 1557.8473 440.5374 816.5438 0.0053731618
533.4523 941.5014 325.58002 527.1471 0.005352958
751.4489 188.40778 270.2266 305.35706 0.005347127
434.8331 1130.5459 704.3047 615.051 0.0053388355
374.1853 1180.2002 507.28003 647.3059 0.005328282
81.64874 938.72156 136.73984 255.7907 0.0053261416
610.7568 1553.7179 524.7575 810.4789 0.0053208065
721.78894 1459.7012 333.70084 491.2892 0.005317194
721.182 924.33795 288.06012 210.9379 0.005305973
339.75058 1001.7876 622.5119 929.7667 0.0052990112
220.56865 852.32117 406.39426 433.37497 0.0052842577
493.92804 693.94806 786.0084 561.4082 0.005276191
93.2575 1034.801 159.86378 344.57098 0.005262295
447.11716 1137.7438 499.95175 313.35275 0.0052586794
75.30312 1240.6199 125.54634 748.0755 0.0052402634
634.4594 977.2516 503.76962 1058.3246 0.005239468
374.69388 935.95874 419.63754 517.6668 0.005202984
221.81071 1206.2374 255.66603 372.37012 0.0051973523
683.239 1581.8749 404.70953 712.934 0.005189314
513.845 1496.6957 206.29903 230.3209 0.005186285
717.6298 797.39996 349.75488 735.77545 0.0051708547
570.7197 1128.8383 361.62985 366.2939 0.0051701465
121.8392 1152.4933 214.20203 561.86475 0.0051607857
545.33606 1269.565 199.2485 224.60634 0.005160159
723.7068 880.06616 330.76624 611.6762 0.0051396964
226.68248 809.1238 419.35104 521.54254 0.0051259026
444.21912 1177.0258 198.38908 184.24939 0.0051252022
446.70602 1231.5698 444.27756 609.8603 0.0051203417
328.43118 1352.35 433.87558 512.8392 0.0051066647
79.08082 1128.591 134.18896 539.2241 0.0051034703
366.14673 1195.0135 427.65536 457.81625 0.005098471
275.93655 972.799 182.95244 238.96413 0.0050652944
571.74493 427.78076 637.4678 809.1352 0.00506123
666.0674 1045.8074 268.45676 434.52985 0.005036658
428.62143 1156.7699 290.41718 255.42203 0.0050280127
443.194 1184.3173 268.9822 224.61916 0.005020459
489.1758 1083.0958 300.2149 529.2466 0.005014981
625.60333 1248.2352 382.12192 823.913 0.0050037517
574.884 1094.6852 321.4062 456.16275 0.004995257
456.1849 1039.3143 168.33827 203.25716 0.0049872603
74.87894 1365.5507 128.25087 1011.457 0.004987064
455.8933 922.5767 217.97502 205.93147 0.004963717
693.5055 778.3167 375.72012 417.60657 0.0049540703
473.83755 1007.0419 821.7631 379.93323 0.00495282
199.52551 808.32416 364.0383 507.4804 0.004937116
408.10883 1082.5254 565.13934 653.13257 0.004925882
372.74252 1311.5099 525.4128 617.4961 0.0049188077
501.52957 1020.44824 448.33972 316.06976 0.0049159774
513.34784 1400.9607 210.62447 234.81497 0.0048911464
365.62888 1197.2194 423.7225 1064.1155 0.00485821
502.35416 1775.6678 768.62714 413.78088 0.0048568505
750.49304 1607.896 263.86948 358.18887 0.0048234346
402.79752 1340.9624 184.97414 201.55267 0.0048128874
440.5323 1395.2523 419.0699 368.53717 0.0048097665
552.78973 1084.804 215.9677 204.29071 0.0047873138
238.65945 781.74414 137.92322 173.7369 0.004775911
695.07513 1868.8219 389.87 197.99411 0.0047571994
595.26117 1378.6176 239.36615 273.7552 0.004741544
462.76215 627.14636 550.5627 439.93753 0.0047305576
397.01285 1174.4138 453.7333 372.31848 0.004706889
273.634 1115.4463 143.75731 142.23357 0.004674511
643.50256 1656.9813 349.752 513.5665 0.0046612453
670.99005 342.4039 399.70932 366.97446 0.0046422384
647.0486 998.70056 283.06506 246.74529 0.00464141
585.0761 581.53485 549.4397 613.4715 0.0046260105
478.49432 932.1296 804.3504 552.0139 0.004616798
668.83185 1850.69 447.00906 249.32352 0.004603638
719.75543 312.0572 339.7068 540.76666 0.0045847083
591.69116 1788.9576 582.8198 373.63242 0.0045370446
665.11035 910.4727 451.7817 980.56226 0.0045186062
241.21057 1146.5751 123.60217 140.53699 0.0045059794
204.13158 1133.5201 370.49353 540.1172 0.004478501
735.01465 1095.4222 304.94568 552.95935 0.0044655385
543.13116 1519.9297 199.4299 262.33963 0.004454146
772.1342 1619.6016 228.59131 409.3973 0.004453844
556.8612 1539.3842 445.079 328.25613 0.0044511026
605.2079 1205.1232 359.16418 367.65 0.004447715
292.1177 791.0284 385.5914 482.63837 0.0044381856
230.83504 1357.5762 178.32567 162.75606 0.0044371868
560.2997 1849.029 22.479132 37.245872 0.004428752
260.02527 872.61115 316.85693 368.9165 0.0043663047
409.6425 1325.9697 590.7299 556.5073 0.004348032
102.05377 854.3066 179.67213 432.823 0.0043455227
445.88184 1476.1527 553.5506 468.64145 0.004325421
856.8904 1845.4794 71.25594 259.28082 0.0043248236
674.7726 969.1005 222.12866 214.3531 0.0043177167
338.12692 1383.8367 471.95172 935.1886 0.0043149767
118.70458 1137.5001 210.71869 522.82056 0.004299578
306.97806 997.7492 559.4363 461.33466 0.004295075
444.32434 900.6299 857.1069 442.7796 0.0042911875
713.33276 1041.9178 337.8232 400.63712 0.004289953
247.31288 1145.8953 108.63554 114.71712 0.004284799
828.69794 510.61002 129.61778 182.35129 0.0042823544
675.63934 1270.2396 256.2711 297.08353 0.004279604
791.1154 1826.9937 197.93184 292.78098 0.0042790556
221.41704 807.51794 188.9514 231.65683 0.0042756395
506.2622 821.3457 251.41367 279.11154 0.004275439
652.11975 1092.8783 484.8271 1355.0302 0.004264574
690.921 1245.3898 210.14914 208.1081 0.0042634523
706.35 406.74243 360.03256 652.3159 0.0042582205
612.11615 1013.073 132.7077 163.43465 0.004255266
370.05078 1472.444 518.51196 698.8096 0.004250367
648.45514 1782.093 276.19775 272.69565 0.004240512
411.03314 1332.8832 584.98016 490.3871 0.004213709
494.40942 1597.3523 268.13156 468.27518 0.004207155
542.2334 1070.8418 205.98836 268.2191 0.0042018346
635.95526 865.24255 490.41342 870.1945 0.004186973
590.1156 1337.745 323.64136 386.12457 0.0041797026
491.65002 876.0647 387.84702 421.59836 0.0041728276
641.302 1305.5172 385.39792 361.73297 0.004165079
441.12613 1052.2152 512.5157 1184.5919 0.004138857
529.9414 1402.9453 214.44371 240.77606 0.0041357353
517.90356 1456.6617 239.53102 317.19174 0.0041351323
667.28937 895.4726 302.16486 362.3941 0.0041200714
785.9206 1608.8478 194.15498 270.8349 0.0041038953
756.9826 813.0084 271.93866 790.717 0.0040956656
178.98997 1175.0057 159.16017 199.96011 0.0040878505
602.4367 1155.7634 254.0589 209.09866 0.0040819393
481.61917 1171.6951 258.32907 405.28555 0.0040785098
258.45 629.01685 489.5764 881.3964 0.004072458
112.80163 925.4943 186.51299 284.58133 0.0040678824
232.30148 1285.6652 426.20444 851.33124 0.0040606735
206.15567 805.40857 373.65552 510.56235 0.0040544863
714.96716 1233.4142 180.98569 204.08565 0.0040457807
667.44257 897.79346 408.6758 634.6762 0.0040419474
681.79956 1049.9895 429.28775 500.92834 0.004036285
536.937 986.5233 122.32977 141.72566 0.004032765
627.75336 1220.2335 160.10869 181.54312 0.0040271725
420.73978 643.44415 436.73416 208.12254 0.0040229694
404.32596 1382.5498 544.796 419.6333 0.004022268
286.89877 971.54407 536.0574 286.54248 0.0040138545
715.36237 444.47296 297.4597 282.11807 0.0039918893
651.98895 1166.0369 223.1203 124.58626 0.003983948
693.35956 897.8021 374.13376 540.2731 0.0039828317
650.6834 846.54785 467.26785 653.8096 0.0039780755
723.5145 1760.6755 335.97455 430.68573 0.0039731697
694.56726 1118.8041 391.0677 996.1016 0.003960812
336.77148 1355.6632 649.9798 1172.7308 0.0039590835
433.9166 786.6653 659.62823 547.3427 0.0039546634
182.19989 928.3285 180.61325 224.84808 0.0039531253
474.585 1462.476 253.61746 397.1492 0.003922337
127.178185 1864.7761 205.75594 233.98799 0.0039210315
702.1686 404.04776 346.71533 462.49612 0.003917863
535.8799 1354.8652 205.34445 307.6883 0.003911599
627.42645 1334.5604 368.23285 342.6955 0.0039084805
481.02972 1764.4662 177.94872 200.44173 0.003906421
671.6384 1025.5221 450.02216 1814.1543 0.003899145
194.21278 1475.599 360.01376 991.19714 0.0038935852
602.4696 1318.4049 197.86769 234.49626 0.003892526
602.1067 1216.3479 152.91542 172.70976 0.003890221
459.49826 763.90656 167.96956 175.94621 0.0038875926
782.608 1345.4609 168.19131 186.44798 0.003881559
612.3432 1732.191 180.19699 273.1888 0.0038633395
266.51965 778.7654 173.78267 196.46481 0.003861463
460.60944 729.17175 852.1688 623.1456 0.0038601574
739.83307 875.0699 306.20355 909.8786 0.0038589805
68.94672 1839.8859 135.06963 299.36273 0.0038572706
738.6563 1211.8136 302.50412 775.7616 0.0038536408
356.87903 1743.741 167.40741 209.38841 0.003848444
101.178185 858.334 175.91475 430.4168 0.0038252503
734.84283 477.17786 310.33884 710.5114 0.0038146896
502.14368 1231.7816 270.02454 531.87396 0.0038104665
751.62885 1096.4261 199.6519 233.64098 0.003805962
307.454 756.0786 348.10593 407.31403 0.0038037985
591.0988 1293.6793 209.36551 285.41962 0.0037915623
297.0413 762.70514 171.93947 188.27414 0.0037804618
433.75183 1742.4094 261.5647 261.31882 0.003774895
380.07797 767.8336 130.51808 182.79227 0.0037653977
473.36456 1044.2856 228.36165 313.61258 0.0037509047
679.8601 1591.1663 266.6236 229.89499 0.0037501298
783.18506 1677.1521 212.05629 532.33105 0.0037462497
689.80743 1710.1364 333.03308 461.26312 0.0037413235
579.2584 726.2492 348.07202 232.88171 0.0037307614
778.3209 1546.6654 192.19846 249.23424 0.0037248782
284.6746 789.00995 370.4068 474.66754 0.0037090937
742.36536 838.44617 287.5806 348.28354 0.0037059216
640.7751 1020.4005 480.7903 1176.1866 0.0037025237
691.3755 881.50757 256.83643 346.49704 0.0036878511
702.044 990.8619 156.19388 161.29924 0.0036868595
736.69995 1298.173 286.6477 337.91635 0.0036798252
466.93817 1310.5118 162.1625 206.40013 0.0036791693
541.8522 1477.895 139.19377 145.29723 0.003669809
713.3512 1677.4471 259.11774 223.00433 0.0036682663
712.06805 1821.6703 228.65549 245.72392 0.0036627532
730.56836 449.41043 327.68256 831.2879 0.003657189
341.81546 1603.6755 469.3909 646.1508 0.0036493128
597.39813 1159.8246 295.90692 175.35336 0.0036469866
647.3292 956.3305 477.47134 1277.748 0.0036392808
497.29288 1826.8761 780.4744 313.5886 0.0036202646
631.7933 1180.4346 372.01938 681.51794 0.0036162434
602.8626 1527.3895 163.22336 239.12743 0.0036144983
285.5875 726.76086 295.76764 363.651 0.0036102368
330.6808 1397.1417 411.41672 977.9407 0.0036081243
330.18307 535.78467 598.9518 828.9591 0.0035947533
467.83884 1195.9921 259.7482 277.50497 0.0035858778
315.4246 1628.922 180.56091 228.2731 0.0035853584
323.78265 726.79535 166.45888 172.80681 0.0035828992
490.88303 871.05396 353.4394 413.04443 0.0035751588
672.42847 1243.9211 275.24213 395.95712 0.0035669652
671.85333 1269.7123 357.20605 1249.4341 0.003561424
684.81885 1185.3066 418.1522 1547.8993 0.003560847
329.09247 1367.0887 556.6984 995.1456 0.0035587768
499.42444 415.4916 241.55476 210.40842 0.0035546923
160.57225 878.66516 282.85544 381.89178 0.0035455683
593.0667 1523.4313 192.85478 369.2527 0.0035365748
759.5449 1892.367 265.4174 175.5425 0.0035177493
748.25586 995.83826 298.59668 1914.2755 0.0035150894
754.4656 421.2556 274.1356 813.50604 0.0035145013
134.59323 789.2474 242.84576 563.8676 0.0035100651
376.47092 1715.3376 148.23712 170.70534 0.00350142
635.616 1458.8973 192.88757 194.34528 0.0034987256
784.7453 1014.5872 205.56859 319.35614 0.0034984364
505.50012 1422.4485 490.92264 310.3974 0.003491176
264.7648 1212.332 325.90628 466.50214 0.00348757
490.10077 1348.4946 122.02053 148.16724 0.0034826049
482.40485 1210.9075 391.48425 967.234 0.0034741722
633.97595 1469.5768 153.54155 158.08437 0.0034693812
795.8287 1845.4619 185.46974 250.88737 0.0034497606
345.606 1283.3959 456.65765 397.68726 0.0034485266
302.94183 636.6595 146.7164 154.71431 0.0034207706
315.50867 1647.1018 403.7712 559.2795 0.0034201301
249.3768 1129.3955 461.73633 1588.3318 0.0034153583
522.2366 1266.1036 136.23796 183.73679 0.003411582
515.3757 1789.1208 442.4749 343.2735 0.0034091624
476.21384 1497.4622 308.7154 700.0117 0.0034030296
633.3307 1264.0519 284.8978 276.02252 0.0034025558
694.566 1298.3572 392.38327 1343.6748 0.0033981507
421.339 1420.2378 134.36632 159.4338 0.0033971837
465.8594 1880.8397 841.7063 216.86859 0.0033892405
337.45605 1548.5035 384.7927 494.19653 0.003379367
434.83478 1258.3674 374.8435 347.31113 0.0033572803
517.4903 542.4539 432.93158 422.56906 0.003357135
803.87354 1365.0363 174.85962 287.2117 0.0033551399
146.46144 1415.3735 266.87875 1141.7512 0.003348249
271.4112 781.8197 306.7803 454.89236 0.0033444911
559.6419 1010.5953 144.01782 135.24245 0.0033367039
75.01667 1697.2961 142.58347 575.5364 0.003335312
303.15506 1567.1746 323.42017 365.62244 0.003330457
299.49493 732.9105 255.11441 332.5555 0.0033260311
633.48914 1592.0754 155.29279 189.3001 0.003323715
607.12006 1886.4329 567.37823 200.92169 0.0033217964
653.5069 1840.8221 196.13335 160.58586 0.003303394
398.64688 1372.8027 231.55818 214.87247 0.0033004687
649.57733 1594.143 259.38742 459.8262 0.003298982
526.194 1481.5259 150.28241 176.54665 0.0032987562
675.14343 1836.6444 427.22687 286.98544 0.0032948721
89.02842 723.45105 160.75702 694.76447 0.003291047
63.576176 1288.2036 114.0827 280.90082 0.0032801523
485.25082 1002.7693 821.2791 1941.3461 0.003270277
600.172 1539.3525 158.23645 280.56992 0.0032630728
491.45108 1638.4388 223.43718 323.37213 0.0032619939
741.6598 1237.601 264.00226 374.406 0.0032455272
445.5276 1043.1698 521.6164 700.6528 0.0032435732
408.87888 1769.8308 140.57077 155.78372 0.0032401818
634.3253 352.6867 521.003 666.64716 0.003238996
326.75037 1703.7549 229.94627 259.57214 0.0032356388
218.0054 1191.908 405.35474 1482.1339 0.0032310528
163.07574 1316.4615 214.34818 379.32193 0.0032224045
365.66943 1414.6234 437.38184 489.44006 0.0032213128
618.4125 240.75629 542.7745 444.32373 0.0032163023
565.25507 1456.697 141.09108 145.21964 0.0032020116
660.8287 1458.294 161.90382 155.19057 0.0031886222
334.55093 720.5673 249.95085 304.34128 0.0031855165
708.2533 1450.2175 185.80289 181.97726 0.003184961
821.15674 1887.75 140.6133 181.27356 0.0031827637
349.29108 1322.9026 267.09448 209.43489 0.0031774926
665.4676 1076.2379 479.38736 532.58 0.0031768042
850.7341 1773.4546 86.37898 404.13205 0.0031756235
643.68695 1157.7303 404.5386 525.6975 0.0031360819
614.3751 1614.0741 158.20992 164.82227 0.0031309447
602.2748 1885.8524 173.86288 151.11497 0.0031123976
381.05054 1950.1693 147.67436 30.29852 0.0031040083
734.0476 956.625 316.41324 1081.7748 0.0030992285
521.2705 1170.7994 229.24182 404.37585 0.003094053
424.85455 1254.1316 326.11856 321.67 0.0030887316
157.69936 1797.0409 311.55798 382.70312 0.0030805406
664.7123 1060.0781 427.6235 765.2259 0.0030758902
651.2331 1067.8503 430.9963 927.7148 0.003072716
797.39685 1311.4762 183.12003 212.22522 0.0030647044
448.03983 274.03888 881.0261 530.8085 0.0030624121
705.47375 1417.1135 366.0533 583.89264 0.003061408
559.075 1486.5474 123.137344 131.54518 0.0030598496
764.98584 1768.5972 181.26662 222.13216 0.003052575
363.22733 1046.6406 263.33035 329.4354 0.0030490002
816.25793 1834.9641 150.69705 287.15463 0.0030476917
465.59576 926.0077 132.19167 145.0669 0.0030137785
571.88446 1754.0037 289.89365 249.19254 0.003013439
795.6466 1876.8706 165.03923 178.92877 0.0030134334
822.3145 1845.4447 130.42874 235.80298 0.0030080988
512.02057 483.97336 762.80707 901.6395 0.00300561
627.2777 1389.8718 162.74062 172.16472 0.0030047202
555.9103 1300.7932 119.89234 157.8988 0.002993456
568.5804 1659.0399 538.0505 344.53333 0.002985977
357.50653 509.6185 500.43338 663.1738 0.0029705295
562.84015 1598.7758 135.02182 176.5291 0.002966307
527.0912 421.00928 742.2796 764.7533 0.0029612419
258.98474 1245.5397 481.33112 1288.2434 0.002948898
326.07925 1253.8176 189.03159 175.6753 0.0029484464
497.77155 1157.2992 169.90215 172.52855 0.0029408154
364.3873 1469.4445 418.14777 414.3981 0.002932494
657.78357 1374.8682 317.5659 541.85175 0.002931093
651.1378 1834.172 222.50742 162.47972 0.002926484
433.50113 1704.1128 176.50226 157.1449 0.0029120606
523.92456 603.58997 198.1599 129.99477 0.0028995133
766.3244 1059.7567 254.11952 1314.0369 0.002892367
551.55554 1473.4613 472.59433 902.7546 0.0028886856
279.7237 1033.2393 456.2806 383.15125 0.0028865791
346.33398 1708.8356 395.1972 458.3042 0.0028836383
538.84 1349.7909 539.4099 319.79114 0.0028756326
600.6669 1285.3027 127.986694 151.78308 0.0028714614
704.1432 884.4978 386.46338 934.1637 0.0028700621
88.643776 1788.0663 170.82712 328.7235 0.0028686954
255.09885 1719.4045 200.95041 179.05052 0.0028657643
475.55496 1167.7861 147.30167 169.92918 0.0028651091
541.8974 1481.9103 123.020386 144.94867 0.002863054
599.0182 1748.1091 311.93353 405.40277 0.0028595617
804.22723 1899.4486 171.48228 142.04222 0.0028530834
720.18823 1919.3794 353.86838 103.40731 0.0028520012
663.56323 1807.228 156.32275 228.82764 0.0028519183
702.4489 934.928 372.46323 952.5896 0.0028513991
404.45544 1526.3632 310.67477 317.7778 0.0028482
563.1011 1659.9596 746.8662 195.92178 0.002846655
639.56024 935.63837 171.96986 186.98805 0.0028458512
852.3632 1827.8461 80.53584 228.93642 0.0028447392
557.5251 901.50574 181.05219 169.7303 0.0028396253
75.56093 1654.4725 142.84563 333.9917 0.002835412
446.2196 1870.6885 187.62086 166.73404 0.002832038
659.76984 1093.7526 461.31693 899.1112 0.002829559
326.7213 734.38257 120.439575 147.5517 0.0028286548
815.471 276.58777 158.57129 511.3714 0.0028267521
217.87308 1476.6661 190.202 281.19543 0.0028181362
489.0597 1701.963 289.6056 324.1834 0.0028163265
701.9624 940.51306 212.64005 208.95718 0.0028160466
764.6536 1948.748 257.6254 79.42932 0.00281132
642.7873 1816.2605 164.83754 170.45248 0.002803669
785.8046 1366.9827 204.83742 361.43594 0.0027998285
252.37115 1698.9233 278.74625 463.7832 0.0027997552
412.17383 1864.6722 228.703 200.87619 0.0027935833
574.177 1302.0723 125.88727 144.2126 0.0027876017
615.68915 1872.6918 118.045845 114.14185 0.0027861742
469.21442 1001.14734 849.16547 1936.1613 0.0027856536
628.7772 1699.5221 272.14877 234.27687 0.0027827292
679.9049 1797.4037 220.26111 210.80624 0.0027789937
204.44464 1298.9886 379.67432 861.53 0.0027778295
710.668 725.06085 253.05043 285.83966 0.0027690332
416.1708 1860.7421 114.81413 139.07246 0.0027689515
298.15137 1303.4435 205.31409 107.84592 0.0027673377
369.889 1146.3724 239.72884 198.97125 0.0027626795
813.36633 712.37726 165.20755 590.49567 0.0027622695
605.2022 1094.8286 387.16406 379.1491 0.0027595784
417.24417 1185.0758 419.7185 573.47375 0.002758308
530.97406 1831.2877 150.12337 159.5865 0.0027415832
156.11266 1930.1779 278.9349 115.94741 0.00274047
488.19086 1141.6067 166.41666 201.14821 0.0027332755
170.36192 1784.8298 235.9536 380.37378 0.0027269206
651.5894 1213.6371 325.40427 418.64633 0.0027205336
742.7979 1906.3196 294.90463 130.55014 0.0027203488
761.1489 1191.1058 160.89684 190.32945 0.0027189779
273.43808 1557.2709 168.75363 204.05466 0.0027168493
806.4867 1436.6748 174.24458 486.07602 0.0027147464
764.45355 1430.874 145.25467 195.7785 0.002712215
453.5833 739.4599 170.57214 158.16928 0.0027109939
341.01318 1365.451 389.4857 867.3173 0.002710005
60.01451 635.2889 111.74055 367.71063 0.002708029
508.4129 1283.3085 447.6586 281.3848 0.0027071044
120.086235 1738.3729 220.3204 358.96008 0.002702831
715.9231 1817.9999 194.26894 213.30623 0.0026996492
658.72974 1535.5687 188.4942 190.3157 0.0026907772
713.97815 732.41187 189.05524 168.53783 0.0026884126
519.68475 1005.7247 199.75656 235.57237 0.0026815403
772.9958 1893.0111 207.7749 151.78426 0.0026797773
679.30225 1896.6617 354.90057 151.47464 0.0026781897
492.96237 509.68777 752.6215 593.61285 0.0026726986
218.97089 988.0 379.91528 278.3541 0.0026673514
724.81696 1838.718 222.57785 187.88452 0.002662339
358.84225 1692.1992 362.35965 342.2646 0.0026616734
710.87616 1452.9957 197.75081 229.11053 0.0026598715
751.5727 1871.4578 198.68782 159.59831 0.002656256
745.5739 1298.4076 285.76462 1325.1354 0.0026497897
343.67456 1899.1102 166.02625 142.42313 0.0026454737
646.746 1892.8677 134.29237 143.56374 0.002634375
793.0069 1051.3585 199.39188 520.72003 0.0026341632
539.7376 1860.4406 155.93193 158.06068 0.0026308165
357.28754 1867.929 143.2749 173.03815 0.002627322
643.8336 1699.5233 141.73398 162.34692 0.0026232991
183.72775 1836.0782 222.63646 249.35094 0.002615068
845.3084 1905.9424 94.736336 149.71207 0.002612194
69.31469 1206.39 104.149086 268.4748 0.0026099205
811.9752 1300.4565 157.46892 183.2127 0.0026056005
766.1078 1630.1747 160.97931 170.87088 0.0025980363
73.68342 1960.0012 144.33144 65.060555 0.002596833
462.54156 1564.606 201.98357 388.3196 0.002594395
497.6775 1621.8192 140.13823 155.85144 0.002592774
607.2038 1804.0602 124.27795 163.03606 0.0025885713
345.77182 344.42883 479.226 515.5411 0.0025863464
420.532 515.7609 366.05603 416.79053 0.002585746
550.8446 1762.1178 116.84834 198.17584 0.0025835433
113.34474 546.4356 215.87775 1054.0032 0.00258338
615.1541 1229.5337 185.84634 171.83638 0.0025742815
664.6048 1900.8246 168.7742 123.51597 0.002563676
582.57874 1856.2202 578.1072 296.5108 0.002558167
63.41816 563.1233 119.66212 492.21643 0.0025557384
511.11453 1896.7966 176.45859 138.38036 0.0025513202
765.98804 506.6449 235.58736 750.7866 0.0025505254
39.38113 592.9273 75.35011 368.81265 0.0025447963
285.01172 249.15074 333.37988 317.36 0.0025446366
721.96216 1626.9208 137.61026 170.92026 0.0025393022
436.05695 1923.0809 877.8968 131.40546 0.002539184
450.40668 1859.0698 857.6783 318.14294 0.0025310633
787.6103 306.8818 164.67018 248.09813 0.0025264204
477.24326 747.33685 492.60016 922.1735 0.0025235766
798.5642 1000.4938 151.81314 185.22838 0.0025196907
807.5925 1140.2773 174.7274 510.8571 0.0025070761
530.1903 1728.8368 124.01284 181.58334 0.0025022132
523.7638 1746.6239 189.36542 197.94226 0.0024988044
556.18646 1376.707 420.732 676.6295 0.0024986
275.5508 1402.4049 523.122 1148.1526 0.002498152
778.2666 1881.1305 200.98064 175.0525 0.0024949755
446.75555 1628.9215 458.39923 345.05704 0.0024917806
442.869 1526.953 231.43553 568.09424 0.002491335
528.1153 1625.9343 167.04677 349.00394 0.0024902178
808.7194 880.1449 153.02682 165.85153 0.00247287
560.2857 1752.381 133.61903 199.28162 0.0024695613
245.8024 1840.7723 499.59872 298.66696 0.0024687415
131.22887 1839.5223 248.21404 294.59912 0.0024655529
806.1763 360.84103 139.88002 155.13509 0.002464384
403.9144 1901.062 207.56372 122.0099 0.0024598774
760.10187 1807.2695 156.45676 138.13715 0.0024592972
505.64807 690.1142 296.81802 322.58826 0.002457735
582.273 1437.4512 532.6653 634.71893 0.002456128
536.6548 1359.1158 343.5794 235.43552 0.0024498773
430.45032 29.442448 240.47746 56.54369 0.0024485295
828.28326 1604.6775 126.109535 235.56572 0.002444512
686.2784 958.17267 390.7404 1077.1746 0.002441174
714.7729 1885.7134 166.6451 100.31892 0.0024231467
517.418 1290.2659 143.4529 153.94743 0.002398599
220.60425 323.27444 353.86002 369.36734 0.0023911018
755.2231 1497.2822 145.8103 183.74406 0.0023826952
193.57892 216.10121 209.35867 204.24187 0.0023722032
768.7787 904.26685 235.52205 353.5623 0.0023710364
794.5839 1966.1606 220.52234 36.868313 0.0023706441
54.450825 1126.424 87.7765 541.67163 0.0023705359
801.2159 924.92975 184.77016 505.1336 0.002364821
265.83087 242.40947 209.82863 209.30806 0.0023570221
299.44937 1139.6213 308.9064 688.7232 0.0023454777
826.9326 1028.8196 135.5397 300.185 0.0023424313
810.652 1895.4579 158.08795 163.17241 0.0023251085
255.87538 1894.4537 182.20052 175.64409 0.0023173068
569.1938 1487.861 463.82495 246.44101 0.0023143003
528.71625 1737.2318 194.00703 212.02718 0.0023126637
776.674 1714.0582 205.89883 184.47673 0.0023101533
669.9108 1507.5173 416.7616 898.9099 0.0023050923
475.22986 1891.975 810.0283 232.83812 0.0022997612
359.97537 1867.25 201.25642 137.53856 0.0022973446
729.30304 1134.8279 311.24847 1381.3726 0.0022939546
523.5528 1595.3483 186.23695 503.96344 0.0022919823
514.8985 1888.3507 157.64742 77.45457 0.0022919027
804.61273 1236.6072 165.85518 224.58533 0.0022894943
819.998 1904.3469 137.28894 143.05676 0.0022731633
98.5435 673.36426 162.3617 283.71912 0.0022685586
740.75134 930.0011 281.9815 683.5399 0.0022518784
724.4961 1134.4182 333.05408 1079.8716 0.002243137
790.716 1689.811 147.16794 180.06929 0.0022413926
68.0596 457.15756 129.29303 790.63086 0.002234641
269.5808 1878.8951 248.14557 214.665 0.0022263422
808.01135 1591.7988 160.90553 275.1575 0.0022223915
841.7218 1949.742 106.003395 69.46347 0.0022159342
68.89038 258.05862 131.76721 327.63336 0.0022100515
534.23083 715.85583 642.7541 536.2465 0.002196
472.4584 622.9537 370.15216 442.57303 0.002195626
824.3972 740.8605 123.58622 135.37544 0.002179266
537.6297 1802.4518 695.3158 344.05652 0.002177074
761.37726 1900.2946 225.79593 151.5625 0.0021706705
213.91791 135.55302 187.45093 156.09016 0.0021684286
151.14258 537.94196 280.88245 591.6782 0.002165216
706.0104 1417.4064 283.40396 477.01318 0.0021629918
325.273 309.0355 458.58447 468.33572 0.0021597226
85.23272 543.7441 160.48256 698.2406 0.002159523
73.52137 292.21246 137.95784 351.1294 0.0021350668
296.8458 1542.3281 297.23795 350.64398 0.0021197048
780.0087 711.64276 186.86705 339.81543 0.0021184676
477.83313 793.67804 173.21404 163.63391 0.0021170296
649.446 1897.3322 120.499504 123.38325 0.0021093485
594.4885 1923.7655 389.39175 124.49177 0.0021071646
424.14813 1901.7455 319.23038 142.46501 0.0021062884
746.6352 763.2114 162.30544 100.65378 0.0021060891
848.42816 569.64276 93.63024 306.51828 0.0021020484
279.8954 125.95397 268.1465 190.10934 0.002096572
585.23254 1123.3585 297.99866 504.5647 0.0020959866
625.05835 792.7298 473.29633 991.5002 0.0020797974
741.5057 950.10736 257.9823 423.19138 0.0020779467
361.59998 888.86005 123.97366 178.06422 0.0020764591
173.2157 229.42528 319.03534 360.08224 0.0020750822
313.71204 1930.5941 211.80934 117.395485 0.0020722107
518.4806 1849.3212 749.6725 331.21887 0.0020714279
353.01025 1929.1012 349.51865 110.961105 0.0020681245
533.82086 1908.5146 253.57835 135.27449 0.002067434
465.4807 1118.9425 452.21692 521.40216 0.0020666204
339.52075 784.9505 480.7747 483.17288 0.0020537728
242.92284 1928.919 275.08493 122.92855 0.0020517695
824.4863 1558.3082 134.18982 225.31857 0.0020463392
620.145 1451.4714 229.94844 170.37321 0.0020367894
571.81604 1878.9047 258.23474 118.59749 0.0020354844
551.2027 1921.7627 187.44693 97.42442 0.0020298027
843.26904 1318.6797 105.921036 212.0652 0.0020271451
753.0625 1415.4973 193.45876 155.92923 0.00200955
618.18164 1067.3422 245.12715 397.89343 0.0020048171
143.79245 193.41867 266.56354 313.35663 0.0020011826
841.6387 107.95339 107.22487 174.58989 0.0019968818
448.72772 928.8586 107.726105 150.34987 0.0019847825
827.09265 1147.2673 136.71771 291.68155 0.0019733403
538.459 573.0951 139.46597 66.41229 0.0019563911
308.87448 314.66992 218.20512 235.75394 0.0019550715
240.05342 106.68646 323.2375 174.27565 0.0019227244
64.59898 215.5731 115.40609 242.06367 0.0018966356
520.55554 1922.196 766.71594 164.74295 0.0018910943
447.9281 113.78113 882.97736 220.77534 0.0018897258
783.7399 1952.3849 221.05605 53.88383 0.0018850727
566.65607 1506.7118 436.50824 326.56702 0.0018779115
465.73987 1001.2022 855.2775 1925.6333 0.001865324
821.05664 1334.6115 133.81732 155.79596 0.001858564
229.52101 28.023245 141.29239 52.94689 0.0018556499
776.22723 1065.5094 238.82645 739.9158 0.0018506258
74.489235 837.6501 139.80077 1732.4502 0.001842455
667.737 1508.1326 427.75546 912.80206 0.0018362165
739.93976 1963.6188 212.08296 48.69506 0.0018348406
537.0622 1968.1136 189.88956 47.60306 0.0018196858
498.61667 1184.6718 780.5846 1528.5945 0.0018193317
824.364 1181.0133 141.94475 740.99567 0.0018116452
430.51068 29.380087 839.355 61.29868 0.0017910064
344.408 1884.1378 428.09967 209.61903 0.0017764322
712.4711 1113.3915 323.90747 1119.5934 0.001774126
26.476631 216.38643 51.913074 380.3686 0.0017692518
693.5576 967.80365 333.53085 420.1573 0.0017669508
866.07715 1883.0276 50.355904 179.3459 0.0017647973
612.60095 1005.5896 375.99332 775.9085 0.0017646789
467.2272 1000.07153 855.22266 1923.0485 0.0017415356
873.1404 1957.8423 44.59473 60.287308 0.0017395258
849.6354 1690.4078 82.62926 172.63022 0.0017335387
798.38354 1956.1917 183.71974 62.39517 0.00171471
475.58252 762.3931 181.59515 177.23146 0.0016852738
822.7161 1069.2214 143.01224 258.89746 0.0016838
854.7031 1666.02 74.92958 189.40152 0.0016730456
797.84503 1009.8613 203.5635 842.5965 0.0016491275
629.72266 1095.3298 485.18542 629.6917 0.001648891
375.18536 1148.2277 496.27344 1057.1139 0.0016329701
726.40533 1961.818 339.92297 44.54813 0.0016296952
709.25757 1626.2992 333.46274 595.8051 0.001626138
638.40173 1948.8333 390.12146 79.64025 0.0016156106
62.56814 936.732 107.98865 271.11856 0.0016122943
852.9348 518.1553 83.70164 203.25388 0.0016110912
817.8737 1757.8958 112.307304 219.57455 0.001606209
614.143 1980.0795 469.05267 29.225958 0.0015939934
835.01843 724.9198 109.02055 169.92946 0.0015929898
800.15985 1971.5985 178.62558 70.79167 0.0015889413
832.2295 1960.9272 123.7663 43.264385 0.0015780997
869.706 1877.8865 53.090324 186.91565 0.0015509505
821.8389 1692.6782 132.44852 281.1236 0.0015313918
863.91907 1942.7781 57.122322 84.12038 0.0015241129
846.7075 361.3712 80.874954 213.01747 0.0015218405
570.21436 1958.0552 199.4831 50.85856 0.0015176501
789.0529 1202.5383 198.21431 468.82178 0.001516857
410.2328 856.48975 469.5423 335.39105 0.0015129608
822.6124 1733.0369 158.76941 165.96103 0.0015098376
178.23285 108.40989 337.43863 198.82669 0.0015056045
878.30884 1710.0535 33.5554 541.28796 0.0015041278
794.3303 1221.9344 186.37126 373.2321 0.0014876539
742.1968 1956.0223 297.40295 65.168175 0.0014765405
861.14764 1864.4419 53.18494 203.99706 0.0014721699
534.29456 951.59796 585.5821 830.8034 0.0014691169
859.83777 1438.4008 68.43684 189.5648 0.0014641456
861.49255 1717.315 74.640724 237.91449 0.001457535
434.2782 903.23566 514.4722 625.1444 0.0014549964
649.3742 1630.4447 277.4934 688.56946 0.0014503462
626.45685 1432.3229 425.63055 973.89777 0.0014469092
877.58905 1925.6382 34.41518 112.860115 0.0014351883
857.4351 1038.77 73.93545 397.82767 0.0014287245
841.89264 969.6288 97.64219 409.67166 0.0014281695
219.9099 61.159298 431.90384 116.75476 0.0014152188
15.284662 138.24532 30.699045 254.44775 0.001392547
850.5882 1366.3843 92.153824 423.9936 0.0013913705
624.8868 978.62177 332.4829 220.77455 0.0013895577
491.37854 1974.7052 812.52454 73.96525 0.0013860593
302.8144 908.2951 285.7019 507.9041 0.001375069
857.92224 1321.6637 78.56421 223.78584 0.0013617707
855.625 1752.1348 195.70093 211.76663 0.001352179
553.7859 1157.8029 423.81287 397.69797 0.0013479437
829.64056 1176.4672 155.59247 216.13977 0.0013460284
870.8581 1887.1261 49.180256 165.39716 0.0013401979
867.19366 1636.473 48.104347 315.58142 0.0013365193
867.6821 1857.7153 61.2938 202.7616 0.001325514
287.91577 920.9753 240.34315 559.45465 0.001318052
866.9756 1472.8661 48.397366 304.61154 0.0013132365
868.8443 1162.2618 54.27929 217.46913 0.0012966156
851.6598 1716.601 133.28506 224.27345 0.0012944815
816.3453 1947.8682 162.06366 75.73449 0.0012901095
442.56662 965.90594 595.52673 529.72614 0.001279765
873.369 770.9096 42.484688 269.21866 0.0012722187
854.48663 1434.7448 126.424835 148.14084 0.0012703593
466.63342 949.6959 328.31464 754.5567 0.0012691879
861.2224 1305.5037 62.46801 447.40646 0.0012653497
682.3813 1968.266 145.53671 97.17655 0.0012557541
444.20984 926.93256 729.82245 681.0684 0.0012503369
874.4305 1693.9119 75.72822 191.38019 0.0012375796
679.56287 1076.153 329.98956 623.61163 0.001234939
877.4423 743.4783 37.670635 227.05408 0.0012072956
567.4884 958.352 379.11462 190.9307 0.0011979121
709.22504 1618.855 345.47247 684.42505 0.0011863563
871.71747 628.3508 44.82042 284.08932 0.0011861569
871.65985 1527.4083 54.50025 139.5852 0.0011841649
863.99585 1940.9254 65.739815 83.36535 0.0011671793
262.30267 584.2443 205.615 257.91953 0.0011614426
700.19324 1094.4895 389.94913 1360.8285 0.0011533546
422.88666 1447.5645 596.0321 982.00085 0.0011439562
490.61066 1628.9329 389.73904 326.82166 0.0011287944
200.22076 1158.9385 804.13635 570.17865 0.0011212641
884.017 1897.8368 23.917036 164.40906 0.0011069224
460.60944 225.76381 835.7638 467.25998 0.0010734884
692.252 1926.2395 550.8977 264.0989 0.0010400484
636.1182 972.7608 428.8808 1196.3641 0.0010312097
550.14996 1014.337 199.93684 415.24396 0.0009901404
885.0278 1876.0536 21.280956 204.70744 0.0009442384
353.1168 510.08344 320.46524 262.56146 0.00094402436
882.2615 1720.8827 28.532297 219.52019 0.0009401051
800.2298 1955.9117 207.60715 58.723415 0.00093410554
297.2202 1154.5353 254.92099 810.1142 0.00092743407
887.072 1914.1659 18.621601 131.01398 0.00091841933
452.7659 1039.4453 275.2568 242.62479 0.0009042956
485.17072 1346.1835 397.5058 371.2988 0.00090312667
393.14023 1214.3218 462.46216 395.92883 0.00090161344
425.1755 1314.2261 695.9661 1148.895 0.00089245057
884.53503 1906.0764 25.121126 140.04616 0.00088592636
640.57855 1612.4988 445.6658 144.74464 0.0008730536
688.88544 1340.6895 248.87067 1323.518 0.0008660165
696.5419 834.6525 431.26315 833.53174 0.00084769895
413.26123 1088.1564 437.20856 431.91873 0.00084148365
346.8087 568.6007 318.18906 319.39276 0.00081479707
773.57764 1797.0847 260.07535 434.68094 0.0008011681
888.58966 1777.3187 18.797998 222.8128 0.00078686513
539.1789 90.2279 740.98596 198.32549 0.0007860936
391.8478 811.07446 245.4961 271.124 0.00077144906
433.34897 1378.217 389.33237 667.8076 0.000771007
311.09082 659.5659 134.65361 220.07 0.00075166405
639.70416 1993.1727 549.49774 8.810425 0.0007336655
680.562 1961.5604 401.18262 70.973236 0.00072756695
519.90094 529.7209 686.04706 621.43317 0.000718714
441.35175 1047.3671 278.53714 272.7507 0.0007007204
245.16496 1114.8992 827.31177 561.46106 0.00069611386
455.35208 981.58386 290.2142 302.06262 0.00067799015
457.82672 1076.5055 660.54443 497.5948 0.0006317616
467.0565 847.0499 571.0119 808.6966 0.0006083055
825.7902 395.8863 218.96198 422.40067 0.00056942896
802.80774 1916.4774 293.15723 89.05473 0.00054262363
442.66464 1413.9625 339.64392 283.61343 0.00054025435
877.2617 1987.824 120.92131 13.135335 0.00053352956
845.20764 1991.2172 173.05168 12.535563 0.0004760553
449.87808 1389.5375 660.08606 227.59 0.00045749513
547.4605 414.96194 438.1667 308.50235 0.00043056326
696.4127 1352.3243 506.6979 368.4976 0.0003991102
