396.83737 1329.6599 790.81244 2643.3835 0.81765103
106.71548 1331.8557 213.1962 1469.9462 0.083364844
392.16785 1510.9872 783.18353 2260.3176 0.071100764
358.42935 1457.7671 709.3708 1823.9845 0.06727448
107.21214 1485.887 214.54468 1806.6606 0.06419234
108.64088 1589.0668 217.18854 2031.5353 0.06188601
370.22562 1649.4911 728.49084 1698.5455 0.058472335
359.85858 1610.1338 686.9428 1516.4646 0.038889885
714.8415 1335.27 31.352049 42.779987 0.033377577
397.56454 1331.8329 788.80133 2642.5598 0.029446488
361.6064 1726.8031 713.4255 1608.9172 0.029323813
118.01836 1332.7336 234.46718 2610.5405 0.02684661
290.65945 1500.1279 575.0776 1849.9824 0.026218858
321.38498 1699.0854 634.42426 1552.9645 0.024316808
106.22318 1217.6635 212.41786 1226.8829 0.024045443
355.43982 1287.672 694.556 1550.785 0.023055574
281.9274 1438.4935 557.12506 1684.2252 0.022962999
142.84381 1350.6111 284.30856 1546.3387 0.022249611
160.06046 1545.8619 318.48734 1991.5957 0.02213629
353.0485 1750.3146 691.40405 1361.146 0.021753255
382.50394 1738.1836 760.7467 1738.5126 0.021526463
312.8887 1695.1056 608.8447 1472.2352 0.021466404
298.9614 1463.7386 594.4333 2001.1779 0.020293273
161.76804 1433.3533 322.77164 1729.9905 0.020246016
392.45273 1627.4894 626.2435 1390.6224 0.02024191
373.85754 1211.5968 736.0582 1577.8618 0.019733531
107.46662 1257.946 214.32675 1946.5952 0.019293321
393.781 1529.2759 646.2341 1278.7378 0.018328194
350.80423 1543.9956 660.7628 1231.6844 0.017830582
384.43466 1171.8973 760.09955 1540.5581 0.016068807
104.43268 1120.0747 207.73427 1014.1398 0.015554962
115.98879 1172.3876 231.3682 1998.6193 0.014964788
211.38277 1456.1069 421.40768 1776.2903 0.014911889
180.09174 1561.655 355.56516 2093.4082 0.014836332
396.3213 1237.1759 672.86957 1317.0881 0.014745978
383.299 1115.9613 756.6232 1444.9111 0.014573743
344.72488 1854.6926 681.0451 1262.731 0.014565013
380.19608 1502.182 687.1833 1179.1788 0.014265853
235.31613 1351.3174 468.1819 2157.477 0.014026102
330.41177 1526.1095 529.8023 1116.9071 0.013367236
714.9738 1341.2566 50.713604 76.547165 0.0132700475
385.04236 2088.5159 765.98846 1106.2214 0.013137545
384.65295 1954.8667 764.3303 1370.6299 0.012766656
672.75146 1504.8113 183.99554 403.47287 0.0124324
272.81857 1591.2028 528.06805 1296.8386 0.012110491
391.38058 1031.6758 775.7542 1867.3604 0.012100294
376.91272 1475.1193 749.1692 1157.4232 0.012032248
405.57553 1351.8552 410.17734 764.6872 0.011977096
389.6099 904.55884 772.7498 1695.126 0.01172965
213.2188 1334.8629 424.69287 2589.6545 0.011607992
364.91336 1041.4639 715.3347 1299.2574 0.01155419
246.47664 1630.1615 491.57367 1925.0494 0.011520898
300.494 1231.2633 595.28894 1598.1816 0.011235329
455.30884 1559.3693 557.29517 1239.868 0.011224042
460.92667 1357.701 520.2606 798.6916 0.0109800855
357.07516 1923.1792 708.34186 1091.367 0.010957324
460.3395 1535.6333 548.9331 1176.258 0.010821041
264.07782 1336.7874 520.3377 1424.8248 0.0107950065
251.58086 1583.2859 503.40414 1510.7161 0.010623252
384.88477 1337.7554 346.25494 710.8266 0.010464064
343.50952 1462.0979 662.9863 1085.597 0.010211918
274.6092 813.4215 276.45917 422.8591 0.010164317
323.49258 2076.7751 642.3679 1103.8928 0.010073374
220.77748 1538.097 436.42935 1225.3434 0.009984032
417.06543 1160.0398 618.7792 1112.6199 0.009894177
139.91833 1158.9058 279.40018 2314.9688 0.009859879
381.39642 818.71075 756.596 1563.3596 0.009847447
217.10869 1704.7511 432.799 1441.078 0.009819906
195.20898 2284.0315 387.31927 328.86322 0.009795298
198.08551 1166.6603 395.2482 1943.625 0.009741784
260.7188 1311.738 502.70297 1444.5586 0.009590764
329.40756 2011.7252 653.0928 857.3945 0.0094751455
179.3452 1666.4457 357.50797 1536.9597 0.009403124
438.6762 1268.7295 616.4213 1294.4888 0.009394929
340.49615 1690.1622 431.3821 1424.529 0.009358613
754.1692 1743.2728 84.71818 275.30423 0.009174199
183.84258 1455.3372 365.04807 1270.6785 0.009138987
389.36832 1070.8672 771.7873 1941.4819 0.009112949
319.16965 2058.6052 633.9031 972.025 0.008930651
370.66898 726.552 734.80695 1383.6355 0.008910827
309.05054 1649.3093 596.3033 1136.1259 0.008777129
150.24234 1361.3728 297.99594 1210.5508 0.008716689
368.6511 2226.8374 734.175 845.9026 0.008643597
208.34631 687.38684 408.14316 581.862 0.008587848
289.17654 1366.4924 582.4591 2205.8423 0.008573601
370.77884 929.4049 732.14453 1101.3724 0.008486419
292.44125 1176.9009 579.28156 1338.4613 0.008481798
401.6469 1158.8743 646.54065 1143.1267 0.008467305
180.02533 1220.5496 360.65057 1916.6633 0.008447547
423.6875 1447.0717 551.89185 1012.20746 0.008440094
251.4942 1453.9894 313.96738 950.5877 0.0083803935
259.3343 1336.5688 193.79643 689.5265 0.008377799
412.58432 1305.2231 661.7827 1496.5663 0.008354609
372.4127 1835.1998 496.2767 1063.4116 0.008315979
298.8134 1133.2119 591.58966 1802.2693 0.0082261795
150.75986 292.09467 300.77908 566.6754 0.008098076
295.86575 1295.1504 593.2246 1917.278 0.007988437
294.21713 2159.4534 585.66125 572.03357 0.007970681
684.6728 1590.2708 207.94885 573.0085 0.00795172
445.9215 1181.7891 603.6023 1186.8475 0.007942764
224.10593 733.8771 442.42752 671.6025 0.007881209
328.35934 1472.8541 647.24 1060.2668 0.007852214
479.2172 1663.1503 563.0844 1576.8721 0.007836853
487.31436 1432.1874 509.2402 954.7571 0.0077074356
203.46346 1769.5026 404.94275 1519.2244 0.0076334127
149.22432 1721.1285 297.2963 1396.0486 0.0076304665
652.3459 1503.0675 135.92287 330.71936 0.007576169
260.44888 1468.5483 491.41855 1050.214 0.0075642006
369.06165 1154.3268 707.88153 1118.2876 0.0075153387
279.79715 1486.7498 538.56805 1077.178 0.0075057736
325.199 1330.5347 503.59042 794.36426 0.007492585
104.53949 1278.1439 208.06345 671.2909 0.00746278
257.25577 1352.4321 515.0693 1460.1388 0.0074345698
448.7745 1379.1814 585.48486 1608.433 0.0074252444
464.34512 1201.9987 583.11945 1211.5195 0.0074174926
154.56833 1200.8953 306.64755 1224.2068 0.0073605175
348.266 1791.8922 490.74493 926.7349 0.0073580653
256.43246 1719.7289 491.68658 925.6685 0.007329495
208.04588 1794.2415 415.0341 1560.3661 0.007294234
290.61594 2099.5906 570.6744 618.67816 0.00727029
413.462 1073.0995 577.91864 1001.7586 0.0072360924
254.04968 809.74054 403.40732 579.5635 0.007225868
474.1054 1663.0393 550.979 1467.9944 0.0071730195
52.0192 1309.9261 104.28911 1401.7228 0.0071712504
469.46487 1619.329 537.80457 1435.5433 0.007138949
712.4496 1343.015 59.75167 96.893074 0.007130349
220.62218 2076.7036 433.9461 650.4609 0.007127865
448.19266 1258.1973 643.5304 1496.969 0.0071092206
284.83142 1003.48987 562.55695 1511.1676 0.007105526
288.58972 1526.7537 134.83713 298.2002 0.0070620696
300.8662 929.43835 589.90436 1068.7646 0.0070338477
311.0125 923.89795 456.97403 722.0363 0.006986664
317.9776 900.3757 624.48676 1033.0591 0.0069801104
314.75186 882.0363 621.3606 1549.9131 0.006973592
164.76364 1540.1453 330.47375 1164.7869 0.006966803
438.20807 1837.432 482.5225 866.35004 0.006926456
266.3189 1965.6964 375.49506 560.2158 0.0068754796
108.07343 1517.3987 216.57545 1036.661 0.006775576
586.7861 2136.309 38.242638 62.507828 0.006754151
144.28288 1819.6373 286.88025 1224.7491 0.006746507
281.13022 1338.6976 204.72987 703.32196 0.006729749
330.18185 1337.8181 343.78558 757.25684 0.0066851648
548.1008 986.8993 61.521248 105.70008 0.0066308784
194.74976 2032.4044 388.81384 1204.9126 0.0065928255
364.02377 880.42944 420.5921 617.10486 0.006537162
228.53915 738.59393 448.5475 686.2968 0.006534688
109.14801 1701.9192 217.39926 727.97327 0.00652777
281.19223 832.7504 178.69177 259.43994 0.0065222643
249.9217 813.9621 312.285 419.75934 0.006516344
451.89368 1284.6841 605.0885 1248.935 0.0063804137
47.69105 2517.6353 94.36675 221.03574 0.0063635223
204.02922 2239.8547 407.03986 728.28595 0.0063189114
63.441574 1161.84 126.66367 803.45764 0.006312076
376.7066 632.42944 749.341 1246.0223 0.0062940135
212.10536 1078.1304 420.94604 1305.113 0.0062847245
168.15268 1098.2998 334.1136 1393.03 0.0062194234
483.4237 1844.3022 459.96765 918.41675 0.0061790566
628.9984 1401.6339 263.00623 632.8173 0.006151788
143.26953 1684.4426 286.29245 1417.6283 0.0061448067
463.5467 1399.9583 609.2545 1637.0613 0.006109523
395.83505 1960.755 387.22476 632.05035 0.006086689
208.30495 493.3015 414.51514 968.92474 0.0060798675
431.32736 1350.2979 316.6907 642.0699 0.006058975
397.0029 1560.9186 393.41708 1164.8685 0.006038005
173.8962 1724.3037 342.02325 697.15 0.0059896517
202.54218 1879.3876 404.0779 1144.8348 0.0059686573
401.7378 1334.1407 525.25854 1320.873 0.0059580575
109.23505 1741.6062 218.62296 1405.9032 0.00592468
327.60532 1923.1382 318.37082 478.21893 0.005919189
170.02101 460.65775 337.47623 910.0454 0.005915792
165.97598 1227.7972 331.77853 1319.7346 0.005895974
121.09989 1048.0641 240.68924 1823.3784 0.0058903513
399.82285 1238.964 287.55826 473.36618 0.005883347
177.74272 2381.8235 353.06073 484.65033 0.005865285
177.5669 1968.7394 354.77127 1015.7349 0.005860653
101.80435 1262.0126 201.8766 481.89322 0.0058450317
125.369316 1190.0 251.98401 1636.5759 0.005834399
377.3774 1002.75836 473.24298 785.4075 0.0058132783
314.39194 1404.3773 291.05945 886.19684 0.0058084326
109.80261 1806.9552 220.32135 1068.1554 0.005799906
141.05255 1703.7352 279.33072 740.85004 0.0057988362
330.03955 962.0249 659.0493 1399.3668 0.0057833246
586.98456 1765.3147 260.77945 384.40955 0.005772735
340.53476 1649.0135 360.3726 714.9442 0.005769019
160.94835 907.0179 320.20422 1809.7433 0.005759173
135.92778 1296.5271 273.82187 1467.2695 0.00575338
147.12595 1577.6383 293.0046 1051.4761 0.0057353512
89.25749 2408.26 178.13216 462.68716 0.005721725
201.22707 2056.4094 402.43427 768.92255 0.005674117
355.6357 1412.2487 373.03735 784.4853 0.0056605283
52.539066 1520.1526 107.3536 2114.204 0.0056107705
200.00594 606.2127 395.2426 447.0256 0.0056102895
92.95746 1184.1936 186.28108 1775.9453 0.005600147
376.6667 550.81464 753.19617 1097.8726 0.0055845175
379.6065 1301.0458 496.64496 1014.62366 0.005582802
30.12906 1604.4658 60.247284 2019.2162 0.00554686
67.465965 2370.3467 135.08194 514.46423 0.005540104
193.379 937.6128 386.20105 1726.3812 0.005531675
267.32446 1451.8811 260.92422 639.7678 0.0055309404
290.79794 2288.4204 172.719 233.17014 0.0055305343
59.049595 1445.6251 100.49602 180.76459 0.00552852
276.4112 2317.7515 548.83453 595.53656 0.005511184
588.56323 1396.9272 347.20523 792.79535 0.0054461095
155.28188 1753.7501 307.22565 1434.5089 0.00544518
421.12146 1603.2795 362.60776 664.00415 0.005435853
247.98701 1012.7948 492.3359 1254.7167 0.005417426
76.84992 2504.624 152.5077 290.91806 0.005416722
208.03545 2301.5413 222.74963 247.29233 0.005392178
166.3028 1352.3396 327.18643 812.14966 0.005386989
330.67752 1250.2582 210.93655 522.2036 0.0053620115
60.858772 1580.6906 124.582405 1935.401 0.005339028
339.5573 978.66846 643.2033 800.3785 0.005326495
588.7798 1413.0857 378.15695 923.35724 0.0053235525
467.9028 991.3459 499.88837 879.91895 0.0053104116
563.05725 1236.7592 306.34293 565.31635 0.0053094644
459.19025 1594.3518 355.95905 929.68646 0.005295054
98.425285 214.38753 196.42247 414.59488 0.0052780104
130.66638 2261.5474 262.2392 582.0048 0.005269193
120.93171 2138.9988 240.8174 568.02484 0.005243513
320.63483 1651.3363 339.22885 693.4896 0.005236655
311.60956 609.02594 616.0583 1190.3909 0.0052349637
499.69733 1637.6104 474.7007 1382.2535 0.0052276785
429.1947 1626.8997 432.94812 722.8514 0.005226806
259.09204 1877.7069 511.30212 789.83453 0.005219774
279.49893 742.8918 541.72736 669.854 0.0051913946
426.88895 1480.5858 236.76283 385.01123 0.005166513
293.44986 1318.0481 505.7402 733.7904 0.005165028
202.65887 1977.2537 141.41595 271.976 0.005163374
281.72974 804.4409 296.62238 444.4066 0.0051548453
115.41351 2488.2502 228.84941 319.26736 0.00514026
125.24722 2144.9575 250.1656 963.2618 0.0051231626
179.71582 1795.679 357.27798 1222.6412 0.005106447
255.2449 2037.3834 510.02713 693.8577 0.005103187
84.282585 2035.8486 167.51779 380.32425 0.0050942567
331.498 1967.9055 446.668 585.2923 0.0050907996
186.82724 2427.9426 371.18893 438.18976 0.0050771604
106.12493 1765.8566 211.48384 566.18427 0.0050707306
604.6523 1400.3365 278.48517 593.8862 0.0050675534
338.42804 847.15784 445.34888 530.86816 0.005060135
300.8754 804.2488 592.27515 827.3024 0.0050538396
372.85358 1637.0231 311.55673 530.7484 0.005037956
198.35358 2041.3551 393.89307 679.3644 0.005024963
76.31706 2274.6792 152.67343 702.8123 0.0050171018
161.95747 1055.621 327.9365 1987.0494 0.0050127045
276.92294 753.3112 236.31865 295.91504 0.0050063757
567.92206 1821.6855 320.714 549.55743 0.0050000353
383.2152 957.5294 343.7764 476.193 0.004990614
465.55765 2106.852 267.61917 438.1814 0.00497988
63.284855 2067.2598 126.282455 375.31998 0.004951542
99.99903 1361.2145 197.36824 393.38647 0.004907757
352.76617 1845.9132 203.062 321.91238 0.004863068
300.38873 2078.521 599.68445 689.33466 0.004823993
373.49445 1366.4391 754.7572 937.086 0.0048237187
365.93015 1032.1123 168.60071 174.22084 0.0048222146
747.4487 1818.6135 66.618484 122.70216 0.004789784
300.35873 2035.5149 610.0294 803.1522 0.0047813337
478.60785 1634.7399 491.12497 1719.8362 0.0047517624
379.21954 805.0307 577.5015 783.34973 0.004742374
397.32083 656.07275 791.5537 1311.0834 0.0047421562
624.4724 1485.7998 311.3672 804.07654 0.004720132
183.41061 1587.2892 364.6438 2088.5923 0.004692705
556.7247 1657.2614 430.81418 1341.5253 0.0046514706
338.8872 1068.6669 281.58072 259.67108 0.0046434808
311.8029 1394.8153 169.875 501.41684 0.004642591
208.29013 911.7188 404.75037 779.32227 0.004633737
621.04517 1299.1244 231.09515 420.70215 0.004596642
511.45242 1810.962 346.6367 804.7528 0.004553461
93.05201 2151.9011 186.40047 932.30133 0.0045503173
458.39325 1909.4755 418.20187 981.0655 0.004517877
411.16953 1427.1438 405.82104 1568.0281 0.004506677
652.7149 1745.9482 159.99207 321.85022 0.004496356
419.85757 2425.1277 829.54553 487.33386 0.004486832
26.63331 2246.5046 54.03882 407.14886 0.004486559
170.21483 709.4202 137.48805 245.44792 0.00448565
287.26385 1431.598 159.49861 489.2152 0.004482216
209.35855 526.3344 417.33112 1033.2202 0.004474572
170.42929 1066.6445 337.72675 982.32605 0.00447369
584.5892 1890.9445 297.93048 640.1326 0.004473221
574.32996 1521.7826 395.54587 1102.986 0.004450291
330.73087 1037.3192 318.73022 429.87686 0.0044389796
419.83322 1751.9406 299.09247 749.5971 0.0044369632
546.66815 1613.1737 445.72244 1412.7075 0.0044187056
597.62103 1420.0986 254.08922 527.907 0.004417831
349.27017 2383.1135 705.5157 552.12695 0.0044097113
208.43387 1283.0153 418.53317 1025.332 0.0044021793
102.87715 1371.5627 206.20358 485.2008 0.0043820306
5.5844264 213.75967 11.424724 420.23312 0.004364309
60.11553 280.27625 121.009544 556.09937 0.0043566492
185.45741 325.66855 368.39923 646.09827 0.004344172
365.45566 468.72864 736.0549 940.82086 0.0043363334
325.75397 1877.0353 248.32497 375.15347 0.004326411
269.99182 775.27795 281.59042 365.88055 0.004325536
84.288734 1059.31 154.30833 402.37564 0.004321712
14.927674 1593.7631 30.10976 2088.0815 0.0043196566
51.505585 1910.182 103.44051 1078.8103 0.004311518
386.37427 1522.9429 413.56772 1201.4321 0.0043081623
228.88992 401.61172 457.77274 797.99896 0.004307806
727.9061 1585.249 134.51398 584.00354 0.0042814394
474.83426 1689.4509 449.93805 1513.7263 0.004279862
371.8608 1971.2046 380.08447 615.40607 0.0042797485
311.8453 1439.4357 414.3347 554.57043 0.0042789318
299.6745 798.42523 541.5357 543.18146 0.0042736856
311.4386 1632.9509 207.4569 829.9895 0.004271861
390.82205 1571.2853 457.16144 1217.4425 0.0042645964
52.163628 2018.1339 103.986786 260.0359 0.004255316
5.6520166 2188.0178 11.996977 364.32584 0.00425221
46.23835 259.06683 93.01543 512.9973 0.004249679
16.804325 2390.9575 34.38614 521.37915 0.0042356662
282.7083 1879.0679 369.39935 460.6981 0.0042334143
375.33994 1178.1097 346.74097 759.99963 0.004231033
103.759476 1268.0886 206.81436 1307.0898 0.0042083743
102.42626 1805.9924 204.18732 952.7121 0.0042004324
732.6268 1744.5793 122.536125 279.05374 0.0041930336
330.4473 1180.8441 282.4356 447.7273 0.004191029
337.27283 841.69037 663.13385 905.4678 0.0041863034
280.48218 1504.2885 212.37448 1053.12 0.0041612005
584.1887 1751.8268 243.93903 349.63937 0.004152691
639.8722 1418.1866 290.50192 924.5809 0.004150796
97.766685 1047.2262 188.47293 354.01483 0.0041402387
691.2934 1365.1136 113.86199 193.70985 0.004138625
470.81888 2087.6472 156.62712 297.1914 0.0041207033
203.14053 2123.1372 400.19202 694.56665 0.0041113566
432.23065 2017.6172 383.3389 772.26526 0.0041100816
273.72336 1007.62067 612.7493 1385.6652 0.0040952866
608.3668 1808.5116 315.4587 575.86755 0.0040877126
441.03497 1686.5923 305.3314 521.75867 0.004087703
634.2058 2017.3313 204.82443 356.9195 0.004079765
79.35195 449.8923 157.8911 905.53955 0.00406881
318.04672 756.83307 632.212 748.78656 0.0040602456
56.271206 2453.306 112.896904 394.70654 0.004051447
431.36713 434.88312 869.7271 870.7562 0.0040393355
153.11871 316.76175 306.01575 632.01294 0.0040343283
369.85928 874.3791 200.8684 282.34137 0.004031861
585.58594 1764.7451 288.38528 432.58612 0.0040262355
530.4176 2150.9648 159.17969 250.4913 0.004020435
480.58966 1955.0172 252.96939 608.7956 0.0040180963
542.5419 1680.0579 437.6909 1514.3086 0.004014316
537.0274 1753.4354 141.19333 261.76306 0.0040134485
52.190903 2336.4678 104.89566 206.48378 0.0040134406
537.335 1922.639 412.39105 881.1562 0.0040018857
203.18306 782.52765 400.8777 799.49225 0.0039966414
229.09045 1585.3462 129.6431 270.66168 0.003993386
404.02823 1777.2578 334.7394 781.62836 0.003973385
333.23697 1576.2549 196.4357 380.71683 0.003968789
330.5264 1274.1941 273.11472 758.14795 0.00396145
80.27323 2151.4246 160.54108 978.49426 0.003952005
104.43205 1498.0515 208.96222 462.3115 0.0039500156
20.25397 320.82568 40.723633 643.6326 0.0039489446
478.73965 1972.0599 209.2569 371.17642 0.0039369217
255.71109 606.1343 507.65222 1198.768 0.003921177
4.233042 1335.7656 8.563405 1436.0319 0.0039101983
78.27765 1096.7675 162.4585 2082.4712 0.0039030656
56.565212 2042.0138 112.08409 234.62363 0.0039024688
5.662463 2243.133 11.825068 750.48065 0.0039009785
355.74963 987.2669 353.96616 567.61804 0.003896125
448.81262 1141.1346 477.24536 730.21216 0.0038932168
207.75465 784.2017 410.6074 806.0035 0.003892579
427.7038 2375.9622 837.6859 584.04834 0.003874881
4.1535263 1440.486 8.661884 1747.2107 0.0038742775
690.6478 1872.2725 206.23688 561.35223 0.003873188
390.06888 2077.3477 295.65665 667.2258 0.003871998
102.85647 1820.4559 200.58931 433.09714 0.003864907
305.5472 487.96323 617.2351 985.52527 0.0038622941
35.88302 2216.4387 71.828896 780.3619 0.0038455604
568.41235 1251.8734 355.94336 797.7799 0.0038395042
7.2205076 2343.1277 15.178309 606.01935 0.0038390667
426.1201 614.7134 855.6132 1234.9691 0.0038365235
10.866374 2066.517 22.07284 1174.0272 0.0038227655
199.84279 2509.7458 397.02066 306.72348 0.0038183555
101.78178 1474.7081 198.6473 350.25873 0.0037985116
505.26447 2191.1072 205.94576 304.4836 0.0037980876
13.615396 1268.0468 27.362667 1220.5796 0.0037952075
665.1744 1926.9082 237.13008 545.2256 0.0037717568
33.70477 2159.6362 67.56238 593.3987 0.003771536
57.76108 2133.536 116.75926 606.15485 0.003768352
268.31442 855.4141 536.66846 1148.9535 0.0037576319
752.44257 1586.4755 112.584465 577.9903 0.0037421875
364.30716 850.1002 442.57153 587.22626 0.0037296873
190.50185 1014.75195 391.04904 1261.3007 0.0037160497
716.12665 1332.5469 21.046537 35.228962 0.0036770254
206.78864 1307.1785 280.85333 661.69684 0.0036738685
245.34898 1857.7279 341.90527 499.45682 0.0036545487
73.042465 2327.5764 151.0715 634.80237 0.0036515791
233.20589 2013.2792 334.13528 833.98474 0.0036328426
340.79755 1990.6547 253.17314 341.08218 0.0036265703
189.5875 2422.061 333.90094 406.9691 0.0036253438
2.5940104 1350.7007 5.240441 1525.8765 0.003616197
61.34178 1947.7444 121.00786 452.4714 0.00361613
507.91324 1471.0201 529.9823 1649.5526 0.0036145258
487.81824 1407.9364 507.56598 1512.6271 0.003612795
123.05344 770.6969 239.96593 378.7477 0.003611163
5.0998225 1947.242 10.718905 1360.4197 0.0036094943
594.6296 1373.7971 321.4064 635.2763 0.003599074
283.18057 1035.0657 445.84906 745.922 0.0035946902
60.70113 2049.5208 120.47607 383.42096 0.0035911892
546.1939 1742.6732 457.54016 1697.0167 0.0035845377
438.36542 1357.0273 428.7996 728.59265 0.0035843044
682.65564 1948.2719 147.50587 244.87656 0.0035791139
413.79578 784.2458 264.23938 403.67786 0.0035773811
14.361449 2071.2317 29.274963 868.0758 0.0035764906
14.444412 2242.9048 29.456583 542.27466 0.0035688076
314.3578 831.3777 232.20757 339.48242 0.0035601282
2.316238 1503.4414 5.0685983 902.41864 0.0035598595
181.53743 1970.9728 286.50085 828.3673 0.0035571267
61.449253 1065.659 114.66403 402.55377 0.003556929
596.493 1908.5697 355.29626 772.72577 0.003554557
573.33655 1363.4971 357.14563 800.9359 0.0035342248
417.90607 1347.0922 465.00885 926.8942 0.003519762
215.5121 2139.7246 471.20416 998.07166 0.0035037396
43.07834 1997.2443 81.54413 291.66776 0.0034915907
428.75732 2535.7664 847.4761 268.0324 0.003477444
518.55115 995.54065 198.58073 352.86942 0.0034773499
437.77264 1632.778 244.49504 441.99844 0.0034761208
499.70383 1271.115 472.85077 654.3839 0.0034756646
781.9339 1541.5175 169.53328 698.15375 0.0034662008
751.47894 1588.4193 112.628296 578.6815 0.0034518647
182.2395 849.2667 341.29337 523.19885 0.003447919
126.13293 2525.1724 249.27037 236.69585 0.0034366776
619.7761 1763.1432 328.1448 969.43713 0.003436415
5.4795175 1978.3297 11.45058 805.0473 0.0034352539
303.76657 2465.0347 633.68945 399.76007 0.0034271292
21.66133 2523.7695 44.35631 245.86418 0.0034247607
635.5299 1747.8262 300.35233 965.05347 0.003414789
88.25696 268.89932 183.39795 543.46014 0.0034030296
55.999577 395.99033 113.70204 344.84454 0.0033962897
351.84753 2059.6948 179.41818 312.74377 0.0033865003
576.324 2127.426 327.69897 595.48303 0.0033845373
198.28166 2425.572 376.79434 355.95078 0.003350817
630.79376 1752.46 311.54764 884.1052 0.0033373525
42.612156 2538.2483 80.80078 153.18689 0.003325973
382.24374 828.3215 185.3791 242.34586 0.00332224
262.90112 2313.9604 305.49542 412.66736 0.0033181515
6.3760123 370.00034 12.906549 743.433 0.0033138585
31.543602 2393.8127 64.10035 495.64575 0.003307123
230.08812 396.47168 466.7985 799.72876 0.0032794275
83.925255 1330.8246 180.18085 1154.5822 0.0032785563
618.03564 1690.4724 339.97144 1382.094 0.0032775002
205.59038 2216.2595 146.82635 189.23834 0.0032772229
77.78704 1306.1737 147.84259 326.30002 0.0032742694
85.30751 154.21458 169.77388 299.11432 0.0032721441
92.707466 1022.5965 183.54216 392.93237 0.0032690242
215.71693 2491.2788 427.96106 313.017 0.0032648444
356.61414 1449.6879 234.00754 557.42566 0.0032586993
644.23456 529.60754 444.2413 1069.769 0.003245928
203.90787 743.02234 407.09998 707.6474 0.0032457537
41.707733 2314.5698 84.676926 603.5091 0.0032387378
613.7314 1645.5292 333.3742 1357.7067 0.003233305
27.62719 1058.998 55.627472 464.23322 0.003229728
170.18634 1747.0345 363.32343 1763.3092 0.0032236194
569.60095 1904.0197 296.92926 857.6148 0.0032229868
549.51434 1975.9069 407.0008 900.5918 0.003213179
276.11 1272.514 132.03445 327.94052 0.003200642
4.1363125 2058.3208 8.944978 423.32202 0.0031971482
580.7439 1302.7339 321.08075 687.5558 0.0031916287
3.115103 224.04816 6.8297076 293.35458 0.0031899002
305.97968 1848.9238 139.80402 294.10474 0.0031838287
34.429577 2512.1765 69.10269 270.49347 0.0031719215
150.04561 2521.9983 184.14656 225.24275 0.00315238
519.5994 1555.7477 363.6909 600.1475 0.003152028
538.9604 2169.6519 281.5431 489.0245 0.003138929
6.640383 1747.4429 13.664013 537.00226 0.0031365843
861.26044 129.03563 21.371645 262.34943 0.0031360611
249.37054 2477.3975 504.14685 365.8073 0.0031210675
270.88287 2446.5098 554.6756 429.195 0.003111485
108.23588 1557.022 174.60808 514.5534 0.0030935868
336.58286 1035.3594 622.84955 772.24677 0.003076145
233.69272 2484.1384 399.38632 312.80865 0.0030741815
613.9392 2017.8131 206.83302 375.3594 0.0030692897
663.12244 1841.5437 235.70348 523.1776 0.003066051
12.461568 1703.6605 25.073036 660.8767 0.0030636368
21.832962 2307.0933 43.294067 264.67346 0.003061571
352.16428 2250.4294 161.88219 299.21353 0.0030605828
65.724724 2470.0393 127.001335 204.36526 0.0030526912
62.602295 2395.6584 119.88995 259.14932 0.003039641
57.88965 2269.6462 112.7958 309.33752 0.0030326217
1.4239118 2153.4885 3.2234902 811.7203 0.0030323395
332.74014 2514.0786 693.77277 310.59055 0.0030320438
15.278328 2321.7825 30.97309 287.22458 0.0030305323
724.0304 27.434658 292.54263 54.0552 0.0030237972
569.6991 2033.9254 456.4833 1465.7648 0.0030207715
592.19525 2046.3236 421.93594 1788.1631 0.0030140164
7.9726143 2499.2664 16.974415 319.87833 0.002986467
11.38697 495.3471 23.380604 333.63373 0.0029819456
261.50388 999.88495 328.72583 914.8827 0.002980242
351.81787 2300.28 419.33127 431.24847 0.0029674934
305.3852 1913.8341 134.2407 276.46307 0.002962654
4.134683 2234.0237 8.575859 507.30057 0.002960573
51.300022 2123.0134 102.076935 344.03613 0.0029576581
591.9888 1189.5924 270.30658 483.75098 0.0029454231
45.15871 163.7008 90.7093 321.3782 0.0029427174
2.7687922 2385.5605 6.304266 413.2727 0.002941337
13.214878 2390.8657 25.819725 319.20892 0.0029407663
397.66528 1332.0657 791.27124 2627.4873 0.0029323979
140.56442 2524.3027 277.85226 232.12006 0.0029232025
18.124718 2494.2336 36.573273 338.57028 0.002921014
287.99097 1950.8861 400.91025 347.48926 0.0029185237
45.990532 2146.318 91.188194 379.29257 0.0029126725
31.334415 2395.4895 62.741432 299.62488 0.0029099444
791.94745 2186.999 163.30618 650.3125 0.0029072864
358.08688 1210.2689 713.4641 849.9276 0.002886718
1.1973019 1999.1864 2.8114421 867.3175 0.0028854103
492.1799 2281.7542 224.5569 389.48615 0.0028796757
37.57896 2529.6406 59.981895 175.33357 0.002877925
739.87726 1532.3177 93.30296 267.33783 0.002876553
96.4483 2572.1753 190.37135 198.60905 0.0028695671
526.89923 1298.431 124.52296 233.72986 0.0028659129
20.3354 1728.1318 41.358833 562.99347 0.0028632393
248.73224 619.1597 493.9164 493.1026 0.0028541596
389.12866 1580.654 300.75827 581.03406 0.0028498133
765.22363 1458.0052 199.75027 826.28015 0.002845969
434.48788 2016.8191 151.18149 262.063 0.0028414908
24.73852 2498.1277 49.05755 332.6994 0.002835946
613.2023 1861.5349 182.68118 376.38263 0.0028312558
338.91278 970.4069 646.61646 759.5409 0.0028272911
822.5472 1467.1162 91.71862 813.36414 0.0028266152
65.98112 1995.3082 108.01076 213.93813 0.0028234315
715.21545 438.1919 307.59634 883.499 0.0028098405
756.49316 1742.6636 206.81686 938.5681 0.0028074605
448.0445 1637.8867 152.89413 308.41077 0.002806533
582.8137 2221.2651 341.68484 776.7786 0.002805136
6.5672603 2369.288 13.674798 341.49274 0.0028026188
261.09528 288.5691 528.5185 579.6745 0.0027963903
464.3315 2146.7383 142.41354 266.80984 0.0027938557
1.823499 2162.4683 3.7977138 964.92 0.0027827108
305.0022 741.5937 151.752 182.76247 0.0027779804
286.0901 728.6919 575.40344 665.8607 0.002773986
120.17831 591.2385 240.25294 578.45654 0.0027719236
197.13023 345.4673 404.00717 693.33026 0.0027665445
40.824043 2529.2107 71.39658 161.28738 0.0027609891
250.94962 2491.8167 521.15643 328.23123 0.0027489054
34.0743 2518.2139 65.03047 253.26314 0.0027426798
436.4768 1867.0261 103.84965 220.44138 0.0027346525
486.58926 1447.9606 562.3556 1294.9979 0.0027293193
24.456705 1023.90393 50.17842 889.19727 0.002726791
408.85153 1531.4471 169.77888 280.8595 0.0027192868
695.0458 35.173992 351.9312 70.93575 0.0027187734
499.07428 1555.6759 532.25366 1569.0768 0.002717154
232.98267 2342.7957 342.753 266.44925 0.0027171257
1.585009 2095.3591 3.6621013 503.02448 0.0027122549
76.30164 1872.86 136.9416 300.18253 0.0027058932
111.8117 262.03558 184.66597 255.25925 0.0027016478
96.07548 1029.5226 188.8194 380.79175 0.0026961444
746.5906 2490.0132 235.67479 362.84314 0.0026955123
659.38165 1683.7047 277.31158 919.4024 0.0026929714
203.55417 646.5378 413.51126 559.5698 0.0026911292
2.0342352 265.56598 4.4288135 528.8677 0.0026876836
348.68927 2052.7754 534.1166 594.6941 0.0026670648
366.26263 2609.637 747.11304 162.43358 0.0026624468
549.77594 1661.0918 144.42046 195.64825 0.0026567816
632.4578 2570.0 203.18788 189.2361 0.0026566403
555.2493 2044.8174 136.12933 254.80994 0.002656467
743.34894 2484.5454 243.05545 374.61578 0.0026530027
654.3723 33.266052 446.11597 66.63862 0.0026444772
829.59674 2285.719 81.824585 761.134 0.0026418034
633.5781 2131.6216 382.80084 1568.7318 0.0026375065
306.57568 1876.0067 148.43384 253.60675 0.0026350215
428.76993 2045.5472 164.59315 319.68088 0.0026344287
785.9256 2284.8071 161.77214 478.3453 0.002634237
177.79907 2552.9866 173.00351 172.9816 0.0026277981
144.9164 2448.6636 274.54584 512.6427 0.0026265236
18.421392 572.5932 37.309475 579.8286 0.0026265061
660.42004 1778.7633 156.50566 248.14557 0.0026240253
342.14722 838.643 679.5186 748.06354 0.002620586
580.40656 1108.4498 294.35974 585.0627 0.0026188516
1.5375789 214.42212 3.4611406 427.95865 0.0026006734
689.28424 1815.083 233.88937 842.14435 0.0025983835
131.97652 2316.9048 175.663 207.66759 0.0025960242
670.2214 1663.0537 266.24542 1300.4564 0.002592895
499.90433 1594.5332 260.42203 488.82477 0.0025904397
436.65097 2290.6348 140.70969 262.26303 0.00258915
143.3613 223.8105 284.4137 447.60104 0.0025805421
630.1963 2587.9055 179.46759 158.8306 0.002579309
401.83508 1365.5458 395.73914 873.9886 0.0025743062
0.9010583 2122.3928 2.0576563 780.89014 0.0025721374
589.47314 2219.4624 367.6031 795.8838 0.0025701541
844.71405 260.1829 55.684917 526.6517 0.0025522134
45.8199 2522.9875 73.38282 134.12369 0.002543561
331.16992 2000.8685 254.56638 476.36267 0.0025404466
452.0098 2378.1453 117.388336 211.44794 0.0025362617
435.58047 2408.3127 162.41965 291.24628 0.0025307743
837.3996 1750.5458 69.6892 857.1726 0.0025296828
678.7516 1613.6532 212.43364 501.4439 0.0025286588
582.56287 1617.1791 371.47934 1594.047 0.0025275142
596.6806 1663.2559 220.93471 523.5914 0.00252014
0.75933856 1429.2133 1.7149206 1645.6091 0.0025186015
285.8145 310.06683 599.6741 629.00433 0.0025142448
451.5506 1730.695 285.73044 1097.8253 0.0025104615
815.1537 2273.4082 109.89712 810.3965 0.0025019597
747.35834 2568.4932 225.96217 200.43619 0.002498038
587.897 2468.36 296.34964 388.8097 0.0024880748
239.41621 515.17365 498.62796 951.55444 0.0024858615
1.0479872 2220.0 2.549462 382.15555 0.002475352
61.796654 1730.9196 120.991135 500.06418 0.0024720975
582.0251 2169.5564 406.8434 1137.9862 0.0024705895
2.331204 2484.375 5.282978 362.85672 0.0024701029
454.6967 1312.5339 830.31506 1062.4697 0.0024691548
2.0168424 2099.649 4.405578 382.4632 0.0024688835
5.6383476 2444.4595 11.745732 279.31256 0.0024645706
806.7549 1283.194 128.83386 1387.9598 0.0024643815
769.7089 1428.7793 188.59161 398.7794 0.0024627435
159.8387 1740.475 133.21191 235.77812 0.0024626532
144.38248 1460.7375 125.02069 217.85083 0.002455455
435.49237 148.77643 870.0722 295.18823 0.002453831
804.43646 2373.4663 125.698875 532.6723 0.0024530722
513.4584 2007.2909 345.8247 1051.5067 0.0024515453
352.9018 2440.0552 379.65863 412.94092 0.0024407418
0.7043726 1375.6545 1.5870699 1535.8842 0.002434609
748.3527 1432.593 141.85414 301.89844 0.002434198
533.73627 794.2359 171.14615 231.39948 0.0024205626
428.66586 1600.6736 126.46124 234.72346 0.0024191248
423.7215 1606.1996 360.44272 1282.0292 0.002418506
657.449 2242.9866 408.9293 839.04645 0.0024096211
662.1648 220.00606 422.77856 443.88553 0.0024081178
784.2269 1054.5544 167.1282 425.04 0.0024020108
55.135525 2156.4204 92.63667 260.36176 0.0024005498
84.712296 1333.3892 168.82368 2592.9238 0.0023969782
387.0124 1976.5892 176.77364 342.3679 0.002393436
1.1735654 2239.9912 2.875706 329.56802 0.0023930136
382.39633 2525.0903 751.9479 365.6728 0.0023807678
705.4741 2594.1104 193.56833 139.70299 0.0023746148
472.3082 2266.9165 375.4089 1046.2444 0.0023745582
474.86322 356.78748 557.3998 716.65967 0.002364597
410.84155 1739.4807 140.04193 310.16565 0.0023632904
60.2173 2572.1677 119.128746 179.29855 0.0023622888
30.191118 2248.9592 59.357372 377.87723 0.0023591344
794.6794 2368.1697 141.25473 603.2839 0.002356403
489.1434 2283.8088 120.11011 211.87636 0.002354588
775.5629 2526.4614 161.60538 291.6019 0.0023529374
647.62006 2630.78 194.28789 63.8963 0.002341881
750.36755 1840.4426 163.0949 451.8729 0.002339419
394.64035 1336.2286 784.98846 2612.9338 0.0023388003
494.5213 749.221 275.0783 498.11987 0.002333084
595.4518 1213.1716 357.262 977.4905 0.0023293467
160.84912 1909.8853 232.28523 359.0367 0.0023257104
74.67655 1638.0416 146.90799 380.94626 0.0023257036
100.66572 798.40936 192.76129 467.04724 0.0023203404
9.596558 2581.9697 19.731236 174.18205 0.0023180689
32.694996 2589.6213 61.543545 135.53543 0.0023117298
811.27313 2044.851 119.67166 446.8864 0.002309961
64.78512 2620.8916 128.4149 78.79604 0.0023063712
22.438223 738.74084 45.101196 291.47498 0.0023029712
676.7372 2042.8917 268.27396 901.2556 0.0023029055
562.3886 1709.3422 335.08777 1337.9838 0.00229163
700.76935 1547.7617 231.54129 728.50146 0.0022882149
534.66205 171.72542 337.1645 314.46863 0.0022847522
528.2941 1904.7346 275.32718 517.57684 0.002274787
678.08856 2424.078 359.15765 484.03812 0.0022734078
640.52264 2384.9114 293.84955 547.93726 0.0022684021
399.68878 2225.9749 129.6542 248.58041 0.0022656475
68.40957 2653.7617 136.60593 35.442173 0.0022589422
697.7716 1990.3206 179.46434 402.36395 0.0022512495
694.9549 2383.8235 196.12454 310.34512 0.0022448152
549.7066 2548.5093 194.0338 227.62578 0.0022431912
660.5209 1394.8469 126.7239 210.01686 0.002242739
572.5763 233.17282 243.43095 250.39662 0.0022407358
848.04297 691.8733 48.558086 862.2165 0.0022392385
679.53314 704.05225 384.87546 1437.3722 0.0022366513
531.66095 2267.8855 219.77881 463.82785 0.0022361672
396.93698 39.38999 328.55432 79.25452 0.0022360033
609.2306 2310.1274 311.35782 650.3327 0.0022287513
749.12665 2613.0742 190.47585 103.77881 0.002227637
860.2876 329.0423 23.008823 663.99426 0.002213615
42.649815 2593.7078 81.29285 127.621056 0.0022087535
0.8272165 2137.6826 2.094315 417.33597 0.0022061772
793.479 2343.5815 146.60826 361.35434 0.0022038282
481.38968 574.43207 192.41983 274.64413 0.0022025367
830.5397 1647.7504 79.754654 454.62326 0.0022004794
809.46265 1918.829 125.27836 510.62082 0.0022002251
700.92566 1973.8269 209.30745 530.17706 0.0021994526
829.3708 1769.0065 78.41057 328.88535 0.002197435
503.44766 2431.994 296.35916 397.57886 0.0021935082
587.5948 2585.219 279.1816 167.34116 0.002192853
398.53543 2150.2493 113.00773 218.42339 0.0021883848
681.3091 341.278 380.3831 689.9658 0.0021833188
604.6924 1394.8622 383.30032 1346.4503 0.002174034
711.63715 2142.9646 253.99371 568.98486 0.002171306
393.89807 1334.8395 783.1352 2623.7354 0.0021708524
793.9328 1418.1871 159.2618 369.0322 0.0021681911
762.0279 2562.9294 190.01436 390.8602 0.0021555976
756.25635 2572.7112 201.3191 189.18105 0.002155539
650.45435 1969.7245 311.6024 732.7754 0.0021503076
74.75595 2630.9866 147.85794 72.45738 0.0021466683
402.4474 1333.035 796.7077 2633.469 0.002145057
405.02875 707.14996 825.6458 1433.2867 0.002142088
803.28687 2101.4644 142.48602 322.03677 0.0021411495
837.73914 2058.3687 68.838646 397.76572 0.0021388219
281.3191 2541.163 610.53766 296.3441 0.0021282588
79.682495 1502.4573 160.18665 1841.7097 0.0021166257
695.9131 1610.726 198.83229 527.7933 0.0021163407
474.51343 306.2502 611.0465 615.08936 0.002113722
816.27905 336.1543 112.39748 683.3046 0.0021090445
311.1785 742.83875 627.2521 666.98096 0.0020983168
119.5133 2598.331 234.46349 146.58224 0.002095819
177.85043 1626.5302 371.8347 1642.5455 0.0020923535
336.80542 2538.1772 706.9674 341.98685 0.002090349
814.91534 1819.1572 83.667015 261.74817 0.0020897225
815.7507 2511.0642 91.11499 320.0723 0.0020842012
822.9944 1704.8779 90.58004 357.2446 0.0020823653
466.70135 18.625004 811.24207 38.110085 0.0020823346
537.66736 2510.322 317.3874 371.53513 0.0020814647
110.55359 2603.929 170.62973 99.68189 0.0020781257
446.37228 1522.4935 709.88727 1314.7222 0.0020764205
719.77136 2111.018 175.91205 413.46674 0.002064467
414.2903 2445.988 161.82309 261.49155 0.0020620183
91.12699 1192.3553 133.32938 331.55908 0.0020491488
778.71783 955.354 185.75623 616.88184 0.0020464123
788.6603 2566.0454 144.85197 199.2386 0.0020416619
319.6414 1025.0376 717.6024 1514.943 0.0020338248
363.9208 1943.6478 664.40533 1382.682 0.002033789
524.52155 698.0028 261.44827 433.15082 0.0020284168
750.7246 1790.718 59.052177 190.53581 0.00202502
832.2846 2476.3667 69.06056 378.66034 0.0020227155
762.8066 946.61975 219.75342 842.8648 0.0020209758
139.08482 2662.8335 281.09457 21.209848 0.0020203018
752.417 1744.277 76.764275 248.78934 0.0020171546
248.62177 326.14438 147.17276 219.51587 0.0020134116
506.7316 2568.6196 174.89178 177.21786 0.0020092633
539.88074 2565.5898 334.51172 252.07692 0.0020089278
786.3221 252.04764 175.08731 510.21536 0.00200547
361.85977 1736.2927 134.01703 238.92258 0.0020052409
101.39943 2605.494 201.32785 108.138794 0.0020031654
618.9181 2427.17 432.37762 1005.2503 0.0019973817
519.23956 2394.935 143.26064 213.39613 0.0019912955
79.31573 1772.6206 139.72906 798.65063 0.001990601
321.62286 2574.8481 683.92523 194.72937 0.0019894494
681.913 211.72311 381.61328 430.91202 0.0019816707
514.8868 2302.7979 373.91425 724.78076 0.0019690897
100.1681 2593.3838 195.18208 124.978836 0.0019687843
433.0902 2494.0483 273.71933 318.73572 0.0019602468
692.57184 1273.8832 297.5873 1251.0702 0.0019598
810.9335 2548.4607 101.9029 236.23772 0.001957423
232.01553 1499.9366 370.76868 893.2622 0.0019563893
655.16046 2059.1042 217.59053 466.1744 0.0019545169
797.61365 1908.6755 141.75038 321.32016 0.0019523435
759.90283 183.36246 226.69196 372.31015 0.0019510188
659.5998 1668.3678 364.222 1389.1035 0.0019464921
451.02475 1456.6838 415.76236 989.1284 0.0019454798
159.15222 2463.3853 248.90115 595.22797 0.001934447
118.60069 2609.3213 236.94267 101.75475 0.00193311
692.3214 1979.9246 116.77472 231.65373 0.0019313451
732.49084 2041.7863 160.4685 365.5973 0.0019264303
748.36084 1438.8892 113.26091 268.9221 0.0019243658
606.3531 2333.8667 146.18417 244.43817 0.0019155664
826.7492 1124.3043 86.79894 539.6128 0.0019155189
639.1263 2308.5557 150.87706 246.80608 0.001913895
548.84735 2613.2388 248.47794 115.85283 0.0019136083
598.0044 1585.731 353.27002 897.97736 0.0019108934
560.7969 1598.9128 489.76816 1311.7886 0.0019031452
820.7008 1351.3438 99.58319 396.1593 0.0018942885
259.07922 334.2658 180.9777 266.03476 0.001886628
555.8257 2454.2305 132.73688 189.54034 0.0018759818
362.42178 2643.533 705.525 50.905396 0.0018759731
850.5899 2188.5537 39.249348 491.3654 0.0018710215
184.95834 2608.019 369.6107 127.806625 0.0018696915
823.57416 1565.7996 93.724045 661.5114 0.0018652785
92.307945 2644.5103 180.50798 56.653492 0.0018597036
365.6629 2576.333 559.911 248.70515 0.0018593639
716.81433 2149.5056 119.60098 252.8035 0.0018550687
123.922195 2645.7983 247.09558 55.382915 0.0018506681
825.01904 205.48827 88.14839 420.4581 0.0018497198
131.65294 1787.6573 270.45563 1715.9769 0.0018458861
285.19995 224.83112 236.51945 296.17358 0.0018390835
160.16289 2620.1672 318.10434 99.96573 0.0018387117
786.103 1291.0101 155.74686 545.0613 0.0018378936
752.64685 1488.561 128.2307 350.4643 0.0018083061
571.0723 2295.2053 109.499245 197.38719 0.0018055531
821.3062 2328.4973 88.54745 371.4613 0.0018034066
824.02905 310.02863 89.34496 525.99475 0.0017974081
819.62476 1151.762 106.39266 1007.28143 0.0017944316
354.5387 2623.882 741.19574 102.35862 0.0017910899
528.549 2528.9514 323.32455 307.61102 0.0017878107
806.6512 1250.4111 123.795 310.6592 0.0017782653
119.193924 2620.655 199.1148 80.9482 0.0017756426
33.010307 2626.0251 61.748066 94.152534 0.0017695676
524.51105 597.05725 296.6716 474.95694 0.0017631222
581.64453 2348.2954 133.50633 217.18988 0.0017559788
467.8081 2578.179 368.29477 222.7734 0.0017512685
848.23145 2436.4238 57.946095 397.16705 0.0017494713
107.013626 1449.4839 147.57158 356.8732 0.0017444495
386.8511 2576.443 407.6131 186.31415 0.0017435048
666.44226 2171.524 144.24124 234.83765 0.0017275903
243.07956 1511.692 387.3416 874.20703 0.0017125126
727.823 2124.4565 221.03688 436.36078 0.0017106037
101.10222 1708.3033 122.53995 421.3262 0.0017088789
304.9818 2062.5642 504.85718 928.9362 0.0017086683
700.7717 1941.7128 399.84464 753.03345 0.0017082747
186.87033 2009.1107 376.12112 1002.1273 0.0017031261
126.275635 2030.7072 214.51242 1184.1829 0.0016981184
618.59045 2243.759 429.5433 772.14246 0.0016915189
74.815285 2635.0586 150.09967 73.74871 0.0016909965
95.040474 84.93043 193.37039 161.02641 0.0016891556
257.8581 2586.9673 192.81905 123.46185 0.001688523
347.55453 2644.0535 529.1412 56.695244 0.001686476
263.6653 2601.3943 573.01276 148.79202 0.0016826751
402.68338 1331.5138 792.0489 2600.3823 0.0016814155
388.43835 2604.7866 736.2698 179.65999 0.0016708211
855.0372 2425.75 35.83006 476.9427 0.001668675
438.14993 1704.0934 406.475 1259.3289 0.0016672362
145.36801 1461.0793 127.318825 252.94624 0.0016633279
683.95624 2130.7615 231.49854 423.16833 0.0016606806
720.41205 2062.608 265.4748 438.0186 0.001658189
818.77216 2578.6619 106.91103 181.58963 0.0016456384
220.41005 2658.5156 315.65576 28.096804 0.0016436841
710.9625 1932.4982 246.66623 678.01666 0.0016332888
102.40958 1608.0409 194.12154 2065.1775 0.0016082902
648.64685 1117.2397 363.9749 722.9423 0.0016000455
433.05283 1260.1681 428.8312 846.5034 0.0015936397
189.55788 1385.9371 291.43082 950.2321 0.0015914631
760.3369 1754.3539 84.95207 261.4628 0.001590717
854.62573 1347.8733 33.771126 448.63757 0.0015888641
131.97495 147.34067 270.99234 291.21075 0.001572454
833.48926 1538.2443 76.56353 333.35205 0.0015684211
384.70102 1398.372 718.4888 699.09064 0.0015531147
795.09845 1601.5348 134.13855 580.30695 0.0015373725
558.0249 2635.2996 305.00742 129.5398 0.0015339486
0.6644514 280.6148 1.5517561 305.25272 0.0015317497
360.0606 757.7249 747.6587 775.6524 0.0015245832
162.14055 1408.0176 353.12546 1191.1383 0.001524525
304.45282 2623.1414 623.1655 137.51913 0.0015172919
106.09794 1450.6193 211.05763 1715.0238 0.0015081946
828.9566 2378.0322 132.6217 259.344 0.0015022175
174.87875 2633.7908 119.55171 78.516014 0.0014964325
178.75371 1418.7631 404.88873 997.3094 0.0014959353
478.54343 2627.5952 325.49023 98.59972 0.0014812406
473.99744 1632.1711 701.06036 1530.9797 0.0014761946
360.17172 963.80426 760.9601 1125.385 0.0014745705
40.917206 1462.8503 82.30795 1726.6089 0.0014642007
729.2815 1983.593 159.54414 317.65848 0.001463721
855.41406 2219.9854 31.29095 327.24258 0.0014534993
357.6012 1617.4308 696.48724 1144.4329 0.0014529929
383.6198 626.2834 765.26654 1190.2515 0.0014492989
479.86456 2656.8113 250.11357 37.395172 0.0014436129
768.83685 2634.011 179.83434 74.67392 0.0014337683
465.01358 2629.4973 328.2967 126.1841 0.0014325578
180.4374 1694.21 330.24268 1238.8381 0.0014217658
553.598 2650.5386 297.3834 88.66465 0.0014160399
280.85333 993.76575 638.6907 985.2489 0.001412427
781.1379 2036.1415 135.19093 250.05441 0.0014039482
85.097916 1566.2897 164.16943 1935.4895 0.0013869341
373.57565 1495.1621 701.52545 963.1014 0.0013841676
355.1343 2638.6462 152.32281 66.01863 0.0013798316
586.5929 1453.2274 407.48315 1222.6371 0.0013679848
336.70053 846.74 743.76685 1578.8412 0.0013549376
458.87482 2468.8816 701.2522 376.44214 0.0013423414
814.5142 2608.2046 94.186325 125.144516 0.0013416703
278.04752 997.02496 640.58136 1172.6908 0.001336444
858.9862 2471.4165 21.360704 381.2252 0.0012959093
860.88916 2374.8923 19.825903 326.76852 0.001278844
777.57007 1555.5232 110.65984 423.79614 0.0012749156
67.455734 1052.4806 106.3879 702.81824 0.0012746274
851.6245 2461.9604 40.127502 406.48065 0.0012570161
216.93333 2117.9255 352.16003 933.29694 0.001256761
638.51953 1281.7184 315.51843 1177.3496 0.001248264
841.22205 2607.837 53.251255 166.75978 0.0012029468
281.2035 2505.7922 466.52283 353.89282 0.0011629155
98.12821 1564.5029 192.04144 1930.6332 0.0011049607
867.23566 2422.764 6.8509426 414.95944 0.0010860701
366.08527 1584.3441 755.38245 1062.5936 0.001075467
357.92038 849.43396 769.64514 1584.1809 0.0010557254
361.22842 1578.9506 705.3045 808.89087 0.0010417114
863.6832 2545.418 13.288654 239.6553 0.0010400336
831.9513 2638.6646 61.81549 99.55967 0.0010385104
364.19553 1575.2251 668.5236 996.8396 0.0010313086
431.0821 1072.023 703.07983 1045.4696 0.0010228184
865.7369 2461.2754 16.645607 374.85388 0.0010149378
852.79614 2630.1497 30.46171 85.77678 0.0009854311
372.69742 1540.0671 743.1795 1002.89874 0.0009808242
386.10718 1460.3627 788.8229 951.69116 0.0009600734
855.66376 2625.3623 26.524446 92.619156 0.00095553073
415.69025 785.8175 637.8774 643.2973 0.0009298974
173.7156 561.4128 391.80124 923.01404 0.00092945975
382.10446 2215.503 525.6614 937.8637 0.0009194201
402.76065 1887.6049 596.302 688.7094 0.00089377176
849.74023 2631.905 31.513348 162.5152 0.0008652444
861.22656 2598.1194 24.175785 152.37589 0.0008643788
369.6261 789.9117 768.8597 921.04016 0.00085670553
389.1904 2668.235 670.33905 28.81586 0.0008308783
496.80188 1332.6798 499.44604 762.62683 0.0008275636
321.3423 472.94684 716.6021 1086.9873 0.0007834507
862.23956 2618.8784 20.008856 125.72541 0.00078315474
636.6025 1528.8018 380.8396 684.07794 0.00075130595
630.26495 1821.5264 417.44785 946.5902 0.0007503354
410.96323 2059.351 606.2341 687.9405 0.00074612885
435.7091 1529.1862 584.14825 803.35504 0.0007419526
447.04916 1241.3992 592.87634 687.3145 0.00073632743
378.84125 454.6903 758.6527 938.35675 0.00071201974
579.27045 808.32635 560.2122 658.9481 0.00068946567
410.79678 1902.3999 786.66864 975.9242 0.0006569317
752.7714 1998.1843 365.8287 449.55234 0.0006568118
311.74332 1547.3009 674.2888 985.99603 0.00062971684
361.8602 1313.9088 779.09534 799.99976 0.0006164511
324.15283 1495.4742 728.03467 1096.7856 0.00056615943
365.32916 1468.1768 693.631 1123.5918 0.0005630345
500.79877 1427.3811 526.02716 821.8003 0.0005623593
712.58435 1701.2787 404.2259 487.13248 0.0005512039
398.97778 1036.9132 822.04944 937.06384 0.00052774063
395.6261 879.825 810.5215 939.3757 0.00046987817
375.62054 982.93475 789.3981 793.37305 0.00046500625
674.5816 1422.1406 484.3664 846.01935 0.00043497616
359.60373 1246.6692 773.05597 941.63324 0.00039654042
