489.8245 1143.1531 970.18005 2233.6982 0.8685678
907.4112 1426.5846 177.71458 179.95625 0.11936974
442.65347 1275.8739 782.3766 1528.3884 0.0548908
446.82608 1354.8861 736.1722 1376.889 0.05350764
467.75275 1769.7213 912.6472 938.62244 0.03447259
875.5299 1425.6068 108.41912 174.58498 0.032587927
760.11426 1632.5889 461.4899 604.7894 0.031047065
443.03137 1214.7794 679.52344 1056.0703 0.027300442
463.44568 1420.5188 888.9211 1530.8328 0.027195327
428.52826 1125.7941 717.38666 1246.8346 0.026476098
491.1567 1143.3799 966.5731 2226.1096 0.025266595
450.70984 1596.1163 857.878 1203.8597 0.025153574
742.33606 1671.8328 492.15527 679.17163 0.02506223
795.2592 1527.7672 394.52563 392.2587 0.023591088
454.81815 1295.402 607.91266 1086.2534 0.022893604
661.17834 1698.5769 653.4934 734.1133 0.022678979
413.42374 1091.9313 738.1487 1426.8198 0.021421677
470.20956 1216.5542 605.3541 925.643 0.02105801
703.74963 1708.9512 576.7824 758.05096 0.02021377
433.3082 1720.3931 824.6278 895.0035 0.01959183
439.5216 1199.715 727.3876 1398.7527 0.018906897
527.8866 1699.259 881.69464 770.34735 0.01888494
431.52277 1701.1866 790.78394 843.8678 0.01836086
460.14606 1644.9004 703.9331 821.58563 0.018211864
439.3263 998.7577 818.84155 1384.5054 0.01807088
438.56033 947.09973 813.93414 1276.5631 0.017219894
436.1835 1572.6996 762.4612 1011.4262 0.017212857
710.9921 1584.2346 193.41757 229.1594 0.016832734
503.7693 1194.4603 721.68164 1303.9685 0.016437365
707.9625 1728.6348 566.915 792.59406 0.015744535
667.2525 1732.1722 317.04788 547.7104 0.015483965
408.73907 949.2512 267.82742 312.596 0.015287121
623.14294 1750.3824 723.2727 832.2739 0.015159762
509.20364 1536.9391 661.46356 996.22736 0.015078886
446.92786 1054.2411 381.78174 539.9822 0.015073754
467.95636 1128.5728 442.39267 681.4434 0.015024313
837.1005 1502.0353 321.846 338.94482 0.014758614
458.86862 894.7674 882.7366 1273.8746 0.0145787755
395.50812 998.8615 628.11316 1044.2655 0.01426195
728.8865 1565.2891 155.16824 183.4488 0.01393463
313.97983 1249.2582 600.5738 1906.629 0.013913869
832.2601 1509.719 329.0604 353.13538 0.013903248
391.45154 1033.4902 660.23047 1090.9106 0.013695588
688.50287 1596.0604 238.02676 260.19266 0.013410622
680.7903 1658.6224 273.65573 398.2404 0.013270354
473.99197 1577.3904 915.04565 1321.3788 0.012975784
857.0322 1468.1793 277.15356 271.1108 0.012708012
709.31116 1720.9631 566.26654 773.67487 0.012624324
507.2889 1282.6149 709.0818 1168.0287 0.012459272
325.09308 1278.5712 601.12164 1533.0927 0.012439954
414.21658 1610.1934 782.20276 1237.6036 0.012388265
568.23785 1738.9061 764.9322 852.11237 0.012309752
415.18216 1202.749 500.7366 846.1886 0.01223633
544.5553 1385.8142 563.078 1183.3219 0.012155429
497.22092 1635.3296 600.1716 754.9576 0.012144543
62.482506 1199.8958 120.796455 1097.9755 0.012077145
558.55786 1389.7303 625.93555 1234.1537 0.011986342
339.51065 691.5425 247.93736 284.641 0.011777144
533.71936 1231.1503 665.84564 1044.7081 0.011760507
410.79465 1061.7188 541.08124 881.80835 0.01172875
572.19653 1690.909 562.3495 709.5185 0.011686532
422.28607 1001.66144 722.02515 1117.1427 0.011665951
487.55872 1386.4282 290.16907 259.67905 0.011658691
484.78833 1285.9198 472.97824 958.29034 0.011588117
457.76733 1257.8173 838.5375 1020.8327 0.011468035
409.40256 1659.6432 572.69806 783.4035 0.011324758
414.94922 1514.0085 766.5497 1413.734 0.011173042
413.88416 981.2851 336.86487 404.80255 0.011129793
513.8674 1159.8296 725.4492 1298.7725 0.01103191
404.9008 1397.0156 538.1859 1534.1566 0.011004641
531.18335 1139.4954 586.56476 742.57526 0.010959459
477.98694 1489.7825 866.2979 1272.6654 0.010789696
618.4925 1602.6381 721.53326 568.03314 0.010578366
444.67337 1530.5648 386.37207 528.61755 0.010453315
390.44363 922.17255 730.71326 1275.4668 0.010443814
530.18744 1413.3812 701.7867 1267.912 0.010430975
393.47495 730.0287 138.44891 182.04958 0.010318638
548.4099 1515.8771 584.2078 1013.33966 0.010232595
413.99124 1342.3107 502.84772 1111.2875 0.009997705
421.71066 1324.4874 612.98755 731.8351 0.0099896
701.5461 1562.2827 574.3848 466.26 0.009969634
548.74384 1455.365 667.1852 1250.475 0.009916638
544.8342 1448.5079 501.44244 746.94977 0.009901289
548.6746 1391.888 226.16174 258.87805 0.009807108
383.55978 1095.2838 579.31555 758.6474 0.009673172
424.7203 1405.3524 458.99634 1268.4623 0.009606549
473.5318 1506.0577 565.62537 547.6291 0.009441676
754.4896 1689.2051 481.5078 718.54285 0.009404599
818.918 1553.2097 354.1097 443.6785 0.009360275
586.3047 1395.0868 130.32054 168.16257 0.0093394285
492.50882 1307.075 527.383 965.7853 0.00917579
562.5916 1683.9342 566.10944 700.4528 0.009097009
422.26642 1050.8008 678.0985 1155.5215 0.008893154
908.176 1424.2137 168.8351 174.77971 0.0088048475
496.4869 1664.0303 936.19055 690.6222 0.008760862
467.81747 1376.5453 546.08875 1160.8784 0.008718977
396.28586 1740.3523 171.16963 159.72388 0.008705317
543.49054 1351.361 711.38794 1263.7056 0.00868505
483.968 1077.852 735.52637 952.11725 0.0086685615
364.23184 1543.7289 624.9502 1009.3547 0.008665636
581.8926 1497.107 610.2583 1079.5646 0.008651769
432.8029 1396.4738 489.48257 672.54846 0.00863663
461.82574 1227.3309 880.59894 1030.9612 0.00859932
352.47342 903.7537 454.20764 600.0713 0.008587673
468.64816 1348.4006 420.5982 1045.1677 0.008585364
563.6956 1466.9601 712.27435 1225.2877 0.008551338
384.64764 2057.4434 363.24573 200.10303 0.008549155
510.15146 1117.2488 460.442 652.6427 0.008517124
492.8968 1519.5238 432.87073 561.4052 0.008496041
444.18887 834.68646 843.10126 1141.06 0.008478871
466.46436 865.5033 903.4415 1435.1619 0.008455879
539.281 1992.4414 49.524574 58.692192 0.008441678
648.73236 1668.6188 682.88666 680.31976 0.0084306495
385.96494 1734.7382 516.9033 599.58276 0.0084199775
426.2797 1759.5331 251.20343 244.91905 0.008351962
354.70987 1725.4019 660.92505 821.36194 0.008281069
534.45044 1282.18 545.7367 1010.1789 0.008265005
552.86255 1457.6914 510.08972 1082.8582 0.00822369
387.95547 904.6704 663.50214 916.36676 0.008160123
587.22546 1856.1877 170.87328 316.71887 0.008112014
464.62714 732.1426 911.3262 1375.9674 0.008073695
449.9572 1803.5166 364.7854 459.81168 0.008069087
539.48816 1056.5536 758.3724 1076.6462 0.008054049
544.0871 1316.7904 572.95325 1205.4323 0.0080285985
487.69217 1282.2576 325.18433 400.05264 0.00801055
487.6239 1613.926 953.3179 1279.498 0.008009277
370.18387 1868.4996 712.6198 750.90857 0.007946756
289.71268 651.31616 349.38348 384.9305 0.007911924
657.4634 1664.4916 352.44843 658.2539 0.0078056934
326.7985 919.63837 595.47205 1158.7418 0.0078037106
108.25303 167.8183 208.93497 296.9887 0.007725612
111.31396 169.21196 215.35712 301.20456 0.0076850904
521.3231 1387.6682 350.98663 299.27832 0.0076514115
337.56427 1044.1107 628.40594 1458.197 0.007643259
565.5102 1256.3796 687.6028 1045.1217 0.0076177306
699.2486 1375.4814 146.80264 244.55383 0.007608444
567.584 1471.7081 430.047 441.43494 0.00759389
393.0222 1609.4207 465.94717 543.46027 0.007500145
605.71765 1595.8325 744.30115 566.54785 0.0074964445
293.69977 1295.0472 512.80975 1270.6184 0.007478751
510.08215 1407.3375 557.57996 787.84534 0.0074188365
527.3736 1015.48737 727.72424 1094.2568 0.0074115265
645.33856 1554.1302 358.2579 493.03687 0.0074043735
324.85376 723.88245 609.1509 917.6626 0.007393626
598.8003 1390.2692 637.46063 1325.29 0.00739181
352.5985 2036.5272 484.39276 266.91992 0.0073882947
537.0661 1471.7816 544.8871 664.15204 0.00736225
691.068 1535.0269 343.4436 433.4714 0.007339623
294.6132 2093.6118 571.51135 298.2499 0.0072896434
553.4857 1750.1793 493.44293 562.16864 0.007268305
311.87308 1803.983 604.37054 867.66223 0.007250487
355.5758 1133.9031 455.03085 1167.87 0.0072205435
474.7716 1694.0126 116.132 162.22586 0.007196537
515.03687 1057.591 456.7235 536.07056 0.0071815345
637.4616 1563.5049 393.2676 545.33276 0.007156955
470.595 1246.1185 927.15753 1989.079 0.0071525113
497.7524 1254.8308 413.88354 592.28705 0.007128587
492.7676 1702.6002 175.96417 208.99081 0.007104796
359.7155 1530.5691 477.47824 511.6239 0.0070819724
643.47577 1518.3634 354.58252 469.55145 0.007081262
541.2118 1365.5962 649.7555 1505.6147 0.007048787
594.3933 1325.3116 685.8116 1229.5862 0.0070314305
440.25934 2051.0085 258.54907 181.55518 0.0070084627
602.2331 1505.7222 671.21136 1145.6779 0.0069829733
767.8771 1501.471 454.05493 338.7673 0.0069554285
527.26324 1210.1188 578.3441 899.65234 0.006950414
343.8657 1650.1562 587.51227 824.22754 0.0069041457
690.2227 1625.1877 221.8805 299.2413 0.0068805832
334.89246 1977.0834 557.81616 398.0088 0.006865406
351.49356 1925.221 111.22683 233.53474 0.006828135
456.7693 2049.3953 216.83946 167.69324 0.0068138856
365.23898 1603.6166 585.0093 690.11304 0.006764924
239.3403 559.548 456.02438 584.94293 0.0067645046
444.44205 1939.4572 866.9574 643.2907 0.006738342
367.35538 671.8623 698.46155 828.4372 0.006678721
311.05457 1900.5676 594.5165 546.8773 0.006660654
468.08084 1390.541 396.89594 923.3599 0.006658957
726.92834 1558.3702 115.05847 122.093636 0.006654161
525.70734 1769.0804 463.8381 512.5797 0.0066264104
570.6607 1513.5681 579.00604 970.7134 0.006625076
347.55002 826.55664 585.4023 805.029 0.006608211
352.88815 863.6781 168.34479 160.9513 0.0066046407
849.49286 1510.2445 293.79526 360.3179 0.006572146
463.83484 636.9321 911.4501 1203.3917 0.0065586884
503.11273 1081.3953 529.6972 616.7919 0.006552791
455.60022 1459.088 308.72073 361.00522 0.006541393
167.33315 534.71423 139.55313 164.90552 0.0065335366
732.13367 1545.9933 302.58054 404.1696 0.006527451
602.897 1650.4547 123.6959 163.84158 0.006527043
324.5983 772.1569 492.83725 636.94196 0.0064937766
315.4952 903.25116 545.2103 873.72363 0.0064863423
431.2796 1693.3038 324.28235 352.27377 0.0064390297
477.68384 1721.9171 252.8505 246.31035 0.0064255265
812.9369 1629.7568 365.4063 601.70184 0.0063707056
552.3223 1966.2499 105.71668 140.07234 0.006367775
504.64548 1645.514 344.03342 728.1475 0.006349446
386.37204 890.42224 693.48315 1009.4507 0.0063469885
502.49863 1764.5967 379.87692 526.285 0.0063437293
498.69174 1591.2847 966.42444 537.08966 0.0063436753
379.18204 1928.2406 107.330055 210.68134 0.0063307695
615.8805 1643.441 378.01352 363.60983 0.006298984
762.9798 1698.5018 463.43805 735.235 0.006287396
601.8513 1701.2013 182.69295 279.19724 0.006271543
488.47775 1127.6709 755.9669 822.2672 0.0062432173
403.31824 1610.0056 197.87083 242.9945 0.006238246
679.9267 1216.5312 263.677 442.03433 0.00622903
370.90543 769.6548 369.4527 467.25732 0.006213388
379.881 1881.7532 191.8543 293.53827 0.0062054107
427.51657 1946.0131 342.72424 357.84787 0.0061657154
554.5714 1441.05 698.9669 1368.943 0.006155719
548.4752 1200.2913 814.3815 1126.1951 0.006154832
531.66693 1220.758 454.28683 799.6134 0.0061256024
837.5599 1492.0354 313.59283 331.85593 0.006124029
625.4757 1474.5187 640.93335 1033.8501 0.0061237793
844.59174 1570.3135 311.57135 477.8231 0.006087883
640.9276 1434.0591 607.48944 1286.7275 0.0060620136
169.55891 1250.3893 329.6631 2004.5624 0.0060480926
304.76547 862.41113 249.49352 202.18724 0.006040055
164.19902 1450.5159 318.5213 1603.1042 0.006035759
862.7285 1586.0743 275.69186 502.18735 0.0060353815
527.2505 1433.2959 491.81766 458.55273 0.006030652
644.429 1464.6506 599.1382 1216.6089 0.0060117138
350.46835 749.8872 318.7488 408.423 0.0059691924
522.23663 1639.894 355.22302 749.4582 0.0059336675
787.3722 1534.9835 420.88538 413.72025 0.0059082033
495.94995 1359.0441 151.7487 175.20645 0.005889265
345.09656 850.1485 149.07312 131.9438 0.005829102
618.4423 1651.264 381.88025 382.05988 0.005822645
242.46423 1220.5299 474.6259 2036.96 0.005797608
60.062847 1070.2413 114.64398 820.3229 0.0057933405
773.50024 1697.6824 445.73114 735.572 0.005776425
688.0216 1465.6632 248.25542 418.90714 0.0057684723
564.30194 1241.1394 522.5056 897.8813 0.0057632844
240.0524 1346.7555 451.33035 1696.7717 0.0057572406
724.0278 1538.5045 283.06656 403.55692 0.005754015
682.4829 1491.6008 501.44873 1039.3789 0.0057534943
649.6864 1137.6344 207.74687 290.92487 0.0057447506
704.8572 1339.9222 99.16982 165.37166 0.0057413853
643.96674 1815.164 405.769 643.13196 0.00571226
403.34805 2000.0538 792.00653 525.2446 0.005711445
417.89655 1387.549 245.50084 250.66331 0.0057088244
586.30237 1033.116 611.3754 922.733 0.0057081073
236.162 1268.9785 452.111 1801.5499 0.0056877863
392.84818 1403.5132 304.35547 1159.3646 0.005650976
525.444 1768.6228 262.64954 345.0041 0.0056483727
628.4802 1491.4198 424.32913 739.98157 0.005645668
322.37558 790.98285 558.0345 671.3354 0.005635003
361.40942 773.3245 496.81067 599.6942 0.005626398
345.2299 819.5749 324.47937 503.95688 0.0056167515
437.61584 1190.7174 204.99554 218.63522 0.005611646
658.5133 1386.917 543.7707 1245.5973 0.005610728
623.5174 1354.4762 530.5173 1231.5659 0.0056034434
754.1627 1666.8225 472.72614 668.2816 0.005577222
498.59903 1514.7998 544.45374 488.29886 0.005569497
320.92203 705.23627 513.39026 537.2478 0.0055652866
536.60846 1260.2898 258.6581 321.11002 0.0055411733
548.05 987.4144 687.2715 959.8772 0.005539936
532.807 1227.7113 369.20398 443.30377 0.0055364035
517.616 1493.1637 527.14014 479.9421 0.005527975
359.58984 1096.677 385.91064 974.27686 0.005526075
388.66318 1557.0234 358.5317 943.29553 0.005491016
567.557 1056.2113 658.32806 931.42926 0.0054661524
208.33232 1884.2932 193.74803 182.61034 0.0054569864
616.1763 1435.5444 534.6621 663.64545 0.0054366654
359.71747 1837.7506 309.25894 624.3481 0.0054122335
371.42297 1284.305 541.829 461.01758 0.0054098214
283.1423 2046.6708 546.4388 410.4495 0.0054053282
324.20938 1923.7455 141.53275 232.7238 0.00533619
833.5747 1637.3931 334.8184 613.5392 0.00532695
461.5928 1700.4879 359.66803 296.82098 0.0053138556
593.99786 1889.0299 144.29521 234.89638 0.0053021032
282.46024 1920.9886 294.6344 280.05505 0.005300414
489.21274 1210.628 283.2313 260.8774 0.005294602
564.072 1184.3124 145.47006 189.84097 0.0052879564
59.986572 957.9894 114.23362 603.63727 0.0052874167
617.57275 1847.4601 252.81717 348.95642 0.0052860957
461.95224 883.14264 412.2757 614.20996 0.0052393065
690.7765 1096.9065 440.83383 819.24634 0.005221535
356.49884 1701.1705 402.547 940.20953 0.0052176276
239.77982 1586.3162 277.87842 332.0675 0.0052096103
580.40936 1421.5024 411.94327 592.0652 0.0052004005
185.98824 1216.8536 359.8894 1286.7887 0.005198657
566.74567 1351.4579 595.6476 1494.6903 0.0051942915
643.10986 1188.7986 529.5325 929.0371 0.005193929
662.1397 1842.9863 281.03244 375.87518 0.0051853796
703.04346 1276.3915 416.19122 697.1786 0.0051592267
565.87744 1790.3107 581.34705 907.72314 0.005146264
610.63385 1458.5446 488.82608 1012.38556 0.0051443945
402.21924 2009.2053 338.67087 485.52167 0.005096316
774.26965 1223.3773 272.53244 530.2398 0.005081707
689.9229 1370.5112 467.3261 1086.8766 0.005078866
564.05334 1406.7676 517.8789 1344.2986 0.0050600534
674.7772 1141.8398 463.02954 776.5777 0.0050435285
248.65575 1653.3022 482.3064 1188.705 0.0050340304
586.1403 1464.7578 260.83603 371.6767 0.004996573
691.43414 1526.7017 239.40738 378.7616 0.004996291
586.8061 1841.1663 147.78654 313.37207 0.0049732076
323.26938 699.4317 380.90216 459.726 0.0049725682
636.18665 1924.799 212.92685 259.10086 0.004961073
789.8373 1160.0703 387.48404 742.06335 0.004952004
437.7765 721.3982 851.3958 936.24506 0.0049433727
650.4644 1481.1798 653.22705 410.37054 0.0049378565
550.8458 1562.4124 269.19363 578.27 0.0049268007
628.13116 1238.846 304.54132 467.55798 0.0049260505
613.8556 1256.9064 685.9774 1026.2876 0.0049258964
267.6433 1274.3518 292.8932 351.63858 0.0048704436
652.6692 1225.5648 609.47736 916.87445 0.004861529
762.6844 1550.1208 140.40225 190.71924 0.004854408
562.08014 1412.2941 469.57935 1310.427 0.0048446464
443.1467 1214.6907 212.53275 262.2719 0.0048178188
221.0356 1815.2482 428.6119 866.3215 0.0048061567
407.26215 1571.8223 191.05666 238.95746 0.0047650314
587.94904 1141.8436 276.68042 307.95544 0.0047566807
641.5804 1588.2365 363.12787 668.7864 0.004724518
552.9992 1427.4321 362.03687 1129.7816 0.0046560294
482.87674 1322.1942 394.9287 482.40213 0.0046443385
853.86145 1634.3412 299.8292 610.7091 0.004628132
497.92056 1629.4216 366.614 397.37854 0.0046136873
619.9522 1508.3822 666.2847 968.6191 0.004588015
376.7622 1808.523 213.75414 288.98557 0.004585888
591.00653 2021.5588 200.7584 239.8641 0.00458073
581.28564 1406.1763 414.45404 1186.093 0.004580569
467.80954 1991.5428 400.40762 418.73505 0.0045677223
561.96686 1241.4858 317.05902 423.4616 0.00455615
221.99782 1881.0846 416.76187 567.6971 0.004536713
549.3454 1785.614 256.29068 621.0232 0.004530584
762.19684 1668.5233 451.63208 686.1064 0.004526682
487.14255 1882.4048 302.1497 617.5607 0.004513746
590.6772 1908.4651 148.24408 221.56482 0.0045017954
429.2156 1999.761 668.5737 515.5962 0.0044605047
413.25134 2011.5493 261.8782 220.90906 0.004429396
589.8127 1741.2028 384.55835 491.9374 0.0044264803
551.8156 1682.3544 429.02908 542.9978 0.004426119
292.59998 1228.4968 587.8406 1997.3737 0.004420277
277.59088 2075.6365 258.15234 271.77823 0.0044116145
435.4747 1693.0253 792.1251 1129.2571 0.0043762596
721.00006 1443.6787 369.6905 1153.1642 0.0043451763
393.5596 1913.5933 658.49817 465.8422 0.004294569
606.5827 1048.2412 689.7728 1064.9176 0.004290206
198.93132 555.6138 206.24422 215.56609 0.004269304
655.9549 1334.8328 637.0286 1479.6565 0.0042636245
681.81573 1326.7795 556.6342 1191.4636 0.0042489083
397.1684 2002.1915 543.6336 484.07153 0.004244883
590.54407 1502.4664 512.56415 1308.5288 0.004241893
470.46698 1419.5397 874.6709 591.58826 0.0042343168
861.7398 1756.3213 297.01303 848.796 0.0042116526
562.26117 1121.9072 386.92715 582.13336 0.004209859
268.1858 2158.1382 513.9196 210.78915 0.0041815965
639.17316 1416.7816 279.42883 469.9448 0.0041750474
733.29407 1146.635 348.8063 707.73 0.0041568973
422.0555 1310.7936 222.13492 489.45804 0.0041527874
663.45734 1451.8608 325.39542 920.8386 0.004136692
322.03326 2155.1338 248.24593 165.97736 0.004120993
374.55618 693.28235 167.90857 176.7649 0.004110267
688.74817 1716.9406 419.5738 599.95074 0.004110265
633.3929 1366.9271 697.4823 1560.2374 0.0041055093
607.1211 1397.5916 385.46655 1205.479 0.004091929
494.14716 438.4532 967.924 853.65155 0.0040508755
348.44757 2061.819 691.5338 397.03564 0.0040417863
666.18555 1214.7244 515.8444 1026.4768 0.0040237736
632.5048 1878.0603 190.36737 258.56244 0.0040056333
647.0758 1092.7023 147.01503 183.79898 0.0040016766
179.40132 1773.0347 346.2998 969.50684 0.004000694
666.335 1100.1355 510.75436 829.77405 0.0039993664
638.5735 1415.8326 341.91025 763.4869 0.003990534
719.66284 1094.421 393.30157 809.42596 0.003988274
757.339 1763.777 467.97012 867.9856 0.0039434866
695.3667 1353.4728 124.89422 177.83012 0.0039391285
583.7575 1998.5739 378.86273 395.24506 0.0039390763
406.0194 1453.2258 461.0487 407.357 0.0039337045
476.39987 2048.4185 957.7479 447.79004 0.003932552
436.67038 2101.4172 875.9013 331.505 0.0039251754
621.45026 2000.9808 229.34218 296.3089 0.0039098323
586.7357 1410.387 508.42688 1529.5624 0.0038775324
683.8288 1271.4688 407.78146 812.3781 0.0038475154
453.87003 1028.9628 887.88525 851.2793 0.0038272531
349.72784 2088.3828 685.827 347.66583 0.003824064
178.13397 1960.5579 338.97662 544.75586 0.0038076004
172.14584 1472.3127 268.63086 397.16348 0.0037951837
741.89886 1174.3477 356.88336 766.2874 0.0037897143
899.8971 1345.6495 221.53139 395.7251 0.003788397
662.68146 1376.9224 207.35573 300.0578 0.0037780562
594.9236 1822.7219 290.92743 373.40277 0.003775607
504.07053 1945.9825 167.18234 188.1642 0.0037612428
595.6901 1703.0125 264.3106 344.3755 0.003752457
526.261 1245.928 164.0901 146.47195 0.0037303322
565.33594 1413.2637 527.02924 1519.0195 0.0037227694
672.4702 1927.8103 285.17636 372.6059 0.0037210528
814.005 1451.0837 349.58493 565.1136 0.0037207983
604.01294 1419.9932 653.70984 1302.1016 0.0037202167
379.8075 1189.3502 306.60388 538.7228 0.003709393
167.93321 1108.9642 325.52277 963.54803 0.0037060096
716.7694 1499.7239 327.0779 977.48047 0.0037048901
67.05354 944.34784 126.82033 631.89606 0.0036912973
653.0645 1873.9913 228.38606 285.9891 0.0036565703
444.95233 900.47253 356.06967 662.81885 0.0036456494
371.82547 831.60364 403.01947 573.6219 0.0036343047
620.2452 1523.4025 689.0799 1340.7367 0.003632642
421.35645 929.78314 144.29861 178.189 0.0036270027
139.49323 2002.5005 241.00896 504.73676 0.0036208802
675.9458 1354.4054 324.8957 1265.3394 0.0036108852
134.26291 267.12122 261.22705 497.80203 0.0036001666
343.88956 2134.014 178.47878 114.59097 0.0035975298
482.295 935.1601 372.65393 733.6698 0.0035954574
808.37006 1535.2689 378.35074 669.0017 0.0035905817
714.86005 1085.9082 543.34314 1079.5758 0.003576535
360.46637 973.7847 373.227 430.49838 0.0035696712
597.36395 2016.3145 149.58992 179.82558 0.0035439546
477.56198 2089.5706 153.862 159.22176 0.0035360206
274.4453 860.54285 304.7497 367.66473 0.0035352695
385.43173 2089.632 153.8047 101.43301 0.0035309854
482.7962 1686.3075 177.5628 189.96205 0.0035283775
373.40314 930.68616 535.0776 693.525 0.003526408
797.21497 1409.5629 372.60727 893.0 0.0035229714
655.73987 1472.2407 379.37262 1120.206 0.0035106926
119.013145 332.28326 230.28397 630.33795 0.0035096435
111.26281 276.4258 214.86128 522.8038 0.0034959917
814.97003 1398.7379 342.68317 790.8517 0.0034920322
59.581078 1307.5166 109.12518 367.10843 0.0034916522
496.6461 1880.4996 969.9745 774.45966 0.0034694355
455.03516 745.9922 911.4315 987.2267 0.0034686576
440.05984 2088.0461 336.89032 253.51682 0.0034681235
507.5211 2035.1652 118.60349 143.83023 0.0034679163
542.65 1915.5845 544.59424 539.23016 0.0034482582
582.08875 1991.9406 513.25244 534.06305 0.0034374455
482.41147 1997.7262 152.11407 220.84401 0.0034170323
270.22937 1224.5891 253.66022 245.23444 0.0034050515
693.58746 1249.4414 573.4615 1486.9745 0.0033899718
674.0312 1440.1232 254.20604 414.14362 0.0033890277
669.1288 1029.3765 470.06763 1259.6874 0.0033865294
249.90866 1068.1095 401.0352 823.76447 0.0033862717
669.4135 1784.6354 640.1636 940.7697 0.003381179
478.56296 1735.6475 172.88159 263.42392 0.00337139
686.49023 1821.8206 290.48 632.3888 0.0033658398
644.66534 1842.7017 337.60983 615.5167 0.0033637579
549.63995 1345.6572 801.8274 1404.8783 0.0033620414
172.45975 1338.4951 321.73743 766.32465 0.00335535
536.5797 1892.5635 165.29437 198.9554 0.003340123
572.3669 1922.424 107.157326 181.13173 0.003339688
769.9244 1414.6769 405.69604 494.9238 0.0033256281
411.85513 1013.2321 121.10561 168.48607 0.0033115568
508.5428 1854.8506 134.16463 208.367 0.0032993723
352.30087 2087.617 409.5459 434.47113 0.0032911052
733.34534 1729.8025 307.077 579.4523 0.0032848169
585.73004 1212.6067 144.65607 177.62572 0.0032819738
756.25464 1158.7056 469.29465 1120.7355 0.0032783723
854.99854 1212.5688 280.34787 612.3414 0.0032727337
62.6319 1395.172 115.76641 640.5677 0.0032712207
45.37088 1141.8376 84.838745 927.58636 0.003270541
587.6796 1248.9142 419.83603 1116.0785 0.0032539233
476.54752 2111.5613 180.90714 179.26231 0.0032498473
305.8861 2175.9998 399.1633 159.65366 0.0032429767
818.23016 1235.6451 221.97792 563.22095 0.0032381571
945.60004 2082.1775 160.70216 380.94962 0.00321592
688.7819 1850.2463 358.52643 469.70694 0.003214421
809.22253 1184.4922 191.10478 331.77686 0.0031870978
814.01605 1427.3319 344.90005 876.5033 0.0031848112
314.9192 1771.6442 231.45906 245.04884 0.0031759404
111.92383 1983.0062 200.09952 284.72482 0.003163136
129.5371 2106.7156 244.0041 302.11584 0.003146787
742.6354 1268.8903 359.64508 1220.4595 0.003140681
610.86743 1150.8647 587.5239 1229.7478 0.003130415
474.35156 1859.5791 135.30481 167.18303 0.0031116356
287.8211 653.65076 267.09686 223.61273 0.0031099883
710.52966 985.3519 379.49048 721.329 0.0031030169
638.43353 1464.4781 380.31287 1256.2948 0.0030794411
805.2523 1114.3496 366.0584 854.65967 0.0030787971
581.9854 1417.7477 377.65002 1209.9307 0.0030786698
722.9263 1023.4899 350.7346 653.60236 0.0030776293
775.2162 1423.8197 415.16492 781.04144 0.003076228
592.5734 1478.1792 468.2256 1397.7498 0.003075737
161.98843 2198.852 312.68573 136.84134 0.003054921
743.01935 1204.2614 264.87915 434.67197 0.003053054
545.0888 1469.2701 187.7723 241.23532 0.0030522442
293.66202 982.8985 305.87695 601.7021 0.003050724
85.38769 380.0551 157.74521 272.65253 0.003049825
409.31192 1863.3794 398.01907 828.627 0.0030477815
700.81934 1821.8414 251.65123 351.53806 0.003037818
653.78314 1089.1245 142.73605 171.026 0.0030352585
814.807 1771.7891 391.29538 915.4835 0.0030317758
755.17615 1235.1067 299.59366 509.02267 0.0030271902
667.46985 2002.9736 261.9477 291.4455 0.003024956
63.5104 821.33545 120.27368 341.84143 0.0030140022
344.8502 2119.6282 603.3567 271.19656 0.003009927
496.96164 1077.3759 881.65326 961.5618 0.003005453
686.97015 1396.7614 182.97044 286.56717 0.0029957783
982.85004 1378.5387 173.41115 957.61304 0.0029912242
757.0117 1173.8129 414.79184 872.55255 0.002990691
573.5412 2055.906 119.81201 152.41177 0.0029861901
269.13977 2193.4236 495.72134 139.83353 0.0029711567
744.92377 1282.2347 512.579 1749.0115 0.0029690964
470.85672 2075.61 199.02042 309.76437 0.0029676359
362.01477 1106.5237 413.07773 1123.5519 0.0029587143
646.3516 872.6815 167.24828 262.14096 0.0029577045
639.81213 1317.9069 425.19464 725.31036 0.0029572954
419.3976 607.4595 819.57025 1111.1104 0.0029542092
398.58044 2153.6187 141.90958 119.40309 0.0029465044
425.6964 2017.3242 113.44726 162.80727 0.002939644
629.9686 1024.1562 576.96246 866.6985 0.002924313
507.76007 2138.9663 1000.55145 267.8225 0.002915158
837.8395 1272.6882 247.0283 497.07816 0.0029091572
648.85016 1868.1464 220.99698 325.0385 0.002908224
715.02997 1886.0955 162.37842 209.88965 0.0028855677
369.081 1969.3785 620.5778 594.2795 0.00288367
244.5318 306.70358 480.98087 576.52936 0.0028807975
602.224 1761.7362 381.37268 835.67316 0.0028790708
491.32278 1788.9927 978.436 918.4704 0.0028658186
682.2052 1600.7878 187.02318 199.69524 0.0028634092
428.0025 2139.1982 128.67972 131.1635 0.0028587135
482.08585 2138.118 192.24663 232.30533 0.0028585233
456.3302 1245.3877 275.65625 847.54236 0.00284539
181.57272 380.65506 354.4013 728.91907 0.0028417
476.24194 1942.1758 133.48155 173.3361 0.0028356963
573.9915 2119.242 256.93326 260.42075 0.0028352824
915.8096 2018.0883 222.93915 510.32422 0.0028223095
889.9416 2046.8247 272.33945 415.91052 0.0028140296
98.05128 1991.5717 174.71382 252.57208 0.0028028842
885.13416 1387.6215 276.2053 462.89774 0.0028007764
389.8015 2111.951 802.8993 320.61932 0.0027995806
627.4097 1773.7827 141.96788 188.21828 0.0027971857
403.62994 2191.0425 237.7806 130.64948 0.0027791746
594.75415 1462.762 472.8111 1431.9572 0.0027771995
681.31635 1046.7614 219.5861 345.48544 0.0027712935
590.1269 1302.6027 600.5166 1197.7899 0.00277037
570.9834 1212.8865 128.30827 153.09978 0.002766851
319.9951 799.0939 462.2497 631.51105 0.00276618
707.5047 1186.6305 479.45328 736.2577 0.0027655882
677.4414 1530.4794 456.03464 1235.7257 0.0027555146
506.32074 634.77435 280.8146 350.60162 0.0027507518
825.5144 1333.0515 333.83752 1146.6554 0.0027388756
902.47656 1626.4766 224.79878 592.8587 0.0027385915
314.2724 2090.3381 547.45703 469.8892 0.0027365554
900.3552 2117.6562 198.70772 257.52194 0.0027356916
502.63876 2188.462 986.24884 169.94803 0.0027147816
160.82231 2206.0496 252.36462 118.58018 0.002712727
431.07745 1504.1338 277.8057 431.19083 0.0027025396
99.2897 250.24664 185.06972 134.91562 0.0026945486
892.01807 2157.9167 255.78212 233.67802 0.0026909001
440.3793 1130.2312 382.20004 671.8617 0.00268271
673.9529 2016.9948 182.16687 219.85579 0.0026779338
709.5081 1796.2643 361.71854 922.8779 0.0026674212
694.76636 1579.9546 134.44905 143.04199 0.0026638857
694.87946 2062.1853 393.1066 411.38995 0.0026299923
847.9768 263.55762 323.3856 500.36313 0.0026286405
826.8264 1268.5477 192.56845 405.99725 0.0026276582
697.6533 1759.8191 520.60205 650.56366 0.0026264265
876.35095 1265.0477 232.36353 502.90134 0.0026249827
836.9815 1181.7131 166.76253 321.97507 0.00262291
721.4131 1842.2135 384.00616 989.7156 0.0026171694
694.58124 1735.3508 315.5482 453.67685 0.0026112911
761.24243 1736.4908 480.3632 820.01337 0.0026088457
562.76465 1416.5953 721.0172 1493.3596 0.0026064387
864.1582 1353.4852 277.71204 699.53094 0.0026060417
841.61584 2145.2507 357.51245 255.76811 0.0025951823
852.3082 1225.1095 268.39896 590.994 0.0025888914
543.3444 1418.8973 585.3986 1514.3308 0.0025867352
640.45465 2100.0735 393.89835 333.6839 0.002576566
612.9426 1608.7584 222.76125 681.6702 0.0025764361
562.59955 734.7517 216.97829 289.64203 0.0025455493
894.5447 2197.829 232.49362 150.12587 0.0025453158
622.0349 1608.925 203.27437 225.20354 0.0025379332
756.24384 1931.7106 442.71368 894.72626 0.0025329934
689.4367 1631.6088 403.83447 1134.3068 0.0025206723
905.6665 1994.0398 216.96826 303.6496 0.0025098217
757.5721 1381.2856 124.42518 185.80681 0.002500318
494.21497 1144.5267 981.9676 2221.1829 0.0024979087
518.58185 1326.5072 161.40376 236.60875 0.0024905447
691.15515 1935.445 150.50238 190.7261 0.002482135
991.5892 602.6598 200.65071 536.97034 0.0024784284
123.4258 1955.5907 226.85596 528.81464 0.002474415
753.6593 1058.8129 393.9019 895.0859 0.0024729501
149.6624 2251.071 282.2909 45.041428 0.0024690845
601.3349 1365.6465 442.21606 1224.7258 0.0024683527
382.4863 2164.8403 823.6405 214.80457 0.002457889
733.2402 1583.1095 511.20673 1034.3094 0.0024419785
815.56836 1099.2343 324.15482 824.9372 0.0024391832
611.80273 1986.2394 106.8297 153.32195 0.0024278804
418.82172 2105.587 674.1245 368.9774 0.0024260334
917.89136 1554.9742 201.64792 1446.7965 0.0024226406
525.9569 2185.8015 154.7223 142.0608 0.0024215875
734.08295 2046.755 278.0637 343.6643 0.0024196452
774.58124 1668.8596 442.46622 721.97375 0.0024162075
644.6961 2069.145 284.40964 496.7045 0.0024092807
111.19932 512.0664 180.65613 271.33707 0.002397544
206.48494 2221.3645 399.34528 100.298904 0.0023878443
715.50195 1596.9913 120.71561 147.22751 0.0023878068
663.23755 1850.1791 432.6683 578.3611 0.0023852943
365.33206 1155.6487 405.8578 1235.6937 0.002357953
890.11273 2036.0569 275.5273 471.5092 0.0023569805
889.811 2187.076 222.50352 167.9836 0.0023481539
859.2091 2195.948 325.9455 159.22554 0.0023423734
880.81506 1147.4094 282.1743 774.1368 0.0023411915
317.4178 2200.6716 556.2846 139.9548 0.0023397407
912.4999 2208.9004 234.56697 133.6729 0.0023377535
669.7036 1959.7148 154.82825 228.39714 0.0023376201
414.2346 2184.0928 866.29254 181.26474 0.0023323991
722.5788 1307.169 320.3815 1170.6172 0.0023306743
566.87573 707.5144 230.87218 292.045 0.0023241153
941.57367 2122.4114 153.21222 307.0841 0.0023094963
944.6595 2140.7812 157.23465 265.5228 0.0022975074
939.6794 2005.0919 164.64062 537.96265 0.0022757722
635.98157 2102.5442 457.15503 341.32358 0.00226411
864.43915 2195.606 209.72134 147.64995 0.002263411
851.525 2127.0728 329.79694 287.1252 0.0022631276
764.9661 1823.3641 168.62022 245.4979 0.0022405281
893.2485 2195.7341 199.81828 146.16534 0.0022272756
922.4046 1949.6251 240.3955 654.9339 0.0022268528
742.9076 1552.3193 345.07834 425.2594 0.0022236037
672.5396 1649.8582 168.46056 218.2816 0.0022231922
463.00793 1321.1322 891.9343 1045.1659 0.0022196125
851.9531 1328.5677 297.3445 610.621 0.0021993292
760.8855 970.2078 276.43692 466.1029 0.0021954505
571.37726 1682.3696 162.3328 421.6385 0.0021889524
916.5601 1186.399 209.70164 642.90784 0.0021882693
806.2259 1709.9692 339.40173 518.24896 0.0021682046
963.8193 2177.739 119.861946 192.28203 0.0021681995
541.27203 1480.1393 428.62057 1325.5537 0.0021578625
920.92957 2089.6104 173.97556 257.99384 0.002138591
819.2555 2087.606 293.66644 364.7217 0.0021331953
877.7099 2105.9905 257.9984 330.74182 0.002129372
745.53015 1782.6747 467.29163 524.63666 0.0021243142
970.0541 2092.2056 102.108055 360.17752 0.002120629
330.86288 2158.631 420.09485 231.74759 0.0021197714
895.9848 556.6125 235.3537 439.34 0.0021196192
745.6014 2168.0674 531.80725 217.59436 0.0021092051
513.88025 2137.0984 991.3902 295.32678 0.002108904
746.46106 1513.3778 273.5365 432.84738 0.0021085066
837.269 2163.258 212.14023 175.79912 0.002106465
779.6087 1718.2308 423.28772 555.964 0.0021039345
666.73517 1878.8229 143.87645 224.63326 0.002102035
291.0007 2220.655 542.7723 107.33369 0.0020928492
756.4205 1108.8094 484.94437 992.1551 0.0020894462
957.5783 1906.3729 138.33598 301.1975 0.0020875917
707.24286 2108.3804 180.7988 246.43663 0.0020751462
554.6446 2193.9429 188.71103 145.64914 0.0020599705
975.714 1890.0529 111.05869 581.44006 0.002057298
840.0253 1264.8918 174.91992 439.98203 0.0020535872
869.07965 2217.474 294.49033 115.89676 0.00204661
492.7357 2229.218 991.17365 105.55965 0.0020461504
411.902 2180.1533 294.61722 168.40262 0.002041548
858.97064 2152.9697 202.34525 209.18855 0.0020413382
797.0478 1857.427 257.5464 431.795 0.0020351473
958.54376 2167.6226 134.06361 210.47734 0.0020327952
355.34424 1671.258 380.37662 933.16724 0.0020294152
96.5122 237.46982 161.19395 134.75456 0.0020291228
592.3349 1977.7148 423.95035 570.6575 0.0020180081
676.9183 2119.7327 225.09305 193.89255 0.002004469
516.6779 158.96262 1021.5965 312.2324 0.0020044518
829.1583 1516.6948 333.30438 857.11816 0.0020010646
866.138 1071.5499 289.22913 536.39075 0.0020003258
901.62445 1725.8186 243.37563 554.5894 0.0019981975
970.00525 2092.288 101.73937 361.2048 0.0019969086
687.59607 2157.8167 584.68744 237.69453 0.0019883665
912.1609 1888.3212 204.61057 771.4353 0.0019775124
643.5468 1369.5968 530.6874 1123.0923 0.0019742786
759.83923 2199.2375 282.77036 149.67337 0.001973115
742.66144 1972.0529 222.20442 244.24133 0.0019704031
451.60043 1325.5397 859.59503 598.6899 0.0019640818
146.38933 209.62889 287.42593 392.3585 0.001960271
904.2613 1261.4635 222.52592 498.46954 0.0019548954
619.63574 2143.7942 201.55336 223.02748 0.0019528191
904.7126 1735.6222 217.95596 866.64215 0.0019513736
477.5306 2196.091 161.44057 129.8902 0.0019506039
867.0024 1555.4365 174.83054 205.36958 0.00194934
323.73196 2211.1985 666.0821 128.48482 0.0019483718
288.8135 364.94806 201.08426 217.98549 0.0019368754
399.26196 1262.2722 228.36035 669.06494 0.0019343073
853.4538 2042.8804 185.34822 233.90405 0.0019309748
80.74281 662.1899 137.64963 214.23756 0.0019258527
919.8771 2119.326 159.95604 304.4247 0.0019128161
760.1519 2199.532 209.90242 141.23427 0.0019088127
898.4893 2191.6838 216.71082 165.93584 0.0019087302
609.2505 2189.264 154.93613 149.41307 0.0019051896
914.6666 1883.8759 179.07582 276.71463 0.0019024623
665.5447 1942.4034 120.60471 150.29974 0.0018911347
914.88477 1147.0435 219.38193 737.52637 0.0018796311
900.14886 516.2192 231.11626 519.92426 0.001877159
961.2893 2108.863 161.18222 319.24408 0.0018767767
800.23737 2216.8948 318.88135 105.08783 0.001876514
453.10083 354.05185 182.96976 181.85655 0.0018763677
481.27765 1490.8593 953.92224 611.62085 0.0018690501
397.96494 1383.1957 342.94894 1259.0933 0.0018686258
948.8283 1863.6876 153.77211 647.01416 0.0018662881
976.18207 2147.5256 89.059685 254.54156 0.0018650432
973.83563 2164.7612 88.93804 218.29028 0.001864163
913.89667 2222.0234 210.2577 108.0586 0.0018570396
502.2594 2182.1423 489.3725 182.54753 0.0018464001
859.48486 1536.8431 144.78354 145.20065 0.0018441755
499.4077 1194.1526 971.9232 2206.2886 0.0018429655
876.36475 438.24423 233.83995 359.50522 0.0018420824
630.44214 2129.1853 354.92346 277.6973 0.0018335371
922.5405 2150.9854 184.55984 240.90219 0.0018285966
769.34406 935.3537 289.94153 409.21204 0.0018284459
790.7834 1979.1927 170.69173 156.65909 0.0018255025
699.99884 1455.5792 242.53705 356.664 0.0018239123
371.8455 914.4286 129.57379 171.58273 0.0018228993
808.7629 981.3586 287.7555 713.6987 0.001821165
796.8195 2209.348 219.68005 132.57552 0.001820897
352.84323 2250.5374 258.50708 49.22521 0.0018175261
565.5531 1372.7639 499.60352 1446.9446 0.0018108409
424.05646 598.80426 861.2903 747.2648 0.001810037
203.46707 232.75835 395.6514 430.143 0.0018072358
634.475 2216.2307 223.79024 118.50028 0.0018045736
468.0376 1705.5043 212.42522 580.8838 0.0018039193
840.67694 2205.2534 330.68536 139.49797 0.0017882294
437.99728 155.47466 280.26477 207.54231 0.0017850335
938.48645 2031.7745 236.93208 309.74033 0.0017843829
787.7126 2135.2793 199.15881 232.89545 0.0017834667
435.54294 2170.0574 762.3066 292.69498 0.0017808727
638.85956 2238.8076 219.99951 72.38421 0.0017767925
825.10767 1204.7896 348.63376 1141.683 0.0017693805
616.614 2195.4163 167.47166 146.5378 0.0017668094
781.2162 2081.347 180.4091 206.61436 0.0017656493
766.56055 2217.226 242.99747 109.668365 0.0017570222
785.43695 2218.3962 318.85184 112.77198 0.0017549979
653.1782 2139.5215 131.01253 149.85661 0.00175059
934.92664 2202.2026 161.17935 140.49664 0.0017457437
583.2336 2230.3975 301.8828 87.76252 0.001743821
898.7618 2214.9307 218.61708 115.07163 0.0017377505
553.59 2202.1338 167.58478 140.02818 0.0017326361
783.5733 2117.1033 197.69586 225.15813 0.001732476
875.3398 1888.3234 154.80623 230.184 0.001725211
306.75745 2258.1492 526.0983 33.958866 0.0017217571
975.8838 2038.0887 85.02856 341.6936 0.0017117359
974.3013 1990.0688 115.324875 261.6977 0.0017098482
697.406 2184.6392 247.51085 165.63177 0.0017043249
538.4385 1626.3068 272.05588 889.0859 0.0017011175
432.55728 1933.8752 507.91882 651.50385 0.0016998296
318.15012 482.38742 649.27313 910.2949 0.0016953318
718.5587 2219.2134 538.7258 111.71156 0.0016850235
777.2356 1844.3577 108.22986 170.56706 0.0016832943
771.319 2239.316 225.56349 72.72917 0.0016790609
736.73895 2247.7874 194.89558 54.55399 0.0016783343
916.8003 1283.8127 195.41982 463.89386 0.0016707232
886.1 1097.702 248.08482 419.0263 0.0016706611
820.3859 1987.51 181.52737 253.25758 0.0016676259
741.02435 2227.6855 493.39044 93.85204 0.0016665473
792.92834 2134.3435 183.46114 205.76315 0.0016622427
294.2424 2249.1091 307.3 48.93734 0.0016563351
265.77286 2260.8784 544.8054 37.06117 0.0016554617
530.7172 2219.3787 926.1645 141.23251 0.0016534509
885.12933 2237.3499 214.66592 125.92296 0.0016466986
990.12085 1780.5288 82.95124 330.45224 0.0016451346
177.2412 522.21564 91.63429 116.47974 0.0016378985
967.13074 2211.954 120.95739 126.33391 0.0016340478
945.934 2141.115 196.69516 266.13608 0.0016271672
440.52393 2203.6938 772.867 187.89182 0.0016202419
794.3109 2233.2456 233.16585 101.75774 0.0016152022
988.1213 2185.6394 100.11121 178.77864 0.0016096499
927.4563 2238.4622 207.49738 85.03949 0.0016077008
772.75696 1934.1669 493.38165 513.2741 0.0016076068
373.78772 1831.3263 475.061 845.6335 0.0016070151
964.6733 2216.071 105.58502 119.90685 0.0016054951
997.87115 1873.5227 66.48641 371.5471 0.0016039091
873.4979 1695.3418 294.69345 1159.472 0.00159731
624.9034 2208.058 187.04192 125.285 0.0015951451
909.88055 2220.856 201.87277 105.70424 0.0015942818
723.0977 2150.3416 201.84087 237.06067 0.0015852156
678.962 1511.647 233.7443 750.1248 0.0015852095
969.65125 1034.6648 126.38546 444.2406 0.0015776806
501.51373 2256.415 321.56284 44.320652 0.0015774118
566.72186 2222.8184 124.41132 166.70335 0.0015772622
851.40717 1196.4796 135.9154 256.94788 0.0015754363
966.98175 534.2299 250.05441 362.64227 0.0015681852
990.51294 1728.514 85.90378 337.26328 0.0015657411
921.8762 1019.2608 227.49608 465.27652 0.0015627176
444.95746 2254.0283 794.24506 39.926037 0.0015588684
741.393 2087.7148 156.57309 233.461 0.0015547045
793.80914 1948.283 168.54755 242.13536 0.0015541511
782.4085 1851.2007 155.10367 223.94505 0.0015493687
417.3357 950.1504 324.8771 331.22495 0.001529484
993.03253 1884.2362 72.32714 369.82297 0.0015186454
134.7572 169.35674 243.47906 269.09164 0.0015096227
602.2713 2245.0896 199.41614 63.526897 0.0015060382
948.4098 2191.965 184.06528 168.55666 0.001503943
933.7314 1855.1292 173.82326 255.91077 0.0015011171
127.901306 1669.169 157.80869 1150.6915 0.001493091
96.75753 141.14587 174.51924 259.84164 0.0014873743
998.26587 1899.4277 56.605553 345.10776 0.0014842262
588.2166 2243.036 167.60956 66.65575 0.0014798582
407.88202 1549.6042 561.8833 837.3661 0.0014737078
940.5657 1729.5554 193.3503 397.93396 0.001465094
937.0039 1613.6355 151.65842 726.2765 0.0014610668
973.3026 2208.8103 117.518684 131.01039 0.0014602754
931.2193 2235.2695 166.18555 83.14432 0.0014556949
927.14496 1190.6857 203.85464 627.0116 0.001451829
907.5999 1544.481 166.17413 160.21994 0.0014494191
516.8192 1750.3933 615.0031 520.99475 0.001440853
871.03253 1652.6299 169.59755 239.70462 0.0014393314
969.71985 855.4863 115.566055 803.6962 0.0014372275
906.8438 1358.8522 185.70798 322.854 0.0014310693
977.1461 2163.6982 174.60808 215.79807 0.0014235664
965.1163 2238.5256 150.70442 68.38328 0.0014201967
498.26822 2165.8416 920.60016 301.95038 0.0014183214
806.9789 2172.1462 339.83582 260.43268 0.0014165362
989.32806 2208.6208 88.61955 178.59187 0.0013970481
242.9742 32.02266 240.2717 56.08437 0.0013948911
411.109 2203.3987 663.2952 202.78459 0.0013848282
990.36505 2228.518 81.56136 110.592026 0.001374885
992.84247 2099.4084 125.15637 311.1459 0.0013728609
573.41016 2249.4246 147.97621 68.47002 0.0013642826
769.56116 1410.3513 385.88196 373.74963 0.0013594837
242.6972 195.25838 493.8015 338.53778 0.0013559652
811.7646 2263.5032 218.8372 27.350458 0.0013428323
974.7802 1083.1229 118.86957 878.0038 0.0013339866
614.50964 1201.6199 688.18097 1293.1393 0.0013319674
876.7516 1077.2188 160.09412 224.09273 0.0013243429
264.34427 1587.043 239.34605 1209.7311 0.001315471
404.0122 1671.3248 300.86826 725.0043 0.0013089852
315.02045 844.37866 694.7731 780.9428 0.0013067748
167.83145 1212.1859 340.92798 1916.3912 0.0013029786
822.8403 1756.5128 166.00995 269.8249 0.00129686
992.9461 319.27304 71.2823 608.7292 0.0012813855
990.27167 2230.4958 68.349625 95.27599 0.0012725263
383.1638 1334.4382 284.21252 963.50977 0.0012723791
980.8843 2223.8315 76.36386 110.48409 0.0012609264
983.37427 2227.3882 75.780235 130.99199 0.0012604377
961.60626 1905.0653 167.97049 238.43375 0.0012492482
999.6911 123.88512 89.47365 381.55334 0.0012379463
992.4534 1642.558 91.087036 501.6767 0.001237157
967.6018 1328.915 135.31285 419.42447 0.0012093846
1014.24396 2197.9634 48.523727 157.05261 0.0012091238
662.3142 2269.1873 286.97324 24.437136 0.0012000444
1024.5344 708.7103 27.44571 384.024 0.0011947949
826.8116 2246.7869 355.02203 73.3573 0.001182003
705.77246 1428.2783 361.11765 908.9198 0.0011805963
627.51154 1760.695 297.62314 867.6026 0.0011777427
590.45135 1308.4469 683.1109 1298.4622 0.0011685281
989.6687 1210.8745 86.588974 355.7305 0.0011645429
1020.98157 2098.1548 22.790695 265.38416 0.0011602052
469.31418 2276.758 320.30466 19.662416 0.001154401
356.217 1849.2554 589.8131 839.9545 0.0011481128
810.089 2268.7253 190.95358 22.892435 0.0011418663
304.69513 1763.1357 555.1833 1000.1523 0.0011413504
293.00342 1081.0588 459.56003 832.4157 0.0011104045
169.26927 873.1846 320.86832 716.0369 0.0011081325
983.16614 1421.9558 85.44638 176.33061 0.0011054692
965.2908 2264.1265 104.037094 29.48474 0.0010989315
611.072 2272.053 379.12076 15.624295 0.0010958904
179.72432 1763.8936 191.82085 361.70673 0.0010923492
991.3487 1222.9292 86.57076 257.17615 0.0010724473
710.96906 1470.2174 474.30984 802.50507 0.0010427504
472.53964 481.11337 907.59955 719.5586 0.0010409422
156.72174 902.549 271.24832 1035.018 0.0010383085
1021.1587 2183.1946 17.54203 184.40176 0.0010312333
409.623 706.912 853.62897 985.87726 0.0010271221
226.86168 1510.2427 194.86923 464.9936 0.0010139719
818.6408 1951.5128 506.75885 656.3754 0.001009036
531.9517 1489.3021 619.75226 542.7516 0.0009988553
1014.78986 2247.3381 39.384617 48.771397 0.00097641174
268.3059 1660.3307 136.38339 727.1489 0.0009754699
573.58575 1755.8691 557.5557 837.2307 0.0009685535
729.96674 1695.3771 472.53012 716.5133 0.00096268946
728.17786 1687.2465 342.67505 725.14215 0.00091979513
471.0433 1797.6981 960.27313 940.41174 0.00091219984
275.21066 1028.7784 351.86566 725.425 0.00090043934
337.26608 615.6047 800.70276 829.97095 0.000888686
908.9713 1420.2589 180.33812 402.44254 0.00088106864
151.87173 1116.2805 152.02538 934.17804 0.0008552558
613.2621 1784.7114 457.7492 922.869 0.0008463261
522.2275 1433.0781 457.64554 1297.3528 0.0008382481
445.40637 2257.6023 562.5971 44.21504 0.0008280089
771.4889 2276.2852 591.54346 13.654589 0.00081949553
599.7765 1346.2083 361.5932 683.1304 0.0008093717
466.83707 1294.5957 383.10526 710.5613 0.0008056314
545.7419 2273.7373 916.5192 14.580779 0.00079489057
429.0129 1588.8354 280.85574 736.7528 0.00078472355
839.46515 1411.5597 142.73923 219.74582 0.00077509816
440.67325 1362.806 227.63864 767.2604 0.000772835
315.03564 420.56537 733.38025 792.7436 0.00074661034
670.4713 1780.5105 513.2472 584.8883 0.00074456126
976.4402 2274.2336 193.6678 14.689229 0.00072083186
767.3268 1688.7762 457.16263 626.96344 0.0007061538
555.96906 1591.4823 500.2072 1137.7094 0.00068832655
566.99207 1401.0281 298.90643 792.17334 0.00065348163
671.7709 1146.136 487.48566 345.04666 0.0006492832
572.9066 2247.782 660.0153 90.7739 0.000642278
888.98804 1749.6581 403.1121 533.51447 0.00064053305
605.2825 1639.6614 674.843 742.52856 0.00062541285
616.36536 1005.66833 455.95068 705.8388 0.0006146957
594.9736 1252.3761 338.83545 592.4392 0.00061398314
610.86084 1414.3914 342.62726 1102.0463 0.00061040354
552.41064 1062.2639 383.19516 657.8578 0.000608934
393.01056 1252.0067 879.7585 984.6746 0.00059954217
505.3074 2255.5642 663.11145 66.616066 0.0005982798
615.0036 1516.8109 536.1652 1117.8799 0.00059780385
466.04184 1627.9918 740.98706 577.51465 0.00059407554
265.62894 1032.5059 310.4384 519.9982 0.00059182144
293.18182 1074.0925 449.5578 638.7196 0.0005909664
651.9743 1778.9181 525.96924 1000.06305 0.00058502954
618.23175 1368.5504 540.73584 1222.7073 0.0005721031
612.4652 1393.0609 583.6166 1153.4072 0.00056448206
845.1691 1138.7155 394.63486 762.43353 0.00055415445
580.9833 1354.6272 427.99713 1056.4381 0.00053008646
554.76636 1626.4524 370.82996 423.57498 0.0005286809
367.29028 306.43918 769.738 719.32367 0.00052830006
662.02484 1759.4819 636.64795 950.4012 0.00051993784
591.0572 1578.9323 395.63763 441.918 0.00046430444
579.6315 1110.8049 674.2451 1130.3916 0.0004528726
550.9722 1223.3733 316.1595 536.7226 0.00045175632
