498.75748 1748.2623 814.1601 3482.7998 0.58015895
501.9216 1472.5245 807.3624 2937.2566 0.22273244
517.09894 1764.054 766.74725 2259.064 0.08704139
531.73157 2069.8855 739.37036 1627.4507 0.07709104
527.5917 1691.0487 717.31354 2179.8467 0.07069559
524.7922 1237.8425 707.77124 2337.1182 0.06513515
531.6394 1873.7207 728.3214 1990.626 0.051768452
503.83173 2426.9124 797.26276 2121.6665 0.046466988
521.4371 1556.191 705.5892 1944.8838 0.04613935
515.35126 1435.9344 181.62483 126.947014 0.0454144
501.03445 1165.7423 804.7027 2321.1924 0.043638684
531.5486 1317.1498 693.8148 2385.0984 0.042757977
507.9251 2046.9698 789.86536 2846.0645 0.04247771
517.3632 1438.8483 722.059 2015.6284 0.04231432
94.973 2053.8235 164.21632 224.04485 0.03760124
535.1456 1841.5592 666.1415 1200.5625 0.037368055
531.1683 1616.7445 632.6946 1773.7665 0.03703181
524.787 958.38245 751.05164 1904.7694 0.03521969
499.0554 1072.7356 807.4573 2131.62 0.033803597
531.6673 1022.7912 718.9089 2013.3914 0.033727393
500.2347 1749.8069 808.2308 3486.1042 0.03355839
506.62704 1519.9602 623.9334 1577.391 0.032772657
562.9445 1022.1485 682.445 2035.8472 0.03247423
547.32806 787.13007 713.5404 1563.5907 0.03196057
572.4997 307.01495 666.52405 610.52094 0.031807583
526.403 1475.8307 681.5475 1716.2244 0.031419106
561.2492 704.7659 686.3925 1400.1759 0.030606521
501.06027 1617.1252 615.6886 1756.7362 0.029890273
394.76727 298.75577 326.69415 591.05725 0.0293551
525.12964 1429.8365 299.15912 272.36475 0.02784146
539.8899 2356.8845 725.2583 1086.7062 0.027670734
530.4137 1853.4534 545.7047 1032.4652 0.026785703
595.7555 1414.0596 616.4851 2761.7507 0.023386253
481.05542 1529.2767 407.06232 485.2364 0.02303258
596.0845 1179.7081 616.22845 2331.5786 0.022657974
626.7999 301.6938 545.2887 599.51794 0.022060713
779.7762 193.46936 259.28665 384.09213 0.021984218
531.7367 2743.6362 741.03784 1503.9846 0.021868045
465.82593 1705.6111 563.4123 879.29877 0.021626161
526.7009 1557.4481 655.4747 1327.6213 0.0213153
525.6942 1768.8994 556.959 927.22345 0.021237602
507.52423 1622.5212 519.7617 1473.4042 0.020779045
522.8654 1546.2177 719.468 1428.4935 0.02027101
547.1177 2064.6475 579.8976 1470.6626 0.020095645
556.894 537.9152 695.89014 1071.1481 0.020085163
528.5162 2716.8245 747.2865 1563.4045 0.020079546
513.5624 2613.8906 781.4308 1765.6736 0.019773604
603.8695 1011.9541 598.0916 1990.1449 0.019307243
512.87823 315.7471 783.19104 624.33075 0.019159544
609.52185 2048.048 536.50366 1279.679 0.019137539
563.4624 2372.4795 677.42816 1079.9933 0.019103466
523.61005 2240.2263 749.6413 2495.2244 0.019019246
492.22018 1402.3826 561.2692 1328.5154 0.018889636
460.89536 1811.3091 530.6733 1008.8331 0.018816773
577.11273 1702.6678 601.73456 2058.7507 0.01869
494.2873 1565.1512 486.20804 602.8259 0.018200366
876.18896 3171.86 60.45569 672.64056 0.018180221
600.7069 931.34814 605.50446 1835.0471 0.017829072
621.12915 2077.4412 556.3116 1419.9541 0.017726334
509.33676 682.81885 790.41956 1360.9502 0.01769961
532.0185 1624.3245 293.59695 529.462 0.017445762
621.0024 2470.668 555.6921 767.90326 0.017316049
818.45435 2638.9153 176.01852 347.11777 0.0167808
474.95074 1152.7526 610.3132 1999.1743 0.016251408
529.0581 2407.5083 748.58374 1390.7546 0.016248982
480.66626 1480.617 492.34647 938.4042 0.015834153
557.53796 2431.855 682.3543 866.3871 0.01542913
502.8465 1324.18 694.2373 1661.6578 0.015086112
506.1788 2221.3892 793.2134 2380.643 0.015044502
409.40704 1608.5894 379.06296 483.41812 0.014961815
456.62106 1639.9442 600.5729 1910.2421 0.014898649
340.9193 300.44366 453.5814 597.2802 0.014880759
645.2067 711.40295 517.41187 1381.312 0.014756437
642.8561 1226.5746 523.5178 2413.3 0.014731486
602.9069 2470.122 590.6743 770.6563 0.014599416
810.5424 2599.224 147.86891 204.58385 0.0143019995
533.3247 2443.311 737.20465 2060.6401 0.014160998
586.7848 1848.3324 377.77087 778.7857 0.013820187
585.50183 1179.3689 599.50433 1612.5715 0.013731118
354.396 1394.0505 406.29233 1454.9655 0.013623866
541.74243 2312.4314 720.8114 1122.4977 0.013617549
492.04282 1073.3561 427.86676 930.3524 0.013589109
498.80762 2595.166 802.3842 1813.218 0.013550047
553.808 297.98312 366.26828 587.13135 0.013533428
426.67654 1562.7916 320.7493 385.25006 0.013463239
345.41245 1722.2598 350.87076 659.9285 0.013377686
579.51953 562.81836 645.08405 1132.5139 0.013314181
452.7324 301.8764 429.97363 601.5523 0.01312552
624.86566 1485.4863 551.944 2231.526 0.013103975
339.7421 1366.2185 325.41144 1195.7349 0.013048352
507.1337 2403.2869 788.0705 1262.3701 0.012990846
777.09045 290.05063 263.90808 581.4403 0.012982015
661.5312 1169.4117 485.2983 2298.6367 0.012962069
394.70547 1191.1881 580.4514 2163.5928 0.012918193
392.5167 1415.3054 583.1902 2560.1726 0.012831569
381.98242 286.35794 212.28923 528.0094 0.012813818
675.2253 1227.9607 456.48532 2032.0974 0.012799861
550.9459 1578.9945 663.9911 1078.4033 0.012532729
522.1847 1230.2646 680.8385 1377.9565 0.012519375
589.8936 574.2634 625.1772 1158.4707 0.012485878
662.4891 2487.801 487.75638 772.1295 0.012480658
376.15594 1133.8535 233.46979 734.92175 0.012377382
574.02673 550.12756 653.9315 1107.2214 0.0123749
517.7603 1449.1844 240.02464 229.51929 0.012346935
459.27646 1196.8887 518.20087 1173.1292 0.012295563
545.15955 1651.1533 219.59126 390.77963 0.012188614
622.87305 1121.5779 552.352 2005.512 0.012169574
637.8607 2090.5847 135.33325 220.11105 0.012101064
798.52826 2565.4006 219.04282 585.4341 0.011974438
665.6789 1362.6489 480.86743 2718.6482 0.011926576
506.57156 513.2618 793.6 1021.144 0.011859931
647.6286 2121.5916 237.24825 347.99313 0.011843987
624.7884 2080.3167 145.72919 225.47668 0.011713504
503.06372 297.56058 270.5803 583.16034 0.011663005
485.5027 1390.0708 512.1916 696.9522 0.011549223
641.95496 589.96313 525.7303 1188.4205 0.011543406
477.2769 1122.9677 407.60074 779.13934 0.011488713
564.383 2266.1326 607.24536 735.88226 0.011469418
335.68253 1057.4551 458.5375 1985.6699 0.011467132
550.2294 2190.5825 575.9147 575.85114 0.011176692
606.39966 332.3808 345.50632 505.28787 0.011108816
491.82202 1234.9308 602.76794 1231.8605 0.011058792
613.7805 527.6503 580.2103 1057.238 0.010856219
513.4383 1255.7006 706.61847 1468.535 0.010853904
695.66034 1392.9207 423.63113 2751.357 0.010821225
490.40228 879.57886 817.5442 1758.9929 0.010757528
624.7179 1778.6678 433.2768 819.1983 0.010727625
526.6045 1336.097 711.14264 1244.2227 0.010704877
639.8447 919.4499 530.0994 1845.4954 0.010681657
442.0878 2194.3835 342.31186 339.52026 0.010641771
637.936 953.8093 534.18463 1923.1782 0.010580498
531.1184 512.36194 734.16174 1026.0579 0.010574987
500.08438 2364.3228 807.0877 1242.1378 0.010527283
528.2587 1268.1027 741.36414 1407.7046 0.010431881
657.7133 299.03903 497.79572 599.84973 0.01039646
375.4412 2129.2002 128.69168 183.67053 0.010357535
696.4684 871.63684 418.12305 962.8791 0.010188799
647.48193 649.5436 513.41895 1310.7722 0.010157857
464.30377 1532.6906 231.39339 324.47244 0.010146438
701.1823 790.74475 390.91324 689.22174 0.010101515
537.3032 1310.591 591.4258 1560.3301 0.010005122
698.39844 633.6474 412.53864 1178.0143 0.009998494
294.4612 1358.3467 388.33762 1396.9442 0.0099947695
693.38824 2304.7344 379.72064 732.56146 0.009978863
743.067 2523.6619 322.72235 565.5228 0.009867623
640.7624 187.71388 534.99194 374.72003 0.009841549
427.17523 926.30054 574.20746 1745.4364 0.009798962
620.7933 2043.6038 94.47837 148.12256 0.009711906
696.2904 1154.1674 417.05338 1589.9642 0.009551813
436.70172 1588.6423 620.6441 2116.5127 0.009535321
672.0725 950.32117 462.64407 1451.218 0.009527462
435.05222 1850.1884 512.4487 951.38574 0.009490042
683.3824 522.26605 441.91284 983.71075 0.009484082
405.5841 1020.38416 174.77983 759.0734 0.009453921
498.36163 2780.0051 798.8319 1442.9868 0.009446636
597.3727 291.34964 308.53604 519.12915 0.009436264
651.54504 305.9564 504.3734 615.67883 0.009404937
414.37985 1744.261 539.4079 2051.0444 0.009265662
532.4978 1257.9418 351.75754 506.35162 0.009152292
650.7591 2093.0527 158.59497 225.0571 0.009088708
596.41583 1457.6222 460.34363 578.31433 0.009013543
542.4124 299.80167 394.52145 592.76874 0.00899818
703.0201 675.3597 404.52405 1327.2133 0.0089880405
432.90067 2230.4612 427.5446 498.767 0.008972546
496.55203 1262.557 700.06964 1474.8845 0.008934213
690.05884 509.82367 430.79498 1006.4848 0.008877889
642.7948 1834.7697 377.7039 789.17444 0.008867708
672.56244 260.35495 464.94104 518.83856 0.008853943
528.37646 1613.4451 176.2856 372.1835 0.008850994
745.60034 2418.4443 301.62903 506.79916 0.008846209
401.74014 1564.0056 192.77011 350.2267 0.008832657
415.7571 2174.5703 220.59209 265.32224 0.00879717
665.9103 780.19543 477.02982 1569.5605 0.008744694
641.06976 529.96454 528.745 1077.4115 0.008723985
397.61353 1190.2289 143.61058 372.01703 0.008664358
367.78748 205.93382 169.77931 340.17438 0.008631606
536.1368 1721.9194 484.0135 2063.6926 0.008631201
539.1204 1300.0204 410.5167 1285.8441 0.008583749
380.20685 1215.8801 283.05286 1166.9281 0.00857322
685.94885 773.3701 439.6141 1545.4066 0.008571595
675.65063 2541.849 455.48953 609.567 0.008546084
628.6513 2395.3645 556.6455 2050.7773 0.008541524
594.105 1651.5597 238.87923 406.7782 0.008519282
573.93756 1648.3119 152.73135 306.98105 0.008508294
715.0379 868.6274 380.42035 1686.3385 0.008504099
521.61444 2010.0847 408.02383 1272.9434 0.00847942
706.33386 1122.4382 400.0913 2235.2668 0.008443555
738.70197 726.283 330.18436 723.9974 0.008442441
420.13354 1030.9437 443.52646 898.9581 0.008436137
300.4418 1427.5608 371.4082 1100.9679 0.008418855
680.01086 2277.731 358.59872 656.0154 0.00832821
672.3795 548.2905 465.24973 1103.1324 0.008269298
113.407715 1085.4438 217.27028 2179.3396 0.008263306
399.34143 1189.3354 170.60442 440.37985 0.00824781
640.51825 184.94366 529.3295 367.6984 0.008224429
511.24142 512.02966 120.35962 184.99336 0.008221734
615.6385 1861.8976 303.4109 596.7823 0.00821939
561.8267 1056.9381 667.66364 1285.1335 0.008049277
93.950615 1876.5985 177.94421 677.6611 0.008044987
717.6263 728.82904 317.0781 525.18115 0.008004122
370.84317 2142.599 254.16428 279.37985 0.0079987785
738.5659 2315.057 338.19366 1048.0417 0.007993925
845.4776 3155.724 119.89139 703.2055 0.0079702325
773.0706 472.1087 270.9425 947.48047 0.00795669
812.60645 2896.8652 189.45914 1210.4883 0.007895954
536.7025 162.3723 260.40497 318.86487 0.00787449
429.59326 1088.1129 271.05963 654.5052 0.007854801
880.21704 2914.862 59.385807 165.49434 0.0078493245
516.22595 2304.7498 260.72644 356.49982 0.007845134
612.6767 1929.4478 382.36508 780.6022 0.0078356555
478.58978 297.49222 468.18747 594.0664 0.007826916
547.0795 1597.1583 148.29633 235.38335 0.007771122
679.43713 232.78723 453.6559 464.52258 0.0077395835
650.01556 1282.0613 506.94998 2514.1787 0.0077366945
430.46387 1963.1954 556.6237 1190.6641 0.0077024344
649.0445 2750.2898 510.904 1499.5491 0.007669895
684.91797 408.8068 248.51709 386.25394 0.0076644565
463.39926 1278.482 274.10577 509.99435 0.007612092
576.9243 751.76514 638.09924 1518.7294 0.007490681
131.71683 2234.172 252.92033 674.4937 0.007485893
753.2944 2368.1172 309.3372 1177.984 0.007464878
674.98175 2663.5469 456.237 1034.014 0.007440205
543.5874 2052.4653 610.5229 809.6501 0.0073959883
664.70654 227.03302 255.15405 383.00488 0.0073955576
363.1712 887.3386 497.59793 1752.6805 0.007385861
340.77966 1349.368 267.27792 710.716 0.007355868
499.82373 2067.0442 489.66733 861.2171 0.0073405923
706.3283 1771.6808 394.8392 1145.7808 0.007324016
557.50934 1640.2566 148.92256 266.106 0.0073131626
760.56244 758.3985 265.45764 514.49 0.0072865933
719.55505 406.31744 374.04297 820.065 0.0072786924
668.0941 2382.303 483.20898 2141.7112 0.0072760815
93.585976 1833.641 180.7111 705.97205 0.007269881
690.8418 451.98477 429.98935 909.4921 0.007256211
168.5954 45.56784 161.93779 91.35215 0.0072259563
526.10767 1884.9639 226.54263 459.03485 0.0072024367
718.92053 2155.9788 183.79286 277.83405 0.007199669
904.31665 2111.642 11.535195 360.50253 0.0071931784
830.99457 169.1427 158.91618 335.85806 0.007177201
309.55258 1766.4391 410.297 764.10724 0.0071722968
563.85956 1373.0591 477.54843 414.1967 0.007156785
482.56647 2351.2578 451.47363 648.8809 0.0071557015
878.6761 2607.8528 62.6381 641.8141 0.0071450183
559.17773 1917.2919 173.39824 301.63516 0.007130359
418.7207 2359.5159 591.5157 909.05414 0.007125149
822.1383 2429.4836 174.8077 862.5096 0.0070520192
822.9958 179.51247 173.83284 358.45798 0.0070455875
649.3493 1531.8606 210.74135 323.6524 0.0070365462
699.04443 2213.4324 405.1559 880.7321 0.0070328456
634.18164 1121.7944 533.1689 1769.287 0.0070062364
546.76013 1401.8739 294.5693 817.88434 0.006984802
776.8177 640.52045 263.20007 1289.0321 0.006970139
496.10898 467.12045 808.7533 933.64844 0.0069590984
93.73822 1805.582 180.29224 840.0027 0.006945682
485.27393 2660.4307 702.07086 1467.132 0.0069201053
724.2631 977.1991 360.6404 1137.6458 0.0069139376
362.22296 1858.6735 486.41974 1035.3295 0.006832249
583.58276 315.60046 212.59921 337.97476 0.006830502
840.47424 3113.7444 129.19888 785.2596 0.0068217413
493.6031 1203.0452 374.80115 1157.1077 0.006820323
716.6946 1682.3379 386.06378 3375.9082 0.0068132277
419.86087 303.69482 606.5865 600.57697 0.006799106
819.8443 2355.1382 179.25558 1027.3357 0.006791816
695.0956 698.0093 420.25244 1053.7534 0.006783195
409.43848 666.51544 397.91956 1280.4779 0.006773118
511.69168 2435.7937 404.2586 854.5246 0.0067666834
708.65015 764.9012 392.30728 862.2938 0.0067547914
579.934 2595.8237 213.27208 276.0079 0.006672201
579.0556 2129.3516 399.9311 997.55676 0.006671082
444.7056 1105.1187 490.63638 602.5426 0.006662538
865.8617 2906.4993 86.55499 1208.2463 0.006635641
661.689 2406.851 258.46497 329.7963 0.006631475
763.6191 852.48193 289.64038 1702.9174 0.0066210954
756.8715 868.9138 300.51465 845.12756 0.006577107
666.4264 1988.9269 236.73152 480.06662 0.0065562814
708.2226 1048.748 393.23746 1194.8682 0.0065535987
837.46045 3129.8152 135.70226 754.16473 0.006535406
899.6976 2353.902 21.285097 1059.8635 0.0065272814
822.6638 2944.1267 169.96703 1126.4161 0.0065261927
773.3959 335.92947 271.21613 679.4381 0.006519645
902.8678 2152.3203 14.714094 711.8062 0.0065157088
541.19604 1659.8552 173.42323 277.59634 0.0065138503
182.70113 2352.062 347.6155 963.01184 0.0065009454
719.2135 2907.2192 372.7256 1189.1483 0.0064974143
432.42996 2373.3738 494.9009 767.5618 0.006490443
556.3914 2456.384 321.21118 545.40027 0.0064900494
460.0866 2409.2732 539.1643 860.90564 0.0064890413
732.27264 693.2306 228.65009 410.911 0.006486641
441.80905 1363.1931 284.81848 686.01825 0.0064722993
582.0104 2131.0295 300.32013 381.70856 0.006455466
588.91705 2607.9915 140.38657 221.33682 0.0064271316
657.5177 2737.4124 381.5058 547.0129 0.0064231586
539.245 2141.0264 501.27682 378.873 0.0064167716
489.0481 2506.1987 605.4857 1039.0858 0.006409476
486.57834 1382.0143 387.1467 1549.088 0.006399948
500.7512 2297.3845 789.6467 1549.3726 0.0063992594
732.78326 986.30066 344.5478 1002.80206 0.0063966955
572.8204 1851.6777 268.36652 881.8979 0.0063827205
564.52057 1137.3312 245.15485 403.00677 0.0063769477
749.6652 887.3956 311.79816 679.32214 0.0063745975
461.5979 663.0152 889.5586 1335.3525 0.006365386
641.26764 158.8884 530.87524 316.00204 0.0063622836
542.18304 1634.6082 183.41615 373.5444 0.006362265
740.32043 855.49963 329.14813 1161.727 0.0063397116
536.61487 1323.0596 635.4822 961.7815 0.0063366666
700.71326 1108.6412 406.6073 1084.4884 0.006334757
282.14468 1395.1256 398.207 1547.478 0.0063253753
798.64124 3150.6218 209.89621 705.5864 0.0063095437
826.44794 2711.4983 166.46011 915.672 0.0063000913
904.31824 2400.1208 11.876855 1000.5786 0.006288183
402.87738 1771.9275 548.65515 2057.4817 0.0062825154
506.97272 234.87459 790.76825 467.13928 0.0062671998
682.8137 448.85312 447.1865 902.08435 0.0062671816
757.8715 1348.3982 299.6619 2229.9429 0.0062542823
831.01404 2821.7312 155.30779 1375.5713 0.0062093316
523.5393 2559.5906 529.9589 672.1911 0.0062056845
645.1788 2086.3718 504.9348 2229.1062 0.006204094
827.8913 2782.9712 162.14995 1443.6035 0.006203723
525.5864 1793.8927 750.7721 2505.4768 0.006203291
556.2506 2074.8787 258.03366 435.4358 0.0061923214
703.35736 2737.8386 407.6981 1506.5729 0.006172425
501.47714 1518.81 474.3035 501.60315 0.006160406
707.89716 2198.8835 164.39812 261.88992 0.0061338963
517.16907 2125.297 425.8798 500.97095 0.0061288457
477.71304 2135.9792 610.97675 775.585 0.0061184247
494.7064 452.2145 812.79834 902.2106 0.006113726
622.9674 1468.7495 464.24985 1219.812 0.0060927984
698.86743 1880.6149 399.29788 1536.1981 0.0060683787
120.05328 750.29193 234.84058 1511.3639 0.0060620024
850.322 2575.7617 118.010635 438.96606 0.0060509485
679.17145 1879.6031 338.58423 625.4558 0.0060353526
788.1548 2347.9458 152.6902 224.81721 0.006034091
887.73895 2890.131 45.209946 1242.4681 0.006024419
639.0795 2499.1233 217.57729 355.54465 0.0059847906
425.12936 1451.567 264.71423 961.11383 0.0059753857
726.31006 1285.5431 358.78412 1621.5819 0.0059677972
585.0165 477.8084 617.2396 967.0521 0.005959408
717.0873 628.8379 379.15347 1291.6567 0.0059565273
703.4427 3045.5994 390.45273 930.036 0.0059277047
864.6258 185.69687 91.1131 373.19318 0.005867947
839.3719 2315.7195 139.88545 272.38818 0.0058667595
816.47003 1405.2407 184.67662 2836.0361 0.0058590327
792.97095 1384.0243 232.30292 2781.2769 0.005827748
694.7171 2129.7573 428.54565 2071.3584 0.0058085923
571.9532 1236.5295 462.5304 543.49976 0.0057994546
732.5134 690.1443 342.77948 1096.3596 0.005780345
727.4316 2027.0197 210.37337 353.0872 0.0057772906
690.81726 1532.5334 413.98877 639.12683 0.005770108
850.68 1969.999 117.04782 434.63892 0.005761413
732.14734 2409.1284 356.42508 2181.4585 0.0057536364
127.8326 43.597946 251.36044 86.197655 0.005749028
663.0279 2529.6892 251.70207 427.70502 0.0057064756
381.6651 1740.3431 503.6146 1940.0732 0.005705837
618.7143 1750.1809 275.11264 786.00244 0.005704311
860.82306 2424.5942 97.88043 912.9412 0.005699908
902.7263 2608.3984 15.076132 481.18542 0.00567982
681.5814 2447.7388 425.76166 729.0992 0.00567946
731.2892 1063.5538 348.208 812.43787 0.0056629414
869.2857 2985.5303 78.785614 324.55487 0.005639697
759.8495 1748.1122 297.01495 940.77985 0.0056025083
789.0558 484.61783 239.26324 978.01196 0.0056018014
687.83545 2457.5159 426.0083 1105.813 0.005526709
897.0345 73.1959 27.616926 147.37175 0.0055154613
688.7298 821.2259 201.33089 373.24487 0.0054885247
839.1432 2291.0366 140.54152 482.86597 0.0054782066
754.6625 301.6829 310.08133 609.7617 0.0054687536
717.5394 523.7459 380.88446 1069.1495 0.0054662637
706.9803 1306.4183 399.2006 2606.6843 0.0054645273
587.3034 1930.6766 238.22672 528.2255 0.005455356
868.92444 2654.5286 81.74826 1711.8914 0.005445885
367.73367 909.3744 296.5094 717.58203 0.005443755
472.2608 2406.1582 171.57971 260.08127 0.005438919
749.13226 2616.3157 130.40628 233.52199 0.005434178
821.5051 2502.6045 176.49844 1391.0116 0.0054237917
828.8651 3024.385 158.1435 974.018 0.0054229684
898.28973 187.65721 24.524942 377.79288 0.0054198112
776.08984 1641.6865 263.09232 2851.9683 0.0054197107
906.8341 2211.998 6.413176 627.7423 0.005413679
773.51196 2505.2476 270.2964 908.7343 0.0054121413
634.7641 1623.4635 343.62848 674.5697 0.0054113967
803.73883 2245.7686 167.68385 296.254 0.005399533
736.6664 964.52026 337.3907 868.5671 0.0053950967
844.98395 2084.966 128.88988 660.5799 0.005381177
491.15915 995.25574 549.5374 1351.5262 0.0053796335
804.5989 398.2776 209.08588 802.95715 0.0053794216
749.33234 2343.4512 347.84763 1020.44226 0.0053738654
906.5417 197.81119 7.3143096 395.25653 0.0053575984
536.5263 1224.5607 219.9877 322.5897 0.00534128
837.3101 30.183796 145.93616 59.790714 0.0053279074
752.45306 2586.9883 314.63885 1821.0095 0.005324225
821.8248 3182.6025 158.99542 651.89795 0.005254433
758.4712 1495.5784 303.71225 3044.8706 0.005229844
698.6951 962.66187 413.80063 867.90045 0.005226964
906.85236 2101.1704 6.1575303 511.70178 0.0052176276
802.90344 2303.6423 211.22905 958.73083 0.0052109743
902.1425 2540.7383 16.164 539.37714 0.005208483
642.2672 2262.6768 251.76805 350.20602 0.0052034254
840.36957 2621.9011 138.85599 1771.5325 0.0051961024
544.49176 3132.9702 673.0069 752.875 0.005195782
436.34903 2042.721 285.54364 453.13477 0.0051811086
740.78485 1275.4622 330.91406 1675.1049 0.005171206
766.36163 2541.35 235.03568 293.96478 0.0051541626
469.92267 1103.2384 581.636 1225.0514 0.005142584
804.57916 2280.055 210.04614 924.27124 0.0051382384
821.0877 687.7465 174.22505 475.45932 0.0051357676
423.5137 2380.8862 467.3775 958.8236 0.005131338
752.0608 1059.2203 290.14755 516.0233 0.0051302374
905.5765 2184.1482 9.454856 808.85455 0.0051194965
880.9108 2996.7717 61.787197 351.0517 0.0051132003
900.33093 2446.784 20.11449 363.6617 0.0051065073
796.1279 740.3022 204.35976 403.42682 0.005099523
780.5049 58.50324 256.6206 113.7407 0.005084787
425.19022 1885.8141 404.94827 953.1935 0.0050783237
696.67365 858.4329 418.90994 641.55676 0.0050697587
369.93115 2151.394 369.12955 613.65283 0.0050594485
838.2916 2093.5237 142.05164 562.3334 0.0050546643
562.3431 1762.005 149.05975 286.28467 0.0050509823
889.55414 2347.086 41.787643 1024.2537 0.0050489437
500.08725 1731.9441 152.55919 253.86781 0.005047499
685.41864 3004.4343 416.4745 971.01044 0.0050308383
844.5943 1452.3174 130.26602 2965.8027 0.0050229225
753.1354 2761.6538 306.24072 555.32776 0.005015017
706.2766 1385.8076 240.55812 315.14615 0.0050125383
832.84985 3130.1555 145.31186 754.96454 0.0049728085
809.9273 412.91022 199.3492 841.2547 0.004962638
771.39557 738.7576 272.13104 1337.432 0.004953689
476.3982 1043.4858 193.56279 351.44308 0.004950595
902.1923 1997.1809 15.5989065 966.16064 0.004924307
872.8806 31.545303 77.76923 60.053684 0.0049226275
110.11437 2219.6726 128.48636 280.04663 0.004914823
884.03485 2529.0532 52.67929 1947.7751 0.0049053687
822.76605 2056.4932 173.44331 1652.8741 0.0048958813
726.3464 2319.3647 169.18085 237.70967 0.004891722
907.12494 2351.9033 6.3770823 1164.7314 0.0048869615
556.23224 2054.2805 188.08878 368.54578 0.0048770397
895.3594 2210.1482 29.634644 553.1892 0.004868625
897.8169 2233.6216 24.97855 1375.7787 0.004863813
464.83484 888.48267 432.12823 1441.3087 0.0048096636
769.9954 1436.5739 286.8724 2309.403 0.004805304
449.0799 2469.9236 456.13263 767.28375 0.004799916
386.9702 1972.8976 277.68643 404.7696 0.0047888225
376.85504 2193.3918 406.51407 596.9955 0.0047802012
338.38586 1776.3738 432.3358 1789.7797 0.00477855
751.89087 2501.7163 278.89404 322.49344 0.0047612106
706.5327 2812.8782 404.51645 1330.6799 0.0047601783
284.40146 2917.0493 580.03595 1177.3706 0.0047488175
850.2058 2072.2285 118.34448 1259.7888 0.004747342
590.4608 2094.406 164.46877 289.75085 0.00473636
657.97125 2343.6401 184.65492 287.97916 0.0047347937
907.1827 2139.4846 5.72549 391.77795 0.00473334
826.63904 3153.494 156.06134 699.8855 0.0047294507
675.0217 2254.8472 287.35742 639.7976 0.0047250427
625.053 2053.2393 135.75558 241.94284 0.0047084084
580.643 2419.2717 226.21057 442.46033 0.004707063
402.5276 1562.6584 196.26122 327.91776 0.0047056917
891.4173 2229.67 37.46314 495.06464 0.004695323
544.44867 2094.1892 469.69482 552.1156 0.004687746
407.67807 2195.107 413.41034 541.73035 0.0046712486
845.31165 316.59927 129.68817 638.4527 0.004658158
663.9212 1198.2075 386.20453 897.04083 0.0046426966
891.1566 267.04016 38.486378 558.3932 0.004629349
791.0381 2645.4866 230.7969 702.4269 0.004625189
799.4849 1747.724 219.84204 2054.474 0.0046246205
480.46774 482.70544 164.91045 233.09174 0.004611266
411.63654 1715.2462 536.50586 1415.1917 0.0046004555
817.36774 2911.5212 176.82219 306.34583 0.0045645903
788.6678 2875.241 239.18094 1273.7236 0.0045625865
556.227 2656.776 240.702 324.63528 0.0045571215
282.5968 2225.5151 316.3421 519.1961 0.0045562107
766.1552 2123.814 296.83853 1477.4076 0.0045550587
858.717 2143.0134 102.280205 1557.4259 0.004528997
698.0953 1251.6676 414.28033 1038.1736 0.0045250864
617.6235 781.77264 256.83636 442.2986 0.0045134053
504.90936 2486.6116 218.07376 316.81122 0.004506848
756.79126 3146.9514 229.44234 709.4188 0.004492277
858.2069 1455.1102 101.2695 2905.0115 0.0044920575
760.0175 3142.2827 283.71442 731.4202 0.004489429
424.85226 1387.896 138.89818 229.67332 0.004486623
97.873604 1139.1752 184.62498 2161.8315 0.0044806786
829.93866 3123.9988 152.02151 760.9154 0.004474427
907.8087 2274.5334 4.7456436 891.28265 0.004473066
895.7132 286.69025 30.090096 579.46454 0.004458244
892.4602 2293.8235 35.43103 444.469 0.004458102
513.9013 1517.5941 239.1268 539.6026 0.004448386
803.13556 1081.5293 208.30841 436.8485 0.004434769
884.8231 2210.2197 51.20781 1464.0391 0.0044292524
904.98865 2889.9736 10.645569 1219.3843 0.004427382
876.19055 211.61096 69.62145 426.49384 0.0044247005
421.36694 2752.4924 443.39426 1363.8568 0.0044168285
117.64108 525.2755 233.60872 1056.135 0.0044137514
476.1027 75.94858 176.63033 146.80722 0.0043987157
122.08381 5.045657 253.87296 9.846505 0.0043945205
812.14307 950.1139 195.20912 1915.6206 0.0043939548
508.93414 644.36 463.73315 932.5906 0.0043894495
352.16092 106.82662 212.60855 212.40997 0.0043746247
847.6194 788.44025 124.58706 788.95996 0.004362053
809.5144 957.22705 200.63466 1932.994 0.00436197
900.0388 1905.3195 20.702097 1305.7693 0.0043592146
901.6505 1959.0718 17.25564 525.9846 0.0043466683
730.5549 2382.4514 354.321 1376.0424 0.0043449597
493.46707 1693.5156 813.7123 3056.6226 0.0043346863
843.4242 641.80566 133.13257 472.19394 0.0043307636
799.6086 2166.2498 170.40381 297.66544 0.0043218
96.184326 1353.1289 184.47572 1662.3207 0.0043129325
826.4209 2319.4797 166.33429 2360.323 0.0042993776
729.91077 149.62111 164.83934 295.0435 0.004297212
71.81849 1440.872 136.46545 1490.0232 0.0042966697
496.45737 2449.541 342.06714 634.61426 0.0042844713
433.1844 3267.5269 868.4847 488.83237 0.004278873
820.085 1926.8875 177.87617 1887.2621 0.004263671
426.5649 2215.2478 108.180145 157.80005 0.0042517153
676.18243 2960.475 382.71475 599.23413 0.0042336877
883.3925 3290.7202 46.71318 435.62793 0.004231218
408.70245 2773.6758 439.26468 1386.5535 0.0042294865
906.2643 2614.884 7.649817 487.07925 0.0042090737
790.89294 2195.5203 159.28862 228.67084 0.0041965907
682.3894 3173.6785 417.14813 672.4217 0.0041801273
682.45844 1172.1703 414.61917 1937.0886 0.004179699
402.27322 1253.3711 488.68683 1538.9951 0.0041785757
269.4181 1640.4473 263.6457 502.42456 0.0041736914
887.3492 2425.8098 45.674194 2156.5964 0.004159381
869.51263 793.9583 81.268524 811.5605 0.0041507706
775.1677 1408.4946 217.43208 370.2296 0.0041502365
515.4943 1441.187 118.931854 91.53195 0.004141578
877.2614 393.21982 67.30263 796.9941 0.0041397004
857.73145 1877.2751 103.34717 1046.3738 0.0041220067
436.69003 2519.5894 198.80058 286.75824 0.0041193687
505.24918 1937.5126 563.69257 1380.5948 0.004119265
780.57446 325.56 267.01096 650.28143 0.004113696
871.69257 2972.7925 77.49716 287.9809 0.004108901
554.48083 2548.8965 201.6473 314.3634 0.004107229
526.49713 94.22815 281.58594 184.77773 0.004103591
776.8973 1137.6477 261.84998 433.51657 0.004101401
904.2525 2450.9807 11.800419 852.25464 0.004087691
856.4828 2276.8145 107.023926 2448.3528 0.004079748
829.24286 1010.3387 159.81049 1167.5098 0.0040768273
485.98734 2629.186 201.08444 344.16098 0.004074017
905.4341 1909.4398 9.350688 921.5495 0.004073711
856.6317 38.314213 110.02293 73.36984 0.00406667
100.60887 769.4388 198.06102 1589.429 0.0040663937
678.4168 1569.938 474.132 1556.202 0.0040533943
69.956474 1801.562 140.64941 760.12524 0.00405087
900.88184 293.99435 18.504725 601.5608 0.0040436047
729.20276 1166.1776 357.24832 1230.4515 0.0040394105
510.65146 2458.6992 146.38387 197.59589 0.004026515
679.84436 3152.5518 346.17923 702.42236 0.004026335
537.87164 1738.8412 582.01843 928.6179 0.0040227
794.28876 642.43427 227.46042 810.2106 0.0040188767
509.77258 2447.4487 167.74173 259.70007 0.0040177014
431.98022 3144.3923 886.7999 733.52277 0.0040146555
905.2548 1850.4008 10.012939 961.17474 0.0040067732
906.07214 2011.2168 8.248428 428.22562 0.0039964328
530.31995 2709.1382 243.72765 435.122 0.003995512
520.7788 528.76013 86.22852 142.61908 0.003991717
833.1187 2282.151 153.85799 2465.8496 0.003989439
739.54913 3188.0208 242.71672 632.95605 0.003977248
525.33875 515.103 98.89683 168.23561 0.0039739152
854.85156 959.79395 110.979355 644.7149 0.003968651
903.60846 2753.138 14.614851 534.13916 0.003950753
898.6849 1848.453 22.639198 1274.5455 0.003947765
836.1036 1263.7152 146.50502 633.0846 0.003930926
804.4726 1731.9238 210.06136 855.15015 0.0039243405
631.14716 64.34912 490.95764 124.064835 0.00392265
901.07336 2322.113 18.576992 2265.197 0.0039156936
649.37 39.009468 520.0683 78.056816 0.0039126338
85.86913 17.59817 172.63748 33.99504 0.003912407
832.74664 2162.6523 160.80157 867.525 0.0038821693
895.4943 1234.0284 28.676668 2532.895 0.003877831
83.60918 1855.0674 136.14949 641.68256 0.0038548782
380.23093 294.8508 660.9605 582.27155 0.00385085
540.8694 2132.4578 170.84662 246.76224 0.0038503197
85.37673 894.2073 173.31787 592.8294 0.0038494675
415.2929 2555.5405 348.6183 627.4953 0.0038454195
900.5703 449.7293 19.483757 891.2992 0.0038287952
895.00116 2849.756 31.85079 283.28436 0.0038244072
83.35412 842.68225 172.86389 946.5869 0.0038113063
873.8561 2172.0483 76.355896 396.12134 0.003805248
897.23486 1858.339 25.674725 1472.4266 0.0037894119
688.11346 887.4234 433.3266 1791.7216 0.0037874652
803.9355 446.8713 191.57292 279.52185 0.0037870996
897.7425 2023.8021 24.673948 423.05417 0.00378674
392.81793 295.4986 629.49664 586.93695 0.0037810295
890.50653 44.304504 43.76561 90.06394 0.0037548963
882.83185 2899.7256 54.023663 1213.6622 0.0037527564
894.4568 2071.4722 31.881033 463.86472 0.003750942
333.41437 293.72543 446.88788 597.5477 0.003750543
500.70212 520.5263 164.32426 235.17078 0.0037503452
896.9255 685.43695 26.342651 692.106 0.0037502972
891.8877 522.0532 37.50864 1067.1348 0.0037390275
614.1846 2191.5942 276.62222 936.6211 0.0037387416
802.4884 1492.1111 210.3999 550.49097 0.0037346128
709.3956 2226.1772 363.9912 2216.3025 0.0037331905
765.62244 166.0893 291.34308 328.75812 0.0037306142
332.01724 1585.596 416.25897 1648.9291 0.0037297476
746.92114 2492.8728 204.71428 391.01462 0.0037178635
588.573 2643.1162 101.39775 167.57762 0.003699417
904.3981 3128.1294 10.901344 727.9657 0.003685639
747.4221 2421.0183 180.1522 425.6256 0.0036803985
896.50653 2000.4625 26.962206 671.44495 0.003664553
909.0111 2538.1655 3.0680988 537.6711 0.0036607664
906.707 2388.0903 7.070463 1108.7535 0.0036530767
647.90015 2921.3953 205.92444 405.05902 0.0036505575
878.77515 503.50677 63.426224 739.8977 0.0036387169
646.47797 2773.6538 160.97153 254.02408 0.0036382624
209.07854 2824.1995 380.9019 709.0509 0.0036332393
282.27963 2839.351 394.38846 1250.3159 0.0036280698
360.67862 3203.3613 322.05112 577.02277 0.0036261932
870.10223 1031.198 79.997925 2089.8982 0.0036225596
260.33545 2761.4604 499.48837 822.70197 0.003608923
897.26105 653.44543 25.75253 461.23553 0.003595647
678.1999 2037.9515 172.97757 278.96698 0.0035919552
898.9206 1909.9119 21.868431 784.93164 0.003574972
774.1486 99.67235 268.39328 200.80142 0.0035731818
285.3517 2947.5737 366.3043 1089.8076 0.003563174
875.5241 1006.1284 69.281296 365.1387 0.0035519334
902.9654 654.92816 14.895729 1357.423 0.0035498769
510.99023 2670.7876 220.8465 425.97653 0.0035459674
477.39627 3283.2117 745.94824 463.9563 0.0035410528
785.8267 524.1279 253.90967 1025.0178 0.0035356425
398.85938 288.15073 304.45404 567.5241 0.0035226133
579.6075 3025.0286 236.26744 794.4771 0.0035219875
516.7969 3267.8203 691.1656 494.3185 0.0035201905
834.97327 878.5302 143.73415 664.3427 0.0035115848
746.65576 1629.5428 306.84903 1338.1726 0.0035060116
906.38153 2626.243 7.803999 697.8869 0.0035041375
900.32556 2045.5939 20.456823 1888.1648 0.0035035033
881.50916 2022.2538 57.506973 1865.7915 0.0035005915
325.93497 3243.9133 456.44882 538.88477 0.0034943924
905.2966 584.47705 9.963648 1216.495 0.0034866217
158.19447 475.03836 260.48206 905.2486 0.0034643153
897.4807 559.8931 25.316416 603.136 0.0034629593
563.2274 1366.5382 211.85616 267.14166 0.0034610708
469.1316 3129.1294 767.26166 759.3644 0.0034582827
82.052055 1164.0305 160.32242 650.28827 0.0034486577
905.41016 433.93176 9.432281 909.11273 0.003440789
894.1407 2942.3364 35.568226 243.64041 0.0034399522
888.2755 1105.6307 44.336987 789.58105 0.003435959
623.9378 2994.6416 204.26054 326.9432 0.0034159655
777.75555 3122.6128 249.21538 773.2534 0.003409772
616.9341 2954.743 205.60597 314.46854 0.0034092336
43.52218 27.134409 87.29493 55.079636 0.003404817
787.6383 2597.6008 289.6967 766.3301 0.0034026918
682.2576 2379.453 220.08522 585.78217 0.0034021873
677.8636 2523.1902 140.2402 275.98816 0.0034009814
604.7155 2239.9312 122.666794 212.21024 0.0033986259
847.2519 1526.4055 122.600174 1188.4901 0.0033950822
408.32654 3201.9333 232.54236 391.20776 0.0033950116
424.93997 2806.9634 331.99573 507.79407 0.0033935194
435.78088 3377.9253 855.7127 270.93204 0.0033906435
506.95932 443.65445 217.50644 314.93982 0.0033830113
854.0507 1107.9899 110.505295 769.2324 0.0033812209
752.89777 1518.7863 310.46774 841.3868 0.0033668415
297.03516 3285.877 540.4765 482.18478 0.003365272
670.3223 2246.1265 120.11444 203.87596 0.0033552626
810.63544 2907.404 201.95682 1209.0011 0.0033536956
42.18076 828.47144 83.01682 650.9068 0.0033421793
473.96152 994.9091 498.0221 563.6044 0.003335331
900.8143 2941.469 21.853514 236.57574 0.0033303148
499.06903 1750.879 808.8211 3469.503 0.0033188849
801.1751 3207.3223 259.52472 598.0284 0.0033140553
885.7918 960.44244 49.257244 489.68478 0.0032961988
878.4524 1806.4635 64.04708 718.10583 0.0032879033
744.03046 1005.8627 192.79251 302.74878 0.0032871687
853.95953 1532.9141 109.65711 1351.1442 0.003277665
702.90027 862.7925 405.93515 830.27844 0.0032728238
509.20493 2962.6948 202.06036 314.36108 0.003268765
462.20337 591.1937 890.37805 1188.1781 0.003262716
854.691 2768.2805 112.6871 216.313 0.0032540562
605.97144 2775.0273 120.86595 217.31921 0.003253965
303.06696 54.338936 568.4664 104.11719 0.003253266
874.8467 1604.8115 70.99901 526.5138 0.0032397076
595.8913 2975.3333 221.92332 309.6802 0.0032341012
368.1154 60.488438 527.7366 116.90568 0.003226032
558.268 2487.7566 218.47144 496.0193 0.0032194639
756.41327 752.73804 146.58698 261.52933 0.0032190003
404.13483 3372.2773 277.8087 275.3378 0.0032089576
906.90735 2304.9927 6.5558615 1332.4214 0.003195568
324.2498 58.210182 374.2215 112.693405 0.0031913482
622.84357 3148.904 180.14935 285.10373 0.0031895451
888.4016 530.5594 44.472588 1134.6183 0.0031863993
789.3427 3111.4636 187.88136 449.64853 0.0031809516
64.00969 57.55893 127.454346 113.29497 0.003171843
784.9395 3266.843 224.31424 484.76538 0.00316865
525.36414 1442.8671 493.7272 2617.3022 0.003163814
890.6382 2413.4426 39.387825 614.8628 0.003154366
332.2706 2139.0803 465.30505 1525.3541 0.0031518887
901.6024 1733.4591 17.46853 896.9326 0.0031486633
787.8056 1367.128 213.12535 363.7997 0.0031317514
158.39832 1676.1465 108.760056 340.02896 0.0031187213
426.57043 2915.5671 466.42386 956.1507 0.0031157606
862.938 1501.9581 92.766884 1017.2606 0.0031156677
748.6697 1435.8254 314.28046 2741.4453 0.003107652
816.373 1765.4878 185.57805 824.1192 0.003100497
717.2287 1743.257 371.111 3150.5627 0.003095406
846.44415 420.7119 126.877464 325.31757 0.003078639
631.36615 3312.9275 381.38403 396.26645 0.0030727673
906.4704 1814.5743 7.82614 1909.8768 0.003071796
618.74 1328.2816 177.65007 168.63536 0.0030432758
677.5667 1529.3489 346.18454 539.3868 0.0030416704
443.8356 3196.3708 236.17879 566.5827 0.0030314645
868.8704 1505.432 82.30206 556.9841 0.003030097
398.06 2691.3438 291.6155 368.32047 0.003027721
905.2318 1970.239 9.7630825 574.36017 0.003026603
509.0125 1868.9731 276.0135 976.1585 0.0030179592
903.32355 1870.5288 13.457933 1684.3613 0.0030063947
904.6697 189.1821 11.428021 382.83807 0.0030000983
668.0509 3170.0151 205.665 364.83832 0.0029957243
764.9169 3172.6152 294.20813 710.0445 0.0029873417
906.4903 283.9496 6.5595684 589.9458 0.0029794474
231.56625 1847.0376 275.30362 1755.4459 0.0029709055
620.73914 1075.7191 175.61432 255.02808 0.002965361
783.93005 3229.368 224.59506 562.7497 0.002963843
901.8078 2924.1475 18.306108 523.7792 0.002963474
902.4456 1380.8102 16.134853 834.3669 0.0029619513
855.98553 2354.3525 106.60816 251.19858 0.0029614768
757.4611 1159.8246 196.49959 326.8671 0.0029498613
311.45584 1180.8483 222.61531 730.0316 0.0029382033
830.8624 2997.3862 142.57346 273.7842 0.002937075
677.7986 3148.5327 177.02922 269.82712 0.0029313494
838.70074 993.6291 143.72409 2061.8892 0.0029306514
864.7499 493.69107 89.42793 696.0713 0.002925829
745.9855 3287.1409 289.4082 444.05048 0.002921988
897.4288 909.5669 25.984016 1925.7966 0.0029217892
778.6231 1584.3462 284.58075 2053.841 0.0029116936
612.47687 3279.9507 192.63374 357.83694 0.002899621
813.01685 604.82916 187.71304 1020.5212 0.0028860304
648.3718 3349.0972 414.2306 325.2904 0.002885037
294.3366 2789.7593 171.72131 284.84418 0.002884439
215.8315 3341.341 438.44617 476.1371 0.0028761798
504.77756 117.543686 825.7423 235.41512 0.002869391
686.432 3307.2275 244.07896 408.027 0.0028662453
406.14096 2434.998 434.4725 803.1351 0.0028566208
864.3476 1182.6084 90.86159 495.31464 0.0028365296
853.5642 2657.8376 103.05613 237.31956 0.0028294483
743.85596 3134.9714 167.5879 310.6672 0.0028129125
487.83188 3206.9167 552.4669 599.5964 0.0028082456
470.07748 102.85046 845.0366 204.1606 0.002807992
499.54803 1750.0668 804.32227 3460.8604 0.0028060873
740.8825 1093.2875 193.81496 232.31078 0.0028026109
899.0204 1343.122 22.528925 468.4236 0.002800674
33.024258 68.37346 67.633446 135.84346 0.002797655
639.50635 3317.5637 243.03201 387.66437 0.0027947752
898.23315 694.6819 24.292019 1505.5548 0.0027860606
421.6192 346.02548 346.1665 698.0767 0.002777386
677.55505 3203.6865 231.08482 434.98624 0.002760325
835.7718 3267.559 117.52227 483.85217 0.002754646
389.12634 1788.43 182.79518 428.2246 0.0027418989
653.9692 3154.862 214.30725 338.11703 0.0027405065
883.6124 3031.2476 64.01929 363.66727 0.0027396088
905.39667 1011.1013 9.897997 513.2675 0.0027338604
508.9375 1754.4417 788.80225 3473.7368 0.002731975
856.13184 3242.7957 94.835304 519.08264 0.0027303696
279.72836 3461.3132 380.23495 101.23421 0.0027251926
766.0093 3282.8516 249.80453 448.36676 0.0027185446
513.10724 3422.0437 723.0549 190.04887 0.0027179164
657.4965 2743.815 456.05426 698.449 0.0027164293
906.5765 1844.5845 7.0220675 1159.5266 0.00269751
908.692 2117.7942 3.0106838 693.9998 0.0026936068
799.1399 1660.4021 244.04031 1523.4778 0.0026869029
764.7601 2819.59 305.0927 847.05566 0.0026582123
755.0674 3339.123 258.77872 336.91693 0.0026497645
825.3655 3270.5024 137.99591 389.76553 0.0026273483
110.39936 3474.674 202.37439 80.7528 0.002623973
722.06854 3395.3542 225.65268 228.7568 0.0026081793
791.4363 1100.9464 273.71005 1433.9547 0.0026063442
885.7806 2223.17 71.05685 452.99008 0.0025879398
908.205 288.6818 3.961239 589.0159 0.002578986
908.9238 2138.946 2.6529756 764.0819 0.0025714647
756.6847 169.22652 188.65637 330.60016 0.0025701027
638.8423 3356.6672 197.89038 288.56116 0.0025676407
703.4372 1704.6859 386.81635 1179.9297 0.0025658598
11.903071 646.8706 23.787128 651.654 0.0025604859
533.1647 1078.4764 640.8401 2046.5771 0.0025477344
908.9811 2533.6138 2.1473048 600.548 0.0025444163
640.819 3398.7651 258.36847 226.36601 0.0025196164
602.5622 159.84521 625.46246 327.37967 0.0025125148
526.9352 838.8381 744.3647 1685.3273 0.002480833
647.88684 3386.826 296.0696 248.38872 0.002480629
487.62283 878.65845 839.1483 1734.2484 0.0024745835
825.42365 3031.3406 142.1945 267.83353 0.002449714
750.3177 1769.975 313.4536 2030.3468 0.0024485888
780.85846 1653.0404 272.83685 3279.494 0.0024305289
407.73398 2754.0017 288.60388 1497.401 0.0024251656
535.7743 1244.2068 574.34454 2393.655 0.00242001
889.85736 3352.4292 35.69966 292.4886 0.0024049252
909.306 2299.7173 2.1537075 889.46204 0.0023933584
750.4485 90.235855 277.58313 266.33917 0.0023687312
541.5436 2759.5193 586.0959 1360.0475 0.002350417
728.7565 3323.401 335.9627 243.17744 0.0023409955
827.9885 3355.3457 135.82803 298.36652 0.0023402749
522.2709 2457.1372 776.57477 1047.3696 0.0023379358
293.8429 1950.4294 344.2274 1230.681 0.0023266422
11.771894 304.25162 24.695946 621.77655 0.0023218058
882.9727 3415.611 48.25905 189.94482 0.0023160262
801.93335 3334.325 169.38338 344.71725 0.002306313
906.45685 3029.642 7.444112 420.97922 0.0022897676
289.23648 1787.6156 322.8172 1106.894 0.002250302
415.05774 2142.317 484.35822 1249.9541 0.0022467053
710.99866 3381.502 366.04752 271.40103 0.0022442075
810.42535 3287.0288 175.48358 497.62766 0.002218959
694.848 3414.4595 351.46402 188.28224 0.0022184618
727.5091 61.966686 370.46307 119.02695 0.0021808574
901.5989 1561.9164 20.619545 395.30396 0.0021708575
626.9292 2712.6177 222.54634 541.48663 0.00217071
286.02606 217.9001 544.0316 437.97745 0.0021645115
785.5611 2647.6199 216.16989 1722.66 0.002089993
725.2933 3418.395 320.66235 227.7066 0.0020740337
612.6644 3474.0981 709.55554 151.78557 0.0020361664
306.3549 1247.1813 341.07883 1751.233 0.0020294674
894.47876 3285.515 29.488358 415.80862 0.0020232198
796.3773 3405.556 187.9462 217.07344 0.0020002772
550.76587 777.5687 640.9783 1472.3318 0.0019574268
605.63934 2455.7 480.48004 489.5616 0.0019497297
621.9274 835.73413 523.7314 1642.2659 0.0019473502
807.082 3427.6033 175.24792 165.34349 0.0019224059
780.1473 3492.136 249.35284 39.076004 0.0019172974
723.36346 3175.1172 517.35345 74.91338 0.0019105469
810.19214 3439.4607 160.83406 138.79225 0.0018727499
829.35864 3393.348 153.21387 241.23001 0.001862236
855.09973 3426.8674 96.313286 170.99988 0.0018538049
850.0469 3408.4038 97.63529 192.60652 0.0018480635
894.3101 3382.3833 30.217024 243.38939 0.0018456444
629.3921 2788.8298 478.83716 679.48584 0.0018412208
908.6685 1920.6554 2.910525 1712.0128 0.0018350518
807.7089 3440.7246 186.51073 159.81583 0.001755241
818.79315 3477.9148 162.91812 68.58478 0.0017454729
536.2578 2501.5828 664.31647 740.6286 0.001743508
878.75085 3460.1384 48.74819 103.895805 0.0016341328
895.53613 3380.0332 27.859074 251.7142 0.0015631918
453.45883 2164.7068 335.38318 352.7706 0.0015575783
763.6915 3430.4 228.45778 246.33838 0.0015435508
889.3296 3402.9863 33.37087 210.35197 0.0014963071
542.47485 2093.8147 709.1104 1545.6664 0.0014886198
816.32745 1074.1013 180.43625 827.32245 0.0014631469
866.85406 3171.3364 34.444225 667.1776 0.0014427305
880.942 3482.5913 48.628605 64.792076 0.0014392306
547.97296 2684.563 714.2694 2888.9622 0.0014175829
592.6835 789.3781 588.9665 1584.4451 0.0014169457
489.06 2562.1587 526.90735 796.05536 0.0014150793
423.33832 2896.562 363.16724 492.26718 0.0014076339
461.59827 1864.2104 655.1908 2121.5186 0.0013920572
550.39056 2360.0125 645.1595 1046.8064 0.001344078
899.8821 3412.6267 20.02305 190.59792 0.0013296511
895.40924 3370.0215 27.035023 272.96783 0.0013289137
890.1861 3426.6973 49.2734 202.63821 0.0013263148
257.06387 1307.4332 439.84653 1361.7493 0.0013100004
544.11523 2149.439 332.147 900.93536 0.00128801
895.3219 3419.0457 33.14264 176.86916 0.0012844647
857.934 3481.3247 83.259384 63.443573 0.00128156
852.6156 3491.693 102.01809 43.946854 0.0012787532
302.7246 1434.4137 231.09561 1220.9076 0.0012699933
594.40045 1013.85095 393.50412 2060.1372 0.0012660108
877.5324 3444.3035 77.50888 126.593346 0.0012655412
359.9455 2427.5684 315.69568 369.46918 0.0012545191
599.636 3498.0857 615.9702 53.30147 0.0012474492
340.67514 3051.4429 223.99474 642.69006 0.001242357
900.2492 3437.9382 21.050072 145.88661 0.0012250959
377.91476 1373.99 207.46986 733.1611 0.0012110792
897.1196 3469.4558 24.108929 88.41604 0.0012055736
574.04865 1106.4519 157.9942 2193.9507 0.0011969478
472.64175 339.80875 855.33453 703.61597 0.0011851878
869.32745 3493.3215 65.4723 41.87151 0.0011841074
897.30133 3407.2786 24.829395 207.24286 0.0011726102
766.54755 3505.0022 240.25282 16.518051 0.0011697398
902.2301 3450.1711 15.640103 127.183975 0.0011637622
674.18207 1023.65796 329.53372 1945.88 0.0011635005
887.1889 3492.4736 38.268433 46.252064 0.0011494554
792.8955 2568.0586 210.64421 404.25937 0.0011398488
616.32 2806.0342 737.7354 1257.8723 0.0011358141
769.3322 3202.9194 203.40031 498.8152 0.0011160972
898.38385 3464.2742 23.559326 100.314804 0.0011157145
819.445 1546.5243 303.18973 1101.0657 0.0011062977
521.26764 704.0434 657.8917 973.7452 0.0010955648
673.4458 3497.4158 450.45166 45.817036 0.0010945294
896.1194 3469.5796 26.518997 65.14808 0.0010748744
904.969 3407.483 11.461624 152.62025 0.0010296102
539.2831 355.31818 652.5597 689.4627 0.0009961126
838.9376 3507.6123 266.6204 33.57918 0.0009927488
320.80994 2561.7593 470.47382 523.70734 0.0009857505
896.8022 3513.9438 24.319569 8.073357 0.0009493718
768.4024 3411.018 240.8606 178.53912 0.0009469882
894.74115 3505.0046 27.656733 23.703836 0.00092423934
729.8385 1378.5004 195.47307 1656.6412 0.0009198626
463.48077 602.6608 833.5255 1147.025 0.00091641804
557.66565 3409.7583 740.5234 174.77937 0.0008797122
557.7246 272.61075 625.37866 578.2801 0.0008737397
780.45935 3470.221 308.10883 29.388205 0.00086563244
902.76825 3462.6155 17.319452 110.56618 0.0008327886
869.6576 3373.2803 134.84709 274.4932 0.000823848
889.09894 3513.8237 89.980515 10.997655 0.00076418935
826.69354 3516.9993 271.19937 4.0825777 0.0007333964
650.5358 1532.602 430.93134 528.86255 0.00072062755
485.98672 559.7908 827.7707 1157.2009 0.0007170755
860.30133 3512.072 196.75049 10.596225 0.000712592
816.6244 3509.4622 286.29425 17.55704 0.00068397087
452.93253 631.3711 870.48883 1425.3643 0.0006381892
771.05164 1652.9945 407.47614 846.3899 0.00061289157
494.95068 155.55727 841.2619 376.9484 0.00060778565
831.80383 1635.3092 328.48758 847.5548 0.000600626
812.7233 3515.868 275.90247 7.1938677 0.0005927981
