657.4531 1491.871 1142.381 2972.138 0.48754945
661.93567 2038.4491 1124.5571 1836.1207 0.34475347
655.00214 1742.1624 1140.561 3465.0435 0.29452428
657.4751 1771.6145 1126.5455 2369.1418 0.11120854
594.0571 1962.8165 891.5398 1625.9371 0.08030506
855.9115 886.8195 743.18896 1773.8414 0.0751391
813.7441 1535.2648 275.244 399.9025 0.06376658
854.661 743.0398 746.88043 1482.7743 0.057119388
584.1595 1869.2185 849.3445 1438.5635 0.055253945
554.66223 1959.4689 880.6314 1650.9446 0.053715814
854.2101 1460.4274 747.7508 2907.6738 0.044593908
690.701 1981.5483 847.4398 1432.9784 0.043093424
657.9239 2292.3342 1134.7944 2384.9348 0.04276354
685.62805 1476.4462 971.69525 2212.5476 0.042647004
854.046 154.91573 756.19946 308.77176 0.042030986
649.9538 1890.6265 842.7835 1396.1044 0.0407131
663.0349 1842.5317 1008.5136 1423.671 0.040152777
659.5104 1802.0951 1013.87946 1363.8052 0.03547402
1200.6484 381.48013 66.100075 224.53644 0.035353232
857.48663 1026.3076 737.4757 2057.3628 0.035049498
834.49316 1548.054 337.4568 437.40952 0.033618927
658.72974 1491.5751 1136.9724 2976.6252 0.03210553
664.2104 1525.7197 934.7732 1813.936 0.03050208
654.5582 1981.351 1134.1904 2921.6008 0.030252362
1199.2233 405.3299 49.286037 63.002262 0.02932317
762.8603 130.72144 576.0717 260.36594 0.029247569
854.24005 557.4257 749.15247 1109.5409 0.0284879
854.4034 258.9723 755.1127 516.9206 0.028436555
854.27924 260.87912 752.8581 518.90155 0.027469004
673.9685 1382.5623 988.71704 1957.2565 0.026873969
736.1913 123.10337 498.82318 245.09964 0.026453625
851.8934 1160.2847 749.3578 2317.1372 0.025969261
678.71344 155.68715 1104.9067 309.05728 0.025805606
946.59656 791.48645 549.6751 1218.2482 0.025745029
673.44934 1022.46063 1093.5455 2038.4628 0.025072368
628.6225 1838.1757 715.93744 1221.7721 0.024140554
663.04175 2000.6326 721.40106 1496.872 0.02408361
946.7275 950.0773 557.3169 1626.2048 0.023991711
660.8822 1504.467 1005.3147 1781.0983 0.023114914
672.8796 1120.3871 1086.6066 2214.557 0.023065437
572.6975 1875.4843 917.7013 1853.1133 0.022946762
735.1853 1038.979 972.76984 2031.13 0.022262502
852.87866 338.56546 755.18994 675.5005 0.020398365
671.9944 2590.3337 1105.3907 782.03845 0.020328902
1174.261 3229.4846 109.139946 556.5807 0.019565405
657.04395 1486.7705 1017.3176 1839.1239 0.019089054
658.2977 1311.4705 939.60095 1816.1399 0.018822815
843.92596 1122.7236 762.13965 2240.9792 0.018719371
681.2593 793.2647 1085.9012 1581.6586 0.018486908
680.00836 238.3793 1100.505 475.20953 0.018412482
744.7077 767.73047 952.0622 1526.0922 0.018289633
685.2346 673.2897 1078.8265 1342.9644 0.018285546
598.85486 1536.6323 773.9216 830.62573 0.01820408
718.2883 2335.713 952.6935 1149.1475 0.017969187
708.5 1032.8934 992.5943 1722.7457 0.017667497
719.23236 739.83 1002.81934 1469.8276 0.017570486
718.12506 907.2128 1002.8122 1799.5026 0.017352508
588.05536 1695.03 792.36475 1075.4216 0.017106142
590.55176 1570.2482 919.86957 1866.3495 0.016417587
809.6796 1447.5656 801.14294 2490.9514 0.016151486
616.06934 1680.9567 806.15356 1064.1941 0.016144684
591.06793 1666.3438 727.9181 978.62256 0.01614111
661.7806 2040.1975 1123.7961 1832.4673 0.015954839
1126.649 137.07544 214.63785 273.272 0.015946016
605.5984 1553.679 688.0698 729.3523 0.015907563
519.5472 1559.5287 442.9624 658.06445 0.015677197
936.0454 1174.9922 577.3216 2209.6135 0.015647842
694.35345 244.60461 1059.8964 487.33444 0.0154713895
479.26694 1685.528 621.0063 1031.6757 0.014756983
942.9626 1484.8022 568.05304 2921.9949 0.014665735
689.65216 2346.8137 679.41565 869.2053 0.014622519
648.9771 2283.2117 866.3171 1041.5566 0.014410462
945.96173 591.4793 524.52344 781.4027 0.014062385
503.3192 1537.134 547.7134 707.992 0.014029795
722.61 2651.7585 989.3315 638.5919 0.013843688
580.67615 124.94072 900.2188 248.31189 0.013798824
940.682 561.04584 546.27325 873.34 0.01378364
645.495 1523.2205 601.51984 596.98596 0.013731648
692.29114 2358.2986 929.55304 904.81396 0.013691976
724.76855 2359.6333 580.1403 826.06085 0.013625135
654.9907 2909.907 1124.0886 1189.4451 0.013482658
675.5965 266.68127 1104.5267 530.7049 0.013348339
930.4394 2068.8643 576.8978 1513.0454 0.0131337745
789.9522 241.59651 258.96567 157.20459 0.013118814
934.777 1227.3744 581.2456 2372.0286 0.012986359
669.47144 1674.0789 908.29236 1067.2052 0.012804525
678.46326 515.5612 1096.1742 1026.5189 0.012794915
769.8006 2227.4875 789.4615 1226.162 0.012773184
601.353 1584.2445 875.46564 967.4215 0.012729167
527.04376 1607.4003 834.90625 2275.4407 0.012614391
973.48016 786.8756 475.65262 827.74426 0.012464741
881.5188 1743.173 692.1883 3480.2432 0.012157141
795.63696 1855.3253 563.6178 1163.9835 0.012105335
707.8073 1512.4661 948.01965 797.6485 0.012037266
1083.1942 139.09624 299.4798 276.8031 0.012006796
307.31467 85.77799 372.0225 169.62239 0.011814634
841.67865 2066.4072 757.78754 1709.9927 0.011733537
610.62006 1686.0443 949.4283 2257.843 0.011498482
670.73755 1637.9333 1074.0756 1179.8625 0.011475433
720.4736 376.6538 1002.9658 749.79474 0.01145833
922.18536 379.26437 611.50916 756.8272 0.011413431
679.8352 1571.806 1034.4884 987.14056 0.011392645
816.98206 223.83003 331.6889 205.9447 0.0113202315
685.7247 1302.4117 893.2292 1280.3339 0.011310703
857.4412 613.3288 737.3702 1221.6929 0.011015062
583.0421 2217.0781 821.6359 953.0756 0.011001943
420.2156 1972.4465 634.2801 1623.27 0.010957934
641.4939 2543.8657 809.07574 525.59283 0.010947747
574.61127 1511.031 268.48306 446.301 0.01086486
537.7523 1513.6893 858.6737 2524.6575 0.010822793
749.54877 1489.3975 446.78802 610.725 0.010820235
708.2154 2556.4517 623.83105 474.80133 0.010718798
989.75244 912.8327 456.38745 952.6144 0.010645296
759.87805 2208.5664 376.20718 549.71106 0.010544413
578.2521 1177.1351 794.13513 1320.4698 0.010438568
425.0646 1863.4143 590.18555 1162.1282 0.010304336
934.51013 417.39917 584.6213 792.3389 0.010273688
932.1506 497.95804 585.4807 919.1234 0.010228916
773.01044 2610.8706 471.27777 361.18262 0.010127448
994.72217 892.1495 441.91058 967.3697 0.010111952
845.88586 115.88916 410.15454 228.60672 0.010061887
1198.1882 402.55377 36.363667 39.71446 0.010046728
590.20605 1357.1754 799.97266 1106.172 0.010005141
867.6479 2259.9888 676.08746 1129.0415 0.009913614
960.88135 137.83372 541.7559 274.7747 0.0098493025
719.5748 114.84455 293.03055 226.46838 0.009832135
299.94928 22.291094 384.13855 44.883904 0.0097873835
910.0391 1384.9198 612.2241 2048.477 0.009769044
488.55713 1886.3224 534.8694 1256.7322 0.00975732
994.5496 738.5728 400.18793 555.1626 0.00971888
989.719 781.1492 417.8165 595.3238 0.009707968
511.92664 1288.4705 497.15967 338.3981 0.00965748
1116.7607 247.74295 233.35968 496.71844 0.009526255
552.885 1193.7977 808.9299 1369.3477 0.009503776
967.5601 1090.1238 509.00616 1354.0695 0.009445226
974.8345 1103.2318 493.05573 1329.5327 0.009371141
596.4051 950.9841 586.6828 708.18475 0.009339883
941.35876 1576.3768 538.0652 508.95706 0.0092453
1130.928 251.2023 204.58438 502.86694 0.009224537
652.3285 1746.3816 1143.655 3479.1814 0.009143898
655.63464 2719.416 1135.1888 1558.2483 0.009127155
552.23254 1064.9271 839.09247 1733.3383 0.009092041
755.8255 2244.2747 431.2793 647.72894 0.0090593
582.8555 806.3571 601.9034 952.1376 0.009041676
577.21704 1341.6576 879.11896 1645.5945 0.009007016
755.9147 2314.8135 579.7718 929.55804 0.00894098
588.2395 1388.6324 881.04675 1560.1176 0.008906234
858.0429 2618.6838 302.34137 315.16562 0.008904897
1028.5123 137.07755 409.0055 272.87228 0.008890137
996.31964 1082.0209 445.4714 839.3116 0.008727623
670.81647 711.97485 454.25314 982.8114 0.008705794
702.85583 2320.714 681.12445 916.7863 0.008650711
982.97424 1746.4329 492.23138 3481.7373 0.0086305775
979.17206 605.88934 437.35547 696.54974 0.00860846
844.4506 1685.5187 423.25107 774.0655 0.008519354
608.6547 3222.5276 1194.268 570.29083 0.008505185
619.97955 264.2564 1226.213 523.7169 0.008501281
958.801 248.94792 543.78217 496.4147 0.008425605
779.1173 109.68372 265.7858 214.72714 0.008417191
701.9113 941.82886 995.78296 1108.9368 0.00841353
546.70374 767.04803 726.8781 1190.2756 0.00836179
636.536 1550.7255 953.168 1072.5712 0.008347943
440.08353 1637.3892 388.7721 553.90356 0.00833488
657.03107 535.31714 351.59088 680.02716 0.008306295
533.07605 1273.128 857.57056 2155.0872 0.008279265
696.5605 2143.9812 245.69774 344.15033 0.00825124
995.4984 1305.5739 455.02374 922.5816 0.008236106
939.07776 386.9046 506.93332 376.30515 0.008223025
894.1333 1535.6124 631.32605 2012.3514 0.008196651
756.21625 2601.8994 513.6061 370.0414 0.008185649
641.50745 1113.7303 772.0485 1820.1671 0.008108348
693.0603 1456.3544 1014.79205 799.63446 0.008091701
537.5043 1012.1498 813.902 1698.3376 0.008066397
680.64197 1697.9968 522.73083 924.7283 0.008052849
948.59814 211.39214 562.74036 424.4396 0.008033207
714.7079 1479.463 833.77423 854.30255 0.008025843
1044.5272 251.08519 375.96976 501.76337 0.008010853
614.8407 981.41016 497.07272 521.12225 0.007898794
1009.8528 683.36017 351.803 499.4866 0.007871291
960.0228 27.861525 232.88554 55.385868 0.007820002
563.27295 1923.2751 662.7257 894.41455 0.0077892174
673.4341 1506.3369 431.74716 581.782 0.0077721993
946.4056 1229.1423 548.3727 2152.8884 0.007750614
979.4287 1293.5872 479.74234 1993.0083 0.007747996
930.7012 485.45694 394.5145 442.28488 0.0076777264
610.79816 1946.8254 522.97614 1187.0978 0.0076702144
897.53827 35.552845 331.74664 69.35884 0.0075754845
950.3351 777.67096 521.5798 741.6948 0.007547759
663.41235 2406.2847 1003.2031 1082.5938 0.0074854083
595.87885 1430.0645 846.90283 947.47595 0.0074851243
1066.842 2582.0786 323.4962 724.2197 0.007474802
967.92993 368.66205 483.3245 336.36084 0.0074350666
943.0409 726.1543 564.0961 1316.6835 0.0074301907
949.23615 360.63812 553.4646 409.07996 0.0073867557
1187.0175 2842.266 86.6126 274.62534 0.0073806234
830.50854 2344.9292 261.68488 305.35202 0.0073695956
730.4207 1822.6254 526.1116 980.79504 0.0073515866
814.56024 2239.1282 497.5635 1083.9042 0.007343848
967.04584 438.4154 487.25507 481.2278 0.0073036384
466.78223 1621.8333 225.78162 373.8313 0.007287122
681.8809 2381.3188 997.935 894.1636 0.007259086
999.0008 255.41742 464.73224 511.27066 0.0072041317
580.3078 1792.0554 503.20535 843.77966 0.007183572
992.87616 2148.6592 469.5188 1628.0594 0.007164098
995.6977 1002.446 449.9332 1020.05914 0.0071497755
1005.741 665.8662 437.407 1315.4895 0.0071015577
576.7972 120.381355 213.38942 239.10211 0.0071015
920.19354 38.14616 267.4402 75.29374 0.0070898966
253.17673 88.231 494.42676 176.2887 0.0070753093
1124.0963 36.568638 220.311 74.3407 0.0070587737
858.1104 2177.8916 305.07404 553.3575 0.0070107067
766.2508 717.5644 871.45123 1105.1665 0.0069801933
693.33203 1294.3085 699.96875 1238.2843 0.0069679874
593.6915 1371.5491 742.0831 575.5745 0.0069486103
427.58084 2083.4412 446.8877 505.04758 0.0069077457
681.41315 563.7744 224.91762 386.67776 0.006895826
677.99805 1396.4745 1022.3364 993.3212 0.006892069
945.2035 106.289185 239.104 209.25023 0.006842118
700.7096 2237.8608 356.97464 482.20108 0.0068377783
747.8462 2689.2188 916.97144 561.4291 0.0068283607
1026.258 805.21423 294.58154 394.0467 0.006813118
798.14703 2087.0547 312.17896 417.26752 0.006804995
384.31055 2152.791 534.2833 565.2994 0.006782337
680.117 1389.8097 994.6524 1256.4536 0.0067700814
628.0184 1513.9717 207.78375 393.38486 0.006732536
709.122 1539.0686 275.81134 444.84744 0.006723298
1188.8088 2880.7224 83.22131 195.89801 0.006713599
1079.2676 2735.3481 298.20197 451.48456 0.0067011206
878.0241 1425.1302 455.47202 734.454 0.006631217
777.5635 1441.2354 575.69165 789.55383 0.006553378
696.6154 2185.1846 468.90634 538.17975 0.0065472964
598.7135 1425.3011 870.28564 940.36194 0.0065304916
742.87604 1557.8916 576.34644 769.9455 0.006523281
736.1739 271.6598 516.46295 544.1272 0.006499234
663.8884 1210.1398 626.0359 1064.197 0.0064974385
682.7186 1437.7329 1038.5885 846.99805 0.006485249
932.84357 746.38055 552.95276 791.419 0.006483019
506.62207 1185.7966 823.64966 2282.458 0.0064477576
1062.8988 2427.0464 312.07025 413.3063 0.0064342055
990.3925 158.00568 261.3054 310.7485 0.006416796
947.21796 1946.9138 553.9703 2028.8385 0.0063839336
955.7827 2004.606 545.04175 1936.5356 0.0063608214
624.7031 1207.01 295.37286 232.98486 0.0063603213
438.0667 120.4431 657.7674 236.14412 0.006348835
803.9044 327.61465 389.1183 360.5667 0.00634879
885.43646 2503.8477 477.14362 578.2409 0.0063404534
275.85846 706.4619 535.5516 1428.2129 0.0063390024
1038.2054 1568.9982 359.70123 510.07108 0.006336342
949.80444 47.156425 565.809 92.841576 0.00632921
1043.841 1148.4191 349.51334 619.6577 0.0062924717
314.32928 2181.4631 394.23355 465.23212 0.006237986
574.7515 2195.078 760.98535 610.1544 0.0062186164
905.5083 923.2445 622.19446 979.6903 0.0062058256
674.84595 1278.2286 1032.8256 1165.8318 0.0061926497
932.1487 2270.618 414.93872 726.3388 0.0061898627
308.13556 5.3555937 355.54816 10.493158 0.0061590164
1012.7124 229.89557 440.32086 462.38736 0.006140789
1162.908 131.83916 143.80165 263.63464 0.0061197146
403.28043 2102.8289 404.01346 404.11456 0.0061092367
683.1036 2587.4802 253.23015 279.64597 0.0060947193
1017.13306 13.025596 441.81244 24.695742 0.0060889595
961.78766 1190.1418 511.3057 1131.6884 0.0060867695
821.07166 333.17282 294.54858 294.47 0.0060799513
823.63055 1786.8939 411.1128 931.39734 0.006032656
1108.4484 326.87262 248.71089 654.5262 0.0059794653
662.4576 2573.205 209.66965 256.26648 0.0059679784
1035.7267 312.08438 393.1029 627.7136 0.005952584
1026.7332 1105.4929 376.64972 573.92255 0.005941762
677.5749 70.5053 1102.3566 139.58319 0.0059360024
616.98663 1396.973 449.5984 517.4865 0.005924073
719.45416 2171.2158 440.1074 990.05585 0.0059120664
497.4259 1531.0842 266.8023 369.87042 0.0059027863
931.2162 2632.8413 187.76082 289.415 0.005890817
1024.464 2084.889 400.52713 734.4391 0.0058856118
1014.0861 2496.036 424.8312 956.88055 0.005856484
665.4651 2547.6204 1118.1432 869.36926 0.005851464
495.4046 1840.4453 357.9432 558.80176 0.0058428934
1082.4318 2673.1787 270.69635 314.87045 0.005841838
1069.008 3227.009 317.37195 562.6854 0.005817433
1070.5029 2298.5535 316.88773 1148.1097 0.005816327
1059.6628 2044.2311 330.6566 598.7989 0.005809041
357.8276 2189.591 502.75677 588.56696 0.0058079455
960.76917 2562.9514 440.93198 484.5931 0.0058050114
874.75397 2150.5535 153.5949 211.76692 0.0057971454
782.03973 1014.7387 547.37213 1078.4197 0.0057857353
601.0138 2562.9165 885.9587 778.42426 0.0057665114
1010.7764 6.763288 370.63943 13.303494 0.00573304
1057.3811 1279.101 333.2671 944.23206 0.005716749
762.3426 906.8709 548.4661 1456.5985 0.005707947
801.97034 1555.7054 725.1817 2146.3772 0.0056990506
864.3846 1181.1516 249.79518 291.65552 0.005674814
867.4437 1430.7494 640.60046 740.945 0.0056589614
1090.398 19.570103 291.66675 39.389854 0.0056418334
745.86566 321.08734 290.11676 372.56097 0.005622776
1049.1282 1491.7219 362.88104 2942.3684 0.00559212
685.8204 1178.5969 950.9366 1208.2363 0.0055896835
1082.051 1158.3171 271.46408 489.56418 0.005587948
585.5813 2610.32 829.1112 686.4997 0.0055757067
709.56335 595.24915 493.09277 904.5881 0.0055237873
732.9522 1268.7526 656.03345 1383.346 0.005486344
448.34207 1629.5629 231.34413 374.05505 0.005481177
923.0358 2580.735 493.99924 722.63855 0.005477957
813.9245 1411.2122 318.60486 611.3591 0.005466821
956.9154 7.743394 425.06564 15.533755 0.0054601366
900.5939 2460.922 519.63385 947.42206 0.0054349303
971.19885 1312.5306 490.89716 730.098 0.0054169255
563.16205 504.02423 123.70371 173.98225 0.005410178
959.6369 2646.502 415.54224 370.52692 0.0054062614
639.73224 2550.4646 350.43683 359.71356 0.005395455
991.5245 6.783529 452.0615 13.059588 0.0053884145
1002.96173 557.78674 251.10713 317.2539 0.0053863376
622.5758 47.34133 1210.8352 92.76007 0.005336689
1199.7063 253.70638 71.05422 515.1279 0.0053244946
617.40076 3177.2114 1137.784 664.5627 0.0052585024
675.1019 1874.3713 407.2733 686.12823 0.005234177
589.99023 2014.4534 444.70654 595.822 0.0052255765
832.32245 1977.2306 197.78181 246.00777 0.00522259
708.63794 1218.7926 566.4698 984.5446 0.005213756
616.4464 2140.615 311.1266 410.9894 0.0051771677
1175.8665 2840.487 111.74213 1326.4182 0.005170902
911.3112 2484.966 301.5205 519.4386 0.005166856
480.88663 1169.023 750.0346 2101.3145 0.0051441947
659.24426 271.4412 1134.4343 539.5784 0.00513897
491.0767 2127.8882 461.00446 467.55756 0.0051080044
581.5516 2510.7979 331.35352 359.26566 0.005099775
599.27155 2144.139 452.11517 917.48444 0.005087067
982.167 2749.0698 54.60016 79.58623 0.0050866446
927.22327 1991.7662 570.0629 1320.2164 0.0050611384
1197.2744 462.20135 73.802444 436.44537 0.005039732
541.82336 116.29661 352.62772 228.57649 0.005031712
611.85944 2143.3496 728.2892 632.04663 0.005018218
649.4621 1997.149 418.90817 759.06384 0.0049906685
755.26965 2835.425 933.26996 1686.6311 0.00498466
973.3308 1228.7181 483.2727 1290.0592 0.004966193
1028.9598 2394.7454 215.71817 348.2987 0.0049519623
1077.6 2843.28 293.95145 264.21213 0.0049447753
819.1622 1541.9456 742.0411 876.0379 0.004922135
449.26947 2550.5273 183.61664 239.24216 0.0049078036
367.45776 2151.992 233.41597 296.55524 0.004897289
1189.0061 2827.1785 82.99085 307.26035 0.0048957556
1131.7152 2737.2393 197.46152 461.62656 0.0048949565
1074.7476 1567.9431 294.406 487.56912 0.0048816586
1052.8545 2196.4778 349.48163 923.34576 0.0048729335
672.18896 977.81085 345.44803 401.47614 0.004870719
952.89355 1454.3 542.41724 2872.9673 0.004844035
986.0136 1414.0131 462.99976 1709.0864 0.0048312917
864.73193 1.9767985 454.7893 3.9657 0.0048160013
1066.546 628.2387 325.30292 1248.7015 0.0048069167
808.0213 1469.4064 535.46643 1315.8251 0.0047609624
452.9528 1852.626 412.90433 1098.7695 0.0047324575
1087.3898 358.199 274.28888 287.22913 0.004718159
680.5486 1392.6108 193.17119 292.91733 0.004714385
1182.5337 283.87033 105.70672 571.2413 0.0047141705
561.38837 134.8602 835.52057 270.10327 0.0046968115
1198.6698 402.059 34.91554 35.447628 0.004690323
1168.9777 54.170055 135.58064 103.56863 0.004665302
1202.3322 130.86101 66.86555 261.51773 0.004643917
678.51245 574.82764 194.16245 236.71828 0.0046089073
725.6716 2482.991 579.2218 545.34326 0.004597474
180.21544 30.163681 356.03305 57.76498 0.0045969654
422.74265 2122.2788 635.15247 966.5862 0.004595676
630.3766 775.41736 332.29968 540.3442 0.004588235
807.9642 1527.0596 236.55756 380.2156 0.004578802
937.8448 1429.1089 538.7934 804.19037 0.004570396
1041.374 1036.1729 357.88434 1414.4241 0.0045589134
619.67694 341.583 1191.42 677.3932 0.004558733
798.6695 28.765749 571.09125 54.92937 0.0045490647
1216.71 242.98596 37.220398 499.2234 0.0045448127
1181.3999 331.2933 107.45893 662.6451 0.004536543
422.22726 1802.8762 205.79793 285.55096 0.004499187
559.3063 2014.5349 845.54816 2854.0576 0.004497553
902.5661 2309.9883 632.30945 1312.3489 0.004484147
1069.9147 1210.4524 300.69952 1164.3708 0.0044656955
810.22235 2807.5305 712.1703 315.40338 0.0044392957
652.56604 4.747685 1164.574 9.255551 0.0043959683
1033.8811 2402.9373 400.74646 2188.34 0.00438375
559.3358 1297.6428 860.247 1457.8059 0.0043763155
1109.1936 1744.2906 244.14505 3450.7751 0.0043573007
526.17926 1577.4038 318.54434 557.64996 0.004323643
1220.6669 132.98735 29.733456 266.91345 0.0043037054
1187.7643 2612.6274 88.83218 731.8806 0.0042915586
673.84064 1131.8535 568.623 585.2819 0.0042790007
1161.7001 2634.3916 138.82764 692.0482 0.004278438
954.5225 2775.1306 492.14188 667.13074 0.004257857
1078.2817 785.65826 256.14337 403.28818 0.004236523
943.4131 1087.061 543.32666 1452.5415 0.0042353463
321.97336 2310.9807 446.36435 778.9888 0.0042337016
500.5009 2076.848 240.7776 313.36002 0.004224577
793.45264 1159.6913 211.38206 215.81949 0.004223424
513.91473 718.3665 784.1688 1385.8584 0.0042144293
583.6022 1291.8723 873.7983 1311.5933 0.0042117387
581.2967 2662.4521 571.17303 509.38068 0.004201831
936.7499 2344.0513 327.07626 833.48773 0.0041968618
820.2172 2633.4673 434.82816 476.43317 0.0041872077
1149.32 3282.9197 157.80562 477.66824 0.0041684173
728.30676 1936.4037 353.03458 506.12894 0.0041563427
496.51288 2665.7263 236.26543 238.77927 0.004153937
936.37415 2282.2937 565.05426 1071.2587 0.004140158
604.67303 272.8452 797.2925 545.30707 0.00413505
1147.7878 1741.6093 167.83176 3484.898 0.0041273106
1221.3074 129.37328 28.375116 260.05383 0.004088136
814.403 2327.444 182.94214 226.3506 0.004087495
1173.0621 2599.6138 116.69056 758.75586 0.0040618484
897.5633 2702.8936 248.98431 297.20123 0.004056591
731.7481 607.97614 166.75334 283.04117 0.0040562022
983.7302 487.77646 479.66177 930.7847 0.0040551503
1071.2483 1144.3752 219.49176 362.65042 0.0040027904
574.5452 987.29456 354.8682 381.11096 0.0040026763
595.86615 3375.543 1183.6328 268.6773 0.0039950493
834.0966 2652.581 226.36292 306.82022 0.00399017
1115.3643 414.52957 235.652 831.9952 0.0039896206
908.6336 3197.0737 516.2733 630.782 0.0039859693
986.91235 1387.9744 455.7563 862.238 0.0039686887
916.59 2503.549 275.41824 547.6194 0.003959208
1150.9141 3.8691177 169.91472 7.732994 0.003956044
755.47174 2649.4397 176.22784 288.0559 0.0039490513
798.5399 2114.1865 173.79164 269.29013 0.0039416403
1143.7351 443.4647 179.75218 372.79288 0.0039399127
781.41187 1004.5276 512.0141 753.31134 0.0039345943
601.1083 1510.4137 568.8512 1986.5995 0.003917826
623.3821 222.3146 1172.6643 473.49002 0.0039031748
842.82007 697.3955 262.99918 486.49258 0.0038308855
1095.8309 1127.237 251.95486 548.7017 0.003823074
662.41156 1399.3386 792.70044 679.4175 0.0038106982
913.4272 1951.9088 546.8819 1022.88446 0.0038083564
1091.665 610.3788 215.86555 344.8068 0.0038077557
985.17914 2649.2532 494.04306 1642.0067 0.0038005817
939.494 2056.7249 570.4617 1850.5312 0.00378882
423.9396 2662.9568 260.59387 281.84177 0.0037874344
1219.878 388.4639 29.503124 191.58037 0.003763409
1072.7854 2393.07 218.51935 334.44174 0.0037606428
720.83154 942.1866 307.58685 395.8783 0.003755321
1075.6953 2001.9115 306.99875 1942.6692 0.0037507925
1083.891 668.39856 260.6294 463.06512 0.003744887
830.3205 1530.5048 298.19424 400.07394 0.0037418387
661.33356 49.14709 1083.0062 104.74482 0.003738145
1071.458 786.3904 236.8717 404.1865 0.0037361814
909.6843 3277.7524 476.59125 473.58978 0.0037274486
1152.9655 2595.5015 157.9914 751.2474 0.0036991602
781.2173 1063.4222 380.60086 474.10022 0.0036930267
621.4603 112.320274 147.38573 212.31102 0.0036776739
1116.7598 2598.381 230.7417 752.59973 0.003667254
595.30566 2065.377 359.97308 514.06903 0.0036640044
527.82404 2079.2966 216.47502 296.19708 0.0036403947
879.1811 2771.015 267.46408 236.24588 0.0036356
769.2016 997.1567 257.08514 277.19135 0.003632913
661.0771 1500.4747 1136.85 2942.4294 0.00363238
856.9408 5.4178886 755.7339 9.965503 0.0036075602
1074.8457 600.5843 300.15604 717.4907 0.003603228
1091.2268 1794.1372 270.5379 1707.9672 0.003585101
979.9808 2409.3184 203.47997 325.49063 0.0035781395
806.91486 3018.717 668.5177 668.83984 0.0035699664
297.4463 2165.4607 170.82382 197.86127 0.0035604327
930.40643 2735.0105 567.00793 1106.67 0.003560407
663.09076 6.886778 1169.9857 14.303194 0.0035498901
1119.888 845.46356 223.8186 1715.2081 0.003532328
669.8823 630.5977 402.98856 799.01373 0.0035245286
850.1279 1636.4437 195.54384 264.35385 0.0035170056
839.4147 2823.3044 262.0004 283.0792 0.003516912
638.5841 1627.498 888.04987 1770.051 0.0035076377
1192.7701 13.785066 86.790535 27.428045 0.003498403
630.06006 1640.4248 298.9966 451.51776 0.0034922212
781.18933 1852.6321 292.5628 406.97733 0.0034761403
703.6279 17.082022 1033.9166 35.283676 0.0034654713
590.9642 1467.2098 166.70673 240.88202 0.0034563786
381.47946 126.65842 741.4032 245.53874 0.0034423412
363.52045 2530.7178 205.5345 276.82983 0.0034422595
1076.349 706.0159 276.9101 539.0233 0.0034347086
1026.3322 2648.3047 218.40552 289.6379 0.0034313188
591.05566 1166.0792 631.2492 757.1976 0.0034255856
688.49396 923.9572 286.61887 307.59113 0.0034061135
662.1425 101.16363 1114.4749 214.1 0.0034043253
740.95337 3273.487 781.04297 495.2137 0.0033997837
1010.6521 679.47144 432.5433 1397.1698 0.0033700396
912.8115 2564.4578 226.69803 368.46823 0.0033671567
942.7991 2242.7114 247.89641 410.11316 0.0033564602
747.01874 1761.3898 239.91064 281.97577 0.003352658
1147.7413 2860.659 163.46973 230.25888 0.0033452844
1187.1399 240.62782 97.243866 479.87592 0.0033438252
641.19916 7.6350937 1214.4523 15.27502 0.003342373
1175.7091 3370.5442 100.04613 255.61874 0.0033234449
828.4172 2323.0354 255.3657 495.90076 0.0033147817
1172.9578 2487.917 117.90248 2038.485 0.0033137233
1122.3269 1358.4226 211.0824 821.28687 0.003308082
1159.3932 2380.9917 142.58026 1198.1072 0.0033062133
518.1535 889.189 650.7067 858.4879 0.0033042324
1105.7775 712.7588 235.38528 707.13885 0.0032987641
645.0278 2094.9045 343.47772 382.8273 0.003296755
1165.2299 2435.809 133.40408 2108.4543 0.0032936023
1125.5277 703.44806 213.089 1417.1519 0.0032862925
126.860565 791.47327 233.51566 1304.745 0.0032577734
1230.418 236.69757 9.493342 488.3432 0.0032539633
1173.6412 3368.86 99.60234 270.6107 0.0032482292
1101.9113 1193.2273 243.65625 1242.108 0.0032438566
652.49097 1038.5037 471.23102 401.66693 0.003232291
1106.0131 878.15375 246.48798 1693.6343 0.0032278372
845.6958 10.848089 810.4919 21.440676 0.0032255494
1166.6476 3240.7148 119.65383 581.7003 0.003206506
871.37585 1048.1248 335.1551 456.758 0.0032026249
796.44324 1007.69867 343.4912 453.31323 0.0031910175
623.7824 1873.3965 288.1511 432.16043 0.0031892755
1049.4897 1415.8058 345.87463 2723.4119 0.0031839847
1108.9432 1596.892 240.53136 475.46216 0.0031804058
695.16394 1187.8029 345.69708 339.5122 0.003174401
1207.8375 381.53397 49.226738 192.53232 0.0031649363
1169.923 404.28342 122.76456 815.0724 0.0031623123
920.84784 2935.029 548.17444 869.2641 0.0031597146
1080.626 3256.666 237.69705 514.06134 0.0031444978
828.4728 5.9568396 848.2892 11.648868 0.0031370062
1118.9731 1568.3405 210.60059 390.4655 0.0031296886
950.0596 2488.4805 243.85864 462.6599 0.003120566
1024.6931 1897.4823 404.302 1247.7974 0.0031173015
835.5122 2390.8284 280.85513 758.9366 0.0031082474
1021.3715 3331.701 260.0262 354.4912 0.0030958976
1129.9202 2814.095 185.18085 274.26562 0.0030955914
1086.2189 937.8285 258.47705 696.3058 0.0030937248
1118.5739 2633.863 208.49571 1827.3589 0.0030891222
693.15967 462.2615 177.86009 348.35922 0.003053826
346.002 2577.6802 365.51782 483.3848 0.003047425
641.3589 1073.4989 465.93854 566.1496 0.0030428912
713.3606 1592.175 944.6844 937.0546 0.0030387524
1022.3272 1746.2482 406.28998 3237.8782 0.00303455
852.20935 2862.7935 224.02582 247.03613 0.0030327374
736.9182 2536.2546 220.57045 325.99197 0.0030262046
287.63705 3427.9656 336.801 166.31865 0.0030225813
951.41284 2927.7092 448.07993 782.1713 0.0030197476
1173.2739 3382.45 95.05615 243.1184 0.0030052043
473.8421 2456.8845 436.52237 851.7536 0.0029974352
534.41174 2071.8784 177.13918 274.4584 0.0029836285
668.1176 2720.2957 166.63759 334.52798 0.0029741586
546.37305 2669.882 599.91766 587.70624 0.002966554
702.0976 2312.5933 251.42549 322.05746 0.0029650736
1104.8824 603.5412 247.34114 748.36395 0.0029595767
365.98645 2116.0461 490.00186 617.0356 0.002951017
1083.9879 1382.1656 277.7954 2346.116 0.002943007
902.9444 2473.7207 337.72043 443.58704 0.002929044
1175.1035 3085.2249 110.4383 886.3356 0.0029206253
1012.43896 3286.075 287.50208 451.85864 0.0028997655
1180.7333 3234.2527 99.67911 551.265 0.0028976526
949.7828 2939.9656 526.7737 417.42194 0.0028961734
790.0941 1775.3098 236.52878 584.3551 0.002893824
601.6089 2472.0454 250.92807 658.4048 0.0028911352
1166.8229 3407.7473 123.67309 196.20715 0.0028857735
936.7312 3290.5696 434.48105 446.45996 0.0028841512
860.18713 3264.7756 273.8904 456.41678 0.002883464
956.6515 2836.7695 468.33774 749.00433 0.0028833284
153.75095 80.33002 303.36136 154.51324 0.0028757148
1096.6678 1095.3618 237.58238 388.41922 0.002874669
380.70163 1551.0499 594.2657 2576.8765 0.0028721988
409.57538 3218.1133 617.83044 592.2199 0.0028651527
860.3463 667.64984 733.7103 1332.9075 0.0028598404
429.18683 2437.189 612.9534 2100.346 0.002855069
688.21875 2538.1895 150.54485 242.25858 0.0028357708
538.7936 3396.1616 1153.7507 276.85272 0.0028296462
1119.9513 1027.8585 209.19789 746.92017 0.0028271407
1152.4193 1919.121 159.24118 3171.4817 0.0028200399
1076.5446 2065.31 309.14206 1814.901 0.0028117115
934.0146 2280.3247 196.95187 351.36194 0.0028110312
492.44653 1603.1315 217.77357 362.05157 0.002786715
964.6165 3197.9978 265.45074 516.62494 0.0027836317
890.78235 3071.3325 507.83 410.74612 0.0027833632
1078.8674 591.06256 278.10086 498.42407 0.0027711105
1177.4756 3266.1697 98.05326 492.3975 0.0027697086
525.40015 336.8663 215.07059 406.94452 0.0027661156
1129.0492 2447.0554 192.39825 1050.8156 0.002764025
703.6644 3321.6501 986.89636 713.0454 0.0027636215
803.3589 2778.7063 580.60376 282.81268 0.002759993
964.67303 3057.0579 351.108 310.91397 0.0027557071
937.7789 3265.7087 451.7242 527.78815 0.0027413042
104.389244 936.81915 185.82425 737.12634 0.0027302904
602.7897 3399.4724 651.76025 220.44193 0.0027301111
1144.9132 3183.9543 157.76442 499.06247 0.0027279775
1086.5656 978.58325 256.56064 983.32294 0.0027239658
594.907 3202.3909 1214.3846 623.71423 0.0027190165
680.1382 3478.7625 1024.784 68.03429 0.002717742
1215.0088 138.99095 42.25487 283.2501 0.0027118318
1146.0515 2013.6631 171.56053 454.37088 0.0027113303
416.15686 2878.5232 300.11835 326.7774 0.0027080597
745.92566 3245.4421 1057.119 529.6846 0.0027079054
1163.2256 3107.7092 139.04839 287.9646 0.0027073142
909.5225 738.87213 234.15752 275.41693 0.0027034392
550.8553 2862.0579 628.66113 1020.0108 0.0026923951
880.7194 2783.7314 233.18451 376.21866 0.002687015
1070.7717 3300.2578 205.51692 430.86002 0.0026804195
1080.3672 657.5172 246.87595 427.7203 0.0026797184
1128.146 433.2526 209.4434 918.0446 0.0026714364
997.6466 2189.9675 206.3734 340.8993 0.0026687852
892.42017 3406.488 464.77536 215.50943 0.0026601104
653.3836 1050.5883 483.68866 530.88025 0.0026580682
979.3249 3111.6106 514.08356 621.7242 0.0026467522
461.71503 2886.5815 412.05298 385.32858 0.0026432525
1125.5126 2402.5078 220.8742 1172.7927 0.0026424346
652.58466 2385.1987 197.78947 422.0568 0.0026345882
831.5842 3376.4563 430.574 276.73654 0.002634415
881.48975 2330.2356 146.4328 238.84439 0.0026265173
1024.876 2914.4402 239.65535 260.6997 0.0026252412
779.4904 396.42844 902.9346 804.04333 0.0026242263
654.17334 1631.4652 1187.8495 3202.3955 0.0026214572
1081.2954 2357.0208 280.00284 626.2181 0.0026207354
66.82173 769.24835 122.12116 991.6407 0.0026147496
1101.9398 953.092 220.88467 297.65405 0.0025947923
577.3465 2749.6284 484.18167 439.8668 0.0025910384
1077.2965 690.5681 286.29022 649.87427 0.002588916
996.01746 3223.9617 400.1926 581.32697 0.0025879496
1137.6366 1192.1716 177.97585 429.34268 0.0025805777
593.0232 3487.758 1118.1259 78.342094 0.0025703777
654.9734 31.768644 296.9853 62.738773 0.0025689686
833.83923 3062.0715 336.52408 422.08118 0.0025545463
1134.3097 626.42267 197.2622 1337.9135 0.002548875
1178.2434 3207.8901 103.49476 558.46277 0.0025473416
469.64465 2920.3928 230.15587 228.3796 0.0025442033
836.62445 2712.6138 238.59027 467.75015 0.0025408356
919.8524 3448.86 306.52084 115.12151 0.0025377993
1205.0493 602.9093 61.159164 1246.9946 0.0025365418
1140.9818 3333.9692 155.8788 376.06705 0.0025335322
672.6569 3064.104 220.88652 304.6634 0.0025309788
938.96405 3461.7183 394.28433 99.12064 0.0025232357
1105.7731 2121.8376 226.66498 477.85156 0.0025175104
635.0724 2097.9355 278.8255 691.63544 0.0025167968
728.07416 2866.6316 818.4557 268.75323 0.002516682
393.7461 3028.535 228.33185 287.56927 0.0025093548
1003.1943 1746.2769 458.4955 3467.389 0.0025089635
814.706 922.20905 762.929 783.18665 0.0025074505
881.06464 2719.1433 291.83322 613.97186 0.0025058244
529.53235 3230.8054 563.5901 529.95056 0.0024983801
957.501 3420.6272 372.16974 168.86385 0.0024958705
1172.2599 3413.017 98.132614 182.9616 0.002494966
909.1374 2970.5408 452.0808 579.148 0.002484819
1210.3883 499.56985 51.961094 599.8742 0.002483941
830.29565 3340.283 348.06158 353.34204 0.0024788515
857.4082 2288.533 414.3294 423.3573 0.0024705483
837.3539 2458.6685 170.09807 254.92685 0.0024662826
855.9187 3141.7954 315.78802 423.64987 0.0024613568
1122.8257 2031.2115 213.95055 1881.401 0.0024514173
1030.8159 3403.6257 230.65903 201.55576 0.0024505593
929.6633 2931.4966 218.132 211.42308 0.0024474708
851.45667 3327.0867 324.69177 376.44843 0.002445509
976.9144 3417.5237 263.87064 189.84001 0.0024409972
710.00653 2764.6516 785.07275 916.6696 0.0024400905
1222.5118 148.76299 27.034363 306.57974 0.0024329326
922.5233 3394.783 319.65698 250.33247 0.0024318127
590.6877 2876.3225 210.03876 269.38333 0.0024228953
1104.3116 1100.0881 235.98624 609.85974 0.0024134298
801.362 3366.0159 227.6231 268.12888 0.0024087457
804.1332 3083.1948 310.39276 425.65588 0.0024018316
282.4074 2966.3728 396.75986 401.9692 0.0023979603
1089.9583 3224.6538 261.97076 577.5561 0.0023841928
659.8531 1496.4028 1138.4061 2966.446 0.002382856
1116.9829 2731.2769 200.05328 183.09096 0.002375051
1179.7727 3228.905 101.42428 558.1031 0.0023721107
934.4704 2880.292 124.03966 206.84549 0.0023687424
1084.916 2655.9832 164.64824 247.9836 0.0023673433
673.8024 2876.2468 170.5987 239.1829 0.0023628273
659.0738 1499.4526 1139.1473 2958.3845 0.00236139
1066.3574 3449.752 247.31151 105.47443 0.0023601311
686.7982 2939.2002 323.6387 521.0453 0.0023598874
1168.4038 3421.5889 120.02959 174.66109 0.0023586124
91.064 63.699543 177.2067 122.66836 0.0023570007
768.1525 3415.0059 443.58304 199.13339 0.0023532652
1128.7544 756.99664 212.21745 1549.1703 0.00234345
1021.7935 722.1861 300.81216 336.77264 0.0023429072
933.0731 3410.0713 328.9639 209.90375 0.002338263
477.96948 2134.6091 303.90723 828.31396 0.002335556
799.4534 2865.2869 201.80779 247.73416 0.0023351016
871.4724 25.357203 831.4382 47.8928 0.0023219052
765.4197 3164.1138 243.58095 313.59552 0.0023156088
83.733665 59.642754 166.3999 117.69817 0.002314624
857.1473 2899.8804 155.12117 210.99701 0.0023106807
1093.1381 679.47253 257.53497 607.2943 0.0023060893
1113.4191 718.0023 227.721 1518.4028 0.002305055
738.29553 3080.5945 416.80472 709.76044 0.0022902982
1054.8651 2856.693 192.64525 225.58339 0.002288819
891.33295 2566.669 182.11604 216.10326 0.0022864824
884.7348 3409.2363 244.96716 215.36243 0.0022838395
1117.5093 2492.3574 223.9804 520.5281 0.002281039
513.85406 2978.797 482.71057 557.20184 0.0022749733
1099.943 1611.6725 230.37886 931.25024 0.0022717004
1125.1113 737.483 211.89531 1039.8501 0.0022690217
1224.4187 408.57544 22.380054 408.13306 0.0022666254
1098.2755 1478.3531 261.23328 2982.276 0.0022654093
1177.8853 3040.4033 100.15743 931.581 0.002265268
784.3204 3255.473 242.9541 329.11398 0.0022623818
1124.4525 867.10876 193.50362 978.1296 0.0022527485
1155.0536 1413.7114 154.61069 2481.8196 0.0022262258
1144.4597 2663.3044 158.68747 224.44966 0.002224483
719.48047 3263.1736 1134.3251 499.07095 0.0022211138
1114.0328 1162.0543 197.15874 368.14078 0.002218981
291.98148 1810.9553 439.63873 2082.1265 0.0022124609
59.42284 1009.4707 108.637375 755.5322 0.002209118
782.93567 3408.4905 252.3675 209.74562 0.0022085423
666.6479 126.6482 258.87354 232.36215 0.0021961818
1107.4435 1105.737 218.4847 452.26822 0.0021841938
867.9995 2294.7415 177.05577 289.70004 0.0021672673
857.47485 3349.4233 226.8289 320.4941 0.0021643457
1162.2767 768.5733 131.92487 428.277 0.0021597894
112.951935 3469.973 204.50476 86.67684 0.0021515726
854.71686 2533.8057 207.46086 168.59993 0.0021514918
838.074 3402.1848 243.3562 223.15411 0.00215042
1056.9465 1750.6578 347.96332 3457.7732 0.002149344
1080.6484 3373.9587 232.02345 270.58606 0.0021483807
894.8409 3221.7776 338.38123 578.0409 0.0021472864
1187.4249 3389.467 67.056175 229.25903 0.0021457095
801.1126 3185.4148 197.53825 276.28394 0.0021417262
664.98334 2027.4655 1096.3865 1871.0369 0.0021416468
672.27246 3065.0034 190.63199 226.55035 0.0021360281
1002.7124 3378.236 344.3194 256.21805 0.002134039
1047.7864 1739.2115 362.34256 3464.0388 0.002123245
1057.9196 3019.7292 213.83655 225.45593 0.0021190746
1157.5413 1427.4617 147.88054 2211.739 0.002116682
1014.53015 3415.2002 425.78827 495.72656 0.0021026414
924.3745 2956.7874 189.44826 274.6843 0.0020962479
1129.0574 886.3765 173.24532 309.97073 0.002095449
969.0184 3117.5166 402.13428 483.19186 0.0020930027
728.00305 2991.3638 208.36612 246.33258 0.0020927726
1097.2118 3068.846 235.38368 685.654 0.002079562
60.205345 65.35001 120.29579 126.6276 0.0020785055
1182.7461 3432.2815 80.85214 152.84201 0.0020758938
1184.0509 3451.3389 106.67386 89.302284 0.0020728696
617.9829 3496.7578 1026.4906 112.09105 0.0020560161
1153.9933 3383.1987 153.88493 254.89372 0.0020499162
993.9562 3135.5276 199.04019 299.56265 0.002049489
382.78888 558.34106 623.17334 1116.9744 0.002035058
690.1535 54.143684 1108.4844 122.66263 0.0020345217
1143.3046 2382.2974 165.71533 343.64056 0.0020272986
1154.731 2735.7517 152.53183 499.24222 0.002024362
831.8392 2412.4958 368.5842 439.72803 0.0020106263
959.67645 3447.0984 280.54395 163.11017 0.0020064292
1230.3463 247.62047 10.797355 445.50864 0.0019973798
1051.0923 3298.2727 242.1248 423.6326 0.0019959707
690.09656 2489.8643 225.71889 502.8776 0.0019903565
640.81287 1253.2505 614.1154 1065.374 0.0019863984
877.6892 3051.1863 273.55457 411.09775 0.0019792279
553.6451 3499.996 1123.5149 179.59177 0.0019752777
1168.3173 1186.0105 126.71946 475.87158 0.0019673542
528.6133 2675.6877 468.0823 573.07556 0.0019567497
1215.6057 631.9452 40.5408 772.48004 0.001953706
872.1051 3372.4863 604.49396 360.65582 0.0019413789
1209.7931 2680.8188 50.33358 544.57996 0.0019394738
946.4586 3489.1433 567.4467 234.88295 0.0019305438
863.3945 3173.1475 191.2916 274.40024 0.0019241285
1180.0302 3459.551 106.35698 92.74459 0.0019174827
1180.4142 2981.265 95.05564 223.8008 0.0019146267
1162.065 1627.0695 143.55641 498.68192 0.0019146029
1067.0208 3031.2075 275.63065 798.9587 0.0019031543
1146.5555 1281.6853 168.6082 762.19525 0.0018925932
1173.2913 1378.3308 138.16681 1873.6929 0.0018545559
840.33295 3395.394 300.613 266.3583 0.0018481242
1021.20917 3491.442 276.10446 38.59791 0.0018450596
974.7463 3419.3428 422.70166 193.16847 0.001841608
1230.9944 370.5446 8.23581 760.8502 0.0018396999
1005.2942 3432.4802 480.79358 230.71089 0.0018332772
849.14105 864.4229 759.02985 1724.9679 0.0018326158
937.5709 1968.2006 545.2487 1956.4263 0.0018315242
1113.6807 3418.2793 179.9968 261.30548 0.0018249559
1003.50714 3424.673 273.37454 210.9782 0.00182215
716.0608 1876.9594 457.81354 1582.916 0.0018218342
1163.0972 1122.8129 132.17038 458.23257 0.001820204
994.05054 3468.5913 484.93134 214.57027 0.0018152584
890.80597 1355.7913 583.2391 2627.145 0.0018146823
1186.5369 1607.0708 91.48229 2727.4429 0.0018087443
1137.3818 2541.753 179.32729 335.28513 0.0017971685
855.25745 3496.2983 520.6283 70.70238 0.0017944999
1131.464 3443.8726 164.8821 112.63467 0.0017932771
1190.1858 3392.5007 79.8636 223.27513 0.0017869284
706.9238 3459.709 447.27023 143.77289 0.0017834667
506.9898 1743.2201 436.49582 815.04987 0.0017629997
822.7721 2612.921 833.0602 1470.6093 0.0017482077
1108.2394 3029.6113 159.95612 225.57327 0.0017436044
733.31384 1164.1827 901.67676 606.82227 0.0017423822
1196.7244 3470.6064 132.85098 91.98037 0.0017407029
813.82056 2332.7207 231.36647 587.90125 0.0017394008
518.1389 2304.7812 555.7705 1275.0956 0.0017344878
26.386852 652.4477 48.943363 427.5521 0.0017328793
1181.4141 3468.0723 109.833084 89.59986 0.0017291345
449.5108 1123.2941 760.60254 1703.686 0.0017218105
622.1167 2242.6946 316.05807 577.4021 0.0017195105
1129.5195 3138.1768 201.8602 911.3949 0.0017108211
1109.7008 1629.0458 237.70168 988.52264 0.0017093616
712.3089 1574.3606 480.50433 1288.9767 0.0017043297
15.111141 205.88818 31.160692 419.42648 0.0017022305
867.2658 3478.3423 651.9218 135.09856 0.0017020612
370.5171 2032.7354 364.03848 1001.9506 0.0016902979
1184.6434 2030.0083 93.17939 585.84143 0.0016844766
665.54865 1597.9464 1156.5277 2448.0332 0.001674577
1214.6183 2783.0337 42.08338 355.93567 0.0016738024
1112.5116 3469.8347 200.79872 76.80807 0.0016694448
1231.2328 437.64862 8.02157 360.13235 0.001668702
963.31305 3499.5183 499.74484 166.70287 0.001659778
986.6171 3419.2332 264.48895 223.8923 0.0016526293
1214.4406 3174.3975 42.891747 466.06042 0.0016467974
993.9531 3446.667 259.87738 161.34456 0.0016359153
1184.1697 3484.0425 90.03554 96.624756 0.0016313896
1195.8497 562.1044 78.16504 271.29898 0.0016304572
869.0184 910.61304 699.8435 1840.7067 0.0016286387
1113.9327 271.11407 251.18652 540.29156 0.0016195902
1197.503 3390.1174 59.634407 226.97841 0.0016186538
1190.2584 1387.8281 84.51366 1228.9675 0.0016183949
1164.4811 3450.9614 102.17503 127.505974 0.0016151299
1172.0521 3453.2795 84.713234 119.894264 0.0016099319
1201.9104 2509.9543 63.067158 911.11725 0.001604976
851.61224 258.51633 768.5161 514.20245 0.0016042695
694.79535 2494.9583 809.91547 626.8333 0.0016002305
1115.155 1079.7462 215.76723 436.05667 0.0015880361
1220.8015 3364.8557 26.341421 479.8376 0.0015652307
434.9937 2431.1016 695.93744 1029.6005 0.0015578831
854.626 970.80066 662.49176 788.92145 0.0015446645
1174.2819 250.97948 136.92337 505.93356 0.0015295708
1191.4719 925.183 82.807884 539.34467 0.0015088064
1169.5789 444.7734 151.73595 397.74768 0.0015074838
1215.5576 2856.4866 37.920918 232.51834 0.0014969027
1222.8278 2412.4915 27.53641 1078.2144 0.0014852236
751.9258 2531.457 477.1742 547.9542 0.001457473
673.2312 3353.726 1125.7032 404.16412 0.0014539673
1026.7959 507.5256 375.1253 876.0817 0.0014365946
1178.9357 3485.188 91.672 59.033226 0.0014326171
1156.26 2514.7063 181.75754 290.08408 0.0014280757
1101.4182 3483.7322 246.87682 137.66325 0.0014076721
511.67053 821.4337 757.34045 1171.0227 0.0014027868
1210.6366 1142.7972 55.415 290.5764 0.0013808148
1209.4567 2876.5269 42.382305 278.31696 0.0013719727
852.078 1119.7375 829.8555 1286.3702 0.001355139
1191.6416 2347.1152 81.22445 322.8611 0.0013541378
690.7149 1778.9347 396.77884 874.9393 0.0013521449
1072.1635 3465.6592 239.08037 169.3776 0.0013481965
1186.7891 3433.7852 94.68463 243.45367 0.0013393825
903.4418 686.7896 353.27805 765.3388 0.0013256681
1188.4104 3483.6643 71.2965 53.898624 0.0013164587
809.6975 43.016476 877.339 86.22956 0.0013134374
679.1406 2417.2954 975.3542 1116.7166 0.0013123007
848.6905 439.03342 681.35486 876.11945 0.0012892607
624.50726 2370.4111 573.6101 475.07654 0.0012780956
682.9541 2253.1482 396.1681 512.74774 0.0012714621
1203.7649 924.1852 60.661655 706.5616 0.001269214
931.7182 908.775 336.4708 1533.2936 0.0012540019
625.6476 282.64017 1190.0807 537.13727 0.0012518622
1181.6837 1901.3693 102.19385 521.0408 0.0012442014
513.24316 2759.219 427.2445 801.39185 0.0012352854
1222.1356 2776.3757 26.87769 364.43814 0.001205639
863.1836 928.66614 384.02112 1562.8064 0.0011951028
1141.3796 2318.7615 302.614 1208.9612 0.0011919588
1198.9897 1145.8811 67.530365 281.39154 0.001185944
739.58026 3395.4492 1045.963 270.75836 0.0011829699
626.91986 2658.2563 963.0415 630.67596 0.0011815379
868.21375 1474.6577 694.5649 2951.2144 0.0011740364
1147.8073 361.71097 178.96736 258.62097 0.0011691026
756.4952 1908.2515 483.81555 650.7423 0.0011689038
1018.9605 1202.9255 370.12122 1021.1511 0.0011653535
669.2824 1542.1918 1104.793 2868.3936 0.0011647386
890.86115 1365.166 581.9307 942.4924 0.001150729
1207.3972 1051.362 53.67038 396.84308 0.0011312319
1224.2006 3099.5164 22.6044 296.7169 0.0011185884
641.16876 1599.6829 731.8408 794.2192 0.0011168683
834.8709 1071.4362 805.1634 2081.57 0.0011054245
1045.1694 3080.4636 427.1308 128.29045 0.0011050749
669.06805 235.02304 1129.5856 534.81696 0.0010883937
1208.4758 2554.52 50.096188 319.34283 0.0010832569
1216.5216 1532.2783 36.033726 588.1414 0.001072295
1227.8303 2791.8389 21.662416 349.51593 0.0010683872
846.94714 1548.4667 347.28842 516.9872 0.0010676831
1226.9603 3363.1104 15.83953 255.90454 0.0010648728
389.46436 1958.6871 419.37656 1548.8907 0.0010564105
402.0222 1832.129 471.36057 1251.6761 0.0010530876
209.44101 2134.2446 278.44598 1279.3112 0.0010300511
495.0398 1523.6885 466.49292 1106.1923 0.0010113096
837.4814 71.43321 829.9288 136.51425 0.001008761
1169.5499 874.11554 208.38849 905.2939 0.0010051654
1220.8998 2151.1772 27.770145 421.81918 0.00095235236
900.4532 2256.0332 614.0889 916.16406 0.0009293265
856.43896 3443.1458 808.9611 165.69937 0.0009292681
797.4743 1013.43726 561.26013 1523.8566 0.0009168696
799.599 423.6883 515.64343 684.5458 0.0009099633
1205.2257 3500.4622 46.143875 34.92084 0.0008604799
529.6893 1757.9542 775.31244 856.76715 0.0008602438
637.5305 1303.0466 631.6059 1012.27295 0.0008579943
653.445 1791.0651 398.29437 911.0042 0.000845361
708.36646 3487.9714 866.2747 102.138374 0.0008447329
681.0042 1460.1075 545.8311 762.42 0.00083867315
1219.0767 3498.129 23.65958 162.67058 0.00080803473
843.0704 474.2004 664.7395 630.6978 0.0008052633
539.05597 1630.9966 460.30505 1174.0156 0.00079646846
1136.5774 2317.769 354.2982 1010.7648 0.00078724616
947.661 1057.6927 486.2799 1294.9629 0.0007664531
615.0911 1865.667 499.19217 1308.9303 0.000751063
637.0021 1789.4469 355.55917 1229.9968 0.00074687187
923.7811 427.37424 663.5636 778.7265 0.0007466431
558.8961 1599.1572 484.12234 1737.1329 0.00073413964
628.78687 1516.2299 563.89746 1016.708 0.00073378574
737.66675 2241.147 964.3078 309.24152 0.0007229073
1149.2832 2674.1477 315.231 1099.2126 0.00072155317
947.45166 949.831 516.18536 961.55133 0.0007096961
1123.4312 1748.453 332.02713 863.96375 0.0007051716
983.2435 3077.6304 465.8646 339.06467 0.0006711483
1051.501 262.29584 565.70685 465.65018 0.0006454327
847.951 2983.3364 771.4071 999.3968 0.0006441784
813.3047 368.0438 810.96643 596.28204 0.000638507
825.99084 2705.751 330.23935 679.53577 0.00063611486
607.34515 204.12976 979.2294 629.2161 0.00059386523
714.87134 1550.1298 540.8386 741.6196 0.00054174743
1077.1837 1037.4023 515.46436 612.2039 0.0005139602
1111.6582 432.94742 436.2501 652.47455 0.00046928777
