446.29233 1174.005 880.4009 2338.2952 0.8264246
824.26794 1850.4832 153.8872 161.96135 0.1047539
379.69055 1679.3103 735.48444 1218.2455 0.07809287
377.89825 1643.6084 718.9075 1147.1182 0.07335305
343.5496 304.754 216.84233 228.94458 0.06927877
154.02985 119.0554 94.81865 157.14064 0.06755031
441.0136 1687.6444 862.65424 1256.9854 0.06331951
335.5013 213.33798 582.1445 423.06924 0.044320956
381.82962 1572.1106 695.27386 1000.2148 0.041183375
350.4944 215.82153 269.32846 408.36435 0.040794298
290.718 219.41307 382.49677 402.70132 0.04000197
341.51318 214.47566 654.68506 426.83798 0.03562014
422.83688 1604.9312 602.0104 1059.1622 0.035241343
421.1567 1322.4961 700.4672 1429.1526 0.03522499
343.63724 251.08226 250.16339 349.1459 0.03492223
367.26566 349.24503 125.31102 138.62029 0.029652491
445.1164 1172.8555 875.4883 2336.1057 0.029600391
358.41275 214.75888 696.55615 426.30435 0.028152648
490.53378 1443.3871 460.80118 754.07654 0.025089163
413.86993 942.8876 689.7032 1609.3785 0.024976086
430.2694 1060.2472 596.4441 1296.3057 0.023358142
379.59888 1481.9949 694.3855 833.1216 0.022315327
84.384315 102.278 164.59898 201.21083 0.021578068
404.69742 626.86066 771.9683 1243.168 0.021219091
424.81876 212.98546 425.99762 423.0046 0.021158122
438.01785 799.4703 679.8586 1379.904 0.02041736
371.63077 1943.4241 726.29224 773.30804 0.020346861
484.46722 970.1312 662.30664 1562.122 0.020258686
478.0707 1306.6136 521.4834 1144.5935 0.019310055
405.7848 1244.0587 661.584 1655.477 0.019292044
470.6398 1590.3698 495.76334 1028.1407 0.019140542
424.60825 787.3636 786.1731 1503.4474 0.018996023
353.50323 1901.2749 672.9938 648.1026 0.018451856
146.51509 198.08257 117.50891 326.9079 0.01839433
445.07516 2016.4191 871.1359 654.1917 0.017400326
526.98083 1670.8994 223.27762 194.34615 0.017357048
273.15143 39.031197 97.945656 75.33036 0.01730882
400.76532 655.48944 666.46484 1183.3727 0.017130548
469.17438 1247.0961 537.3433 1172.5209 0.017126728
437.83124 1489.6945 816.7459 1542.3833 0.017098976
566.209 1693.4934 303.4357 248.51447 0.017066646
423.78683 678.7717 813.2928 1342.531 0.016724758
321.2133 642.98627 623.016 1279.084 0.016264426
382.89243 525.89325 731.4006 1047.9025 0.016209576
353.22418 1887.7607 643.68787 588.38403 0.01587409
319.96625 541.3647 615.85474 1077.0621 0.01572534
564.27936 930.95746 607.44684 1724.8484 0.01562828
436.74402 1392.3877 779.65845 1337.1023 0.015439708
316.92447 1154.392 596.8452 2224.2053 0.015410843
364.17633 1634.2527 514.10004 809.7647 0.015206798
524.5321 1695.5093 386.97592 294.90826 0.015137558
520.9347 1663.4385 188.93686 165.28842 0.0150620425
458.26013 1357.3927 596.1526 1568.4084 0.015058619
448.34387 906.71326 536.5463 1530.1128 0.014896137
440.62225 1518.0127 828.2592 880.0616 0.014720229
410.5811 1509.6552 547.1347 603.4474 0.01450193
380.30698 307.7875 725.0616 610.39166 0.014378922
371.55234 228.63449 129.58124 73.82332 0.014268468
479.24213 1230.4937 458.64755 950.54425 0.014266857
442.27213 1196.9337 776.99646 1267.3365 0.014244551
302.15863 590.97327 581.8504 1165.6088 0.014171488
435.24503 1664.6937 515.15234 711.12836 0.0140980175
407.03787 1846.0514 514.9656 530.5906 0.013965168
398.42917 1864.7935 454.7921 507.04916 0.013662025
426.34406 1718.3402 588.6668 926.797 0.013554324
474.07394 1237.63 548.75916 1246.0759 0.013547478
471.59097 839.62885 629.58655 1244.1426 0.013378152
521.99927 993.0785 638.3292 1620.6113 0.01336066
359.8669 688.78253 694.83246 1370.7986 0.013300725
455.55878 1811.5873 391.9127 474.33777 0.013085944
625.5719 974.9678 517.20624 1868.669 0.012988829
369.46732 228.80663 128.3644 73.98677 0.012962001
340.96973 252.27028 449.05615 473.69046 0.012813594
477.83026 1009.48065 516.3137 1089.6726 0.012611131
546.6329 1480.3623 583.14496 833.6484 0.0125558525
336.28928 383.84985 643.3307 764.1585 0.0123786125
353.63 805.312 657.6326 1568.2743 0.012364805
338.97107 1259.5132 585.1805 1801.6813 0.012245364
437.5388 1254.4697 726.49036 1472.4844 0.0121226935
537.2084 1186.8893 611.40094 1273.524 0.011952941
508.3705 1619.8152 685.0668 1167.1926 0.011890392
526.5278 1243.5425 619.5859 1137.1863 0.011546089
436.28638 90.94869 98.52458 177.3043 0.011527775
466.1781 1825.2344 486.18484 569.91656 0.011456305
285.07916 134.39178 91.72115 125.796524 0.01144258
515.3608 1600.3696 672.00385 1122.7314 0.011426292
446.5635 1737.074 281.11005 313.059 0.011305666
438.5877 891.6772 698.9182 1190.1666 0.0112984665
543.6496 1530.7244 580.6355 942.81384 0.011193274
409.06702 1079.3058 615.6722 1015.20764 0.011159247
445.429 1899.099 867.11957 885.8424 0.010969619
335.01474 110.064964 607.5211 217.83525 0.010946322
506.74924 590.5755 554.46893 1115.3251 0.010848792
237.6836 222.49025 273.10898 382.46558 0.010843379
394.11118 97.095024 174.87392 187.93584 0.010842469
442.29285 741.4435 682.08057 1128.7375 0.010765842
244.88673 638.67834 472.56805 1246.7533 0.010734423
554.27734 1527.7192 311.74738 486.53442 0.010585421
506.12534 91.34158 226.79538 172.63698 0.010527501
395.7615 386.5328 763.56824 763.1242 0.01046557
458.32355 1735.7052 337.94217 362.91022 0.010463412
220.66762 737.0939 393.16348 662.7132 0.01045478
382.06158 760.05493 685.85175 1287.9147 0.010434757
351.95367 248.01854 388.96432 377.91513 0.0104308715
528.98694 1432.2751 352.41296 626.50586 0.010376777
225.68025 589.4947 295.5945 352.5781 0.010359046
512.24664 652.6404 581.00934 1218.993 0.010252535
483.02188 801.87585 518.12524 1368.2278 0.010164681
341.77866 1539.0702 492.61505 846.7266 0.010153274
569.2633 1447.9182 236.41194 318.7974 0.009970975
315.10458 304.08496 138.79884 195.58232 0.009935185
487.38806 885.01654 456.7973 639.9717 0.009928738
558.2115 1164.8378 599.34827 1491.2222 0.009854815
486.15442 857.68866 498.37857 876.8489 0.009706588
356.3991 104.331154 251.76694 205.88394 0.009683948
268.32526 1668.5648 500.333 833.0121 0.009677178
372.4266 1776.3214 469.86514 580.73834 0.009667975
825.07324 1848.9219 148.29684 155.38472 0.009637584
381.0952 1364.971 474.1873 591.7111 0.009622258
398.574 931.35645 553.49506 1013.4906 0.009616103
527.5464 1535.2463 563.6191 1377.4747 0.0095886765
397.51727 475.9197 767.7688 949.0608 0.009531196
294.00983 128.43971 382.80698 240.58194 0.009499603
345.4858 298.70914 410.92703 528.2593 0.009468574
571.1224 1445.507 505.65085 737.5459 0.009461895
537.1713 774.4232 614.93506 1443.8145 0.0094609065
693.01843 968.6433 391.83234 1911.0298 0.009455921
224.981 1177.2488 430.3287 2307.637 0.009422794
398.21863 1913.4768 611.4538 688.7627 0.009421264
447.07007 1845.5234 250.14783 223.45448 0.009411349
502.00943 1436.1583 679.527 815.1033 0.009408154
320.00754 1878.2377 404.5375 388.39655 0.009370446
499.08417 1041.0284 675.32623 1315.2589 0.009365649
399.51266 744.54004 721.7691 1098.2333 0.009364389
449.69705 1732.5634 522.977 928.0673 0.009342932
490.37613 950.63446 394.5785 506.07605 0.009337721
512.01385 1693.912 441.15735 927.6783 0.009318025
492.8116 816.4654 525.5643 1384.9414 0.0093143545
466.35904 117.615326 291.54074 158.82556 0.009239571
264.72803 1864.6552 258.27283 346.12622 0.009181566
279.2318 285.68652 365.26532 276.1415 0.009181175
219.55519 658.3384 359.30176 502.88104 0.00910385
244.92136 545.15045 464.8753 1031.2203 0.009078464
253.20203 1238.4133 475.37344 1958.9368 0.009029265
362.63303 1972.6321 501.6845 390.9739 0.008987921
246.78967 1742.7457 472.0859 985.7275 0.008959251
506.39325 1601.166 439.00778 534.4214 0.008934429
331.49982 1894.2275 536.87573 654.0095 0.008902334
370.63583 1862.5035 712.88556 608.8044 0.008878238
493.4106 1387.5797 484.63126 1618.148 0.008822882
336.94028 1916.7108 318.48666 350.83148 0.008784833
202.66583 1883.2592 376.07602 403.53964 0.008773082
479.15308 927.3964 468.57068 664.77747 0.008753689
389.8176 1179.6519 210.59949 232.42981 0.008664199
410.72263 1457.2091 327.79156 767.60986 0.008656053
392.53644 362.22165 752.22864 717.6052 0.008603334
266.05774 1551.9973 500.90573 928.0158 0.008601776
721.60803 959.7849 331.9095 1862.1233 0.008579506
428.84232 1820.7142 182.37831 169.61072 0.0085707
513.88855 1654.3658 149.62265 131.16435 0.008543781
623.6272 1743.9908 538.89716 376.7178 0.008486195
210.6835 110.28734 224.31076 198.30135 0.00845931
502.82373 801.4312 555.43774 1100.5824 0.008430737
499.6207 1266.7871 480.1435 1646.3389 0.008383482
517.2137 627.95074 563.5047 1205.6019 0.008375921
563.52856 1188.6088 445.21014 979.45935 0.008375672
388.50064 1077.1975 699.7222 1088.9652 0.008360181
333.4645 381.4091 637.0467 755.08435 0.008309025
164.73425 105.22925 319.29626 205.96347 0.008238038
397.74158 1690.7649 336.8396 421.27982 0.008233667
546.0935 1232.3928 606.2486 1724.8857 0.008199977
668.6076 71.67409 172.59198 140.38927 0.008195527
758.97455 1516.8221 240.34116 543.5887 0.008193662
489.4455 1491.1255 301.91095 387.31647 0.008176958
483.41995 906.7453 637.1908 1069.3864 0.008163152
360.92947 1708.5961 433.1849 732.4977 0.008163141
426.57913 923.4702 306.53055 414.2297 0.008153287
362.0985 1379.7496 669.4556 635.83167 0.00813024
532.4883 1026.1414 614.1864 1226.076 0.008092861
440.87628 816.20605 515.59894 806.47705 0.008086449
594.62836 527.5225 397.021 930.797 0.00808641
539.22833 1313.9136 343.9568 942.0658 0.008083634
391.54877 806.714 702.0298 850.2801 0.008052194
427.14185 1202.8148 800.8867 1025.8539 0.008042373
516.4338 1812.2211 405.77148 676.54877 0.007996808
265.41074 1434.8434 319.04694 363.64655 0.007981415
521.9528 636.6198 572.40607 1216.8445 0.007967511
563.01044 1039.1973 234.75502 360.37387 0.00795922
416.53125 115.30022 357.08853 180.33334 0.007938839
592.7643 1105.1656 591.2533 2162.4485 0.007875194
421.7576 880.5411 780.237 1141.7645 0.007873976
324.84338 782.17395 623.6376 1554.0612 0.007872709
244.54442 1482.9166 449.5005 461.76697 0.00786359
341.91464 1961.4161 282.69116 237.61514 0.007857643
529.09735 1679.3596 371.92142 929.8453 0.007855384
595.05334 314.4866 313.58096 510.04672 0.007823632
247.26125 755.57477 473.98038 1142.8778 0.007813711
504.80252 797.34503 599.60095 1219.2278 0.007799864
493.90125 813.4843 540.5864 927.5559 0.007792222
557.9975 864.2588 436.92505 756.89075 0.007767898
550.19507 101.12763 139.92397 139.53525 0.0077010603
478.837 313.19244 530.5172 620.6926 0.0076924213
407.41116 1405.4374 275.1088 651.10443 0.007641505
352.15973 1782.2511 374.27344 580.6224 0.0076363897
303.511 1859.8833 198.44046 320.9664 0.0076243705
587.0913 1189.8168 527.246 1225.7803 0.0076199123
488.2647 967.3252 592.01373 1101.0939 0.0076164044
514.9996 546.8431 544.3593 1043.9333 0.007534701
194.86377 727.7914 309.5723 502.11084 0.007494788
217.82086 1980.7308 417.3574 594.50836 0.007457653
563.7933 449.78293 411.85745 777.5978 0.00742132
502.61932 1776.5836 401.0615 551.8151 0.007419894
336.26266 1473.4982 369.5406 455.39468 0.007414958
733.1575 1516.1844 291.98517 577.3371 0.0074013993
266.88443 801.2844 502.52048 814.8515 0.0073965625
546.7322 1966.4753 152.82593 222.35074 0.007371235
414.10968 1931.4331 347.6915 271.80237 0.007353139
330.74084 1906.1143 368.61288 664.49866 0.0073352642
440.97562 1180.6294 387.27792 1510.4358 0.0073275734
381.53317 1930.3822 170.92572 229.26035 0.0073209107
577.05615 745.7889 518.6193 1329.1487 0.0073052878
530.29767 1938.0958 196.86702 253.10611 0.0073023983
383.48477 1957.8792 299.08163 547.7794 0.007293844
468.25937 1949.9587 182.45145 218.14781 0.0072914935
542.66833 95.96585 311.4106 189.44077 0.0072789816
488.5164 1804.095 379.70483 798.5298 0.007253824
352.98294 1872.9202 143.007 224.39099 0.007243355
610.5156 1617.9583 484.7572 920.49896 0.0072362362
559.39014 1741.5795 601.79736 950.30914 0.0072172396
291.3585 698.43915 434.18726 732.4835 0.007216669
274.35245 1484.675 505.3734 575.139 0.0071977703
553.5706 1723.4032 373.87817 888.6838 0.0071952255
231.85678 1452.0913 402.8122 384.13538 0.0071713696
666.2361 1237.7134 406.06885 1106.4497 0.007154062
286.47308 862.5032 548.5949 1693.7207 0.007117583
581.4505 634.4503 294.69336 421.04773 0.007099453
444.197 870.8989 714.59503 956.0274 0.00709277
508.89386 766.1228 541.74146 730.8212 0.007087456
470.3765 2009.9528 256.9036 347.98114 0.0070838137
594.5854 1536.9666 545.4875 1263.9175 0.0070774867
271.66638 456.518 442.6265 702.70184 0.007064842
384.46713 936.08624 689.06555 1100.2605 0.007045598
645.5614 1306.2266 468.67755 1230.7955 0.0070365397
407.17944 1292.3284 301.66437 453.593 0.00702954
404.07355 1548.7203 335.78528 400.9712 0.0070162755
752.30115 1518.5682 271.3384 787.7133 0.00701226
372.1214 1093.9377 650.15295 879.4045 0.006975204
407.68042 483.1838 794.52374 962.4977 0.006967533
616.9941 1528.6106 228.80771 459.37653 0.0069640586
292.82468 99.20885 137.74881 193.56282 0.0069628786
287.0 658.33 257.64746 446.6378 0.0069295852
348.71454 1436.2521 248.00342 361.57602 0.006915424
281.6195 697.50305 550.81885 1379.2505 0.006904633
470.41833 1246.567 391.8853 378.31284 0.0068802056
187.55563 1792.0769 359.97308 1061.1719 0.0068718405
283.09692 2001.415 549.0948 668.32153 0.006869195
381.51816 789.44196 383.88666 668.6659 0.006837379
564.11816 1215.1146 551.23785 1130.2687 0.0068154447
431.55344 892.3016 671.21094 919.8433 0.006809576
659.4052 1362.2507 440.66476 1127.5492 0.006798233
544.4705 1703.0957 364.9832 950.6901 0.006767126
593.1986 900.6535 326.0649 638.57587 0.006762864
587.3686 670.7805 360.2781 642.3274 0.006730403
511.19464 1401.6108 414.26712 1465.2303 0.0067163375
483.46335 1639.2135 405.94522 1114.2931 0.0067064455
523.583 1101.5941 573.4253 862.33276 0.006662563
332.4474 399.19855 428.91043 656.6756 0.006648865
349.57568 1883.1443 169.5938 253.24213 0.006630574
485.32117 1444.6066 729.26526 789.45184 0.006628159
648.641 888.9412 436.87036 1591.5339 0.006626658
345.7511 611.96295 214.24037 300.02673 0.0066227512
429.7379 569.0542 849.3756 1136.7921 0.0066143996
584.0244 1454.912 289.3196 651.5553 0.0065847947
620.45514 1489.086 155.91272 290.4518 0.006574005
432.61935 1948.1727 145.25603 186.77806 0.0065724384
585.9348 993.1841 597.38385 1885.1132 0.006548962
359.939 1870.216 119.61384 167.80188 0.006531231
390.94205 749.6202 303.1152 473.11996 0.006515418
799.15515 1913.156 215.93169 325.6491 0.0064996188
578.36975 1191.5247 282.85956 879.3203 0.0064859893
259.11462 965.7823 487.9742 1591.8945 0.0064691114
268.56372 1491.8385 448.25415 822.8118 0.0064680204
607.8099 1943.9249 233.58165 329.8047 0.0064583262
414.58017 1022.18207 781.89185 923.6889 0.006456494
385.02124 1296.0685 712.20844 1033.5931 0.0064562
383.2279 449.1815 513.04065 888.0624 0.006453365
512.1084 1282.8567 678.339 1177.0746 0.0064434367
361.7876 1379.3954 687.6113 616.6458 0.006434867
730.60376 1926.7548 340.28452 335.795 0.006416598
824.01324 1962.2994 187.1718 432.3235 0.0063958494
375.73846 1726.9414 502.32047 723.06116 0.0063662576
584.7913 1004.6307 267.46872 606.39307 0.006348131
441.06857 2048.814 222.67401 352.10886 0.006346793
609.9775 492.16992 301.11633 465.4891 0.0063257916
391.48407 919.2896 294.8194 401.1252 0.006317965
336.60025 715.2986 406.39728 541.79663 0.006306303
201.9976 856.323 382.81775 819.25726 0.006292179
455.2701 1794.1321 500.6166 520.4443 0.0062906113
276.09424 1389.8915 202.53017 277.92114 0.0062584686
533.2715 772.33203 595.4603 1450.901 0.0062547065
549.5072 1987.5975 353.80414 454.23486 0.0062447325
399.58594 302.28772 774.3649 600.22644 0.0062357965
358.30508 1384.675 649.90753 570.7117 0.00616872
606.14764 611.28467 250.1035 351.23016 0.006163834
714.0291 1503.3728 340.5998 813.83093 0.0061612143
482.1191 1645.2032 508.68268 1278.6273 0.0061573153
590.9385 763.01526 336.59116 579.47974 0.0061322656
439.48975 1816.63 231.22829 234.98703 0.0061274376
521.41016 1816.797 391.53354 495.70703 0.006121743
372.507 2067.058 228.45596 303.70444 0.0061118137
591.40656 1489.5718 504.17734 1449.725 0.0061080526
776.49677 1876.6732 249.80719 246.40997 0.00609803
277.58643 1894.614 363.5062 385.12598 0.0060976837
422.23935 1774.1338 189.4128 214.90907 0.0060522244
390.39404 681.47205 377.46213 600.3079 0.0059934575
750.21155 1326.8362 279.1969 1263.6318 0.0059695966
428.95978 1886.4302 209.65433 366.6613 0.0059676194
632.1337 1535.8019 436.48993 551.4004 0.0059273397
746.8209 1571.1483 305.7575 768.10754 0.005926163
461.74304 676.601 226.64922 285.18262 0.005914421
313.2916 836.88666 602.7996 1668.5801 0.0059055323
527.0856 1319.0325 234.53018 348.92245 0.0058672326
247.68185 2120.9387 469.85464 392.32834 0.0058605024
492.99298 689.78107 476.55603 636.9171 0.0058479398
220.38028 2142.377 422.0269 393.93945 0.0058459355
779.4483 1526.0657 200.33359 511.419 0.0058231005
406.09073 1968.9926 341.59598 292.2218 0.005818062
179.3574 875.884 340.7724 903.854 0.005794302
601.199 1529.3088 276.99567 672.4606 0.005785749
600.7678 1796.9479 552.2044 543.9075 0.005780948
536.9841 938.8233 232.73071 382.0811 0.005772962
379.6355 781.34296 674.8315 825.161 0.0057603614
386.55447 1606.2292 137.77652 151.91454 0.0057537532
581.9156 986.3878 266.55185 566.2525 0.0057349377
408.23203 896.55994 343.1701 679.9917 0.005729437
631.9216 626.4237 411.39478 1163.6798 0.0057173185
774.9446 1531.813 201.7589 478.24686 0.0056987377
187.61108 2051.6995 169.60638 202.78221 0.005690627
745.19366 1257.0818 274.93652 1079.538 0.0056903786
230.86765 687.3621 191.6919 243.39609 0.0056356313
153.63948 120.21694 87.25768 148.35124 0.005612846
555.82184 1151.7091 598.9198 1526.46 0.005600943
371.82388 1273.4778 688.72186 898.8323 0.0055639246
786.13306 1879.6793 241.68083 272.381 0.0055636796
649.35406 1204.1473 466.5533 1492.2794 0.00555361
243.70387 566.77545 460.95355 854.7821 0.005550944
429.49933 1736.5277 205.46422 177.65907 0.0055363197
663.18854 1313.8666 392.3907 882.4414 0.0055258363
710.20874 1149.899 351.2816 1554.5103 0.005519347
736.9907 1196.5424 283.05334 1195.4165 0.0055020787
538.05615 816.4485 267.92007 370.78455 0.005494095
639.5582 1148.8177 224.29321 478.3736 0.005484172
590.6949 1873.0585 567.6044 700.6956 0.0054754904
501.3661 207.68909 178.8649 223.20172 0.005471404
718.8597 1754.0146 356.80344 393.57486 0.005435252
702.5425 1887.1635 363.91302 429.29184 0.0054278695
643.18835 867.25195 284.71945 497.96494 0.0054139793
620.8222 1092.4342 256.70728 485.13522 0.0053913444
566.83636 622.0042 355.06665 439.91888 0.005389174
372.6699 2051.7192 284.66165 283.846 0.005373784
708.1243 950.63446 244.39453 696.54675 0.005367622
438.01328 2119.701 228.5075 271.62338 0.005331904
377.7504 2138.7651 291.62018 304.3741 0.005329252
478.54712 1234.346 379.91528 656.3421 0.0053222296
723.18396 864.022 193.7928 433.06448 0.005317532
664.0195 1298.2203 429.8861 1245.1478 0.00530949
134.88275 1489.9 240.87624 376.7733 0.005289805
834.9398 2006.1615 180.70839 512.47046 0.0052393363
522.81885 1648.9963 401.67722 1209.7959 0.005235945
270.51843 2203.3538 196.72661 201.87816 0.0052098944
432.21878 1502.9188 146.60684 216.35864 0.0051934486
364.91913 1850.4615 120.84908 185.13232 0.0051911287
756.5588 1172.8132 267.5674 1510.2139 0.0051863515
840.7473 966.24915 159.04506 1935.8243 0.005186297
701.9701 1204.6244 368.69574 1451.2968 0.005182561
597.18005 998.5446 163.91948 277.0309 0.005180074
720.30115 829.20496 187.88965 381.0852 0.005167856
568.75684 1297.4082 257.58984 877.11395 0.0051537277
483.32016 646.64734 252.86284 270.86554 0.0051507973
607.24493 1639.1565 512.0253 1220.0925 0.005150734
420.49847 1873.4786 207.02681 638.4583 0.0051391283
666.5081 1918.2755 130.60863 217.88637 0.0051386724
657.52496 1165.4293 441.8781 1521.326 0.0051196422
775.5279 1725.4615 252.80971 439.63907 0.0051131276
285.59692 1326.0476 529.3233 526.8235 0.0051119053
566.34985 1216.8785 257.52884 704.82996 0.0051024077
673.6047 1687.868 442.771 1176.8469 0.0051016137
723.3251 673.68854 175.93547 412.66043 0.005096333
480.965 1260.0831 400.95566 397.6035 0.0050938413
734.00214 1075.7222 209.78978 453.98218 0.0050908574
709.99457 1540.1936 320.98618 505.6174 0.0050821556
340.39206 2110.2683 260.351 354.60602 0.005080555
652.1065 2032.8748 495.85556 557.90906 0.005073433
349.23642 307.22226 189.03845 212.96912 0.0050708894
161.60335 663.76105 284.3014 556.23413 0.0050665033
428.95325 972.2502 292.92392 910.6379 0.005055283
449.4157 1026.3892 425.56467 723.9458 0.0050540795
624.85175 1010.4843 163.22012 313.6627 0.005043801
605.4855 1838.1813 256.25217 388.58936 0.005041167
190.23116 541.4408 344.97952 456.8602 0.00503054
632.4152 650.2925 296.8183 977.103 0.0050223935
475.46735 1042.8188 433.54968 781.83527 0.0050044353
109.516716 191.45706 207.96596 367.47766 0.00500092
514.77155 2085.2717 133.74934 197.37273 0.0049832133
762.0262 1284.7999 240.88802 1054.0438 0.004972689
783.8587 1466.8763 202.68892 653.8603 0.0049726483
600.513 769.7 214.00848 256.77792 0.004969474
398.18512 2091.6582 126.07674 172.31635 0.0049661575
581.4888 1828.2208 545.0848 576.7329 0.0049525565
612.2122 990.6013 138.68115 264.07516 0.0049435906
519.19684 1322.0608 283.732 487.8145 0.004918005
453.26456 1199.0875 704.5124 1090.3412 0.0049127736
477.54672 1003.2676 422.61536 652.46 0.0049097114
641.2688 1199.5868 396.0154 701.0004 0.004873625
393.31482 265.51193 359.5153 319.16632 0.004865478
533.8354 2037.945 277.63342 411.54648 0.0048427894
274.2729 91.4288 100.17013 177.77113 0.0048303427
840.86176 1101.7034 164.05579 2225.293 0.004827808
777.37775 1855.2717 250.75406 223.30519 0.004819758
372.74448 112.0675 741.9171 219.7598 0.00481506
691.3512 1589.8906 409.67657 1019.05566 0.004810047
339.26785 1946.66 154.60439 325.89972 0.0048064077
619.6273 1178.9305 438.80984 749.45514 0.004802115
687.1894 1674.5026 406.00363 996.6838 0.004801069
763.49133 1027.5073 288.14264 2094.0742 0.0047866683
690.72974 1315.9921 371.053 1088.6501 0.004773702
532.2508 1283.8561 351.25616 1446.2023 0.0047672954
657.26434 1891.1101 150.34842 255.43422 0.0047639776
658.33044 1293.5433 259.78476 733.79724 0.0047487523
723.6398 1130.5919 232.63284 361.35547 0.0047479593
691.7347 1372.6215 370.878 1062.1232 0.00473565
552.721 1727.8286 408.79367 1155.5051 0.004735371
486.20663 1202.331 691.77637 997.64716 0.0046849763
90.250885 2230.0474 166.10423 232.87103 0.004661816
467.7302 1092.9631 269.9218 578.4064 0.0046591903
213.76164 2175.6777 315.14008 322.51837 0.004652201
271.546 1160.3984 234.23717 223.21014 0.004644334
849.0356 962.0338 147.66733 1947.8972 0.0046417667
381.32132 229.14737 169.12042 164.67783 0.004639998
117.645744 2004.3279 222.19066 608.5006 0.004634966
594.60754 154.14038 225.46982 241.13359 0.004625714
479.0426 477.24347 349.72415 796.3099 0.004624996
554.7735 1300.1238 372.035 1427.7793 0.00462346
489.41373 1270.6206 367.9256 415.47504 0.0046229353
822.70233 1442.3346 154.05869 981.9386 0.004621288
120.126564 2205.5664 226.43518 284.757 0.00462004
155.90654 1732.482 303.19843 1221.1276 0.0046048574
690.1576 1675.863 406.16418 776.628 0.004579343
714.5784 537.47864 155.34515 297.7535 0.004574238
675.82996 655.19037 236.78188 414.61688 0.004572699
761.37805 1416.0422 270.30783 1068.3159 0.004551177
423.13828 1127.2217 310.13855 984.1522 0.004541037
536.02856 1949.8329 143.28645 210.13213 0.004539647
748.5602 1145.1727 268.05127 1310.3999 0.004513971
420.56784 2034.3956 113.99767 144.99536 0.004505411
354.42892 1981.3241 274.39008 250.5181 0.0044662314
396.53635 809.31793 275.6077 555.42053 0.004453011
655.74695 1977.7777 478.96075 530.3079 0.0044471994
734.96185 1786.945 327.63696 567.39526 0.0044376357
675.43646 1656.742 431.92044 1008.65967 0.0044280146
781.5591 1470.5054 199.00989 610.28156 0.004421144
495.34454 1186.3958 429.35458 1650.5087 0.0044144033
296.256 2230.3953 181.00067 189.4455 0.0044026016
376.84213 902.4531 629.47284 733.41473 0.004399094
353.63892 1737.7433 665.9479 1150.7656 0.004389374
783.5227 2060.9958 270.9023 606.0536 0.004385213
268.73178 1077.8146 495.4341 1147.8041 0.0043820166
694.94946 1737.4042 326.40662 309.37698 0.0043757837
257.7612 2005.8983 153.00089 172.8303 0.004373987
358.24396 1641.016 130.00659 168.51364 0.004362266
740.69604 1367.7572 273.80502 821.77515 0.004352134
791.7125 1594.5918 213.02222 675.9985 0.00434897
697.0639 1921.9636 400.10834 578.263 0.004348598
622.45325 1333.3619 204.57848 487.87476 0.004329501
744.88983 1021.0921 161.49417 295.4599 0.004324768
413.45895 974.06744 155.78186 241.3623 0.0043213856
702.60895 1675.4978 386.8162 1021.84485 0.0043183235
633.89856 956.45276 361.0913 666.97797 0.004277796
684.8351 1411.8787 196.56703 570.7983 0.004254409
280.58163 2207.1663 535.23706 277.1377 0.0042400747
481.41122 1898.4592 114.82722 192.867 0.004226939
182.86623 1860.7637 347.4743 945.3093 0.0042229947
718.833 1453.7219 350.97537 1335.2607 0.0042090416
458.1373 2251.3022 893.2411 245.70988 0.004205919
595.6203 1629.5057 284.17734 922.5597 0.0042014797
625.3405 1587.7112 279.14203 987.4483 0.004183084
476.86057 91.62567 208.43108 179.43443 0.004182663
303.02582 1867.9125 179.72902 268.12476 0.004173535
810.3002 1366.8761 183.87589 1179.5259 0.004161169
377.37878 1549.2009 201.09929 279.97653 0.0041535012
583.108 1704.983 493.38086 439.90128 0.0041482705
846.7536 512.902 157.48634 1032.8341 0.004147049
304.77805 211.92723 436.0848 414.92596 0.004116895
363.57233 1163.9823 205.27122 225.6332 0.0041079195
647.63947 1214.9237 436.7653 1417.6683 0.0040957727
431.313 2164.2822 265.4247 242.65958 0.004092681
849.3363 313.4641 155.75722 626.193 0.004082166
619.4406 784.74274 307.87576 690.6184 0.0040419092
453.58655 2193.284 151.8016 148.42416 0.004037439
270.48633 2209.8174 513.35803 273.4049 0.0040335907
497.15558 2125.7805 178.77103 191.22543 0.004022037
769.8884 2245.7373 299.81262 254.46333 0.004017312
722.6151 912.06036 339.18314 1818.1128 0.004015961
501.97025 1833.09 166.48509 183.78879 0.004010396
750.76654 2040.7367 325.41995 613.57227 0.0039811106
150.51689 694.5432 283.61017 1113.4628 0.0039708703
638.2717 1235.2463 210.3343 725.09564 0.0039495896
237.61914 1287.8887 446.60645 929.4118 0.003942771
170.4157 2160.6152 234.08745 233.09042 0.003933854
342.6943 2168.9763 150.83727 179.66443 0.0039297384
473.10382 1911.0826 386.71262 513.98553 0.003927788
609.4715 1463.5219 135.24818 256.0956 0.003919961
129.66142 665.8009 221.93843 515.0357 0.003915701
507.19043 1698.0192 391.15884 1171.4309 0.003897478
304.90408 665.6848 208.82649 344.35745 0.0038896294
725.0498 1260.5424 342.49484 1520.0096 0.0038813506
589.2981 1225.1744 243.17615 1116.5901 0.0038696963
457.68677 1407.078 258.2386 866.4098 0.0038539812
667.5355 543.90955 329.99115 1007.4909 0.0038529197
230.96133 2024.3624 236.72926 499.24655 0.003849318
767.013 1303.6335 168.90129 272.68448 0.0038213786
526.5486 2156.452 304.10013 303.38535 0.0038212368
382.22766 2020.9672 531.3369 284.00803 0.003816914
683.88324 1591.4559 423.70288 1455.3741 0.0038071175
550.10236 1413.8641 315.547 1455.3589 0.0038035472
770.35846 1324.1465 258.85464 1297.6694 0.003803036
305.03427 1030.681 456.0265 680.8032 0.0038017211
826.1479 2206.5642 191.62701 334.03644 0.003780266
767.87177 1314.5371 249.34982 928.295 0.0037796304
250.06628 42.069782 161.28908 80.43215 0.0037745507
478.5246 2166.7727 802.2073 410.43967 0.0037695407
227.19563 2251.5776 433.44928 198.57509 0.00376184
760.51355 1468.876 151.52948 246.32106 0.0037401863
394.16718 1309.8218 142.99911 200.19531 0.0037391202
628.5349 1682.851 158.76836 192.5012 0.0037283713
393.3163 1168.5049 233.21378 250.02788 0.0037236523
582.4162 2036.0898 284.6121 588.21735 0.0037203
402.89972 2214.5596 133.19821 154.22356 0.0037015616
583.59393 1977.3102 348.9583 506.49756 0.0037006876
753.2964 1782.99 244.41782 438.6464 0.00369048
596.27795 872.34436 296.8306 593.5061 0.0036871417
78.47061 2022.057 137.02339 626.36005 0.0036526308
336.71106 1876.325 180.14862 322.42178 0.003642829
770.1338 1832.6462 216.60898 234.23724 0.0036399497
568.5574 1028.52 204.43788 301.38504 0.0035907405
646.5919 868.92126 278.0459 583.921 0.0035897323
474.32953 1059.0641 225.41057 473.1908 0.0035871903
676.03687 1442.5505 411.57968 1228.6925 0.0035844133
702.64264 1874.8212 397.6433 856.47375 0.0035572925
476.35065 2209.655 242.51152 250.85094 0.0035472752
767.4116 1199.2098 190.09084 517.412 0.0035276413
416.19986 19.763882 277.58972 38.162838 0.0035241332
851.42804 191.60477 153.88002 381.9608 0.0035238236
770.86127 1376.6805 245.05443 1103.9604 0.003500044
588.01996 2131.5645 166.38657 165.48814 0.0034908361
305.61246 218.77489 150.42969 212.10028 0.0034695314
834.37286 1618.8467 162.54886 617.27637 0.0034629824
769.3433 1125.6697 284.8912 2276.5242 0.0034577912
799.51776 1489.3033 162.64247 525.07355 0.0034470062
818.7918 2006.9934 206.14235 683.64325 0.0034272075
869.34216 174.54095 120.24041 345.73093 0.0034245977
48.517807 2254.4734 87.54044 182.5876 0.0034087026
358.25534 814.01764 245.258 232.13918 0.0033941113
728.532 937.5269 186.58853 356.42184 0.0033900845
764.3101 1165.2134 227.79218 1488.756 0.0033798297
205.30785 1594.6202 296.35623 478.50525 0.0033639974
329.67676 92.52876 571.1127 192.82208 0.0033634747
705.46716 1289.8198 363.0022 1742.6246 0.003349021
726.5686 1201.7695 227.87709 369.22064 0.0033368927
446.31778 1175.3573 879.1903 2336.632 0.003335691
707.5269 2030.0665 386.16324 533.75494 0.0033346144
830.6941 1219.1646 177.77693 1431.6959 0.003330386
799.3695 2287.237 247.09854 177.33342 0.0033269704
574.7928 2084.9456 169.374 198.67285 0.003325829
750.11096 916.4644 283.13733 1760.1268 0.0033089216
260.32327 965.1512 361.68436 518.0481 0.0032981248
851.3737 44.539734 153.17552 85.1308 0.0032964887
499.05966 1317.0249 398.60574 1741.324 0.0032812
789.6721 1580.6356 205.7696 705.2254 0.0032701292
106.46587 549.6936 183.69939 376.21234 0.0032553154
212.24579 644.4559 246.4473 597.9706 0.0032417052
102.757484 2308.0776 203.36841 99.047935 0.0032381834
415.55453 2197.9915 290.67545 174.93155 0.003232775
647.6531 1971.9354 149.27174 245.51143 0.0032255168
379.0369 101.72828 768.88947 197.57317 0.003210654
475.7736 1359.5115 407.62674 1735.3353 0.003206881
433.1499 2226.6135 160.77396 213.06818 0.003195427
363.9655 355.0298 82.71314 109.235 0.0031943773
612.8279 1934.5591 96.22815 146.59828 0.0031940786
386.6971 203.16776 460.03574 407.06836 0.0031781392
640.4256 1397.3818 346.53168 485.88608 0.003170295
819.3987 1622.0022 133.9191 313.5832 0.0031697042
578.36566 972.6732 151.18674 194.15208 0.0031639813
716.2211 1661.8817 278.0161 337.00696 0.0031568455
506.45938 2144.8633 321.03906 543.12366 0.0031496286
470.71268 2166.1543 756.7389 409.34647 0.0031490808
130.58699 1120.1184 207.65526 330.23038 0.0031451448
510.37634 1201.2551 361.68362 1290.2477 0.0031436924
397.8476 1436.1055 339.37064 1329.3623 0.0031277004
611.6708 2094.115 152.49828 179.04192 0.0031264578
763.8136 1013.8602 227.34361 1563.9343 0.003118425
560.8787 2172.9673 212.12059 188.56508 0.0031122083
458.67697 1096.327 655.9989 1127.5536 0.0031063627
472.97427 1777.7936 357.7471 312.28094 0.0031055522
134.31079 104.73724 270.70288 206.3547 0.0031043699
749.9255 2284.6912 159.909 168.15262 0.0030989957
426.09302 286.8612 807.6568 623.97205 0.0030649407
543.4657 1803.6858 472.128 491.1905 0.00306299
413.68033 2245.1042 189.8031 197.76524 0.0030549166
797.6602 935.12823 213.1072 1896.7717 0.0030319085
767.8784 1117.6074 261.65976 1620.6112 0.003029959
472.6578 853.72736 584.932 659.9353 0.0030218128
755.7914 1326.0354 272.85675 1201.8712 0.0030090013
690.38025 2042.3818 260.29773 360.82834 0.0029890267
870.28687 824.95355 125.37893 492.68616 0.0029819512
581.0729 2171.729 490.56155 392.72855 0.002970363
463.5133 2186.2812 629.187 361.3351 0.00296846
853.93896 2145.7407 128.85396 458.80258 0.0029546504
37.82307 96.6011 73.50185 175.32071 0.0029116466
744.44275 565.73584 271.52206 1062.3099 0.002908835
493.6725 1280.2432 415.65833 1763.9655 0.0029019061
852.0257 528.36926 154.69836 853.03174 0.0028914749
643.3226 1311.228 140.2755 304.3916 0.0028833996
244.41827 1341.1436 289.30524 1214.4626 0.0028820126
731.22687 2308.7112 358.3714 135.96648 0.0028563195
775.9844 2182.13 258.3475 383.76752 0.0028506427
858.03937 705.343 147.02443 931.7525 0.0028378156
797.64575 1526.005 225.17749 871.5826 0.002836001
438.48376 2173.725 305.71002 350.94904 0.002829385
87.31611 35.375057 160.65465 66.834 0.0028044668
27.504503 100.95642 52.91727 190.3222 0.002800325
157.62675 1119.6674 285.4969 815.8513 0.0027951207
856.2551 2259.7246 118.317116 229.14952 0.0027889393
729.7082 932.2873 282.67163 1566.1859 0.0027840475
491.03256 2226.429 110.607124 154.59479 0.00278396
822.27637 2284.1409 173.22946 178.64874 0.0027796146
625.0207 2143.4233 237.26868 294.4707 0.002774524
752.22424 2226.3455 171.94615 211.12361 0.002770266
447.73798 1607.443 678.9755 886.67426 0.0027653791
863.41223 756.5745 143.54773 560.8247 0.002762661
475.79462 1351.4868 344.87827 1527.3246 0.0027499148
365.33344 2244.8672 247.56659 135.6809 0.0027309475
672.9227 1106.9697 321.16846 811.8398 0.0027236587
860.29395 2197.6333 152.99599 350.77664 0.0027220894
878.56287 1860.7053 78.27332 193.37299 0.0027077354
593.2909 2283.5327 212.24234 175.45139 0.0026980103
835.55237 1458.4624 168.00699 941.1024 0.0026909949
687.3899 1506.6587 348.78427 979.0605 0.0026869336
722.9016 1125.1289 351.84464 2242.9958 0.0026766974
630.84357 955.1209 132.02608 237.86311 0.0026678804
813.87604 2260.5955 143.87384 180.84352 0.0026642326
836.54596 1711.7089 168.77357 453.9836 0.0026627341
881.3488 1566.0659 91.60685 553.22156 0.0026533585
738.7135 1962.6477 283.64233 371.3352 0.0026527415
607.20715 38.19066 193.92319 73.75297 0.0026447529
440.91797 2317.127 739.5234 115.57247 0.0026292196
870.25183 1158.9578 123.71335 905.618 0.0026241527
823.89166 2122.4766 166.56284 206.6738 0.002615864
783.7665 1589.0181 258.74228 792.11584 0.002609749
778.9548 1846.1503 245.5476 247.4618 0.0026061856
852.1273 2268.435 137.12848 209.79344 0.0025968577
856.38617 527.14124 136.43842 394.2827 0.0025922933
750.05475 2261.0942 135.55617 183.44601 0.002565085
872.3947 2184.894 101.10117 372.94183 0.0025573568
618.54895 2189.649 185.71513 228.00638 0.002540177
887.35596 2075.809 82.47871 599.1299 0.002537605
689.59827 2320.6448 153.77577 114.1993 0.0025366829
852.34344 2252.2632 126.55095 243.54852 0.0025294
191.62962 2366.1714 389.96716 23.193602 0.0025270141
79.6976 98.28826 148.91069 196.36278 0.0025264793
574.8443 2210.1963 279.31525 303.15448 0.0025208702
611.3291 2208.034 278.71216 296.30908 0.0025164234
862.88025 685.2194 132.57265 469.1578 0.0025101807
836.17267 2291.4453 154.95203 161.95102 0.0025089837
797.11145 1089.8597 189.57036 1381.3066 0.0025033227
277.12558 214.76564 382.1074 405.83377 0.002482547
239.36414 37.055954 451.81787 68.31073 0.0024792205
793.47675 1100.7893 243.8379 1055.1111 0.0024767031
425.1156 2278.2463 155.61606 165.08162 0.002475848
740.0258 2195.5872 183.7028 238.36914 0.0024717622
160.68974 2303.3845 305.5108 111.13447 0.0024641354
882.21924 1161.5391 100.59014 544.5866 0.0024607575
817.30505 581.20807 229.908 1171.4601 0.0024246017
621.57654 2167.776 244.85878 315.87744 0.0024226983
420.60184 925.44354 760.70294 1690.6058 0.0024105017
746.412 2002.0721 144.83563 179.66486 0.0024083469
603.8344 1490.08 514.743 872.88745 0.0023947968
523.82526 2288.7393 292.83926 170.07726 0.0023859015
649.423 2306.9407 222.30072 137.09987 0.0023793469
868.729 1100.283 131.61937 405.19077 0.0023777855
468.38174 2359.7083 748.85046 38.64332 0.0023757764
632.34033 1306.694 194.91566 871.8287 0.0023735464
704.47485 2331.8416 559.20135 77.98853 0.002369643
771.68616 2150.4841 145.11316 206.96594 0.0023691368
806.0874 1420.28 213.16159 1056.0347 0.0023605565
212.82083 30.128567 109.02893 55.830692 0.0023522726
657.03644 1600.3556 126.395294 126.614105 0.002337469
687.66223 2079.1665 194.80211 279.0237 0.002336792
305.548 1479.0626 337.98065 854.6672 0.0023361172
627.29425 2295.1155 250.93657 164.93211 0.0023164328
618.5375 1610.4517 499.76428 1062.7004 0.0023099566
895.5982 1387.4362 73.08707 581.2687 0.0023015814
404.4679 2197.3936 605.5262 345.6036 0.00229354
423.19705 1463.3223 300.28787 1205.5167 0.0022910032
879.5201 1514.2299 97.0453 321.71664 0.002285509
844.7355 2186.566 177.58575 276.49237 0.0022669781
504.64352 2244.2688 113.49931 162.63919 0.002263412
890.5226 2158.958 72.85579 430.75943 0.0022618545
205.98895 1471.5161 404.74973 1107.4845 0.002253056
885.21985 1592.5857 87.37084 633.46 0.0022520283
745.25824 2176.4363 128.56224 157.51831 0.0022504819
508.60236 2185.9521 830.104 175.04033 0.002247968
437.52518 1423.1794 183.95486 309.8557 0.0022466646
327.41617 2247.4526 660.3326 249.08873 0.0022426418
271.77512 40.46227 486.1521 80.873436 0.0022426227
627.9626 2326.7888 308.2721 99.3324 0.002229745
348.33075 1112.9182 406.58215 1310.7411 0.0022284703
772.2185 1070.9629 253.74261 1806.0758 0.0022226549
279.113 2267.9475 542.67676 301.8163 0.0022219983
474.74222 2265.0044 894.7434 219.2216 0.002220073
493.03278 1346.555 467.36386 1591.0448 0.002217067
365.3517 2306.0076 354.6389 122.95963 0.0022162073
609.2605 2267.298 184.04541 192.40932 0.0022062915
671.92303 2203.6726 216.0167 278.76917 0.0022020454
620.34326 2312.1228 155.5566 131.61542 0.002187936
782.50745 2339.7976 262.87936 68.319725 0.002184938
767.51196 1732.858 266.76715 728.8722 0.0021722885
621.4848 2240.172 224.24777 240.61667 0.0021713688
661.7594 2165.0806 147.29521 185.41618 0.0021597166
871.5134 1131.701 117.49272 1220.2617 0.0021596157
247.5397 119.63543 98.37362 144.09406 0.0021590055
861.30054 2139.1692 98.40401 286.273 0.0021578274
754.3886 2310.1267 305.88217 128.20377 0.0021534488
398.3215 1322.2874 314.46964 1180.171 0.002150235
673.56464 2190.611 145.2302 165.988 0.0021358451
702.75616 2324.1514 201.55191 100.990326 0.0021353501
538.7419 2303.3577 148.87415 120.24154 0.0021293538
877.50183 1728.1289 96.00178 390.88284 0.0021225247
326.4714 2293.285 664.8314 160.8131 0.0021118743
853.5167 2269.953 158.27812 193.44691 0.0020890047
832.54376 2329.23 169.51625 99.03033 0.0020873246
832.6213 1282.3031 180.20404 1093.2128 0.0020864129
850.652 2279.5557 122.71908 176.46999 0.002085206
733.6204 1322.1873 322.69608 1017.0306 0.0020813122
392.45178 1496.8027 391.80817 796.4575 0.0020795441
877.34424 1117.9434 110.30033 633.30994 0.0020693205
881.0311 2143.3506 92.638985 446.77374 0.002063904
512.8244 2331.6665 284.136 93.11593 0.002057216
516.04553 1419.8616 327.7242 1311.3162 0.0020506578
887.3232 1107.564 92.59229 360.877 0.0020468282
853.92755 1523.9419 96.21311 279.30267 0.0020360064
666.24 2323.7742 148.98022 111.48046 0.002032749
608.3617 1571.126 459.71866 1355.6401 0.002025102
360.78937 39.96111 698.6887 76.23415 0.0020200047
434.58188 1164.8608 229.10756 546.1726 0.0020106186
831.6876 2350.2651 203.12646 59.833385 0.0020015503
392.15283 2309.6526 185.93239 130.92244 0.0019974683
593.0997 2323.11 175.52405 110.59062 0.0019901064
442.96967 2356.4734 422.45956 42.20599 0.001983857
893.8467 1345.119 75.86409 298.17847 0.0019811504
189.99203 2327.1536 315.44907 98.050865 0.0019663153
886.8197 2311.5403 70.369156 126.38422 0.001963094
446.5576 2151.5298 411.6704 576.1634 0.0019547597
902.5749 1438.5885 51.050987 974.7914 0.0019522858
365.64777 959.1475 566.3339 733.53375 0.0019416063
604.17065 2326.9397 264.5036 102.83096 0.0019336296
507.65195 1385.0995 314.78793 1273.0404 0.0019243172
436.84512 2350.4092 264.34283 55.353245 0.00191772
534.93115 2265.1626 374.47214 284.4179 0.0019124111
619.2535 2345.1628 152.90694 61.517643 0.0019102896
887.97205 1754.7327 81.845 328.8107 0.0019080916
780.96515 1842.9653 221.80385 208.54172 0.0019018005
446.45264 1177.8683 877.2431 2325.387 0.0018978267
721.3814 1774.9781 335.00824 1138.3431 0.0018961907
874.4653 1256.1135 120.02652 357.30392 0.0018909376
425.12247 1212.4569 312.9296 1191.3875 0.0018904796
776.4996 971.79895 244.41515 1970.3999 0.0018848806
889.0363 697.8776 72.70726 402.59048 0.0018714045
805.6999 2313.2976 233.26344 129.77347 0.001870669
791.01953 2343.729 202.00029 72.64139 0.0018437937
859.6306 1435.1707 126.32458 970.05676 0.0018389822
206.27777 1406.2092 237.10161 993.5841 0.0018302918
136.9615 20.36249 271.81592 40.027824 0.0018205296
748.9382 1703.5463 283.07883 852.9977 0.0018081152
679.241 2351.0403 157.62999 49.159916 0.001795686
891.92523 2072.9868 68.57988 275.8761 0.0017955714
861.9032 1415.7826 143.36894 1235.7482 0.0017906987
890.0118 2181.2666 89.47373 260.08163 0.0017829556
314.5923 99.07675 306.64883 201.91316 0.0017723585
362.26593 2341.807 721.48157 84.97311 0.0017667195
369.7558 2342.9539 186.91782 57.498325 0.0017665412
444.12408 1411.3685 298.4569 986.7075 0.0017549477
676.3517 2336.8125 138.74214 92.86393 0.0017478873
798.494 1118.8223 233.77641 2037.6018 0.0017438426
908.75525 1493.2172 42.529446 455.811 0.0017432442
550.1069 1232.0469 255.87135 919.557 0.0017338531
899.55566 2236.8992 48.49663 282.3731 0.001722122
407.04492 236.57497 823.60724 471.35364 0.0017207257
856.8829 2343.924 117.50036 119.414795 0.0016778741
425.59158 1261.3635 631.0074 708.38904 0.0016775476
583.6661 2351.9124 179.35527 86.3594 0.0016731793
873.22296 2329.488 87.799736 100.77108 0.0016424842
368.56656 1848.2607 404.81342 417.86862 0.0016409765
321.66656 434.04297 634.16254 877.3281 0.0016290528
904.26483 2136.6487 47.414192 480.67633 0.0016247653
681.53186 2352.6863 163.10023 54.892265 0.0016166731
156.14113 120.50607 83.4605 150.03032 0.0015978874
813.99585 2342.286 149.88274 79.51416 0.0015918738
702.1737 2345.8896 237.1946 80.55607 0.0015910335
912.454 1495.0583 35.436592 502.8112 0.0015890155
444.612 2367.1301 251.67245 32.77466 0.0015864637
789.52545 2344.6245 239.3659 66.02333 0.001579801
382.86935 2359.6853 165.08473 75.790924 0.0015420509
761.7428 2347.5886 132.45905 103.9372 0.0015413323
447.35373 1177.1859 877.57367 2324.0518 0.0015360957
918.158 2175.1438 49.96609 185.70341 0.0015342087
673.54694 1410.7223 421.1356 1284.363 0.0015331958
861.88965 2342.8179 120.859406 64.719795 0.001528537
863.86566 947.83984 142.57368 1670.2783 0.0015124537
363.89798 351.80457 84.85423 114.951256 0.0015078153
329.26965 1335.6719 377.25934 718.50867 0.0014527715
876.37317 2356.5251 83.316734 38.39756 0.0014504581
260.408 2250.281 332.90192 357.39935 0.0014295691
630.7463 2361.4282 160.95558 32.82397 0.0014242796
370.23907 1770.6234 235.59016 226.58305 0.0014233739
907.706 636.91 42.386883 397.23343 0.0014223183
488.97598 420.83835 610.3657 868.8771 0.0014200872
425.56113 204.7383 333.13446 408.69864 0.0014183553
893.4508 2329.074 125.849174 92.8696 0.0014162712
914.05225 187.47401 33.901714 370.40536 0.0014083305
408.48785 1318.2463 337.91745 567.8167 0.0013984286
317.22226 1873.5219 785.0099 1009.1181 0.0013973422
206.31487 900.49603 364.33817 894.4448 0.0013832228
196.05864 259.4847 133.633 292.32098 0.0013798085
226.4334 532.54443 528.6159 1083.6887 0.0013686885
470.76462 112.920975 872.8154 234.22145 0.0013666358
685.5289 2361.4424 164.29106 29.670034 0.0013419527
868.24615 2353.9844 108.385086 47.667816 0.0013205702
822.2293 2350.226 146.8199 119.73042 0.0013111338
826.7079 2267.4692 238.79323 223.94783 0.0013108697
628.2774 1828.4365 469.34628 1120.9982 0.0013000366
344.16357 1714.2035 318.2007 435.39447 0.0012955107
544.6356 1336.3315 274.85907 178.49701 0.001288855
456.50195 1177.5587 843.38196 2258.4785 0.0012839461
916.2038 1772.4584 28.892654 296.28592 0.0012787416
455.2981 1182.8682 853.83026 2280.1118 0.0012704337
789.30975 1618.7421 193.01784 379.14426 0.0012673362
773.25867 1786.2561 199.57666 358.30902 0.0012511999
735.9494 1631.7592 295.37982 980.97906 0.0012482539
209.53946 1243.8861 338.17584 935.0079 0.001247549
345.74832 1056.9191 257.63742 717.89136 0.0012463707
431.97882 2035.5829 770.6704 635.6784 0.0012401763
781.63477 1369.8044 286.98038 782.0106 0.0012336381
169.43805 1170.5366 272.94574 2137.6558 0.001202929
415.79785 1229.5553 232.70172 1099.6066 0.0012019532
660.93274 2365.4714 146.99364 40.934444 0.0012002073
215.40532 640.37976 354.30817 772.381 0.0011983967
386.4138 1278.5834 236.44511 1039.4905 0.0011955149
235.35345 1554.8516 217.09323 867.9852 0.0011761233
745.68384 1533.649 264.54517 786.18243 0.0011642528
860.0338 2350.8696 149.91876 60.907974 0.001153748
460.23373 1210.0967 316.18155 653.0339 0.001133595
463.57413 1000.1751 277.95535 437.3012 0.0011292208
648.02527 1888.2911 285.00232 386.63266 0.0010931018
449.8821 351.03717 880.89325 707.27905 0.0010917042
146.36502 196.06218 90.904236 320.45786 0.0010884011
482.7541 1073.2554 440.2912 749.1525 0.0010883745
676.5362 974.24146 425.93625 1962.0974 0.0010868614
385.68927 1332.798 200.32655 1667.242 0.0010756452
155.75542 115.59431 107.59908 174.90579 0.0010640875
337.35202 1715.3723 270.94012 590.8016 0.0010560639
795.4637 2296.7769 260.52594 191.5862 0.0010408662
124.392395 212.60248 248.64929 411.0057 0.0010165907
843.08795 2009.7845 160.5417 300.82874 0.0010025306
459.59235 1149.2689 289.10046 975.75507 0.0009946148
255.60303 1770.1726 101.47458 440.89606 0.00096284295
789.6051 1274.9766 166.64189 1270.0887 0.0009553454
453.3195 571.79407 373.9559 932.96246 0.0009234745
393.49957 1256.2599 312.4014 1438.706 0.0009227141
501.57535 1425.3054 504.49503 806.6141 0.0008705922
234.1012 2302.0396 354.68112 154.07338 0.00086813816
390.1355 1018.44165 281.0552 479.48724 0.0008183258
500.85184 1328.3672 332.32538 1057.7173 0.00079958444
433.49625 1074.156 472.672 827.7572 0.0007830309
464.59888 2352.1277 606.38666 100.81279 0.0007742654
264.53473 1292.4935 253.01724 1020.5845 0.0007568691
505.87695 2380.433 821.0034 2.7465382 0.0007410951
395.89194 1768.6278 326.12216 1262.8947 0.00074079435
533.32965 1482.6726 431.44574 763.1302 0.0007282902
631.9101 1790.336 383.6077 658.39795 0.00072683796
384.50485 1583.0238 282.00897 822.90564 0.0007232033
349.3528 1888.8099 615.01404 523.40533 0.0007131776
478.24973 502.9097 800.8656 904.5519 0.0007107069
498.6171 1250.3585 245.19054 701.52203 0.000690628
606.76025 2369.7505 494.55667 32.968826 0.0006628294
501.48434 2354.3267 490.03656 56.75501 0.0006485583
705.1754 1373.6587 298.68912 1100.8993 0.0006046042
568.4122 1643.9261 350.1656 601.8638 0.000587662
480.51285 1983.8016 594.0902 382.69742 0.00056082406
474.39117 1377.9039 384.0076 809.65466 0.0004796103
