292.20923 1135.6078 580.8826 2242.7278 0.47768718
290.98572 1223.0958 579.2412 2061.9697 0.37112972
264.85956 1635.6085 299.94736 584.93054 0.0898614
38.98716 1172.0895 77.59358 709.33704 0.06302469
271.0942 1101.5055 521.6383 1624.5546 0.044447944
271.90723 1356.2448 526.88824 1443.5165 0.03397756
275.44696 1464.0431 537.38544 1401.4081 0.032764245
233.92873 1385.0358 446.43314 1157.001 0.032693096
96.72111 179.12611 193.09062 354.2957 0.03213195
256.46533 1376.3213 499.86948 1238.7994 0.032128036
218.18832 1708.7716 410.1032 775.33905 0.029854938
279.80026 913.84784 546.7445 1365.9536 0.027959824
281.50568 1453.7256 552.4672 1488.6152 0.026578434
225.02087 1125.4343 439.9966 1637.8793 0.02639132
211.30693 1780.6718 416.40784 918.5913 0.025250288
225.4984 1343.8551 439.708 1394.2692 0.023472033
223.03616 1206.5673 435.08347 1631.1172 0.022636626
256.53363 888.9962 500.9296 1277.2452 0.022471037
232.58144 1417.798 448.23645 1245.1357 0.022171736
236.77773 1440.1224 462.0764 1275.7286 0.021785652
284.86026 1711.9933 560.6555 1050.7611 0.021591732
220.31569 1645.7764 404.9943 627.31964 0.020048782
595.39386 1236.9675 84.38029 153.12979 0.01998761
226.21478 1445.079 442.96713 1436.1929 0.01919444
262.71646 1080.6208 509.38742 1054.4258 0.018981246
263.07504 1122.0006 442.8559 1214.985 0.018810542
254.69402 1174.3889 472.20224 747.42035 0.018727135
208.0274 1197.9562 406.85434 1865.9968 0.018620593
461.3358 973.1261 60.00365 119.13553 0.018279936
262.47946 1068.0151 511.78192 1112.7869 0.018043643
281.55493 1391.2115 462.70554 1128.4009 0.017832162
268.59415 1116.2192 517.7473 1184.828 0.017813215
282.03082 823.9426 555.13116 1209.6978 0.01768944
163.28703 924.4454 197.6723 172.61537 0.01734416
229.57913 1460.3367 427.34387 1008.6106 0.01731315
252.07922 1137.646 432.61905 640.26117 0.01674223
287.0831 935.0884 567.18787 1599.037 0.016200332
225.43391 918.7118 441.7136 1320.7092 0.016081424
220.42389 973.5699 52.859005 66.415825 0.015834115
39.68878 982.98395 78.81383 1132.7068 0.01561394
224.60312 1512.2456 441.2787 1356.7275 0.015331328
269.57523 1668.518 516.75745 858.67017 0.014759383
254.91339 794.2914 501.71725 1124.8416 0.014692026
271.17453 1669.4534 498.37494 984.50525 0.014226498
288.55902 1383.1879 451.26047 1127.9807 0.014208947
248.33244 925.67 478.8306 979.40186 0.0141477715
263.693 1078.1595 490.1016 527.3903 0.013990814
248.92279 1025.1074 399.26923 397.13596 0.013927202
271.62027 1027.0476 447.49176 1216.5906 0.013506501
162.43933 1844.9624 96.50714 160.22614 0.013123927
294.58066 1429.2657 452.71674 1248.8234 0.012956463
303.60776 1591.2418 415.08163 696.02026 0.012943445
39.652664 1370.8779 79.03585 1156.9596 0.012888881
172.04016 1838.4532 118.16435 175.55063 0.01288044
234.50479 936.3214 457.91476 1153.0458 0.012868804
275.8434 1276.9438 530.8215 975.12146 0.0128394235
39.582912 883.1531 78.95158 1344.9165 0.012640633
219.45178 993.11444 430.90808 1476.8207 0.012450275
207.21295 1373.511 403.90314 1123.2471 0.011776771
223.03381 1400.3986 415.79095 1092.1473 0.011738105
277.22952 1221.5665 512.0715 833.8152 0.011736772
247.2582 996.82367 477.0269 908.1725 0.0116975615
227.62146 1977.4482 214.3687 205.36385 0.011694403
294.21872 1397.9695 449.76645 1106.2224 0.011544723
279.69638 1566.9962 541.5136 919.17755 0.011423604
292.2445 1134.8273 577.4132 2247.059 0.0113787
160.75897 1879.6511 71.33259 89.27066 0.0112462845
262.17722 1418.3049 340.58905 1044.6359 0.011227645
286.9746 689.71606 568.93176 1326.9464 0.011221279
242.83426 1030.9575 474.15146 1007.04535 0.011164958
301.74435 957.24023 461.92606 1120.8352 0.0110470755
194.03409 1251.4589 381.52496 1405.9172 0.010917923
225.5557 1639.9796 207.18571 558.4171 0.010864184
223.14944 799.7095 437.6712 1137.52 0.01082801
190.6788 922.8545 374.40616 1384.9309 0.01049485
264.36887 1149.3262 359.84302 1200.6094 0.010484539
216.85272 690.7746 424.70804 888.10614 0.0104695065
258.31015 963.67444 471.4705 287.5178 0.010457342
313.7006 1594.7491 422.52087 855.1187 0.010409502
195.65602 1766.2395 169.24648 317.8564 0.010397279
213.21898 1762.7607 195.75496 320.07803 0.010178878
195.65927 1327.0903 384.68063 1225.9669 0.010072004
268.80466 1036.0801 348.8992 368.6786 0.010025788
222.64426 1178.0568 412.52838 727.1804 0.010019841
252.10394 956.8077 491.92807 1098.1305 0.009916099
299.05585 1542.9852 234.02243 405.16898 0.009854834
182.73463 892.73804 358.76028 1284.3435 0.009854271
170.94305 1072.7148 106.45961 91.46817 0.009675369
264.07858 1190.3986 368.13867 638.4344 0.00956457
298.43344 1631.4939 434.99176 980.25073 0.009520669
287.20358 1374.4894 388.55136 1143.4563 0.009436816
310.34442 1596.7518 399.12302 678.8343 0.009432841
42.14303 1232.9246 82.866684 2027.4452 0.00934691
169.70207 575.77893 334.02533 659.6685 0.009343241
305.12314 1306.2626 434.89203 1320.0364 0.009307018
219.01476 977.4952 38.044243 49.02779 0.009286215
261.671 1016.4114 493.49875 388.9449 0.008849781
266.47842 1633.4716 294.1221 581.4858 0.008826978
218.91754 965.26855 343.20996 286.81326 0.008792505
278.4954 523.2337 551.8071 1006.09406 0.008743942
309.7481 1092.2622 405.69995 507.34164 0.008606218
208.42094 825.3597 405.163 927.74274 0.008538036
234.71068 957.0071 443.6076 671.34076 0.008356214
265.83093 1593.5704 516.92523 907.00635 0.008351469
316.57242 872.2179 629.0327 1687.7036 0.008332058
184.0704 726.7925 358.93958 927.04266 0.008326887
233.10963 1738.0684 234.57411 365.44565 0.008321463
295.61447 1095.5089 375.78067 1178.6653 0.00825106
277.33127 675.0053 551.0433 927.8327 0.008156264
273.74338 1296.047 408.57352 991.3952 0.008143983
38.330017 1057.2358 76.218285 313.7926 0.0081435405
76.91755 1172.504 152.33177 726.20056 0.008116098
308.1352 1199.6924 393.8152 766.39435 0.008111178
197.61717 733.15027 341.8016 545.90405 0.008070816
198.5012 1830.2715 171.07988 191.90205 0.008044987
316.8458 1590.9337 466.80753 785.134 0.008014465
296.6209 1166.0697 446.5822 698.66583 0.007961641
353.81714 1056.2802 197.311 298.13574 0.007952565
166.85774 1094.0516 326.9894 1658.2671 0.007949196
211.45024 1060.0363 413.32782 936.43365 0.00794591
287.30667 989.97534 365.57138 984.38 0.007921624
185.14835 640.132 248.86581 342.13882 0.007909204
231.83653 592.95233 458.5709 742.2143 0.007862317
319.6646 1011.0707 452.13123 1166.9308 0.0078106546
179.62108 1940.7622 334.3247 349.63315 0.0077745644
284.08984 1205.341 568.6723 1022.74976 0.007726097
320.3053 1529.1168 189.82346 377.03616 0.007724372
278.48535 1389.1465 342.433 874.98865 0.007700947
276.30963 1149.6357 310.98245 1160.2249 0.0076367627
185.6711 2019.8378 135.94537 171.22046 0.0075971964
258.88934 1960.5697 149.73776 174.30872 0.0075580175
64.39582 1498.4111 127.3462 1415.9484 0.0075563467
162.5845 573.5238 302.24374 455.59262 0.0075363126
365.80566 1030.843 141.55402 222.13681 0.007494944
371.20724 1099.1646 248.02094 387.107 0.0074915574
253.84569 1714.225 496.09006 999.6017 0.0073458822
306.8543 1662.6764 273.48294 725.39624 0.007343974
242.90244 1760.9232 261.50095 324.87415 0.0073433067
147.28445 588.7697 223.94038 305.17526 0.007334295
485.43588 1366.616 44.523014 91.425064 0.0073048733
137.50992 920.4755 247.3176 206.21587 0.0072675445
295.69315 652.13043 54.090866 68.83592 0.0072639366
299.7199 1067.172 412.73013 1134.4266 0.007253384
170.39203 901.76965 337.82172 1130.4033 0.0072039645
320.312 676.9722 639.475 1340.876 0.007196925
172.75655 643.8182 322.5722 533.92413 0.0071250843
166.51752 640.1512 298.82666 418.60657 0.007012519
161.12975 1674.7256 299.64615 582.57153 0.0070004333
212.7388 1046.8481 394.8999 458.78302 0.0069872006
37.435658 936.51874 74.03879 249.87836 0.006981575
221.72359 1986.8054 115.67831 142.87314 0.0069597606
500.74332 1112.979 146.40889 414.8659 0.00695442
329.91214 1225.9375 189.95433 208.06006 0.0069441274
538.72986 1405.1622 50.698723 82.1108 0.0069238027
98.39264 308.0263 196.05176 611.7039 0.0069072912
348.17426 1343.9733 405.00366 1124.8911 0.0068684765
483.67395 1365.9288 118.08691 199.20576 0.006866385
394.01114 1012.2604 189.8068 228.52359 0.0068648797
221.43178 790.44385 288.27924 409.11288 0.006836253
42.47256 1143.9741 82.9316 1867.1934 0.0068029836
94.828125 782.19385 188.66383 1538.6459 0.0067859227
61.5048 1299.7925 121.09945 994.1394 0.006777107
258.89328 604.16504 514.068 782.6331 0.0067748763
38.84376 876.9842 77.41196 1357.3757 0.0067613716
152.98328 1283.7195 289.50272 1463.0131 0.006716942
252.02977 1220.2078 506.14127 775.67645 0.006701733
173.86922 1086.8402 142.09557 140.12553 0.00669789
537.9649 1390.0422 68.405655 154.65022 0.006655053
208.34366 720.54395 335.11633 559.0491 0.006647218
256.6249 987.836 487.04016 328.00766 0.006639678
179.81157 1286.6919 259.62534 1262.0894 0.0066239215
369.9168 1227.8102 127.40961 176.09006 0.0065955147
394.59113 1349.3076 128.30489 177.66316 0.0065869344
128.2511 2067.287 244.47061 323.44116 0.0065777395
410.11526 1338.6138 109.63064 185.76039 0.0065744687
275.9096 1966.4572 120.55304 172.61942 0.006567742
160.83034 969.6717 297.38535 306.71115 0.0065559833
63.021168 1169.6136 125.35363 749.41797 0.0065166745
346.32318 1498.5115 145.70584 307.4275 0.0064256056
245.84897 887.6844 390.1136 616.63586 0.0064105424
60.199673 1359.821 118.37735 1124.2322 0.0063999207
257.43875 1383.3599 374.62003 665.6194 0.0063905553
262.14954 1299.5643 371.27753 516.91986 0.006374389
350.26047 1429.5468 127.89725 175.81456 0.0063481582
274.4523 1120.5967 321.89365 818.6111 0.006320028
126.78141 1159.4023 244.83408 684.129 0.006317959
105.98153 890.0114 210.80447 1321.8203 0.0063067786
442.40848 990.29395 115.99814 177.00633 0.006297949
128.90482 202.71623 256.21088 399.92212 0.006295746
208.14476 761.13434 359.0513 503.2735 0.0062775337
264.11322 1030.4664 257.48868 295.4781 0.0062766057
221.1537 974.0657 423.65344 976.35004 0.0062734657
144.31384 1745.6998 136.01456 351.8048 0.006247227
235.38599 768.0664 468.6886 1455.7919 0.006231318
271.62967 1379.413 296.16016 1114.6069 0.006226941
263.17642 1345.4906 371.79343 456.8284 0.0062150136
230.4822 943.2737 452.54575 907.40485 0.0061492636
259.65976 1148.6013 350.43887 320.81665 0.0061309347
234.71948 951.5907 459.4614 708.6632 0.006117865
415.97537 1611.4198 296.49634 708.8144 0.0060980218
224.43056 1905.2012 217.2651 326.6114 0.0060938587
329.3381 956.5018 402.30777 907.00494 0.006064511
113.30222 251.45172 224.85526 499.5188 0.0060421363
528.9069 1130.7089 108.31121 374.9782 0.0060420474
247.05925 776.4995 235.08762 349.19598 0.0060092867
484.515 1402.0704 162.4692 290.23462 0.0059842714
269.65488 1152.9349 348.74426 461.93402 0.005951151
54.452477 121.193016 108.372246 232.4014 0.0059338138
205.8556 524.0906 407.50198 574.8574 0.0059098587
204.28795 927.052 375.07663 213.19554 0.0058801235
131.09767 2014.1969 254.70512 443.41687 0.005851855
310.63712 1087.2518 115.95697 178.69588 0.0058378596
211.50043 580.245 240.6033 392.7428 0.0058337934
305.10507 1202.314 475.8806 1031.9883 0.0058024414
182.36346 998.9911 360.9309 959.48047 0.0057963897
133.11424 1781.593 233.12839 333.8761 0.005782713
94.11959 945.71826 187.04625 1464.9042 0.0057760114
557.8397 1228.5281 88.73832 186.64519 0.005731377
267.64197 1044.3043 499.356 442.08804 0.0057285354
290.83304 1191.3373 500.72418 655.27814 0.005727351
477.7998 1085.4899 112.718 361.05536 0.0057218145
304.06055 993.5285 369.5342 323.96158 0.0057200813
245.09393 1317.9011 386.32162 654.7798 0.0057160286
541.60077 1391.7462 51.53945 101.86556 0.0057157897
586.3676 1220.4895 121.76022 257.57776 0.0057062753
291.49655 1229.7902 577.2218 2049.7246 0.005688609
403.97397 1106.8984 255.17403 423.22284 0.005682433
36.907024 1043.4297 74.26754 358.3598 0.0056795133
223.70044 686.94684 180.48163 232.63556 0.005651582
165.67677 443.37518 327.23465 860.2079 0.005646188
443.14093 1592.1023 256.88013 689.1548 0.005640098
315.82788 1316.7206 272.64117 385.8685 0.005635625
414.8874 1554.3455 175.53052 480.38977 0.0056290585
225.83102 969.382 415.93018 682.2303 0.005614206
288.6397 877.0141 570.18207 1321.0558 0.005602532
298.50858 1366.0249 405.12903 1015.9624 0.0055983337
243.08722 1520.7911 349.31818 777.98883 0.005595459
249.41977 1112.199 258.9782 315.18573 0.0055643045
392.51727 1085.0414 220.31493 361.24692 0.0055639697
365.15475 1228.2285 341.7291 1207.6744 0.005562532
148.42734 297.51334 294.76486 588.65314 0.005561698
485.82074 1476.9999 175.39697 440.3092 0.0055405376
309.9178 1025.5051 181.0823 251.68246 0.005539282
332.9411 1502.5028 431.94855 863.21124 0.0055304863
129.74214 506.12756 255.63008 468.14578 0.005515639
389.38663 870.6411 352.69656 912.5981 0.0055070724
74.51142 882.47375 148.55785 1340.9725 0.0054846373
68.43326 1215.5841 135.29414 2037.3794 0.005482682
339.44308 1756.7318 265.757 571.28284 0.0054440857
4.179605 1165.4496 9.626121 710.4739 0.005390033
321.86945 561.8256 645.3711 1112.0945 0.0053805728
127.41268 1430.5723 253.26187 1255.8438 0.0053762207
99.46942 421.1221 198.57777 834.4108 0.0053466703
278.3581 1425.9307 250.99187 754.16675 0.0053400486
243.21358 970.6025 374.3043 654.58575 0.0053315936
329.3995 1438.1917 278.98856 952.2227 0.005327392
237.49638 373.81897 470.68854 744.2892 0.0052978857
299.8053 1402.5677 309.51468 566.2549 0.0052638953
55.59359 1357.1215 109.17229 1750.0035 0.005260613
260.4554 1165.2891 281.718 468.0534 0.005257819
239.20514 2027.3052 202.03555 319.5431 0.005236305
272.97232 1959.0142 101.70719 151.37262 0.0052301264
36.27973 872.85693 72.961815 1355.4113 0.005219932
110.2703 366.8005 219.32228 729.9736 0.0052148863
40.853127 1520.7347 80.87337 1507.5304 0.005210092
83.33675 969.84503 164.95534 1139.3713 0.0051449607
422.01297 1722.6755 206.03758 428.69785 0.0051432573
280.04932 356.22528 558.91144 709.78723 0.0051402403
263.95078 1263.813 310.62628 297.3639 0.005125338
328.79843 2089.211 643.08594 365.4152 0.005115294
313.002 779.94543 238.18562 462.8052 0.005109151
388.80627 1911.6958 521.28796 1383.6794 0.005082826
127.463036 897.2218 252.1049 1165.2551 0.0050725956
170.32903 1963.3438 265.85284 354.4491 0.005054787
413.47516 1292.5792 303.9048 809.78094 0.005049571
226.745 509.40173 451.5298 592.1594 0.005045225
255.34357 2001.216 150.66273 162.90727 0.0050307713
4.081156 1297.125 9.768756 421.33536 0.005026768
132.47742 1961.1687 256.35596 457.65262 0.005015985
271.56354 1356.2098 322.8108 953.202 0.0050157025
102.803444 1634.0588 188.20625 593.3125 0.005005701
111.21477 572.7648 218.92207 511.29193 0.0050005
418.10788 1181.4683 294.37805 618.49414 0.004983797
284.79184 632.03485 86.21993 119.07697 0.0049799583
206.04721 1452.3522 370.57513 1588.3938 0.0049771094
329.51562 1644.9917 374.9346 851.3328 0.004972913
58.5895 892.00507 116.91337 1355.77 0.0049660252
364.13754 1004.7735 352.55008 696.021 0.004960588
433.09525 1438.1414 291.0992 1139.624 0.004951018
125.781425 927.76855 238.26083 232.39673 0.0049300394
469.98584 1287.857 197.95386 353.69687 0.004930016
196.06578 1983.7246 96.65 116.532814 0.004903644
388.63223 1264.9501 313.5947 671.29565 0.0048699193
595.45795 1235.2322 86.03787 149.74786 0.004865912
331.01346 225.83401 644.3734 449.21204 0.004864083
102.55698 446.08047 204.35213 882.42554 0.004857242
166.88564 1986.2726 139.80272 161.09665 0.004852363
190.94456 868.49994 360.5245 588.9412 0.0048511657
97.63856 384.94595 194.31992 351.6654 0.0048447317
67.05653 2096.8816 128.90176 313.6664 0.0048381286
605.68164 1280.9803 99.38976 263.83496 0.0048171054
461.72565 1057.0435 119.466896 312.13358 0.004810476
175.81122 1152.7295 350.3171 675.1622 0.0048093167
38.03966 1222.9694 75.64506 2055.1572 0.0048035737
142.20508 214.41345 282.715 425.7341 0.0047635413
184.59001 1768.5741 133.39243 301.64935 0.00476298
210.30171 2031.8213 137.22511 148.57858 0.0047580353
255.65999 559.3008 153.8027 283.98654 0.004750914
149.87442 226.6679 299.17493 450.0222 0.0047346004
352.64496 1185.1128 402.64496 1463.3071 0.004729792
308.55203 887.6836 240.9866 563.74005 0.004729471
237.96617 198.72675 473.57675 394.5166 0.0047270926
369.89615 1098.775 379.2787 559.31647 0.0047157747
384.48138 1741.8793 166.30951 342.18723 0.0047102473
129.57715 362.66592 257.11624 305.99686 0.004670568
80.00053 1217.7527 157.66583 1422.1997 0.004663843
43.937855 892.4401 87.75948 1383.3685 0.004656675
215.46411 1838.7876 106.33582 156.95746 0.004647368
200.37878 1758.1195 158.92908 281.17133 0.004643406
411.00937 1529.4203 285.6357 560.43396 0.004626665
126.78441 1006.1249 258.81638 1535.348 0.004618705
25.129827 997.1631 51.32076 1062.8234 0.004615273
418.61374 1650.481 316.84988 975.5802 0.004613663
251.11635 1773.4888 267.65933 299.4955 0.004581404
538.0523 1465.367 103.79029 354.12082 0.0045728115
251.11195 955.98816 495.66257 624.99927 0.0045696762
166.58908 515.4946 212.7874 268.44577 0.004568529
360.20276 1383.6237 193.37294 268.66653 0.0045609735
258.59943 1152.1514 273.0619 342.08798 0.0045404118
277.27676 1396.0265 292.99875 658.79425 0.0045370487
521.51636 1220.6658 99.91975 201.6592 0.0045210286
302.0493 943.085 339.90607 511.69662 0.004476775
383.08734 1188.5497 95.98624 142.58925 0.004473217
159.59644 549.1756 315.05148 533.99243 0.0044611655
191.39415 677.11597 249.75427 303.6189 0.0044434452
138.30542 1944.34 136.80475 220.28433 0.0044356305
208.5834 1017.26 381.05408 775.3536 0.0044343104
457.00616 16.257612 212.73073 32.148922 0.0044321343
238.23155 534.4425 139.29028 251.91066 0.0044289078
501.4275 1562.3444 158.77701 587.7017 0.0044182357
48.181217 668.6176 96.207016 286.8192 0.004405265
62.708073 2161.9395 120.87619 201.78265 0.0043780715
499.69244 1340.5831 177.8832 883.4565 0.0043759937
471.65503 1464.4059 218.33563 786.8783 0.004375948
310.4875 1247.7919 205.04138 229.13452 0.0043740952
170.60397 2002.5951 248.73741 504.31073 0.0043657115
327.67102 361.47058 661.9238 723.029 0.0043633534
481.65036 1537.648 185.2775 579.109 0.004355855
607.6278 1392.9178 110.839775 490.5201 0.0043508303
590.7781 1115.8418 141.8423 400.46564 0.004328217
53.65885 1518.8741 108.35764 1502.4637 0.00432705
385.913 1170.7753 366.60437 1365.055 0.004321215
200.15187 2041.3499 255.24536 422.82288 0.004315155
128.41638 625.04333 256.02658 826.8844 0.0043058987
21.843243 906.05426 45.004974 1268.6838 0.004299647
458.8821 1203.9844 149.60376 243.26244 0.0042991247
211.29575 931.85406 149.39386 186.32893 0.004281348
198.94733 440.80267 394.30484 889.2028 0.0042382595
577.0027 1155.8063 107.540245 312.0354 0.004226204
558.11194 1392.15 70.41396 199.82385 0.0042180666
40.7185 842.63885 81.121574 599.95795 0.004207601
122.453926 1292.5616 241.00954 1377.6255 0.0041933656
470.0172 1007.5375 84.3994 225.74883 0.0041903104
338.63947 1573.9193 441.5834 678.8822 0.004180977
199.44536 462.31702 165.89581 244.71452 0.0041780835
427.76712 1749.192 303.49603 1013.0067 0.004177776
455.9097 983.315 77.56269 160.4018 0.00414841
340.94983 786.5261 128.29706 195.5148 0.004147035
431.9756 1290.3367 238.98831 391.70078 0.004143323
446.2843 1170.4675 241.80609 581.8798 0.0041262642
182.18822 197.37932 363.52246 391.53015 0.004121257
301.23282 1297.1075 244.43414 849.91266 0.004116907
180.92523 1155.4122 176.86206 253.94267 0.0041162795
289.39426 1048.1919 484.7408 542.9148 0.004096356
242.6888 1385.7081 311.9585 519.8173 0.00407637
273.81635 1301.5708 553.59125 1138.599 0.004075923
466.49173 1226.8662 218.38634 669.2713 0.004072723
36.65504 136.12543 73.36073 262.14227 0.0040707835
428.72455 1309.4176 275.20865 844.11 0.004068329
583.6572 1343.7944 102.85545 365.71198 0.004067701
394.69766 1096.6969 328.13992 426.15198 0.004055923
151.73087 915.11615 216.70181 211.12207 0.004049758
165.88177 654.88257 328.22388 646.44995 0.0040461323
585.2064 1343.8083 129.83284 380.5974 0.004034811
207.95724 688.5485 405.75873 653.32654 0.00403018
361.37555 698.62 194.68614 383.3768 0.0040250923
132.43129 1463.9349 258.18146 748.9677 0.003991457
185.32484 541.7654 129.14482 156.34622 0.0039773327
380.06052 1493.4746 206.68385 407.34528 0.003962714
372.63022 1287.6633 234.57314 415.89346 0.003959443
167.18085 602.9285 158.89603 151.39482 0.003959256
448.45734 1741.1089 272.1679 985.3773 0.0039553624
458.5047 1248.2478 136.88358 217.82921 0.0039490457
93.33116 2172.8333 181.88762 194.38704 0.003935899
292.07758 1011.07477 177.3399 203.58797 0.0039323936
343.21518 1289.5808 291.87265 1324.7693 0.0039193984
22.842834 699.144 46.86337 243.09283 0.0039073187
215.97627 206.02231 434.59164 407.89816 0.003906606
319.01434 580.0592 196.80107 322.79666 0.0038989258
329.98352 2174.0361 645.24347 197.46219 0.003894969
453.00684 1365.3473 247.5116 992.5578 0.0038914017
408.32346 1406.481 299.34802 992.7363 0.003886106
225.86226 1034.557 418.14883 436.14276 0.0038544957
359.75513 698.3361 224.88374 444.8763 0.0038537213
367.39175 1006.35504 180.60239 220.04652 0.00385184
467.88242 1543.2415 210.7538 525.8154 0.003849473
277.47168 579.7539 218.58475 376.37192 0.0038494675
265.4697 1080.0858 195.13957 236.14687 0.0038457557
161.8553 2046.279 302.6619 420.04376 0.0038405529
100.753136 1978.9993 155.7184 226.48581 0.003839063
575.5217 1051.9431 149.71138 578.7232 0.0038349272
57.37816 1332.7952 114.50158 1086.4908 0.0038321943
567.65765 1379.45 135.67409 501.25812 0.0038261516
3.676206 517.9164 8.279711 270.4779 0.0038243965
270.93808 2090.1663 481.93988 522.54205 0.003799896
460.69687 1305.444 222.31801 541.99786 0.0037996576
560.92896 1394.9891 144.36789 449.7216 0.00379884
243.5611 562.9376 175.75835 292.96628 0.0037979612
402.42877 1248.2251 326.13757 727.0593 0.0037967202
218.4238 1140.5562 240.83035 611.2121 0.0037966555
320.73016 1065.914 95.448135 147.83838 0.0037963216
186.27287 949.08325 317.18564 393.38443 0.003786335
425.21545 1743.6078 308.63354 1013.70013 0.003769034
159.49603 715.6237 315.47278 567.1049 0.003765675
68.97785 2185.901 114.401985 137.30609 0.0037611697
220.26805 961.76306 172.79297 265.7972 0.003758237
424.06143 1370.2507 305.08383 1022.4814 0.0037525606
594.81165 1239.5458 63.69148 151.52632 0.0037423882
178.19511 621.10547 354.02246 799.9404 0.0037411244
220.29053 628.1998 437.6452 824.494 0.0037192714
283.82043 1352.9623 575.34503 1110.06 0.0037058247
575.0846 1130.4733 147.40115 373.75415 0.0036930812
213.08145 1410.404 359.49094 428.33768 0.0036728685
185.9193 2066.566 80.63796 109.263016 0.0036534967
598.1606 1172.4209 125.97062 502.21677 0.0036471717
419.36728 1234.5168 323.01303 1679.7637 0.0036204623
225.41922 666.71484 399.093 434.19775 0.0036194613
216.66978 2045.5045 429.99585 539.65643 0.003615553
150.36235 908.847 211.8725 216.39131 0.0036139796
405.70383 1176.9198 322.81387 626.86597 0.0036113707
349.65967 1207.5271 114.7066 110.16375 0.00360374
596.9854 2167.4329 133.06413 208.7076 0.0036010786
7.728636 613.8276 15.778883 388.78052 0.0035830988
514.1071 1403.3965 136.15327 281.2917 0.0035773066
233.44142 1071.3423 400.60297 911.6321 0.003567699
38.232292 620.50275 76.33143 462.96188 0.0035671922
450.406 1677.4775 268.3625 1101.639 0.003557803
432.31378 1451.1499 299.2215 1295.0184 0.0035556906
239.70508 933.543 299.38898 453.12268 0.0035506021
95.71998 1469.2169 188.98663 664.48 0.0035470477
224.32332 964.04865 63.405357 83.51148 0.0035430924
279.02234 1215.159 135.68593 185.4506 0.0035401324
512.3835 1603.0009 38.229336 81.458336 0.0035343713
17.81549 669.7755 36.634785 323.8048 0.0035318073
308.12463 1204.355 118.315414 157.98982 0.0035316937
463.52997 1324.2109 212.06155 413.87704 0.0035231889
123.29065 1881.5876 70.27414 116.9206 0.003518448
7.6367903 953.2028 15.9366045 1156.9011 0.0034905374
90.61783 15.0677805 181.54825 29.325903 0.003484729
91.99318 1373.3999 197.58475 1117.8264 0.0034834987
524.63464 1009.68414 209.01562 632.6672 0.0034805536
52.443905 562.9032 101.09594 271.74716 0.0034801038
457.9151 1691.9716 142.99709 299.82346 0.003479616
397.3504 1112.6069 224.29897 401.30777 0.0034589185
31.782774 2186.7131 61.057423 154.36708 0.0034570503
119.934296 1154.8383 238.2749 635.07697 0.003456574
582.5066 2159.9912 149.2411 225.01613 0.0034541683
220.96228 924.90094 210.48268 196.53935 0.003453791
284.50998 2027.0243 576.0215 484.2446 0.003453248
436.36646 1479.1185 280.78113 874.3791 0.0034514938
224.35286 26.489985 186.54814 51.84277 0.0034397594
576.6712 1318.6799 116.81157 400.84174 0.00342927
370.68845 1958.356 132.62238 218.28284 0.0034291737
97.58332 1842.9822 141.39806 257.68918 0.0034263362
166.60263 928.69806 304.4745 361.2172 0.0034208663
433.99182 1755.0994 152.72798 276.5826 0.0034168293
3.5441022 1135.2427 7.2554307 774.3565 0.0034126476
144.68723 185.07817 286.6599 362.05606 0.0034112337
266.70966 1459.5902 201.03119 556.5082 0.0034012496
451.51297 1331.6039 231.17221 405.8323 0.0033931015
526.508 2182.769 252.61212 319.75702 0.0033928454
416.80292 1271.4116 275.53485 1170.4779 0.0033887862
566.88745 34.337124 202.42076 68.42442 0.0033881762
391.32016 742.7421 165.8578 315.45538 0.003384748
253.83017 2038.3992 469.33023 576.15546 0.0033830805
332.5606 109.53104 667.26746 216.03952 0.0033803694
199.57367 2076.6106 121.80745 250.69412 0.0033768835
595.7729 960.938 140.02824 714.781 0.0033725677
425.9261 1408.9354 249.22054 605.1997 0.0033669933
505.4143 1394.7462 119.18226 240.84831 0.0033660124
210.17851 1037.6897 382.5046 651.70306 0.0033462907
282.0684 768.15027 570.18744 1099.2566 0.0033440096
16.057632 2065.1091 31.968811 384.26822 0.0033430292
440.24973 1377.539 258.8872 495.95798 0.0033415107
443.08224 1619.4744 279.6517 1253.714 0.0033398469
406.55484 1192.884 317.22693 1501.1699 0.0033373414
113.323265 1510.0189 187.12738 367.06406 0.0033309844
515.03656 1684.3407 148.73782 729.3623 0.0033271413
5.9892945 514.724 12.867104 520.42444 0.0033135626
277.06424 1360.2961 480.13403 905.5405 0.0033061535
82.85317 1516.6892 164.83475 1462.4548 0.0033049295
2.0790687 516.94257 5.080209 241.27237 0.003303105
525.2056 1228.417 174.22668 618.1232 0.003296092
38.80353 721.5815 77.91723 389.66956 0.0032799419
476.32642 1188.6725 95.22846 180.80713 0.0032703222
366.12503 1398.3678 83.35183 116.92106 0.0032701558
564.1973 2098.9763 190.30847 341.62476 0.0032566849
19.58121 903.83057 39.462833 239.47206 0.0032439353
291.6722 1664.038 390.89874 715.79785 0.0032425404
419.63968 1258.6091 133.87704 213.6081 0.0032419718
357.07352 831.2279 170.91524 399.93713 0.003238345
308.65448 1212.1003 279.69748 383.62933 0.0032302774
404.4978 302.54312 512.3878 616.9978 0.0032300518
441.43457 1110.8262 178.69617 399.166 0.00322602
303.86868 1028.6497 131.223 161.9708 0.0032213617
583.52637 1579.6604 149.15254 674.0172 0.0032068582
230.5943 945.3856 357.96844 436.27582 0.0031960676
94.296906 174.80879 188.71239 346.76483 0.0031952446
101.86401 968.7166 193.4424 291.94672 0.003189042
554.11835 1396.3035 158.39342 660.36975 0.0031726256
519.9366 2107.041 243.99442 328.037 0.003171549
260.92587 1146.1274 468.95728 700.37775 0.0031618252
442.56104 1563.9218 277.98975 900.5203 0.0031523667
490.62442 1673.2664 139.29431 296.0808 0.0031501602
507.09653 1429.1804 260.3601 546.6182 0.0031470666
36.68026 1158.5198 72.79197 669.8138 0.0031418235
3.3716865 491.89612 7.307114 625.68805 0.0031324765
13.624921 2152.1174 27.357388 224.97418 0.0031265677
374.75812 1351.2351 137.66893 187.66771 0.003120879
1.6702855 611.7976 4.462969 224.56892 0.003117592
199.41364 930.00214 400.25497 510.29172 0.0031163208
93.705864 2200.491 174.84395 122.72764 0.0031091326
370.42502 1276.2706 150.51761 202.49883 0.003106726
219.17014 1030.8137 368.21875 917.0498 0.0031045647
1.7429799 576.7768 4.067003 452.8636 0.0031015805
85.71375 1456.8129 123.70017 1231.923 0.003097692
89.69657 1414.8536 178.14987 1265.0991 0.003079523
84.946236 102.59324 172.04109 202.72598 0.0030776442
312.31693 2072.5242 101.55142 191.87115 0.0030755892
511.4724 1498.8239 172.39508 1241.632 0.0030638392
581.0395 1219.1143 166.80838 938.8043 0.0030559553
265.19345 2097.5183 548.9672 456.22192 0.0030447012
319.31805 1299.9568 182.7618 286.10202 0.003043318
17.475725 109.52693 35.799717 217.28232 0.003039917
9.743548 1172.0287 22.222591 1741.9049 0.0030393403
555.4431 1299.0198 149.90114 591.1843 0.0030361386
377.0415 1121.3279 262.60345 624.4843 0.0030352252
305.10025 1616.366 484.83762 1074.526 0.0030306447
276.58328 1495.9176 231.67697 329.59222 0.0030247762
574.1257 2011.9053 124.67699 235.28627 0.003023402
612.51276 2146.8403 103.84505 251.88356 0.0030216102
395.46417 1226.0134 206.47638 357.31046 0.0030139575
535.76514 1447.2095 221.95088 587.24976 0.003013478
200.3238 333.14584 428.91443 664.8517 0.0030068879
287.3372 1046.4094 569.17926 1058.2859 0.0029999227
579.53613 1440.7926 128.84148 548.94635 0.0029922398
520.0321 2046.7363 129.86166 177.04471 0.0029712613
509.7529 1296.1799 191.30045 755.9511 0.0029668643
212.60506 1360.2443 269.18893 360.21194 0.0029627385
607.2661 1834.1506 112.89563 402.93756 0.0029591448
148.74011 2176.491 219.01662 160.21129 0.0029552474
1.918824 744.78534 5.7895317 166.28712 0.002954066
438.00543 1260.9729 286.75143 1227.9249 0.0029501137
7.4037857 742.0026 15.292166 1126.4218 0.0029379549
530.1589 1401.0933 126.96509 941.4871 0.002936716
424.27332 960.5923 261.72623 729.45355 0.002930827
32.1558 359.46796 64.32179 297.61523 0.0029254325
255.81395 522.6903 526.0444 628.08435 0.002913674
586.5739 1825.3439 150.69708 483.37744 0.00290991
489.5615 1944.7799 302.03845 648.11084 0.0029031038
552.2595 1712.1832 195.29475 826.5188 0.0029019157
250.96582 1330.6196 243.15381 317.76636 0.00288882
358.57205 2066.8213 290.53952 408.3076 0.002886047
333.1109 1327.6083 119.14427 142.29536 0.0028860413
490.72556 50.090977 308.58853 100.76019 0.0028788927
239.59319 2095.5793 437.8601 389.7133 0.0028716908
219.4218 1181.4912 127.49069 173.94182 0.002871572
541.0296 2063.0984 143.38127 200.39485 0.0028669226
448.0875 1538.0511 250.10707 606.01965 0.0028639827
253.80582 660.79016 174.6369 292.5576 0.002859007
582.26697 832.72595 162.59966 324.38104 0.0028203842
83.14066 1165.657 161.67738 1162.441 0.0028196105
211.72516 1405.581 191.19278 340.14603 0.002792343
267.73947 1087.3788 205.57986 279.0578 0.0027885363
317.91406 1546.8685 266.86685 1175.1946 0.0027866566
143.89561 832.4932 255.53096 355.05585 0.002783457
150.62714 185.76016 297.61307 348.96832 0.0027832652
532.6093 2096.9302 107.23312 204.74208 0.0027750174
1.4662113 1180.7432 3.3561337 657.57776 0.0027660471
292.2145 1138.9352 576.9263 2228.7627 0.0027520142
545.088 69.57576 239.25282 139.43803 0.0027515432
386.49176 1164.4918 340.74582 1177.9352 0.002742968
599.5436 1861.9419 121.66574 313.85605 0.002740749
207.63426 1108.151 400.40265 685.2134 0.002736567
543.6386 171.86307 241.2211 342.1658 0.0027243178
463.49268 2130.3713 194.78569 251.21281 0.0027242897
304.4589 1150.5818 591.23193 2238.3992 0.0027240172
61.093243 2224.1416 119.15068 95.145424 0.0027227832
212.62015 2137.9712 112.023705 215.58992 0.002722207
321.40564 475.39218 165.33545 230.63324 0.002717703
3.7644372 873.34155 8.085209 1318.9116 0.0027159152
474.8127 1232.3716 116.44719 193.76079 0.0027075512
247.90958 1178.0142 351.8989 540.5941 0.0027025908
6.4756627 127.68665 13.14852 251.72699 0.002702159
229.87296 1888.6559 163.50603 668.34467 0.0027018648
618.669 1884.0991 90.57704 236.68448 0.0026987086
179.94273 1230.295 145.4517 176.36726 0.0026903308
539.4107 2151.6226 159.56886 171.45049 0.0026869425
505.77078 1245.7562 85.382614 154.5964 0.0026837029
527.68066 1301.5714 103.88316 289.96774 0.0026731319
626.1424 1417.354 84.86509 548.7746 0.0026724709
525.4988 1316.0701 255.82324 1017.99615 0.0026643176
487.50647 2119.2263 316.22797 460.35956 0.0026628494
367.111 1104.5913 212.63954 346.13748 0.00265295
446.692 1396.8246 272.11945 1178.354 0.002649417
546.3515 2201.073 233.30138 180.89099 0.0026441643
465.27585 1241.0198 136.56209 200.6489 0.0026376105
88.594604 873.21216 172.19019 494.45908 0.002636898
315.73358 2012.1805 421.09152 505.50772 0.0026172912
34.767086 876.5008 68.46696 198.16176 0.0026105633
326.0185 781.5244 634.94354 1150.8705 0.002607264
514.49713 253.37482 298.92053 512.8231 0.0026071784
378.7216 2005.1251 107.981476 115.76589 0.0025975606
153.23337 1697.928 195.04457 701.74133 0.002596296
482.76364 1466.6382 178.77075 490.5802 0.0025960428
603.87164 2074.154 132.42036 180.16399 0.0025940384
627.11395 1002.0367 84.7389 620.09216 0.0025897794
326.47998 613.742 126.92938 182.83994 0.0025861252
313.73505 2011.7899 182.58221 409.47867 0.002585269
380.44775 1242.5652 312.9443 652.30756 0.0025775332
456.83127 1432.526 79.94293 207.44276 0.0025751828
614.319 1790.3002 108.09824 396.20795 0.00257484
402.2494 1390.1122 253.38078 818.67535 0.002572578
84.95252 102.45269 165.19994 201.41772 0.0025676151
474.44653 942.25165 286.60037 758.6035 0.0025635017
464.0859 1954.2206 186.82852 398.90906 0.0025622097
577.37335 1397.1177 69.35713 190.01192 0.0025558504
532.565 1797.4783 221.99004 900.8574 0.0025518613
543.0442 2069.6562 123.004074 205.36978 0.0025516187
534.1078 1987.2694 165.77567 346.02286 0.0025506176
178.0076 1029.7255 347.20953 1237.6598 0.0025491707
610.4686 961.81885 117.10082 347.15518 0.0025436855
584.36664 1309.8925 154.3837 464.29242 0.0025425425
589.76764 1428.0122 128.34329 271.93454 0.0025347725
84.68208 1243.7328 138.54393 264.36893 0.0025345855
300.54858 1361.0048 132.8266 205.85869 0.002534065
397.38095 2003.2875 183.43071 498.55127 0.0025287287
600.19104 2043.2006 119.0283 481.21875 0.0025259915
219.90341 1050.46 50.400185 69.218315 0.0025242933
276.12772 1189.196 261.26178 223.89095 0.0025242043
488.73615 1359.9064 127.70364 198.4463 0.0025229203
407.26157 982.53033 352.793 1093.4672 0.0025163612
493.11047 2200.1743 206.63855 141.89836 0.0025126797
267.1682 2185.4202 508.7907 313.82922 0.0025126655
610.2845 108.75895 117.30773 218.1845 0.0025090491
0.9893453 464.17316 2.4485807 556.01105 0.002491905
526.54126 2194.2463 270.7492 168.45114 0.0024834021
479.20166 984.385 116.39177 239.46565 0.0024827986
574.4167 1805.6472 127.34875 316.34796 0.0024699795
596.7426 1212.6095 96.34514 193.0037 0.0024677836
506.00192 1670.5568 150.61789 895.63574 0.0024633326
53.848007 293.38626 105.95329 175.00314 0.002455329
376.18997 1421.9865 218.67714 854.5008 0.0024545442
628.63794 2179.7083 80.28793 188.41652 0.0024536185
502.3453 2188.5771 262.73358 174.15877 0.0024528715
120.651505 1440.6764 123.206436 195.57492 0.0024469425
463.65186 2082.975 178.00679 199.91035 0.0024421168
637.772 1087.9369 75.73238 426.39374 0.0024420726
495.66153 1401.9772 74.75372 148.34503 0.0024397331
570.2734 1642.5497 184.45117 1097.5725 0.0024389778
603.1522 1599.5125 119.630226 410.40237 0.0024386426
37.112003 913.66925 71.823235 229.62807 0.0024351845
1.4406916 581.8173 3.5298638 597.92096 0.00243205
335.64783 1627.8215 94.34992 160.30685 0.0024261568
352.12192 1738.1605 211.14302 812.54395 0.002417611
613.0686 1876.5186 107.32138 278.65628 0.002417312
491.89777 1721.2682 134.20407 338.0343 0.0024152524
226.00926 1524.7526 289.56747 433.86856 0.0024104272
205.5952 1161.1215 228.64647 830.43225 0.0024017582
283.0481 1043.102 151.25598 196.44522 0.002400743
619.9039 1686.4036 91.35608 356.31665 0.0023965724
632.9494 2142.5422 60.152897 254.0399 0.0023964527
591.991 595.76044 137.32596 402.50766 0.002394946
419.39746 2196.603 203.55267 162.5297 0.0023898021
575.34283 1383.2139 46.74441 167.29587 0.0023891304
152.35304 1051.254 319.18887 786.2648 0.0023890554
606.093 2214.345 91.55173 111.13392 0.0023761888
365.89795 2136.8103 95.63834 157.45435 0.0023761855
506.07803 992.708 84.451164 194.66017 0.0023734358
295.87134 1295.6454 581.15906 2198.3545 0.0023633365
221.43341 2168.7231 440.2612 183.96013 0.002362092
297.741 1727.1241 231.44748 358.16556 0.0023605656
168.74059 1046.0918 316.5496 806.02625 0.0023557497
520.32385 2220.0056 238.51698 113.96748 0.0023452255
594.414 1613.0454 134.49947 383.13153 0.0023359305
346.08356 2171.8745 533.3951 262.11948 0.002334665
0.58220345 610.448 1.5397145 303.5573 0.0023243963
629.1328 2111.4307 64.65849 311.7515 0.0023210426
1.8761339 133.82811 4.7173934 260.9035 0.002314885
594.02313 1156.4497 106.81465 304.38333 0.0023070802
391.9355 2190.6304 198.46855 159.84134 0.0023035915
631.2907 1921.6089 67.72122 270.79315 0.0022990655
225.8407 2186.1907 475.32642 252.94597 0.002298488
423.16217 2032.8137 100.494255 163.36174 0.0022984685
612.1354 2198.7292 91.06517 142.92912 0.0022959362
435.76065 1524.4066 76.84567 206.42882 0.0022772818
0.6697252 537.6059 2.088846 208.54456 0.0022732022
477.7258 1989.3912 132.03575 226.65874 0.0022717642
617.785 1898.92 115.51107 295.42004 0.002249301
631.1365 861.1095 71.005905 438.561 0.002245753
605.53674 709.61694 115.773994 704.35974 0.0022433707
449.5026 1388.2404 363.28464 1033.0825 0.0022393877
285.9881 1084.3788 208.68915 456.83252 0.002235865
606.4931 1668.5342 105.58166 240.88075 0.002226067
563.4817 1954.475 107.63654 204.11075 0.0022206889
525.1245 1396.658 151.81923 1091.4711 0.0022202155
420.77487 111.34988 271.581 218.6388 0.0022183878
582.11414 1745.8875 133.26064 313.29935 0.002217092
624.4689 2081.255 70.7708 247.06058 0.0022169498
473.8576 2029.0424 122.188385 168.72311 0.0022159014
512.26807 1564.8414 183.88885 554.79443 0.0022056354
136.12915 684.17444 290.81946 998.51807 0.0022038177
226.78189 583.43317 399.14874 609.6216 0.0022025378
328.31378 1431.4492 218.34251 677.0954 0.0022009045
294.50214 1363.5936 321.57053 365.84573 0.0021970158
532.2642 1559.3395 176.3912 472.56448 0.0021967744
113.50945 1085.2351 189.41872 779.9818 0.0021935178
622.6208 1600.9781 86.42812 425.6848 0.0021862306
572.1826 1926.9348 118.04998 219.88087 0.002184309
80.36547 2258.1826 149.3897 31.415052 0.0021789104
651.2204 142.16602 35.919285 290.11572 0.0021771435
176.11557 1848.5367 208.80154 798.06177 0.0021755355
400.8784 694.61285 349.74554 711.59357 0.002171834
619.0802 2192.374 84.657425 160.71434 0.002169477
630.7564 2112.2725 85.9903 323.48602 0.0021514425
264.89606 2201.302 544.46686 222.90424 0.0021487214
538.03705 1515.9061 192.5528 853.6683 0.0021378584
314.30273 2238.554 634.88403 82.50591 0.0021026966
323.6408 164.0571 170.56567 164.17049 0.0020972118
76.1093 2260.7869 148.66745 29.37875 0.0020944234
476.1746 2202.0156 334.21518 274.35535 0.0020836666
418.44635 662.0018 263.94443 514.7924 0.0020833455
253.86815 2138.865 169.80652 183.97836 0.0020774356
230.90707 1386.2393 108.85869 125.453255 0.0020732295
575.8986 1747.284 137.97466 368.1153 0.0020594068
1.7092149 146.52135 3.7533817 289.35953 0.0020451702
493.96832 1979.3884 112.75315 253.74786 0.0020386677
294.83704 2229.584 497.30127 215.45917 0.002037238
482.06064 1474.7677 241.69753 1090.4514 0.002036114
584.4321 1651.856 148.20377 442.44736 0.002035587
387.07632 2167.1292 133.00172 160.83392 0.0020342488
511.15118 1928.0327 107.23831 268.9491 0.0020212596
610.1184 126.3567 106.932594 255.38763 0.0020211488
355.7554 160.87993 176.17996 193.46655 0.002019015
230.68317 2083.9707 348.2189 334.22134 0.0020133378
637.61017 191.31787 88.90448 565.8618 0.0020103068
0.7693596 533.94507 1.9709046 546.68994 0.0020046493
564.7709 1769.1217 114.091286 232.6885 0.0019928955
0.38091698 594.2982 1.2406181 245.19664 0.0019925656
622.8926 1493.6519 86.809456 266.3419 0.0019896424
170.37724 2183.592 343.16165 240.13138 0.001978238
297.6367 2239.9216 592.0832 71.886345 0.001967679
473.12234 1818.3427 119.23692 248.55519 0.0019525376
555.59283 2242.7854 201.98077 86.96153 0.001951852
523.0085 954.9059 101.79884 186.2742 0.0019424214
635.6071 2167.3267 54.01438 204.89261 0.0019411423
560.85236 1357.4365 52.161545 160.16946 0.0019394913
630.2582 1339.1005 84.14199 228.28667 0.001932201
274.61252 2126.5737 434.75204 341.53915 0.0019317497
636.27856 1930.6635 68.25106 409.24466 0.0019310539
622.56836 477.85428 86.103004 629.379 0.0019282897
104.95703 1392.2948 210.72316 1141.3817 0.0019238336
276.18622 2231.17 565.5759 113.19836 0.0019193891
304.31793 1817.1868 199.43831 460.21265 0.0019062336
334.81738 2209.5786 110.444885 121.88944 0.0019046366
633.62317 2183.6807 52.766773 172.7001 0.0018955934
641.5839 2041.5808 59.608936 297.51578 0.0018929654
289.2347 166.94225 223.2221 272.43414 0.0018691932
3.1899738 103.96571 6.5303917 202.97975 0.0018674424
128.67468 1255.129 232.99576 1753.4106 0.0018657704
507.26285 1829.4609 137.5588 348.92972 0.00186469
324.88635 2193.9055 94.81444 125.111534 0.0018634684
179.33806 2203.047 102.93327 114.8472 0.0018597824
302.66034 1665.6709 396.59598 472.85852 0.0018525621
133.28569 903.26685 245.57991 1260.4889 0.0018403339
634.1957 1405.0321 68.59382 274.49582 0.0018357289
474.8315 1677.1476 143.12537 407.63156 0.0018348476
266.03885 2198.923 87.13119 124.087425 0.0018281317
545.03564 1784.2985 87.695694 195.49767 0.0018235692
624.2622 1344.554 77.6337 209.4923 0.0018229324
189.41544 1379.439 73.55238 130.67415 0.0018218438
321.02234 2248.2996 232.67369 49.721897 0.001819188
241.04109 2237.3687 418.80957 77.09714 0.0018136547
246.0412 2220.9795 331.74896 102.05646 0.0018135831
183.79446 1839.693 229.70613 451.8465 0.0018021772
166.3338 2259.2163 87.154655 30.069883 0.0018001453
252.19958 1655.4769 319.0784 1238.926 0.0017984676
626.9371 1341.661 87.924515 653.69727 0.0017976048
642.3594 730.5241 51.09365 483.05267 0.0017947049
241.20879 109.042725 174.02794 167.47246 0.0017934948
641.599 1035.559 53.03976 360.46198 0.0017848263
468.5701 1633.9226 294.758 695.1481 0.0017797947
520.582 529.82806 237.38486 1037.385 0.0017743212
568.0195 1784.4475 98.706665 209.20822 0.0017475312
311.56168 2248.6555 146.06856 53.96871 0.00174558
269.46564 2222.9944 526.0927 171.93686 0.0017428858
642.554 1826.8264 47.995907 231.23096 0.0017367277
541.5647 937.4164 111.46032 183.11826 0.0017331871
514.95984 1870.6351 115.853836 325.20416 0.001727179
269.2669 1885.2928 439.27853 772.66876 0.0016856614
207.16608 2245.4258 385.8983 108.629745 0.0016701523
600.13947 1553.8234 76.89328 231.6579 0.0016647284
467.02 2254.354 165.46959 94.70047 0.0016579081
252.8731 1596.472 263.53857 609.24976 0.0016553545
526.4065 1786.333 90.63221 250.0038 0.0016552237
326.9412 2101.7932 201.493 507.65564 0.0016419167
521.93634 1811.7229 83.88899 238.4225 0.0016375912
326.80823 1287.3302 215.50746 749.77 0.0016356738
627.00183 1681.028 88.810036 261.70703 0.0016291296
663.94446 1696.6005 25.171616 276.99298 0.0016278692
134.69545 1462.0994 174.39478 916.84033 0.0016134292
521.5471 1193.0421 113.77243 252.82732 0.0016123127
647.1022 2199.7668 34.20483 144.52547 0.0016024009
202.34195 1054.5818 291.91525 1089.1704 0.0015975725
652.7269 2178.3018 24.97417 183.91684 0.0015813307
577.20013 1605.2241 95.62898 188.31569 0.0015755256
343.72736 1692.6765 213.85487 748.7928 0.0015627303
351.50217 1510.5039 227.79135 991.1129 0.0015517311
656.34894 387.27872 20.669796 459.44385 0.0015469159
403.80652 1326.2296 270.51453 991.3246 0.0015468384
654.0092 808.8624 29.171803 306.32138 0.0015413124
554.8779 2098.8726 222.6924 391.4297 0.0015246347
79.02094 2274.9126 139.92645 6.294476 0.0015225571
279.04767 1427.3903 399.7581 530.9695 0.0015084171
68.44027 1687.163 96.57095 605.28033 0.001499325
141.13281 1277.7828 295.98456 1543.3861 0.0014613388
271.37292 1286.9332 566.7777 893.872 0.0014559964
656.1999 2242.5933 39.56173 74.54898 0.0014539659
354.85855 405.53763 601.4568 783.7258 0.0014501073
457.89542 1458.1698 246.35345 346.52914 0.0014329792
409.0335 1625.0807 255.08954 545.4777 0.0014296556
280.3214 2045.4253 528.8214 441.34842 0.0014067547
661.00165 2043.9377 12.616337 432.03522 0.0014027995
654.48065 1766.1145 26.028955 337.72992 0.0013895055
158.62221 1164.168 267.242 921.82916 0.0013834257
649.4056 2224.0696 29.360865 94.07847 0.0013743973
660.5518 2107.3345 13.268725 310.12988 0.0013642403
471.33798 1620.4095 264.1746 706.4435 0.0013637292
100.16444 183.89746 199.8271 336.35306 0.0013608069
191.21802 1315.6799 357.6543 994.1898 0.0013357417
159.02751 1097.6804 314.54266 1669.6385 0.0013213533
326.85873 1613.2515 452.8816 714.5017 0.0013149225
644.4186 2248.701 39.27075 55.64525 0.0013047544
234.44081 2015.218 353.55164 502.92505 0.0013020241
250.32535 286.0891 529.7436 597.64923 0.0013001355
658.5556 1821.1437 18.287914 235.53024 0.001298254
352.07114 1333.8295 314.6376 860.94696 0.0012955847
661.6659 2182.2542 11.3513 172.5384 0.0012229384
280.4817 1731.3274 395.49982 822.3315 0.0012075107
321.20544 1360.6643 219.58926 624.43475 0.0012006429
327.72275 718.58044 648.4826 1027.2175 0.0011929844
139.74886 1231.0349 267.7769 2034.9464 0.0011826606
154.1586 1402.3733 319.01367 796.8708 0.0011791083
577.3612 2077.8977 222.33333 406.5799 0.0011708116
184.77351 852.12994 483.84726 1266.319 0.0011646115
116.64267 1332.0939 272.64337 781.6245 0.0011493044
132.16676 1153.418 263.09756 653.10236 0.0011365614
259.01724 1745.9409 322.3794 982.7766 0.0011300461
466.73325 1517.2537 244.37193 480.75235 0.001125021
156.46342 1359.2129 318.35144 1315.3422 0.0011160403
239.99359 690.7722 508.428 1286.0604 0.0011070875
169.81133 1258.651 205.19548 1029.167 0.0010974783
261.3928 1488.6038 528.09247 871.2695 0.0010803775
158.25145 1644.3173 234.15492 796.30524 0.0010781958
658.09406 2221.0173 15.878696 161.00877 0.0010589649
399.54404 1380.9354 303.85135 1013.8627 0.0010538684
122.48414 1175.912 160.11638 707.112 0.0010406753
290.25458 1557.8793 329.254 722.32184 0.0010336392
311.62198 1688.9922 384.69324 523.66223 0.0010201713
128.06987 1209.7739 237.27377 672.1244 0.0009890703
343.499 1299.6965 436.53763 747.57513 0.0009440271
146.69595 1253.7777 250.3917 667.2721 0.00093542103
338.604 263.9037 559.3606 546.6539 0.0009339076
332.41876 1761.5042 305.67535 1018.031 0.00093135954
312.65747 1978.2524 658.71173 1700.5474 0.0009163285
127.08646 1149.9445 166.88231 713.55786 0.0008941363
133.88916 1243.7449 199.50975 617.7884 0.00089085544
132.90987 1424.4843 187.5751 990.45215 0.0008418325
175.3308 1186.7151 268.58865 725.6877 0.0008155164
338.56186 1220.1863 632.6381 718.22107 0.0007821405
303.10217 1026.1947 614.49805 564.35724 0.000735118
267.60062 1341.0664 565.41144 1079.0381 0.0006958821
213.3322 1480.2781 397.54114 892.0723 0.00066968513
246.48961 1339.4197 426.11877 760.74164 0.0006511968
315.61926 900.41064 595.0207 1080.634 0.00064364297
217.90869 1467.5244 429.2636 947.1467 0.0006353081
442.6322 2267.481 420.219 27.170774 0.00061933
411.9423 2001.5177 501.94092 600.4409 0.00058248296
316.57462 1604.47 476.48914 576.2877 0.0005691411
317.53012 1220.087 602.8637 968.3052 0.00055323355
