444.8957 1161.6792 817.6171 2273.073 0.8616659
561.49146 1002.8003 46.885952 47.29423 0.1126904
82.37023 1272.9125 92.91715 148.63615 0.062039927
685.2357 847.0457 309.16394 375.37653 0.036026187
561.66956 1001.58954 81.828705 78.36968 0.033119053
465.46692 1159.2476 704.6458 1140.7946 0.031002736
449.55533 1727.7375 801.2174 1101.72 0.028278766
441.6258 1168.6967 51.87783 44.948833 0.027709933
455.89536 1004.8991 767.4069 762.087 0.025823148
618.291 923.96674 439.09662 542.0638 0.02566824
444.5873 1160.2916 815.97375 2272.341 0.025375681
680.9238 877.4432 257.22778 283.65915 0.024620079
447.47205 1005.6565 775.7096 721.04596 0.024380272
476.33115 1081.524 676.78143 1302.2151 0.024305651
482.02603 1084.8394 689.83844 926.9471 0.024190975
468.7439 1278.3507 707.8741 1376.5151 0.02390607
447.46475 1052.6886 779.1187 914.88995 0.023167426
250.46095 1260.4266 428.1999 190.28435 0.022470303
523.8289 1054.6373 576.7099 1253.2688 0.022190828
460.0087 853.3251 741.7725 1175.5121 0.02153558
118.697624 1272.3573 164.90967 155.49101 0.02095969
646.27747 884.48706 391.75342 474.04572 0.020734427
466.95316 1033.3829 711.0434 1289.8143 0.020461978
562.393 1004.06323 37.608273 40.0993 0.01890597
203.05602 1272.0059 335.1093 162.39589 0.017947735
444.6755 1034.0675 803.82043 873.8786 0.017111594
472.58688 1087.8926 693.2152 1363.6595 0.016882023
778.9882 806.53937 64.93661 105.79184 0.016771896
109.73111 1272.661 150.08325 158.53792 0.01633039
504.4997 751.80023 647.70404 1076.5212 0.01615463
575.5297 1844.587 511.64868 499.4357 0.015912028
533.5529 1164.1796 577.5248 1108.3031 0.015600511
529.3055 1114.2666 588.0732 996.88995 0.015131659
516.832 1640.4543 627.0025 832.7922 0.015073251
449.15637 718.5224 798.14435 1324.6282 0.015018345
461.2657 724.0417 749.7633 1064.1086 0.01497378
459.20016 769.241 752.7821 970.2341 0.01475527
578.8015 715.2229 493.31757 682.3021 0.014642566
457.69183 1688.2816 774.60156 1122.2935 0.014445938
577.09064 985.9327 516.45776 672.10986 0.014097825
523.0597 1447.4402 109.73227 132.9213 0.013748086
483.8854 1449.9159 638.5094 584.4391 0.013736175
620.3257 907.8038 431.34824 504.3043 0.013549856
519.5353 1692.2812 642.97174 958.2051 0.013516881
559.27747 739.3473 540.6905 787.65845 0.013190725
541.7338 1063.115 193.87628 195.25482 0.01296944
540.9988 1447.3768 145.88184 142.4617 0.012936416
575.3939 404.07782 55.557533 64.810135 0.012688439
624.18994 1472.0077 317.78445 213.43718 0.012662481
426.13766 1199.977 92.354576 111.231606 0.012609267
610.28076 857.904 437.91415 412.674 0.012567393
303.64178 1262.2832 531.2876 239.06355 0.012563505
777.0038 765.3403 137.53003 211.88496 0.012513911
454.83475 780.5026 767.7412 1144.4 0.0123395575
581.1388 1924.1211 535.40533 644.35394 0.012336374
417.67517 1218.6721 63.660076 66.537506 0.012311271
531.11053 814.67926 594.2153 986.269 0.012306969
624.04126 1470.708 325.95114 239.11246 0.0123047205
512.5916 874.3955 590.36523 681.19214 0.012228759
288.8955 1259.6215 317.0764 140.27878 0.012215466
466.34192 1432.4011 677.2547 545.71796 0.012054381
560.142 1679.0682 549.6608 858.0446 0.012045645
714.2572 812.59064 209.7731 255.68416 0.011647575
489.17706 1773.0018 696.20575 784.70984 0.01162451
559.7012 1406.9065 444.58417 435.2696 0.011608873
560.38385 1001.2438 68.25542 65.29456 0.0115660615
573.0383 756.746 523.5588 852.9536 0.011457644
146.95041 1271.7113 210.80255 156.02644 0.011339235
564.68933 760.8831 529.5887 847.6974 0.011315882
553.3156 924.31537 553.3048 568.2136 0.011257112
549.47186 1119.1782 530.02234 1413.619 0.011210433
620.42474 1496.0294 348.54477 407.8931 0.010985358
566.0841 1036.2064 523.54065 766.3265 0.010960792
537.3295 944.6845 594.1025 635.31573 0.010937091
562.96674 1836.4769 442.13156 428.8921 0.010892712
298.8986 1248.4843 357.09222 171.03416 0.010664202
339.04443 1162.8214 598.15247 388.71887 0.010632132
552.1147 1335.8531 564.5918 1422.3064 0.01062197
526.3403 926.5788 583.4856 559.1679 0.010577658
438.15195 1359.7456 782.37744 423.1039 0.010564342
429.40668 1379.2622 754.69 456.427 0.01038261
513.4381 1020.89716 643.855 781.9822 0.010260314
459.03033 1332.2565 246.54501 345.9817 0.010036039
459.57913 930.6172 742.67163 1451.8036 0.00999646
555.19745 1025.9452 169.53857 161.46025 0.009920412
460.3041 1274.3687 703.12354 698.3521 0.0098072095
242.41522 1266.8167 231.50298 124.4052 0.009688724
561.06433 942.5139 524.28894 543.9729 0.009679994
567.14874 1457.9089 204.19994 169.59514 0.009533358
672.29254 878.2611 183.95604 232.85458 0.009489114
463.5996 640.6261 757.78613 1179.7139 0.009321226
331.4256 1164.663 580.1052 389.77332 0.009231238
495.90024 915.5857 634.07355 525.7337 0.009161014
361.24 1332.1957 434.45364 321.6927 0.009130282
568.142 1644.4933 519.8457 834.6268 0.009126763
683.4755 1867.0808 152.94556 171.41573 0.009062186
526.3062 713.7536 630.3888 1232.3986 0.008982411
512.19794 888.62354 631.86584 582.6817 0.008980258
448.2343 879.8869 784.89905 720.0676 0.008849789
442.6814 1292.8706 778.08655 717.4537 0.0088421
546.3539 1319.6238 577.1526 1610.2738 0.008833404
503.71265 1445.0044 69.6432 108.13145 0.008774396
436.7607 969.29224 682.5934 746.0355 0.00874343
450.9769 1510.4495 765.71436 740.8375 0.00868997
447.82022 1191.729 120.46666 105.04786 0.00863287
448.94864 1487.2565 760.40985 693.3197 0.008616253
582.84686 1252.4694 503.2122 1203.2922 0.008601919
622.2011 1468.7592 313.7017 194.09851 0.008532535
532.33185 1299.9819 515.90735 849.9607 0.008484369
539.49884 1666.5433 606.9476 1078.698 0.008473289
580.7888 1720.2043 528.618 1008.1508 0.008438403
566.62354 1005.0068 504.65268 1349.3291 0.008392464
507.33786 886.3076 651.53033 806.245 0.008380774
391.80005 1178.3309 545.2499 1380.359 0.008347861
454.0373 898.3551 773.1264 532.17395 0.008341074
769.76965 782.5299 85.70839 149.82278 0.008158008
469.16583 1910.0787 756.75323 773.4551 0.008129494
444.99878 899.53577 796.1561 881.3881 0.008038057
536.3439 1454.4757 561.96967 663.7038 0.008037426
454.248 850.13464 758.1904 932.3637 0.008012172
473.81616 776.95483 359.9662 523.2853 0.007902131
550.9222 571.01855 589.34644 1027.892 0.007896582
531.487 1127.4899 567.83795 1542.7395 0.007895077
573.1493 1515.4357 451.03534 567.2242 0.007893997
530.62213 1463.6702 581.3319 701.458 0.007880982
379.81058 1177.8364 494.94717 414.12442 0.007838455
418.71417 1351.6846 393.9821 411.732 0.007836224
453.0036 767.2922 778.3732 989.58356 0.007819236
530.39746 696.21814 394.9763 415.56918 0.0077649252
514.1512 1229.4783 463.63562 1054.1362 0.0077499137
517.94507 1084.4542 229.7574 239.19835 0.0077446643
408.49066 549.89453 139.10008 75.46255 0.007723824
576.4795 795.8453 519.3339 1031.738 0.0077175037
686.85815 471.08264 293.2828 254.25832 0.0077130506
449.75943 1423.2294 798.4848 1654.5746 0.0076995147
580.14 854.9977 474.0519 397.6646 0.007690773
604.66516 397.58716 113.94323 80.92702 0.00763402
345.61996 1339.0465 603.5539 367.98135 0.0076094083
553.9401 1602.9908 490.27966 672.36945 0.007609296
594.11523 401.2012 155.96529 104.953636 0.007605236
440.1291 1276.8958 802.84296 264.4768 0.0075999587
407.71274 1317.5735 718.67725 347.1087 0.00752285
616.81506 1853.6694 306.50763 325.9442 0.0075203017
441.5704 874.2977 533.47705 730.8034 0.007480294
583.37256 1805.0713 527.5662 897.0343 0.0074800397
585.6283 1760.954 515.6266 908.80164 0.0073877526
611.4696 1833.7767 352.74667 436.6484 0.007343174
582.44446 888.2451 509.74014 1304.1604 0.0073090447
588.00903 1479.5648 478.75226 565.6007 0.007295132
586.20654 556.3242 484.81674 453.5964 0.007280681
522.328 1372.1595 138.83984 257.25266 0.0072541814
82.236595 1271.9032 86.46883 143.4545 0.0072455877
649.62695 890.6317 244.81705 279.53577 0.0072143525
626.6637 1607.4143 400.04123 592.1353 0.00719853
263.9954 1078.8142 352.93152 252.61713 0.00718181
592.84595 1062.5787 476.54645 834.08563 0.0071373605
659.64056 702.7035 373.57706 667.90955 0.0070348377
281.1697 926.17255 481.40515 844.849 0.0070260596
606.718 1085.4598 461.02957 880.24475 0.0070140366
584.97003 1351.2665 473.51712 1397.1527 0.007003908
584.9291 1352.9419 490.46136 1442.4657 0.0069964896
574.41016 901.83527 105.72367 257.27725 0.0069817994
522.0735 1082.1915 261.55432 300.1518 0.0069771665
435.1978 602.84155 195.71893 190.23946 0.0069447123
445.65677 1598.6554 801.3314 1355.9023 0.0069142655
458.20337 1322.9761 773.8997 1758.5598 0.006876313
570.73035 755.1859 480.44687 607.95013 0.0068375897
533.14215 1415.7362 235.58484 286.6265 0.006804914
319.7483 1385.5197 541.0338 458.6853 0.006801257
593.4006 1195.9366 507.01358 1712.7535 0.006763428
437.1235 1239.2976 630.48065 509.6332 0.006741595
391.06982 797.23987 426.7313 566.56824 0.0067125913
528.9421 1079.8984 156.65585 149.841 0.0067050667
596.6057 784.1843 479.26352 922.95074 0.006674847
574.7792 1076.6385 112.74113 137.76482 0.0066318964
626.09033 1591.953 364.50082 537.31665 0.006623369
494.11853 1236.9482 154.84349 178.79134 0.0066208346
722.4052 823.9744 169.6497 167.91771 0.006584742
437.53503 1383.9005 795.3598 492.50388 0.006566327
448.71585 843.9662 189.19969 178.07803 0.006543696
470.1162 1235.7124 183.8853 187.62431 0.0065392866
421.9208 1168.3386 610.491 436.90588 0.006512067
606.4525 594.18256 336.69547 328.5786 0.006509692
359.02435 1073.2883 593.5835 1141.965 0.0064972267
548.0229 1450.1127 408.51282 648.2725 0.0064625223
495.537 1431.3944 404.25235 554.3225 0.0064404667
695.36145 1484.2146 190.47734 172.96912 0.0064222855
560.8967 440.7891 568.529 795.82574 0.0064208163
549.51416 1045.1239 564.6096 1522.0833 0.0063631306
651.64703 698.6536 384.94672 677.3684 0.0063610952
472.58545 687.45197 276.69403 352.88342 0.006336369
624.3049 1409.2938 359.7698 537.3163 0.006284721
519.5244 614.83813 351.21503 266.66333 0.0062743337
495.99857 1821.6731 319.67798 392.88156 0.006268658
511.58133 653.46564 609.04877 614.78613 0.0062665134
683.2117 1175.0338 102.81778 130.24966 0.0062661394
439.82 1266.0164 795.69275 281.03 0.006242507
557.073 1070.8765 206.91368 216.73088 0.006240857
684.003 1902.3488 311.73206 345.84906 0.006239869
550.4956 1564.8651 431.42316 1141.3475 0.0062362896
527.3103 869.8774 358.85736 380.33804 0.0062230644
643.22723 563.79614 138.00267 142.48828 0.0062100817
304.7455 1074.793 243.57565 224.27365 0.0061670924
572.7328 1292.887 497.46237 1366.4785 0.006136911
523.61993 677.9621 252.24072 318.64163 0.0061255097
620.8176 1738.6648 341.7115 493.8136 0.0061247232
370.18304 882.2518 594.5939 748.3183 0.006093893
414.7753 1275.151 159.08041 264.5206 0.0060891556
606.40814 568.67896 207.7453 185.34355 0.0060887574
363.38776 1163.2695 632.63104 600.5381 0.006082355
555.3797 1719.5337 140.96599 162.14337 0.0060720523
650.46985 1755.4135 394.219 778.9207 0.0060507418
256.0946 1136.0317 425.16568 422.21017 0.006024607
694.55457 511.08447 289.62833 337.5702 0.0060220007
604.49915 1716.63 494.3433 1140.9263 0.00600468
585.2144 1477.9517 350.2423 661.2616 0.0059814835
355.3562 1119.5797 630.4697 481.78632 0.0059527475
673.262 1180.6881 144.90671 163.1126 0.0059439335
586.4219 1182.7533 502.4895 1538.3787 0.0059423055
597.0175 852.3713 494.76965 1384.2467 0.005940267
425.1374 789.4615 400.19348 546.5655 0.0059367847
439.33188 1400.12 509.0655 1134.8917 0.005917733
518.53253 1197.6024 403.05997 892.8598 0.005903819
273.16757 1064.2716 400.24332 322.80017 0.005888154
636.3442 739.75946 418.51105 841.7474 0.0058810744
365.8892 1096.4305 529.2777 263.0967 0.005867622
494.2041 1723.808 513.6187 659.092 0.00585476
634.7235 1351.6066 389.72852 456.81836 0.0058526597
590.38635 792.3463 339.91852 429.25546 0.005822297
616.1104 605.3213 461.28503 932.15356 0.0057903035
439.5664 1432.3274 356.0921 507.38376 0.0057743303
595.33057 1607.3347 504.2016 1268.2473 0.0057731373
502.2666 1088.574 374.25128 638.1605 0.0057702716
576.2173 524.37006 523.6184 403.64764 0.0057669985
454.2386 905.0274 357.42874 361.01675 0.0057607624
683.68494 1384.2908 298.82974 373.66205 0.0057172454
671.8685 1962.5942 353.36353 551.87634 0.0057134596
574.70953 1346.5739 284.17642 401.60434 0.005667301
578.3417 949.2837 106.149185 161.6621 0.0056443806
330.57358 1106.4578 547.75287 1403.2395 0.005627524
304.29965 583.023 43.194103 51.09349 0.005620034
461.22293 608.4958 253.75967 214.98738 0.005593398
530.2835 1809.6206 162.29903 216.23174 0.0055672023
649.4254 1833.6119 286.63235 397.73734 0.005561698
258.7242 1035.885 354.15015 173.5481 0.0055574644
161.3838 1030.0125 159.84535 114.711655 0.0055438937
560.89465 2071.0444 576.5244 453.59253 0.005520873
428.36832 1761.2799 209.28473 269.51297 0.005504639
612.056 877.04724 287.60715 455.45114 0.0055024913
510.1614 1201.4839 119.3919 106.43826 0.0054951217
570.90076 1777.5483 549.01886 978.5439 0.0054930006
500.15894 1118.7471 350.66635 727.4236 0.0054728813
548.69403 1484.2039 209.42154 372.623 0.00546573
597.0618 1410.9648 471.51523 550.4808 0.005462608
539.93054 267.0607 122.00386 123.177 0.005449683
402.3548 1145.4412 475.7622 338.33255 0.005448866
720.68884 772.2466 199.16547 246.34927 0.0054389914
412.89737 1741.1892 187.26491 224.77757 0.0054369667
688.01746 1972.6426 324.39096 488.19034 0.005433618
659.84503 1214.3861 179.88704 219.55238 0.0054320055
526.8036 1555.3296 197.52127 346.96506 0.00541598
282.8063 629.946 107.07521 147.8736 0.005400019
663.68854 1809.1099 360.73816 556.574 0.005379335
373.19083 1230.8074 173.26746 142.74362 0.005361012
629.4252 1342.2235 354.6857 478.80734 0.0053524985
380.7999 1323.6749 419.8388 335.73727 0.0053366655
485.88583 872.8775 364.03815 748.741 0.005331285
645.5334 1743.8551 412.09775 1050.8962 0.005321546
501.7332 1341.1412 587.3737 358.35077 0.0053129583
573.7074 403.9161 35.234276 45.969685 0.005311915
450.7032 1274.5786 214.46686 259.3982 0.0053088353
390.36926 832.7872 489.00516 800.05884 0.0052975286
474.66467 1441.1093 306.9406 601.511 0.005292292
295.70752 974.2683 432.7055 429.38266 0.0052908263
499.595 1410.816 142.36923 195.9189 0.0052884156
611.9407 1695.2794 478.44568 1159.0309 0.0052595446
645.28503 1347.5315 220.6542 287.3662 0.0052243
669.72406 201.70358 339.9698 303.0653 0.0052038427
741.3285 852.0388 122.28572 134.05927 0.005203231
475.66562 1180.2615 350.06592 435.6458 0.0051788627
639.3795 1801.7607 205.54128 229.37025 0.005176124
539.0217 879.5912 232.14677 307.9137 0.0051734336
541.24677 1160.6354 265.22705 372.25876 0.00517243
570.6171 860.0176 462.6081 980.2908 0.0051715123
418.39713 774.8237 280.90726 330.85242 0.005149241
663.97516 996.9188 365.38538 712.30255 0.005135163
391.55893 927.3779 314.50372 340.1402 0.0051268144
440.57465 1322.1594 793.09155 716.1908 0.005120633
688.457 1941.191 324.8172 585.475 0.0051164515
487.31998 638.80096 147.5571 185.10742 0.0050992034
609.2073 1609.6194 445.18903 972.5791 0.00508922
377.47018 1131.9373 488.54062 808.0728 0.0050826767
555.523 901.5866 146.69987 260.49976 0.005071048
514.15454 1404.7183 114.041595 169.47905 0.0050643957
567.5036 1390.0728 400.9032 922.40674 0.0050615324
710.72003 814.7658 236.07455 328.84045 0.0050378293
538.74445 1099.7456 112.12109 101.51517 0.005023933
431.75552 975.8952 456.2957 463.32312 0.0050198687
542.81506 1264.3916 548.72156 586.41504 0.0050038914
346.83694 1400.6194 254.73445 194.82083 0.005003818
359.21515 1227.2462 597.11304 844.73157 0.005001748
507.93784 1927.7522 371.92947 622.43243 0.0049908985
229.23161 1359.8583 138.88991 116.73399 0.0049525076
195.2907 1173.5642 303.202 356.3801 0.0049436255
487.23978 1574.7104 67.455025 109.53532 0.0049250945
465.08252 818.5307 121.30768 113.92951 0.004910571
566.19147 1344.3279 271.52643 341.38672 0.0049012597
421.75162 1201.2004 118.807434 148.13731 0.004898086
366.75327 1425.4489 503.23447 498.39658 0.004889652
654.63806 1697.7625 395.4034 1099.832 0.0048778616
422.35727 1454.0714 630.7845 704.1274 0.0048432876
541.7748 1029.7172 283.62067 470.84528 0.0048363316
577.44794 1367.8142 301.79678 447.76498 0.004833633
537.6073 1665.7015 342.3612 427.66187 0.004831984
729.7207 1905.752 238.10945 322.78546 0.0048315027
659.62195 1466.0728 129.57468 140.18837 0.0048210365
298.783 593.7408 66.4317 77.15004 0.0048142127
300.0856 1320.4926 157.14723 167.49348 0.0048137372
518.1346 837.4373 156.27638 175.89854 0.0048032794
709.71783 1106.7008 232.54272 273.20505 0.0047955653
609.1286 729.90607 475.38895 1218.828 0.0047812406
530.8207 1021.85486 277.62625 815.8112 0.004774556
710.19006 1491.5951 167.8033 167.35587 0.004771881
590.92993 1426.3241 454.84583 1556.4545 0.0047462764
266.8984 1710.0304 405.09613 712.444 0.00474513
422.97043 1752.648 126.24996 171.99507 0.0047429595
706.7007 1920.0415 171.38524 254.35588 0.004742631
609.83276 1305.6721 378.42422 600.48224 0.0047380934
663.6333 1334.9651 372.0844 1431.5139 0.00472661
317.6873 1332.1753 482.91644 1369.7466 0.004691583
373.0539 1290.3525 587.9948 917.5571 0.0046906658
620.9769 850.0712 447.62863 1141.2404 0.0046903584
618.3887 1328.891 448.18735 1472.81 0.004659283
451.7869 1736.0057 577.378 531.72833 0.0046557332
229.81436 1369.4563 173.94075 143.82086 0.0046523293
393.10385 1254.9415 475.36935 1040.9684 0.0046429303
444.11978 1896.0449 558.5654 725.05743 0.0046184
611.5871 927.5542 457.4419 1226.7856 0.0045772763
453.8188 692.07245 760.8916 772.2191 0.0045343167
441.86514 1537.4156 432.9488 816.84924 0.0045253807
525.3693 1889.9539 169.99538 318.96677 0.004519623
574.51685 635.84454 552.30194 1193.7196 0.004513491
710.65594 903.1285 267.29437 542.0063 0.0045043156
652.13934 1480.2681 158.44585 184.53943 0.00449964
229.20398 952.0416 292.69928 276.5037 0.0044986573
670.6193 469.97934 337.92856 428.77432 0.004494491
343.64084 1160.4376 621.3346 408.15155 0.0044759293
437.4008 1231.7167 789.05316 416.53445 0.0044671884
560.6024 1333.6539 121.822845 174.74814 0.0044431794
600.4251 924.5364 440.2728 533.5488 0.0044413595
450.46445 2061.9792 789.59314 507.71533 0.004441351
656.25024 1694.7693 378.61603 1010.9821 0.0044412687
707.9735 1822.4042 215.44754 281.3925 0.0044365213
627.94556 1237.0978 159.5794 200.64209 0.0044244486
608.62616 711.97974 210.65396 210.06259 0.0044200188
480.8279 1353.5278 345.0469 856.26685 0.0044119437
562.5166 1317.9473 301.2875 393.6822 0.004401891
483.78854 1238.0808 510.2418 693.85645 0.004390927
741.5062 229.1442 191.871 244.20071 0.004378109
503.78592 1194.521 276.7895 447.63364 0.004352281
500.64926 1331.3708 619.402 351.14313 0.0043518883
322.79175 1543.74 525.4476 760.7195 0.004348123
270.69427 1157.5532 466.41367 392.60632 0.004340591
615.1664 2056.8652 205.37799 206.38779 0.0043400116
484.47958 2088.7415 196.11229 190.50377 0.004338648
648.58307 583.79126 404.25537 988.88446 0.0043366053
631.7367 1279.6627 357.78598 500.18356 0.0043362468
619.24896 1100.775 297.89487 272.84567 0.004311684
685.38654 2120.3772 335.45117 329.50534 0.004307888
533.1611 821.11365 124.394005 148.9081 0.0043066097
619.30286 1772.0353 443.99075 998.9595 0.004302359
333.7425 1659.8221 273.1502 329.82016 0.004277973
519.2859 1023.22095 439.09943 441.28857 0.0042686844
335.7845 1550.0438 547.3235 753.98145 0.0042609386
523.28235 1301.5421 519.20856 635.59094 0.004256381
709.55115 607.1351 275.52078 527.5098 0.0042499937
710.8876 2118.9045 288.3966 320.49725 0.0042415466
510.55984 742.83386 618.54517 482.4537 0.0042280527
332.74097 1110.8168 604.2535 500.9444 0.004225293
586.2096 886.4881 220.27885 476.73767 0.0042133266
628.9963 701.81354 132.04817 142.14291 0.0042044213
391.66483 1325.9973 109.9659 144.38683 0.0041929777
435.92984 1259.7921 807.5717 248.57574 0.0041891607
691.84485 1329.0345 184.06357 215.74074 0.004175636
540.05615 670.69147 192.68593 215.59813 0.004173844
384.8969 1523.6509 466.63876 575.6025 0.004166616
722.07446 1341.9038 248.0796 447.139 0.00416273
390.2484 716.56464 138.03362 123.412704 0.004150205
453.75552 1258.8188 470.5568 637.9807 0.004148481
551.295 1484.2859 462.54166 255.78102 0.0041456334
552.55664 1530.5515 174.01758 262.38953 0.0041424413
718.55975 1823.3126 246.37306 249.4341 0.004125179
508.7085 1804.8187 192.33022 230.23901 0.0041226544
676.04047 566.72473 153.97055 152.39851 0.004119308
624.4382 1555.6362 300.66226 414.76447 0.004118477
300.09222 1530.034 360.66217 376.75003 0.00411669
632.8685 1307.4585 161.05142 192.50768 0.004114585
329.26993 1095.713 555.8617 525.15375 0.004095724
534.7833 1396.5266 238.3126 430.28168 0.0040873205
503.0444 1060.2632 159.00009 177.283 0.004080112
280.46646 1036.2485 365.2997 269.12094 0.0040722415
643.8935 2124.6873 213.04243 218.80957 0.00406875
627.4428 1653.8104 167.10417 179.9703 0.004064162
476.8011 1551.5178 164.5382 289.23508 0.004046803
395.14786 1351.2319 586.13934 352.27344 0.004046288
392.65668 1230.0444 436.47797 617.7272 0.0040362277
582.02014 2108.8057 186.76973 189.75233 0.004036191
388.25757 1083.0663 195.89514 209.85374 0.0040357998
596.09766 2020.0315 217.71724 223.35294 0.0040275324
361.0988 1005.4576 175.18454 164.45099 0.0040222947
220.48969 1260.5698 137.8066 81.67698 0.004012751
514.51904 1891.2603 682.13586 261.97717 0.004012271
620.4938 1392.5616 148.01834 179.6161 0.0039941464
435.98148 1165.5769 797.5989 422.7884 0.0039809407
642.56793 1213.4797 387.6852 475.00174 0.0039796685
184.31111 1409.6271 281.82477 447.06732 0.003976738
619.79285 1163.1724 469.00162 2053.2844 0.0039766566
566.9328 2045.5101 243.3603 228.7947 0.0039734775
357.7201 1489.246 373.25403 645.88495 0.0039690207
346.556 1029.4097 129.28215 127.00477 0.003959945
513.84784 1073.3778 222.19257 221.99101 0.0039543477
402.76572 1662.6173 354.68115 567.18787 0.003953593
681.9572 1811.5872 216.35533 239.1641 0.003942335
449.22552 866.358 783.32404 461.41266 0.003931374
684.1917 2177.543 338.7713 247.90935 0.0039258394
355.58124 1246.8058 470.5996 574.3965 0.0039249407
506.23282 1171.8342 152.48906 99.55793 0.003914935
619.0566 588.7489 155.50558 137.64864 0.00391342
684.32837 1920.7859 198.79619 284.26202 0.0038831243
551.0033 853.40375 383.79016 290.69318 0.003875842
136.49564 1924.8693 259.94424 806.4219 0.0038716267
413.83548 1421.2101 196.81332 289.66278 0.0038558654
566.4767 760.45953 456.82928 982.35114 0.0038417135
428.26993 1236.0605 236.85272 188.42831 0.0038348748
588.5218 499.55173 492.08148 796.92487 0.0038324725
627.70795 1213.4907 433.47104 1734.2214 0.0038276787
501.3527 1467.7418 141.10672 174.06354 0.0038211572
515.13275 727.22577 205.35854 415.1444 0.003815132
636.3347 511.4607 334.309 309.3837 0.0038108574
525.7105 2085.3118 240.80122 197.61592 0.0037953535
594.2952 727.2931 487.63696 863.3785 0.003785749
500.09177 1268.9314 530.96466 759.63007 0.003777561
209.98195 1300.5593 335.7552 389.76596 0.003766684
418.0483 1265.9049 377.4198 655.0145 0.0037663174
663.01697 625.0203 353.22922 542.07465 0.0037566074
746.5564 783.6684 208.24269 307.43692 0.003742502
723.43463 498.61063 234.61392 298.9358 0.0037411312
472.86093 1683.3827 247.78127 534.1957 0.0037149186
483.21957 1171.2648 291.51074 763.6507 0.0037032554
496.02066 2090.799 222.97952 242.27928 0.0036971571
739.06537 1493.466 117.69314 161.13579 0.0036922672
605.2104 1779.4038 456.10028 934.5126 0.0036913252
745.96814 1614.6154 181.38275 276.10184 0.0036912095
441.77768 1136.0063 225.99959 257.6242 0.0036770254
571.4199 666.6137 174.03711 333.45563 0.0036720084
576.97845 1226.0469 140.16924 181.09059 0.003665939
593.6065 1789.6727 120.978806 170.23752 0.0036507589
257.8995 1238.514 435.486 1547.0908 0.0036484806
735.4299 456.46558 215.05933 236.1227 0.0036424827
495.50308 1328.2367 131.30363 157.39305 0.003633348
609.00653 281.3435 184.21587 158.36465 0.0036320053
539.47614 1214.8683 376.18665 325.91992 0.003625008
601.60565 1296.6909 194.79247 269.87402 0.0036241573
479.23157 1107.5233 256.50858 258.40094 0.0036221948
595.7541 838.9094 474.0402 1181.0673 0.003602901
332.51437 1364.0052 553.5863 571.43994 0.0035964977
472.01855 2149.6853 738.82574 355.33 0.0035865272
576.4112 1409.8804 482.523 1320.9635 0.0035779763
778.8867 806.3729 143.72333 313.62943 0.003566482
693.1002 551.6934 302.21277 431.50842 0.0035438892
695.4764 440.7048 313.60428 778.9266 0.0035335498
639.13165 978.1185 130.89948 108.191444 0.0035271873
507.59378 1107.1599 194.87227 242.54065 0.0035242625
753.97266 843.0196 167.93709 274.0843 0.0035058516
535.08954 2146.721 237.41527 290.0595 0.003504036
565.1876 1807.0776 190.27214 204.90694 0.0034881895
423.8006 1397.3728 370.3083 295.8912 0.0034856994
448.956 2186.5457 783.0169 284.08688 0.0034830999
397.75647 1967.9518 239.68022 267.84686 0.0034821862
709.1171 1922.869 158.90176 191.94191 0.0034809357
770.6273 116.83643 171.6719 192.66809 0.003475255
638.8985 1228.2869 228.00021 239.77382 0.0034748851
741.4367 1959.6294 220.0782 584.82837 0.0034711375
502.4822 1065.2006 352.0252 642.9644 0.0034659524
727.9176 1298.2906 167.60538 206.37863 0.003454802
451.2617 1148.0928 600.74005 1365.4265 0.0034523124
308.15616 1462.1957 449.67908 544.3841 0.003450356
525.5625 1342.4407 345.52985 676.29144 0.003436601
577.7675 1756.599 191.88469 245.69606 0.0034196458
648.53265 1200.6566 376.06406 998.82526 0.0034193357
443.65762 1300.8745 733.9574 673.0533 0.0034166845
299.5972 1953.1519 181.37704 204.28963 0.0034097652
500.19443 1572.6439 277.03168 278.16388 0.0034090134
613.1982 807.13904 143.81548 166.44756 0.0033994624
290.266 1264.2837 489.2328 1759.074 0.003398921
517.09314 1297.048 107.05168 138.95622 0.003391185
268.93198 1320.4476 449.2319 1620.2745 0.003387318
446.5932 1736.4009 129.87202 152.55293 0.0033863827
661.86694 2005.6251 343.7075 487.96844 0.0033796257
756.5415 1679.0251 169.89326 254.37048 0.0033697945
716.61554 1171.9836 262.3089 423.38718 0.0033629634
365.34357 1399.8756 532.0338 440.27768 0.003362791
585.4975 1454.3925 316.33972 586.7487 0.003355414
164.33516 2012.3373 319.89694 622.6331 0.0033514125
446.14407 1165.2045 816.6808 2269.317 0.0033513596
227.56532 1755.2428 338.1121 496.82928 0.0033502704
439.6144 399.01138 830.0638 766.85095 0.0033460762
597.717 1572.5388 419.97412 924.3295 0.0033410755
668.12933 1831.2197 225.9566 225.59056 0.0033376256
568.4348 1740.0504 86.15326 106.42928 0.0033342692
367.43124 1588.9277 391.13962 579.9393 0.0033327038
662.59784 911.3293 364.33328 868.7701 0.0033320053
687.26166 447.35464 186.6469 203.00848 0.0033286328
505.2905 2021.4027 161.04678 196.23932 0.0033190663
245.62648 1945.7194 409.89075 725.00415 0.0033137263
745.5054 1295.0885 152.36119 200.71332 0.0033026747
488.79422 1150.9325 128.42148 129.0369 0.0033003446
579.81354 323.1425 208.39203 172.17873 0.003298004
753.81476 1241.2832 191.06763 319.22446 0.0032967406
538.2085 1168.8606 235.95033 204.8537 0.0032838678
341.8792 1230.3881 527.5657 1534.1489 0.003274008
293.73453 1156.7438 470.4373 366.03506 0.0032710293
665.6172 990.174 364.195 951.4996 0.0032469342
228.94157 1679.2589 304.3217 429.27557 0.0032229547
561.0563 1094.3494 181.14278 182.53073 0.003222322
289.06866 1154.0809 436.5364 382.68936 0.003202986
553.31934 2118.049 197.04857 194.91708 0.003202348
654.2491 682.1216 384.305 1004.5834 0.0032001156
140.08464 1206.4812 201.59648 302.98907 0.0031986316
724.9165 2146.9766 210.22984 212.97736 0.003197832
656.4256 1955.4863 373.2174 620.6453 0.0031958034
732.1214 410.05228 158.29729 152.75714 0.0031830932
387.72925 737.80194 293.6418 424.35117 0.003180752
322.322 1928.5254 173.43646 207.2541 0.0031801898
468.08466 1270.7983 342.93585 518.35504 0.0031799178
614.2167 2123.074 163.0735 183.04947 0.003179623
443.47595 1168.0588 46.99856 43.737602 0.0031682898
691.7912 1958.4799 179.65933 204.44269 0.0031677627
668.09766 1427.5767 179.3263 206.16412 0.0031521944
691.59705 1280.9424 310.6097 576.5875 0.0031353633
349.8233 1337.5979 559.7803 704.2024 0.003131875
544.183 1756.4814 192.1151 220.47783 0.0031254785
731.66003 2170.787 235.72322 245.57118 0.003116811
585.2834 1703.6483 269.6133 272.02753 0.0031095392
744.0497 2154.7886 213.52141 265.64407 0.0030903397
715.574 1402.1569 181.02545 261.12033 0.0030894424
729.051 1844.2739 247.16226 888.01294 0.0030784793
623.57056 1944.2217 267.14304 206.04842 0.003075427
726.95325 500.93463 240.11264 342.9831 0.0030688522
661.8105 637.12476 314.26205 499.09607 0.0030686974
600.4567 2071.1785 150.20146 162.07875 0.0030628168
474.75607 1997.8811 229.67505 217.23793 0.0030551348
697.6901 561.16174 314.50574 1067.9952 0.0030523387
306.00443 1487.3527 471.6317 583.0326 0.0030392492
667.16034 1479.9598 119.2851 135.08551 0.0030303695
330.5997 1567.5951 423.2823 804.08704 0.0030235182
739.7137 460.50977 207.44812 245.79433 0.0030219837
307.24026 1063.9193 453.53583 586.74506 0.0030217683
764.35474 2089.403 171.88292 297.60443 0.0030206032
566.683 1112.4376 102.017075 86.12865 0.00300494
641.0591 1198.537 395.23538 537.2272 0.0030005232
345.61368 1302.8481 429.52414 323.6654 0.0029898197
763.7624 1286.04 166.60944 252.29745 0.0029792376
618.7869 2095.6362 152.47002 166.98175 0.0029768294
738.3427 878.112 148.2275 200.05212 0.002973798
609.9295 646.39526 290.96506 281.9386 0.0029714124
574.81964 2204.1562 545.859 246.52177 0.0029713502
699.1848 1598.6808 153.87277 167.39008 0.0029581967
632.9051 2116.889 169.47316 364.35535 0.0029538835
651.663 2159.2087 204.41174 208.26625 0.0029496595
508.14365 919.25793 192.67273 315.8884 0.0029438357
703.1971 1092.6049 294.8681 948.00824 0.002928931
792.0779 2135.4775 123.44294 257.9216 0.0029244383
555.30505 1182.1423 407.8438 316.50745 0.0029192998
727.44446 1849.4259 208.71028 229.67792 0.0029071618
546.79486 1447.4473 241.52977 568.96094 0.0028939242
216.82913 2144.3877 306.348 352.73376 0.0028882145
426.69547 1916.775 166.75845 221.71834 0.0028785192
668.7836 1785.9252 177.9296 243.74722 0.0028659115
732.7046 2126.2224 208.69794 236.35657 0.0028595345
298.46832 1459.4111 123.205696 100.53978 0.0028531107
349.2142 1190.3088 350.66016 321.36243 0.0028514059
351.65665 1145.3898 367.86026 866.0351 0.0028486294
699.3861 2083.5657 152.14711 112.52672 0.0028345236
331.32474 1098.6871 130.81154 126.48451 0.0028337692
668.6046 1093.7961 206.6669 230.84819 0.00283283
398.67816 1222.0972 244.24712 873.52844 0.002824389
462.55893 1172.7407 548.0706 390.10733 0.0028213703
394.22076 1024.9836 507.61453 1126.5973 0.0028008388
374.24606 2151.169 575.402 329.30978 0.002798492
644.5334 2001.5303 194.77252 175.07368 0.0027939049
718.41565 1499.8618 186.2849 262.49506 0.002777362
616.85614 2068.1052 578.4601 132.93665 0.0027679484
720.6402 1404.4172 250.01804 457.539 0.0027618585
389.57043 1587.6456 308.7032 487.33902 0.0027607633
288.25253 1543.0605 399.6639 361.78876 0.0027546145
686.6844 2129.805 190.57188 184.2324 0.002752449
706.56244 1336.8997 155.89125 174.77548 0.0027442635
716.0209 1343.896 271.59534 1127.001 0.0027427843
647.7495 1848.0059 359.00153 828.19305 0.0027400362
713.62 994.84326 213.85298 199.58546 0.0027338162
575.40936 1532.4639 85.295616 121.75999 0.0027234748
770.12103 1178.7351 158.68698 343.22168 0.0027178763
740.00793 1499.4904 111.68383 145.35367 0.002714478
708.6921 1772.7471 176.2701 170.02751 0.0027112954
444.79538 1127.3551 472.51093 347.85672 0.0027036527
488.0031 1853.4731 482.19983 545.46027 0.002699277
622.8954 2183.6892 423.73746 275.43524 0.0026882014
695.96497 1316.1796 113.50605 146.53702 0.0026875292
663.1141 1808.0557 144.5397 168.68402 0.0026758409
354.96463 1615.5498 203.36748 216.69287 0.002670005
786.0066 2076.5195 137.04912 330.48096 0.002646893
750.92084 1641.4685 200.35962 521.68225 0.0026451778
791.26404 755.85736 125.1244 228.05188 0.002644408
689.1091 2213.8196 297.95868 167.67827 0.0026410774
532.9311 2087.239 150.45293 252.6387 0.0026392331
551.12494 1401.5206 129.61058 177.33583 0.0026300198
687.43066 1849.9803 101.89262 111.20045 0.0026164139
683.0598 2001.529 129.5563 135.8967 0.0026152695
424.46042 2181.811 329.23215 208.35454 0.0026079288
727.04114 676.5093 247.32227 673.84906 0.0026024363
769.75964 1812.9218 137.25499 209.84695 0.0026020305
549.66113 1840.0594 148.30896 212.87622 0.0025945196
670.8 1795.4213 124.299736 139.89754 0.0025903522
805.03534 2153.9087 97.684814 228.26016 0.0025874428
410.60544 1697.3827 163.94724 165.15094 0.0025776376
681.4155 1740.4736 163.81293 213.05876 0.0025712128
712.30884 1313.0602 263.33386 460.45456 0.002569862
310.7506 1929.5739 373.8031 415.12036 0.0025652153
677.2586 1841.3616 167.69475 160.87512 0.0025626607
443.3255 240.23593 821.1411 453.98288 0.0025590553
361.81372 1765.7986 268.42807 310.9349 0.0025530194
360.51355 1308.3873 431.9666 216.84764 0.0025512897
61.3656 834.9736 113.80034 422.5343 0.0025455614
363.9712 1934.809 403.2452 383.7614 0.0025400077
677.3144 1868.8572 343.47452 812.11536 0.0025192976
768.5796 2141.6484 161.90347 301.01617 0.0025145246
438.64612 1060.8368 170.54506 226.54501 0.0025067541
562.8788 747.47656 194.17186 205.82253 0.002470225
807.6831 1962.676 94.66621 229.54842 0.002465893
410.94977 1390.9779 357.3741 1108.7535 0.0024610525
783.42523 1092.9425 105.54597 154.26732 0.002459944
742.28735 2283.3884 216.82777 90.96342 0.0024525425
749.9634 1979.6415 160.72961 162.79231 0.0024284027
505.61456 223.82587 219.15717 206.97339 0.0024283219
544.96094 1469.7079 143.91617 204.69023 0.0024266774
781.3996 1764.2216 140.24203 345.96375 0.0024206075
713.91064 1146.9652 277.66348 2153.214 0.0024205535
446.0397 1168.2389 803.32544 2267.1 0.0024124817
427.12616 2194.017 180.66568 172.31696 0.002404073
582.6722 1147.4844 346.27682 1602.1616 0.0023965142
490.00806 1641.9241 656.01575 962.9052 0.002389791
587.5798 1577.6421 136.65697 179.3678 0.0023701673
707.45746 399.9713 241.10748 167.06337 0.002362236
747.86194 2221.0596 211.75844 145.58421 0.0023609004
287.41074 311.11594 164.09149 216.25209 0.0023506193
677.4215 1953.591 347.0037 648.60974 0.0023491695
128.93219 492.7248 236.53496 551.1364 0.0023449108
637.21436 1383.5283 361.33875 1106.9935 0.0023428113
643.91583 1875.6334 162.68758 143.85898 0.0023301523
652.7562 1303.4453 176.35306 173.45645 0.0023236687
704.9967 1813.0156 111.74161 140.94328 0.0023152274
770.9625 2251.3455 163.36148 146.14955 0.002308969
803.29877 1882.8766 102.80595 371.4801 0.0023042874
418.5711 2247.872 816.604 160.364 0.0022993598
163.84657 2245.0464 318.6651 166.10669 0.0022882551
190.28856 2272.9949 265.0604 108.04714 0.0022834039
723.1455 1973.1769 134.22551 180.94896 0.0022775028
795.8662 1255.4241 122.0381 296.67813 0.002274798
55.31636 343.8709 106.86248 501.37405 0.002270554
425.8228 1598.9385 82.949455 129.1276 0.002263788
697.2724 1866.5212 92.731285 117.224625 0.0022579944
680.58594 1091.606 155.26717 166.39055 0.002234859
671.8371 1878.5402 87.73694 122.7751 0.002227102
745.172 591.1848 220.79684 715.13464 0.0022197394
74.70158 2290.331 142.08455 77.37538 0.002219587
701.76605 2222.5522 276.35114 148.22339 0.002210325
781.5843 2123.5298 181.75537 269.66043 0.0022019814
108.73924 360.89908 192.86954 332.76657 0.0021908423
43.673145 366.73767 82.99679 489.3418 0.0021863065
590.38574 1858.2184 127.18672 184.30678 0.002173462
41.249603 587.8003 77.36446 347.11337 0.0021668288
757.71606 509.91403 175.26059 317.28793 0.0021450387
145.0526 2029.5797 238.80087 419.76923 0.002136884
99.1521 367.5109 177.46416 381.38736 0.002136022
598.9297 1700.5852 443.7819 1189.3265 0.0021347743
456.07306 1365.9823 294.4901 825.2279 0.0021297906
788.23895 2233.8696 130.35274 158.83278 0.0021188315
326.5612 2267.784 479.1317 115.95838 0.0021136096
757.7676 2071.329 163.61963 291.71228 0.0021114072
820.21075 1990.8263 69.10722 169.01465 0.0021014442
621.5601 2021.9484 213.15974 530.23615 0.0020904706
570.0633 1783.9745 263.28967 257.1212 0.0020873593
500.34207 1948.5706 641.6648 641.48065 0.002082286
688.9494 2297.4639 331.95462 61.4994 0.002080529
773.4474 1852.4504 218.08755 435.3941 0.0020803637
226.66028 2251.3457 405.8818 150.23538 0.00207417
731.87335 132.50601 250.20082 223.51288 0.0020592373
560.72095 2224.403 282.61642 180.91422 0.0020499963
235.41727 258.56174 320.74673 410.19717 0.002046792
599.4374 1423.2535 140.99286 173.30086 0.0020467571
391.5456 2277.1628 516.11804 90.595566 0.0020456286
714.3574 2301.3452 180.53436 62.718506 0.002041861
373.5121 93.03664 182.895 129.2105 0.00203655
327.5592 1442.3219 334.33002 616.66034 0.002028862
341.02676 65.68021 254.14577 123.81551 0.0020263754
703.5928 2256.12 272.78238 138.87303 0.00202497
85.3262 2289.8176 161.13974 77.22698 0.0020196529
240.11258 2288.2073 424.08975 79.166595 0.0020158975
779.1813 590.76337 146.07579 479.6076 0.002015558
714.9512 2060.6433 247.73561 522.7459 0.0020148752
41.70083 966.8056 79.68252 352.898 0.0020145704
454.84235 997.8372 129.48804 158.865 0.001996978
787.1126 695.91565 127.00644 333.14032 0.0019941393
408.48288 1990.4531 606.51196 135.34033 0.0019860184
350.93268 2275.6604 354.8075 105.61524 0.0019832228
760.9224 180.75125 166.50706 324.0968 0.0019792325
445.46124 1166.8551 805.3377 2269.0154 0.0019523778
729.6301 1187.8514 240.81331 2113.3806 0.0019521706
676.22595 2182.7808 350.37064 282.95096 0.0019495024
665.0526 2107.9236 337.69247 491.17947 0.0019398874
800.00433 1650.7452 132.22089 452.7135 0.0019294416
790.20703 1243.8033 124.04892 263.90167 0.001919643
806.6787 1981.8243 105.18069 205.82458 0.0019190346
25.589552 429.92053 51.197517 454.7477 0.001914807
732.4614 2211.9155 218.84825 194.31746 0.0019070448
807.73517 2055.6162 101.77523 173.68675 0.0018994035
599.26044 1973.3533 424.2095 251.20572 0.0018942055
480.1024 1676.8579 284.08685 887.48676 0.0018866388
809.67114 2045.4506 93.85729 200.64554 0.0018804506
767.2452 2166.639 167.2415 228.57147 0.001878144
165.08018 2268.6895 317.96677 112.1183 0.0018738223
361.80737 1422.7031 737.18286 505.16724 0.0018623894
787.97644 2205.369 129.32382 160.59705 0.0018523292
739.8967 2214.8506 191.9746 158.16588 0.0018156326
719.3654 2248.8228 243.00511 103.29305 0.0018082209
364.18674 1199.9044 462.21176 304.37064 0.0017927702
282.67755 93.83101 296.3919 163.90298 0.0017892766
419.28506 1792.3085 614.58527 336.79263 0.001788347
614.3854 1065.9708 417.62466 918.98926 0.0017641052
541.4085 2322.8123 614.95447 19.04886 0.0017639911
689.6554 2301.1343 327.47778 57.04444 0.0017571737
568.7595 2239.7102 195.45285 100.99951 0.0017527087
787.45874 1389.3904 154.57327 277.93225 0.0017477492
725.8685 2312.3696 229.07635 35.140766 0.0017455012
531.2116 2307.1838 590.9603 49.401947 0.0017394437
761.9063 1586.1246 151.55998 496.2584 0.0017384563
804.7274 1254.8672 99.48581 284.2037 0.0017377406
769.37634 1497.653 102.31053 153.40053 0.0017350123
834.1691 2152.6187 42.82297 251.76498 0.00173127
773.4484 2183.9873 153.25772 234.42334 0.0017308135
783.6647 1567.1693 111.19019 157.19641 0.0017248105
667.0981 1002.55725 315.84134 1360.166 0.0017245814
807.5911 1952.7837 89.215805 194.86879 0.001722636
813.6985 2034.6104 70.52334 128.58325 0.0017204438
693.266 2187.0073 272.81274 246.16257 0.0017158809
816.14655 174.6298 82.71878 306.38547 0.0017058037
477.7073 1307.4812 536.46246 270.35202 0.00170152
776.90186 764.4826 133.29321 413.26108 0.0016932767
628.0342 2276.633 284.36655 102.61743 0.0016877443
414.7221 1844.2874 523.1921 433.97745 0.0016817685
785.03424 2289.7544 122.119026 66.99413 0.0016803441
816.73804 2100.1006 86.27933 182.84428 0.0016711957
595.2006 1380.5569 351.08487 1520.54 0.0016687495
405.90076 2301.6677 378.0827 60.040466 0.0016584543
619.11145 2301.161 346.72427 56.318886 0.0016561073
644.4869 2266.9949 173.55519 82.84499 0.0016558659
563.03894 2300.4868 144.40324 65.39279 0.0016372366
791.035 2225.1184 127.35362 121.08269 0.0016345731
761.6234 2252.2954 166.87 112.01167 0.0016290777
802.7194 1062.0929 95.04928 254.40544 0.0016105974
457.56412 1166.4507 787.42755 2189.0283 0.0016037547
445.40173 1442.9723 797.2217 489.08118 0.0015789932
805.9588 1466.3927 94.68366 233.21504 0.0015671395
805.19196 771.4462 93.69851 176.93901 0.0015596539
410.18796 2308.3293 339.4838 50.21396 0.0015429425
529.34863 2306.8628 195.52486 64.635544 0.0015349699
633.7253 1435.0156 427.68765 288.11328 0.0015319561
156.41089 98.25505 298.41858 169.59308 0.0015259048
758.38477 2300.859 168.2439 57.610962 0.0015001941
815.1043 1922.6891 82.3979 238.71674 0.0014962914
526.66864 1334.6298 364.50162 1448.3789 0.0014908712
470.12747 2279.5051 434.01843 104.34496 0.001487681
806.65906 1845.4833 88.93194 263.0119 0.0014807724
826.50275 901.15643 60.643703 197.04976 0.0014701273
116.79956 1270.0027 160.05067 147.82805 0.0014623181
794.2056 1730.1198 135.83315 275.88937 0.0014519582
223.90152 160.12492 424.4376 288.9841 0.0014345277
402.6494 1369.8917 660.62555 1301.8431 0.0014326669
807.0595 2155.3225 103.39558 185.67494 0.0014321294
754.1728 2259.2441 176.17784 131.50859 0.0014308371
461.4813 122.146324 805.9714 254.8452 0.001420913
477.4619 861.0463 146.36917 448.2938 0.0014006956
825.9053 1999.1034 75.146576 169.73328 0.0013900156
725.6309 2327.4626 422.49133 11.649237 0.0013824775
618.77246 568.6154 386.75366 809.67554 0.0013821154
823.70886 516.94293 62.864044 286.33548 0.0013791444
658.57806 2313.795 343.85776 34.36505 0.0013752766
618.1833 1421.5775 424.57568 1596.793 0.0013722406
824.80695 961.1595 55.545715 184.27814 0.0013671395
472.7449 2273.2822 761.93616 177.11043 0.0013649098
526.15393 991.75085 97.757385 106.51827 0.0013595303
825.87634 2122.143 77.516815 219.88438 0.0013587781
829.11127 1933.6995 60.545532 283.9624 0.0013548725
818.1707 1654.335 74.597496 220.72324 0.0013492267
828.0289 2289.719 52.930542 75.12109 0.001342877
687.872 2009.1548 237.24913 587.849 0.0013317213
820.3716 2305.1292 59.6464 44.45001 0.0013313353
826.757 93.861465 61.475475 145.56172 0.0013209934
687.658 1075.2675 286.49304 976.09717 0.0013184035
819.3451 2223.8982 67.82697 149.2202 0.0013116779
747.6055 2267.9204 188.87132 119.668884 0.0013098589
454.37616 2035.3401 622.73596 484.48007 0.0013062049
819.2952 428.79886 69.74433 276.77325 0.0012933747
826.169 1047.0406 130.7292 312.61246 0.0012873055
812.4646 2224.7205 72.00201 125.10604 0.0012838555
617.9628 947.4356 382.92114 1094.4934 0.0012777378
818.5563 1545.4777 82.499954 212.12703 0.0012759087
830.93024 890.91254 61.85419 190.49255 0.0012706388
520.1246 1381.6642 297.9768 798.3028 0.0012705782
828.6399 2268.8083 89.61558 96.97906 0.0012650453
804.05963 2303.0393 81.70202 74.87849 0.0012448089
816.20746 2308.868 64.20745 39.024918 0.0012427464
834.5235 2024.8715 50.48721 149.82896 0.0012370463
829.2672 1606.4379 55.10896 291.24023 0.001233062
824.41754 1969.1821 73.29384 253.8882 0.0012328622
831.60516 69.02753 52.22521 111.34442 0.0012255494
835.5724 2154.2527 55.071445 171.65337 0.001191957
805.26086 701.8716 101.70515 581.4832 0.0011901141
833.516 2208.9553 71.16513 161.72707 0.0011811958
832.94196 104.678925 49.659485 166.9694 0.0011747815
592.9032 2141.8418 417.83542 173.56612 0.0011716812
843.0979 2155.7473 35.794968 192.56445 0.0011706015
830.25757 2160.8782 75.62374 152.14545 0.0011547381
618.3277 1290.1571 403.87036 482.87396 0.0011507559
570.77527 1574.4623 203.22038 685.143 0.0011446074
826.4612 1576.6604 76.713326 225.69408 0.0011424364
830.7586 1923.3014 68.522606 250.03305 0.0011250178
829.5007 2249.3884 108.18894 113.994606 0.0011090782
822.1872 2233.5447 129.33557 127.05213 0.0011067047
437.83374 1895.5054 390.70654 466.55093 0.0010973838
619.48334 1428.8298 331.74844 566.6865 0.0010948866
505.88095 1705.3384 208.74129 528.2145 0.0010868779
524.01605 1456.022 101.2164 141.08902 0.0010644363
755.89594 2283.378 189.80125 85.89568 0.0010626581
828.4306 2284.3906 47.802906 73.69046 0.0010568968
550.1069 1484.083 277.0606 1041.0792 0.0010419412
469.89456 1405.9677 607.0602 203.90918 0.0010216064
708.5691 2314.607 453.3425 30.689987 0.0010094432
827.5345 2257.5889 96.98039 92.328545 0.0010090191
352.47427 1298.5828 350.00128 885.9922 0.0009902172
508.36523 2330.4783 754.5607 8.061175 0.00097292993
847.19305 2034.137 22.681608 126.20868 0.0009653406
449.52274 1347.404 282.76978 909.1091 0.00096425635
572.9444 1465.5078 405.56638 410.8236 0.0009634702
204.36641 1348.8983 354.34854 361.56827 0.00096064847
836.4535 2214.5247 37.58591 133.65369 0.0009583626
277.8176 1504.0374 265.72067 569.69714 0.0009429331
670.47186 762.3668 227.18343 279.0852 0.00092789007
297.20447 1168.8455 458.07803 381.63678 0.00092396996
325.4373 1167.2463 614.8942 343.64822 0.0009203794
562.17053 1282.3691 504.48703 427.3241 0.0009086182
441.35596 1419.5544 806.93616 524.2458 0.0008801038
498.79434 1057.8008 135.76736 206.51123 0.0008570738
819.89087 2281.4622 106.75386 84.5029 0.0008431475
425.99924 1197.963 79.091705 103.74766 0.0008352442
280.9104 1128.7565 716.90656 839.50037 0.00080961554
372.85294 1381.9078 280.46027 245.67577 0.0008075717
638.1348 1785.3658 303.93988 241.04297 0.0007916153
438.9968 1161.3121 795.5382 835.79376 0.0007763037
350.96616 1286.486 615.2724 302.6082 0.0007761691
850.51996 2220.3247 15.957793 170.24185 0.0007678004
374.76123 1403.2467 220.75214 875.7852 0.0007601355
707.3518 2039.7216 285.1819 446.95258 0.00075003545
688.0489 556.65356 310.4749 780.43024 0.00074582425
329.03143 1263.2908 250.43289 684.1807 0.0007097735
446.99316 1076.1935 468.5351 294.02783 0.00070815976
561.019 1648.6049 278.72562 1178.195 0.0006735024
471.59607 2322.9465 496.1927 28.34816 0.0006710882
542.02356 1975.2474 167.97266 330.03888 0.00066217594
532.2288 2312.7063 421.94022 55.072666 0.0006616315
449.24826 1352.9103 512.2029 244.78009 0.00065547455
703.7252 2304.7915 364.1059 51.073864 0.00064523896
599.2281 2047.8878 418.27396 219.72801 0.0006402471
665.1036 1222.5161 401.54596 724.2832 0.00062464026
629.3118 1557.3737 384.88132 521.8836 0.0006210755
712.9778 2210.282 392.96808 93.410866 0.0006178001
619.6245 965.4639 428.83112 848.932 0.0006097308
418.81793 1251.2566 601.5008 570.3859 0.0006072269
407.1211 1350.2756 777.22986 549.2211 0.0006057786
690.46686 1431.6323 263.7531 1491.5431 0.00058537256
836.57715 2326.7144 113.16974 12.004327 0.00055542355
531.43915 2326.4749 578.4427 19.315212 0.0005500016
680.1074 1524.5851 309.80307 659.63116 0.00052691734
784.5002 2331.054 242.16844 3.5677838 0.00051562337
420.97855 1170.5646 721.2516 704.8823 0.00050134724
453.31677 1618.613 729.80206 459.48578 0.00049807376
504.3089 1245.353 572.83496 435.72498 0.0004976001
741.3622 1195.3307 348.6983 754.5459 0.0004511091
493.28406 1366.7576 614.8917 664.34076 0.0004242077
