537.54663 1730.0869 1065.1302 3447.617 0.44254264
536.81335 1290.2479 1063.6746 2567.9363 0.411419
536.59784 1157.5856 893.1962 1980.16 0.08302417
73.91147 3012.1794 146.66928 916.7907 0.078970715
602.47046 369.2231 99.28977 112.32257 0.07726557
292.9434 650.4112 581.81995 1298.4873 0.048223417
521.66034 1725.6394 1019.02374 1642.2177 0.044985652
753.9331 373.08197 137.40984 279.14795 0.041999288
43.218456 2427.2627 85.28905 324.80444 0.041861452
429.31125 208.30357 85.83201 100.51706 0.036613062
492.9167 1607.5092 913.09375 1401.425 0.034787823
75.01812 2857.5889 148.91418 1242.4276 0.034587998
525.36255 1363.023 827.0287 1545.0731 0.03344279
531.0871 917.59436 886.1665 1596.9111 0.03278655
594.2 364.43054 148.66971 163.7325 0.031887732
526.32544 911.0119 1008.7645 1780.9656 0.031695057
487.0349 1625.4711 892.20874 1304.8959 0.0315459
731.445 581.05194 142.8164 148.52016 0.030287677
603.4081 1158.7814 705.4495 1855.5197 0.029335909
559.5667 1233.9132 725.31384 1569.4568 0.028132753
300.69226 1282.3358 593.2612 2557.5288 0.026761308
517.2832 2154.7014 1020.7589 834.4967 0.026598427
604.9157 1135.6299 792.1853 1898.3116 0.025928728
712.0577 574.7036 473.5533 232.54324 0.02442905
651.22705 566.13617 327.76633 205.66368 0.023771977
528.46545 1553.6775 723.70605 1099.9194 0.02343767
530.5993 1286.8394 825.02405 1506.3795 0.023233818
603.29675 1048.9202 822.71436 1878.6578 0.022862384
663.23627 536.37054 347.7556 603.40576 0.022781432
522.6554 1975.1272 1025.4633 1191.8547 0.021332212
299.38687 1171.7097 589.23663 2329.6226 0.019281657
279.52072 1091.8217 90.12647 108.100235 0.018995205
38.187057 2532.9387 74.36905 108.9236 0.018789815
755.4332 299.23907 148.91533 437.71313 0.01853371
532.2985 2598.9949 1052.5516 1717.3967 0.018405179
704.5783 532.09106 258.4926 592.99756 0.018401802
657.51776 699.1708 350.75024 905.4657 0.018221354
674.44885 374.44824 299.6115 285.37335 0.017973328
276.75882 118.809326 121.84843 223.62474 0.017968692
603.34625 1240.068 617.596 1463.9973 0.01791248
655.8697 645.5517 323.34732 373.64685 0.017912168
648.1944 1110.7516 461.27856 1666.2483 0.017552257
481.60086 967.33624 740.5875 1667.9191 0.017501503
282.74136 539.3674 558.3435 1076.2058 0.017292509
535.8178 1289.8392 1059.3478 2570.166 0.016738918
551.62964 856.03265 836.8187 1521.094 0.016690837
508.75278 692.2192 972.55035 1384.4998 0.01646168
506.78012 634.471 971.5456 1268.4255 0.016378831
659.91296 449.92438 341.85895 443.27237 0.016328352
513.85913 786.3612 917.16345 1465.4744 0.01622588
666.3048 713.0287 129.43993 232.04439 0.01544324
699.51447 622.3626 476.6487 803.32324 0.014989297
802.9409 591.9933 295.07104 194.69865 0.014824112
694.9267 655.2653 220.09096 346.04822 0.014697031
705.6291 485.70132 486.6598 508.69266 0.014693109
562.2419 1554.7793 888.2696 1299.4535 0.0146181425
559.3825 1542.2646 857.6527 1430.8978 0.014584148
536.94275 1735.1439 1059.8735 3456.7102 0.014437496
332.12567 1939.1473 290.89557 273.31808 0.014150351
544.97766 678.31085 796.10425 1146.8094 0.013826324
703.2034 1074.2714 626.8355 1881.2634 0.013695331
64.75589 2412.1672 126.779274 371.4362 0.013595138
710.03125 629.00964 470.57083 378.85773 0.01353071
750.1602 1045.0374 596.0326 1894.9045 0.013475316
679.48706 1145.8739 489.30502 1850.8875 0.013422665
659.0988 895.22437 461.99402 1272.6714 0.013379631
600.33777 866.7815 774.79004 1494.1423 0.013345073
456.1482 1259.2239 696.04944 1542.369 0.013207948
539.77484 1533.79 962.11945 1327.0822 0.013112518
555.47174 1642.2909 839.615 1359.622 0.013027159
299.67584 929.7648 590.2766 1857.6224 0.013013672
665.65344 290.97513 331.4314 470.9671 0.012646324
602.31696 708.8802 496.87238 958.13586 0.012629289
451.60434 928.3885 855.68335 1807.5046 0.01261805
508.9264 1334.2284 631.60114 975.4506 0.012528221
633.5038 977.14124 437.72513 1495.8828 0.0124424035
679.819 1033.2762 176.5342 250.9972 0.012303434
691.02234 588.47986 512.98364 875.9475 0.012073016
646.98804 919.8449 475.8762 1437.8325 0.012035418
462.73578 1897.8466 906.7748 1286.2036 0.011861339
533.2711 2333.348 1051.3911 2261.9958 0.011830334
592.1678 1177.9584 659.4707 1381.336 0.011747589
631.601 1433.2924 376.8543 706.06946 0.011720555
596.03107 1306.0944 820.1945 1563.4767 0.011671081
236.76302 1091.8868 185.57504 133.9216 0.011521072
660.96594 374.2751 402.40936 645.28955 0.01150522
283.73254 120.91461 190.28188 239.25462 0.011497615
808.90015 463.0352 285.59344 451.6051 0.011491422
660.92316 827.9726 551.11786 1274.4581 0.011429265
560.3349 1036.1118 580.7209 1832.0653 0.01131009
253.17197 413.58862 444.9977 734.9601 0.0113061825
493.25284 839.67346 716.9149 1242.5408 0.011300528
648.58563 1054.8134 424.79303 1906.3641 0.011123182
472.60843 1383.072 797.7437 1942.0375 0.011108129
637.4919 1086.7786 820.1423 2024.0142 0.011074103
355.49576 1137.0502 696.5653 2241.2234 0.011072928
702.77386 695.13513 260.29245 916.1777 0.011057749
631.22595 1471.241 716.1152 1180.4751 0.011049956
681.1284 470.21338 555.0709 772.6375 0.0109873265
602.3735 645.68726 771.2455 1243.0397 0.01091916
660.389 821.9531 264.9998 672.0949 0.010907229
212.28703 565.75775 416.2035 1082.1262 0.010865008
529.5606 1943.5338 750.5058 409.08005 0.0108226435
499.38675 1175.5312 656.2474 1186.2206 0.010817101
425.644 205.65282 120.1046 141.48781 0.010791768
574.10046 1509.2208 590.2769 1152.438 0.010777514
301.82538 1708.9276 603.86273 3369.5486 0.010752805
766.4938 649.0941 361.53854 358.41644 0.010565193
563.41095 1629.5474 866.0593 1523.9574 0.010556937
714.66705 648.40015 461.01526 391.82944 0.010501877
757.05023 1104.8582 576.7667 1774.7471 0.010499172
374.316 998.48987 728.314 1963.6455 0.010478683
559.1913 1587.3224 851.7574 1560.713 0.010402226
613.316 540.73474 250.62166 144.53233 0.010339369
807.3238 1044.5964 501.79614 1894.615 0.010338774
687.27625 680.15015 562.16864 1199.0793 0.010257957
609.4222 1370.6193 122.51129 166.74387 0.010179415
499.40277 1852.0483 959.6342 913.24725 0.010174748
448.43112 2155.3135 875.069 815.30133 0.010082978
621.2175 1680.6614 191.96481 217.64384 0.010071633
746.49176 448.24268 172.06061 429.80032 0.01004641
598.9992 1313.335 252.00189 401.5417 0.009997903
607.71545 1463.3746 760.58435 1695.7507 0.0099743465
630.5542 1341.6327 451.64627 956.70123 0.009789629
560.8119 995.0086 590.0653 1095.0724 0.00973399
740.2642 702.61035 401.67465 970.69476 0.0096724
417.93982 753.8075 806.73395 1509.833 0.009657269
489.67145 1889.8972 790.0021 1232.632 0.009615018
958.2006 1143.8835 47.42652 61.321827 0.009602198
69.52249 2317.0774 136.70747 553.7661 0.00960063
681.0683 962.4894 402.7277 1773.9946 0.0095603615
524.5506 1877.6389 925.996 641.1253 0.009450666
545.45764 3025.118 1082.3922 957.1975 0.009413568
690.9109 631.8745 493.37607 445.9686 0.009404781
703.1759 1495.5314 548.7899 985.51074 0.009336764
621.4807 654.9485 689.6421 1126.0195 0.009302636
656.3948 1453.225 696.1453 1123.8822 0.009269625
875.7931 629.93005 155.60852 99.20483 0.009251071
536.78735 2815.825 1059.8226 1350.2206 0.00914507
286.24573 1110.452 561.7569 2216.4832 0.00904321
667.23376 1260.4718 709.31445 2053.9238 0.009015818
985.77606 1895.4362 136.99666 206.01466 0.008913806
987.6635 1833.0159 146.20282 327.83496 0.008907383
704.92694 658.17926 183.00746 281.34598 0.008891666
712.83014 739.14685 515.8953 1056.9354 0.008773401
621.81177 826.0264 790.96783 1591.4812 0.008770275
511.3783 2329.4836 995.6521 2284.1445 0.008752538
379.09125 1718.4186 718.61896 1096.6614 0.0087163765
604.66565 1200.9282 339.502 638.579 0.008660608
604.6467 369.0058 82.33635 98.33341 0.008626719
534.0457 695.33984 665.1574 937.64124 0.008604371
500.9211 393.10928 948.5987 785.11664 0.008601381
712.6875 661.8749 185.85458 315.19003 0.008598573
363.1621 1940.204 196.6291 234.6894 0.008590942
358.62808 1787.0627 695.1023 1204.6357 0.008567309
686.77875 902.615 354.33957 1352.9943 0.008551156
722.2665 990.61365 480.68143 1334.228 0.008526983
490.49316 1876.4502 818.7381 802.84924 0.008506266
656.6953 673.79565 695.3587 1317.3491 0.008473473
410.2684 1523.6368 644.17883 818.0542 0.008449277
686.2529 908.82166 678.36646 1632.3694 0.008404966
509.5811 1954.6296 949.9924 2860.0662 0.008365662
616.797 800.06976 395.5636 665.939 0.008356521
652.5084 677.6473 170.96349 347.4357 0.008343271
705.43225 1138.4036 687.7761 2234.9915 0.008329612
637.7031 189.94443 146.84984 197.6745 0.008314194
427.4899 1596.2264 591.95715 1109.5693 0.008298334
209.28804 462.1023 376.87634 690.4902 0.008295716
244.76093 305.2511 427.03818 541.294 0.008263763
464.19983 1754.4735 599.1135 641.91644 0.008100237
675.13403 1106.9572 331.95398 1742.6327 0.008092053
754.49786 358.4735 238.02054 626.90515 0.008090106
685.7512 1110.0486 471.92593 1309.8624 0.008022047
635.2211 495.2295 499.70663 660.7148 0.008010849
471.3551 1272.3186 813.4798 2115.5352 0.007994466
453.9664 1515.6238 512.3558 620.83685 0.007963825
720.3374 917.849 474.17126 1290.4672 0.007955844
599.5833 1466.1018 526.14996 1336.2384 0.007943087
624.0606 1048.726 666.3623 975.59076 0.007866124
599.483 279.02258 155.51846 316.68082 0.007805183
446.53732 863.7884 670.5045 1205.5273 0.007772261
608.3247 1031.1213 320.87607 359.47928 0.007735311
706.1824 629.0818 501.14575 1076.2358 0.0077123353
357.97858 1962.4784 523.34143 429.07346 0.007687146
544.94904 1649.0815 562.5474 692.8198 0.0076782
647.9528 1016.45795 472.5186 1736.9144 0.0076768734
597.7435 601.88806 517.1086 725.51654 0.007651535
75.17962 2552.0203 148.97305 1881.2207 0.0076232157
286.15802 345.624 568.1441 690.831 0.007615038
673.8241 858.3414 198.27959 571.27545 0.007580125
699.9248 315.76108 501.69806 629.6422 0.0075515504
688.20154 1212.5818 691.65265 2284.9016 0.0075270776
446.3766 1964.8365 656.05963 482.75723 0.007436949
501.70767 526.377 975.4603 1049.3889 0.007396888
449.7492 952.7162 745.7388 1017.63306 0.0073686014
646.54034 1584.8618 670.49945 1561.1007 0.007326193
441.6512 561.0858 823.14325 1123.7704 0.0072963033
738.4606 1197.2623 637.0708 2309.0923 0.007271688
72.80925 2789.487 144.967 482.4293 0.0072628087
812.0069 1454.0542 472.615 1069.2994 0.0072523784
286.89594 138.96909 548.474 276.95966 0.0072183018
754.5055 1017.19403 530.69684 1533.9939 0.0072045745
108.82886 2277.369 216.33145 622.4035 0.007202941
575.7051 1802.703 863.3077 786.4494 0.007167928
818.4288 1226.8586 473.84235 1533.0298 0.007112133
729.34503 131.88815 313.1741 260.05573 0.0070533343
733.8803 885.183 499.3681 871.8138 0.0070200334
191.04108 418.96567 254.04662 426.69186 0.0070136087
643.972 1616.4983 716.3004 1320.4435 0.0069619394
427.68488 1119.2828 598.9204 1366.3068 0.0069282036
281.08115 115.7799 143.51332 230.13394 0.006926931
180.96927 1166.5233 301.88266 300.36395 0.006897652
309.95886 983.2332 608.192 1975.3232 0.006891335
72.65539 2663.7812 144.45624 797.4204 0.0068863695
178.64351 593.37134 351.35986 1129.3376 0.006830635
506.5037 722.7777 605.3407 852.1355 0.0068297386
764.95856 826.9892 399.38718 704.3999 0.0068262885
629.53595 742.13995 621.99725 1057.7538 0.006826065
378.3553 1410.89 713.67267 1784.6062 0.0068160286
682.8186 1764.1902 340.06317 415.3452 0.006812498
768.3842 1182.2687 587.5568 2283.6465 0.006804089
377.70114 1766.3353 470.308 584.54614 0.0067801373
594.6711 327.05426 160.40495 227.255 0.0067652063
165.03546 3028.2358 323.6733 951.41656 0.0067633227
579.57806 1014.20514 376.23376 945.59735 0.0067549543
524.54846 1371.369 129.10179 210.33676 0.006754237
228.40498 118.186615 308.46548 235.11172 0.0067475364
534.221 2688.5183 1056.44 1599.4811 0.0067385747
177.71692 1292.4009 351.51648 2611.7754 0.0066861208
758.516 1419.2969 557.90753 1111.1323 0.0066805496
533.32776 1882.7069 162.32518 190.54733 0.0066490443
775.24835 1213.346 567.8275 2393.9363 0.0066393767
283.0204 2158.826 554.3061 756.3639 0.0066370023
723.90717 1258.5087 637.9817 2121.6907 0.0066338214
360.65262 1952.36 199.86043 225.38626 0.006621236
675.04535 556.007 610.7408 1071.045 0.006589019
30.035425 2388.1843 66.38527 399.56525 0.0065828827
364.20618 1518.011 647.9775 748.3093 0.0065690707
719.0928 321.51184 467.7639 618.70447 0.0065480373
984.7812 1706.6132 121.91058 120.65513 0.0065467968
749.26886 261.119 346.37643 515.61786 0.006522561
661.4565 662.0113 521.0454 498.23596 0.006521174
672.34973 1007.3175 238.04755 962.0799 0.0064980914
661.5782 257.14423 410.62 495.2522 0.0064958967
301.06195 1168.11 594.23975 2375.0127 0.006478993
105.3832 2097.232 204.84337 338.87677 0.0064738053
588.04926 2049.3328 764.5111 768.07733 0.006465719
934.27454 1155.1874 120.7931 116.51196 0.0064578336
740.9177 166.4518 265.81113 282.0276 0.0064453967
695.8003 448.133 272.47046 416.02893 0.0064396644
525.0423 907.5622 438.49216 666.5495 0.0064369864
318.18198 1723.5787 656.895 3436.164 0.006432831
531.22626 2067.6714 1016.25824 2827.5266 0.0064218077
463.48746 1818.5979 669.33105 639.90564 0.0063575343
684.0087 686.3936 554.25 976.0692 0.0063573713
622.0102 349.26062 699.95605 692.14667 0.006356646
338.74484 1539.934 510.80505 590.63824 0.0063332147
712.56366 1425.0417 621.9984 1689.6029 0.0063301036
484.45892 1061.3196 770.2939 998.29266 0.0063258163
705.39056 303.58334 239.97311 383.7975 0.0063123005
755.38586 1355.5394 336.54785 970.0033 0.006308937
649.9112 1524.0073 499.73337 955.3651 0.0062774657
731.14215 557.14166 149.90468 163.60965 0.0062760226
658.0877 1005.6401 380.41687 1578.5565 0.0062750564
616.0324 1480.4537 489.16412 1075.601 0.006269644
458.08942 1203.6877 801.979 726.05963 0.0062628267
233.04109 1735.4752 458.77054 1211.5938 0.006260361
741.33496 246.21466 366.65634 492.83707 0.0062583294
677.2337 1112.598 256.72836 1245.8341 0.0062334593
796.13934 1206.1757 534.09216 2383.0376 0.006231058
473.54443 2253.7253 631.81525 530.62024 0.0062114154
578.66394 1361.6472 443.35324 874.1711 0.006136204
704.7186 1006.5552 242.53705 310.50174 0.0061126333
695.76447 1765.5503 355.59265 414.47833 0.0060781213
729.16693 1382.8395 311.55023 496.80215 0.0060775313
101.299484 2402.715 199.38077 373.73642 0.0060429177
609.16156 1371.5966 85.29995 133.453 0.006025778
150.0617 2197.761 297.99707 767.6325 0.0060013025
529.4849 1902.5465 205.20749 228.1171 0.0059990874
488.5781 850.0556 695.5706 788.1232 0.0059985556
695.6145 1521.0454 563.0515 906.8569 0.005996137
287.83823 513.2555 570.8606 1019.3897 0.005986164
426.46207 2366.4802 764.7146 417.1257 0.005986113
573.3159 1938.9215 589.1846 324.3543 0.005985091
662.7021 921.25464 655.63257 1592.9578 0.0059814835
368.32605 2341.5835 671.1924 449.3295 0.0059737633
957.16046 1161.0371 90.403625 128.93245 0.005971903
674.5005 475.68295 632.3762 946.54865 0.005947355
569.11896 1463.9357 335.8708 747.79987 0.005945833
74.210686 2444.617 146.68062 2072.209 0.005926463
55.461517 3168.4604 114.95329 647.80096 0.0059168106
575.0688 511.347 231.4949 120.28917 0.005859469
547.0896 1473.2279 313.99692 554.7135 0.0058338735
447.86954 1780.6398 482.45493 525.49023 0.005820694
657.51904 351.98926 554.65985 699.309 0.00580026
669.75867 1730.791 462.99377 514.6351 0.0057945848
112.00326 13.087891 215.87537 25.756962 0.005773342
645.2255 264.02487 391.63474 516.10016 0.0057549947
617.4868 1474.8523 427.93323 1039.9805 0.005743087
800.46796 204.35583 171.40839 265.41354 0.0057252985
145.22742 2880.7734 282.75992 1234.8218 0.005711028
825.5386 1575.7252 154.80785 257.2901 0.0056847967
232.88884 1583.574 385.61023 502.66095 0.0056724465
595.47205 2051.9119 621.9544 533.7452 0.0056619425
361.82074 1375.354 644.199 887.59796 0.005657126
658.7367 1589.7634 587.7579 1291.8804 0.005627572
431.3313 1303.5435 732.92896 789.69354 0.005626187
667.36224 170.35318 235.93646 284.96976 0.0056181075
277.06607 2364.8447 493.63324 395.17395 0.0056086746
621.81085 234.70015 445.53918 463.10794 0.0055986866
451.98697 1516.1451 289.26074 413.99884 0.005598002
481.83673 1948.1266 959.2844 545.40515 0.0055927513
349.2578 1461.327 392.92865 484.19067 0.0055842847
553.9849 1940.8883 836.61566 1722.5374 0.005577666
465.3857 1600.7686 286.44373 339.93762 0.0055621415
506.29398 1567.9233 725.1933 1059.525 0.0055599795
633.53735 1392.4889 244.41464 525.52515 0.0055577727
697.36176 1020.34674 118.196945 216.76817 0.005534464
560.13556 984.6304 838.52246 1108.9681 0.005532467
233.3011 1440.5035 441.68814 824.725 0.0055047404
273.05463 1607.0607 221.21237 315.20782 0.005492852
795.6127 1224.6694 533.92334 2313.6423 0.005482672
478.81296 133.9615 201.63217 254.94388 0.0054745497
705.2297 762.4606 318.67734 470.47412 0.0054703457
142.72008 3020.884 283.0099 964.0857 0.0054652737
444.21918 2088.388 798.4958 941.45526 0.005462934
821.25275 854.4787 278.09155 516.97534 0.0054589664
567.46313 979.05786 408.48566 413.15848 0.0054475875
46.33151 2146.6255 92.45492 896.1661 0.005443458
363.38596 1732.9878 343.37976 459.8443 0.0054430272
427.4738 1284.4337 666.09454 1141.2345 0.005442167
582.85266 973.66235 712.2787 933.0138 0.005436505
721.3597 936.20715 516.1266 1782.0247 0.005419351
1006.329 83.44527 194.35524 165.64267 0.0054185316
570.579 1891.9792 812.899 364.9579 0.0054057157
553.79395 1755.2612 330.6564 428.20193 0.005402786
655.3521 1891.8353 444.21985 264.7133 0.005382425
683.8227 1298.9982 458.82767 2275.581 0.0053639193
686.65375 685.0969 595.6412 1392.5251 0.00536278
964.58887 1538.808 209.1324 895.8279 0.0053608087
273.16364 827.89374 174.44748 318.75623 0.0053567374
753.07904 1313.6119 560.8698 2128.9392 0.0053532477
400.1809 1597.2548 205.46115 291.50992 0.0053352863
788.33154 779.0006 212.22346 259.3167 0.005316044
769.8542 1446.6682 392.97955 720.443 0.0053146924
255.69624 904.5196 274.78662 475.81516 0.005309394
503.0961 1526.3402 407.0689 524.60516 0.0053002834
190.18085 2301.9363 375.6683 563.53143 0.0052817096
890.28845 1515.82 336.0912 859.12524 0.0052794255
703.84454 822.9908 345.74066 695.9297 0.0052678115
821.5943 1068.1182 322.13065 357.3546 0.005257255
774.7702 99.928604 255.18382 191.76643 0.0052542933
432.20245 939.48254 203.46498 355.9256 0.0052439207
629.9841 1821.714 374.6805 463.23303 0.0052329674
750.2915 808.06506 405.15137 638.4037 0.005219217
661.6904 1025.3647 304.2176 1553.304 0.0052167564
73.77571 2057.216 144.37897 2777.265 0.0052008717
592.7664 2160.2576 374.51773 381.51654 0.005195957
738.2447 2050.682 356.65045 340.563 0.00518397
788.15826 2073.364 266.4829 287.44913 0.005150482
933.628 1531.8679 264.6359 877.8084 0.005136557
580.349 1278.4658 406.495 790.5322 0.005136474
338.98764 905.41425 423.3714 574.9351 0.0051364694
725.34827 1172.573 290.83572 772.8634 0.0051326742
374.96158 277.28552 366.89575 556.411 0.005121413
918.0723 1707.3579 286.1103 566.7706 0.0051089744
604.8476 470.70865 287.48935 418.28302 0.0051007615
149.58444 2987.4004 290.8296 1027.3951 0.0050982432
434.61243 2282.2883 275.58188 282.56055 0.005092935
887.42566 994.13525 368.42468 2006.0076 0.0050860103
187.01826 1505.5983 337.8575 490.68323 0.0050813383
484.775 744.33777 332.76413 411.10187 0.005063759
778.8265 1373.1128 343.8135 1223.1377 0.0050597917
723.0303 1672.9518 596.5022 665.4245 0.005054643
653.26465 180.54095 448.66357 352.0683 0.005040005
146.20808 2135.7646 290.63812 896.1192 0.005027743
18.372946 2436.082 36.726524 298.81854 0.0050128596
783.6716 1452.8744 265.96362 519.6851 0.0050115134
755.7288 372.11084 131.44205 270.7281 0.0050098635
564.2707 1534.0597 226.75005 406.8622 0.005001081
531.55524 1271.3372 405.22662 1285.5111 0.005000149
173.10861 608.0407 327.89996 559.30273 0.004999176
939.0918 1838.1654 177.53325 308.70065 0.004997519
481.13315 1326.4695 382.04675 516.18585 0.0049937996
587.9075 1560.266 431.80072 1396.2242 0.0049702
672.5337 1400.8518 443.7202 1124.2543 0.0049573807
362.26062 1393.8506 233.56369 304.74756 0.004955013
667.7022 1143.4653 181.92096 538.71466 0.004953995
515.26086 1311.4187 281.1106 427.04733 0.004941787
642.8086 1383.236 232.76501 378.0254 0.00493531
147.83554 2293.0874 294.23068 579.0267 0.0049180794
681.0008 45.654892 185.76016 88.35538 0.0049041514
177.24147 20.882193 282.90405 41.08434 0.004899992
192.10341 1295.3828 390.16742 2623.3958 0.004889464
747.3395 1440.7274 577.6873 1078.0228 0.0048791855
42.967907 2848.9722 90.04288 443.83835 0.004861806
546.5856 3270.2937 1077.4426 477.5069 0.004852186
657.49475 2115.0747 305.43677 314.46274 0.0048453524
564.8979 1672.549 371.8367 541.7879 0.0048155193
845.36365 786.91156 248.11642 370.32556 0.004793952
660.668 675.9182 575.4262 655.26495 0.00477882
820.2742 1296.6667 283.05286 494.8204 0.0047772257
470.25916 1030.6147 274.75632 455.2832 0.0047595394
807.0085 511.5822 324.06274 741.75446 0.004747065
669.41235 706.0707 297.95575 894.6383 0.004747049
212.95029 1502.8461 339.9738 458.4519 0.004737864
309.45212 322.88385 178.55606 329.88446 0.0047331243
677.4577 1194.1798 478.70215 2006.1755 0.004732044
880.862 1734.8667 350.42786 499.62842 0.004707244
907.4712 1860.5044 290.4174 277.31485 0.0046935515
795.0613 864.36096 342.41592 539.0876 0.004690674
460.7846 2161.9873 763.83594 791.6819 0.004680878
734.13806 20.23323 356.1215 40.536266 0.004658385
171.3473 563.29987 261.85013 401.42874 0.0046523116
469.07986 2443.9773 920.5805 1101.4929 0.0046462105
229.30173 1251.1261 374.80273 463.0862 0.004624388
99.67705 2155.481 197.61482 870.07135 0.004607083
94.29453 2014.0303 187.4329 1150.5774 0.0046029915
645.07916 1203.6736 345.31784 591.6179 0.0046011894
187.99579 1289.0651 384.5904 2567.4526 0.004593473
483.10754 283.6243 908.132 570.71875 0.0045915856
704.94916 1401.6097 294.85962 1036.2909 0.0045827283
609.7969 1687.2573 117.444275 161.77083 0.0045821522
395.1217 1423.3005 204.28522 276.03302 0.0045814775
850.2021 1295.0073 278.48944 418.13318 0.004569114
865.89685 1819.3225 378.1456 360.50253 0.0045676767
163.99716 326.99466 240.35062 360.7836 0.0045652403
73.621 2289.812 147.68204 639.5097 0.0045562913
187.1558 777.7806 367.16885 725.81366 0.0045408257
1013.77985 304.3788 179.32137 613.4399 0.004531089
713.7028 465.71942 239.51866 748.0538 0.0045130244
451.3737 879.1763 564.9614 864.83984 0.0045117177
401.64005 1271.968 286.90918 454.88684 0.0044821505
75.716995 1738.009 147.9189 3348.365 0.004479228
958.2122 1142.8875 67.42879 87.56407 0.0044693663
807.9469 766.20886 306.73102 381.63815 0.0044684815
467.2214 1374.3452 450.48517 1176.251 0.004464498
303.01532 24.77183 553.874 49.6484 0.0044410937
623.215 1625.8313 569.6674 1104.2651 0.0044313557
473.59436 177.82443 926.28485 346.79666 0.0044282707
330.69028 1616.6691 576.88727 1294.2911 0.0044203103
326.90164 1178.3224 515.40625 530.74274 0.0043897224
282.98267 1225.3535 288.71042 410.0075 0.0043826154
146.27725 1717.6978 287.01764 3286.6086 0.0043745106
251.98012 2100.8154 503.04376 906.095 0.004342112
672.04596 1457.7388 619.8813 1829.9934 0.004335769
254.90198 418.42133 215.93867 322.69608 0.0043255324
511.9565 2875.0378 991.6841 879.88824 0.0043253307
310.81107 1589.2406 558.92505 1096.63 0.004305743
704.6332 1853.7386 541.253 330.858 0.00429043
750.959 374.53207 123.02453 251.66444 0.004282033
81.01804 2269.5872 158.71658 2391.76 0.0042529325
696.0226 2009.3307 471.31647 679.82794 0.004251257
920.8509 1848.6744 176.50551 276.35287 0.0042489083
853.561 732.7808 432.64594 1482.7126 0.004242596
460.3696 1670.7526 446.98474 489.35428 0.004226509
991.9271 1600.831 170.83864 793.5036 0.0042202887
912.29517 1129.3983 213.303 221.39781 0.0042148973
733.22705 759.6629 138.13406 189.07385 0.0042120125
702.31384 2152.8123 234.3189 260.6235 0.0042082383
178.893 776.81116 347.5586 985.5529 0.004189491
598.7008 363.33426 117.645325 132.95064 0.0041579157
813.43286 3284.1392 254.87128 438.5237 0.0041564666
723.073 1546.8947 368.89386 1327.0635 0.004133503
686.0627 1588.9849 359.27582 829.05225 0.004131668
746.52234 3269.303 282.8674 467.73605 0.0041246694
838.53345 1592.4829 226.56523 341.6958 0.004121024
754.6886 813.2574 367.60568 624.93726 0.0041002855
291.8964 830.08264 202.56955 354.92917 0.0040939506
182.60913 1262.271 343.4757 481.1374 0.004074288
674.5069 1877.8453 382.9164 717.09705 0.004072545
212.16061 875.1382 311.9219 448.64722 0.0040693646
201.14516 1617.2744 208.97635 288.78918 0.004063089
578.5058 3198.2021 958.31116 629.6694 0.004038375
794.64276 1891.6442 320.00113 231.29932 0.004025861
180.59154 962.47577 346.53613 551.1506 0.0040224823
737.06714 1157.1166 536.7083 2142.9487 0.0040181726
771.0679 39.281948 276.2476 77.27524 0.0040181573
46.99952 1907.5369 92.55181 1370.033 0.0040129623
247.01155 2165.8696 471.4595 818.2257 0.0040064114
196.66962 1153.8344 278.47684 272.30438 0.0040020756
939.3073 1599.8303 229.75856 350.1738 0.0039882795
169.70451 633.45825 333.4597 948.56805 0.003982098
709.5419 2227.0364 309.24484 381.26343 0.0039806436
355.51767 2678.911 704.52673 1625.6984 0.0039687
391.19815 1389.7356 652.1836 937.07275 0.003954487
622.59814 2226.0972 731.31586 676.6403 0.0039239866
128.15024 1177.5531 241.8341 306.01044 0.0039178296
774.65704 1700.0878 542.1215 1259.7148 0.0039163246
744.3382 802.2794 332.07193 463.55716 0.0039151357
791.5814 3272.3936 339.51917 476.42447 0.003915088
514.17316 1059.0588 931.7564 888.8953 0.003898602
54.75908 2339.8462 109.75035 514.0955 0.0038826833
497.56415 1904.0999 326.8744 344.00467 0.0038808063
565.163 2455.08 835.9142 1217.8079 0.0038740714
273.70007 1082.6564 328.67557 278.2255 0.0038711245
570.8083 2309.2463 225.93164 236.55797 0.0038589987
259.43765 387.524 470.8598 778.6392 0.0038564627
689.3254 2258.0715 324.86765 368.5725 0.003854234
389.7586 1704.9397 782.59546 3226.8062 0.003852396
165.10158 111.315056 322.55902 218.34581 0.0038446435
654.41235 1741.6389 267.0456 349.2172 0.0038413925
890.9228 1080.2347 345.49075 1841.9237 0.0038300504
552.2948 3385.9692 1054.9811 250.99533 0.0038260538
72.40406 3006.2322 143.33284 901.11676 0.0038218212
851.1917 724.4248 202.35625 206.15094 0.0038120362
691.1992 1969.4841 212.51826 204.96399 0.0038111415
536.2677 498.46118 883.87415 999.5639 0.0038022127
207.53535 1087.8628 123.97665 109.493706 0.0037923618
91.55094 2352.4624 187.13312 467.31982 0.0037918522
744.1615 2078.362 306.55344 327.59534 0.0037797005
608.6353 1724.552 181.43918 374.89056 0.003773911
19.39601 2134.5444 40.626736 907.96045 0.0037258978
22.282011 2180.077 48.9945 825.32544 0.0037239846
676.7765 471.7211 633.7996 957.8918 0.0037165585
189.78084 533.4181 241.53291 356.65576 0.0037099433
333.79495 1224.3123 540.1278 488.53162 0.003707984
883.34045 1965.6957 345.48593 524.97833 0.0036983974
805.9965 1971.3109 230.48972 191.81783 0.0036896002
955.1868 1143.284 56.69284 69.747826 0.0036760685
11.655271 2524.9492 23.230457 175.44653 0.0036760124
777.1369 1450.8225 363.08676 1280.24 0.0036736974
983.35645 987.50793 200.53983 2004.901 0.0036713853
31.976643 2066.7366 64.271545 1032.2755 0.003667573
603.6913 1848.1158 517.93195 843.5343 0.0036669213
229.6708 1135.0603 224.00333 222.53047 0.0036612586
983.52026 3301.2383 208.87859 417.15353 0.00365269
40.851048 79.98402 81.29724 156.37424 0.0036404342
949.9369 1530.5544 244.71687 933.1572 0.003639993
427.6786 207.93613 85.26047 103.90098 0.0036327702
538.70905 1321.8077 257.1577 340.7242 0.0036053977
5.693793 468.41644 12.243764 372.8823 0.0035899559
170.76228 2421.2761 338.44946 397.10562 0.0035706377
926.34 1448.28 243.45622 540.10785 0.0035622092
358.30945 1962.3469 204.73264 201.2683 0.003558327
43.308018 2082.5098 86.93482 378.85425 0.0035410207
835.0205 730.0836 289.65775 510.9189 0.003530269
436.731 2330.9607 655.9755 564.54285 0.0035297188
776.55316 1868.7306 203.3444 240.67941 0.0035291337
793.8234 1608.1707 508.34512 2759.3076 0.0035130354
72.47026 3053.2827 130.1546 812.644 0.0035065978
742.8953 822.2441 216.08835 197.14598 0.0035064695
273.17352 1457.751 520.0191 1175.4933 0.0035024963
696.86743 2082.1062 734.1683 2055.5454 0.0034907695
678.824 2013.0009 689.0155 1054.731 0.0034841427
908.099 604.5763 95.65314 138.77348 0.0034729342
813.7234 1723.7781 541.9468 3430.4717 0.0034654944
50.09321 3255.96 101.53884 436.84924 0.003453707
951.2937 1548.6227 238.92741 897.31024 0.0034475713
114.50457 205.13226 226.90038 404.2328 0.003445742
476.0493 2418.8176 695.58655 377.4954 0.0034427715
279.47574 389.4825 255.47955 389.47958 0.0034343873
403.41678 1758.5157 460.11935 904.14435 0.0034308722
784.3739 1272.7784 189.36607 274.58926 0.0034284908
542.2495 3419.283 998.8473 190.11484 0.0034269143
426.93646 2840.2395 871.8486 1029.5425 0.0034167822
1002.5374 303.92923 197.34601 613.14905 0.0034121624
838.1653 905.0176 281.30145 389.3223 0.0033768998
827.0147 2705.6067 444.08688 601.2302 0.0033606868
653.1902 2859.2632 678.2453 915.3449 0.0033518996
39.294178 3353.2866 79.95606 284.2461 0.0033444355
917.4914 1489.3381 297.91028 1016.0142 0.0033397248
203.37231 436.7463 162.78198 211.6505 0.0033319944
350.67633 1642.742 451.38995 917.5377 0.0033157147
278.67822 216.16116 542.91644 433.74152 0.003304138
441.6512 382.79138 821.2162 757.2747 0.0032944963
712.1449 2923.7634 706.33606 1172.3173 0.0032892928
523.9552 494.119 1022.0468 997.8408 0.003289191
346.03632 2279.076 174.53435 211.72853 0.0032842003
152.28818 667.9295 289.38226 744.9013 0.003279262
674.105 2059.7673 712.7768 1750.0779 0.0032758212
617.5383 2359.1433 611.69037 613.9636 0.003275091
829.9493 1482.2169 401.73032 669.5365 0.00325599
185.15405 1575.034 353.89175 1287.8583 0.0032525747
873.9726 1538.9568 361.4949 885.7218 0.003249693
947.81305 3042.2385 244.77542 454.83466 0.0032376372
339.08334 79.67866 408.29556 159.13779 0.0032343904
393.06107 1265.66 159.41772 250.12782 0.0032217233
490.1442 1311.9661 402.3223 1043.5669 0.0032202273
947.72296 2589.1274 285.1721 555.34186 0.0032192634
39.792877 2470.035 73.62699 231.13548 0.0032170087
995.8345 1685.7107 137.12825 177.99731 0.0032006924
706.1175 1224.9486 248.40147 723.9314 0.0031990544
526.4849 3352.4717 499.5106 316.34235 0.0031828573
409.3154 2233.7095 612.1759 635.61804 0.0031719275
1061.4382 308.11572 90.901985 624.7728 0.0031695748
800.74304 1285.1171 332.8146 668.8545 0.003164777
880.0535 3304.0254 441.48422 405.81198 0.0031481993
437.86752 1861.4889 298.243 323.91342 0.0031478119
666.2598 70.82228 539.8979 134.37851 0.0031410514
538.8844 1744.2205 1071.0007 3453.458 0.0031348509
813.15533 1439.0975 148.95245 233.07457 0.003130107
667.63934 3307.9248 474.2925 399.31082 0.00312459
558.9785 2464.447 961.09515 2124.8132 0.0031101967
84.89015 90.0659 167.23326 176.76901 0.0030988336
861.72614 1249.9841 405.83224 2557.4297 0.0030916857
736.5486 2997.6958 338.18903 511.89523 0.0030873942
684.9818 2141.8096 182.75267 206.74791 0.0030865974
728.0858 2665.4739 262.32095 354.4488 0.0030851278
960.2373 1398.6263 187.78847 585.4593 0.0030822312
892.2856 2823.1875 213.95076 350.2371 0.0030795347
624.9608 2273.8816 175.75294 216.82693 0.0030635989
287.97223 379.87265 225.34145 436.77725 0.0030334033
872.0737 2011.3875 176.36385 188.80235 0.0030332506
913.8894 3161.051 300.41995 679.465 0.0030283274
640.7841 1651.1533 159.83197 238.70508 0.003026636
652.0561 3248.3928 338.38782 423.90408 0.0030258868
78.293625 1161.4592 150.46048 360.8572 0.0030256507
627.93976 2993.232 596.69147 755.28815 0.0030202603
908.0365 636.9696 314.11136 1147.6573 0.0030091372
896.4359 2863.974 234.18158 325.9341 0.003006942
178.7218 548.6538 215.36641 403.04736 0.0029962228
309.2788 1614.543 246.89558 316.55695 0.0029961758
777.6957 2697.3257 294.7624 405.4522 0.0029756916
675.77295 3250.1838 730.7071 775.90283 0.0029752036
530.3559 1044.1842 559.0622 1497.901 0.0029411719
100.88132 1261.6345 194.20224 503.1365 0.002939542
439.68207 2215.8428 832.77563 690.38947 0.0029283895
129.23926 527.05994 208.90085 319.51718 0.0029238488
876.3105 3200.1606 397.16098 735.7793 0.002918868
780.5347 3439.5632 485.42578 139.93259 0.0029156487
42.752953 668.69305 84.83899 1347.4608 0.0029124136
409.2752 1193.8589 591.20984 1897.1409 0.0028987261
1004.42487 76.034996 207.6623 151.352 0.0028942656
682.8602 734.0977 133.20378 225.55107 0.0028909345
88.085526 627.30255 164.33214 488.19254 0.0028869966
188.25531 2846.372 352.46405 483.3837 0.002884616
702.03406 1474.8994 244.27153 417.50778 0.0028822112
528.93097 3467.1506 748.2887 103.26259 0.0028754906
448.80997 1846.6088 475.70132 738.08624 0.0028751788
310.00815 176.67412 584.65234 381.98105 0.0028653857
292.89728 1355.9761 218.90367 227.33449 0.002860421
397.12543 2411.5825 797.8381 366.837 0.0028600565
52.027992 3427.7344 98.77817 146.64238 0.0028574606
234.86977 1671.0543 139.52676 183.50516 0.002855562
960.6937 1141.0856 36.03409 50.72601 0.002852933
389.84354 110.66418 376.48785 216.09566 0.002831117
279.91415 1995.332 604.4593 2411.976 0.0028301736
727.12524 1829.9089 547.23926 1346.1339 0.0028245286
818.02344 2154.683 442.6188 630.4029 0.00280694
470.9334 2379.1929 139.91486 180.84953 0.0028063473
138.7759 1202.3091 174.30069 246.37645 0.0028056602
620.3303 1390.4812 65.96736 115.750175 0.0028029107
989.77075 1550.9209 160.15167 426.3098 0.002801357
646.53546 1781.7275 472.48746 1403.36 0.002799839
678.10004 1890.5126 336.8801 206.17662 0.002789698
153.72443 2495.6719 205.24039 211.39066 0.0027878839
68.49007 3313.7227 131.79877 376.32422 0.002784949
541.42017 1745.4432 1070.6259 3446.7227 0.0027830668
953.6956 1310.9548 246.62889 1377.5619 0.0027823772
803.8821 2277.792 465.27582 824.712 0.0027718048
365.12607 482.2793 170.1678 245.57079 0.0027488596
565.7006 2396.4915 123.03664 201.7019 0.002748734
552.12146 3201.7095 381.30392 508.79865 0.002747843
564.5509 2764.0332 246.25105 326.55768 0.0027451196
754.8486 3031.703 223.27911 358.50836 0.002734711
87.007645 741.5089 153.75809 477.19717 0.0027343817
369.07056 3434.9695 504.22903 153.75099 0.0027319917
7.577902 738.2557 15.228822 1094.5201 0.0027283463
73.05936 3372.0962 144.3696 294.72888 0.0027210072
1041.4791 3042.3406 122.11903 491.54388 0.0027151918
508.62073 1642.8865 424.89554 1252.9556 0.0026972855
828.0238 3266.827 260.8868 268.65417 0.0026943176
538.17316 1308.4149 1048.5952 2557.6719 0.0026930214
619.0402 2601.4668 225.85501 247.77249 0.0026890452
996.9166 3285.5935 155.51573 438.97833 0.0026793452
116.10065 883.7784 219.5759 571.688 0.0026788982
497.51172 3448.1858 217.63751 135.41872 0.002674313
279.7052 1090.794 80.61357 97.67434 0.0026659537
946.9228 2673.7434 215.34866 292.30933 0.0026636093
646.01324 372.2263 335.6461 269.70486 0.0026583693
513.83386 2785.912 410.81378 416.40515 0.0026552556
435.86398 2679.646 678.5071 710.20435 0.0026483196
502.67526 1670.6371 261.99973 271.94937 0.0026459743
331.03616 812.7099 154.55998 259.58957 0.0026429018
548.53516 2722.7883 290.5779 336.47284 0.0026426532
937.8559 1120.112 222.82553 483.1211 0.0026419433
451.52158 197.04099 834.6664 383.31464 0.0026281117
74.70489 2774.4177 145.99812 430.624 0.0026276319
926.4517 2129.3503 274.19482 600.6538 0.0026195017
661.4087 3330.179 251.07335 256.5939 0.0026161813
566.17487 2994.9595 1033.8129 738.9638 0.002612122
806.93475 2489.4778 316.0346 349.5689 0.0026093805
574.5761 2918.6545 956.3569 943.1934 0.0026003295
587.78503 3039.5435 705.2088 664.8391 0.0025995986
869.5065 3165.5898 372.52353 700.5228 0.002585333
607.09436 3087.0693 925.4558 843.2848 0.0025809312
1017.8533 604.2141 179.48067 1229.4615 0.0025808746
761.0242 2840.877 205.21709 320.73935 0.0025635932
995.5433 986.7189 194.25513 2018.8214 0.002562651
821.81445 1532.2008 477.57324 2862.156 0.0025558271
690.5246 2762.4358 237.46812 334.2914 0.002553312
552.9116 2595.1804 318.5014 552.40656 0.0025473044
203.32706 3440.2073 392.41064 135.37741 0.0025413178
795.2238 2641.5073 281.4407 399.76108 0.0025402843
798.46014 2874.9329 312.99774 266.41397 0.002538806
142.31989 3238.8428 259.66885 538.6735 0.0025377085
1029.5042 568.4614 154.07564 1162.6908 0.0025209505
833.8949 2658.8264 500.6958 857.8725 0.002517291
716.21674 2994.7983 211.1837 328.59567 0.0025096245
466.88702 1590.6836 975.30963 1943.3373 0.0025029487
69.19636 1296.7721 134.15312 316.40405 0.0024861996
782.98456 2399.7021 563.42664 1190.1838 0.0024818187
678.6994 495.35904 408.16562 502.1303 0.002476054
288.94635 1952.1438 571.94366 1150.1195 0.002474701
85.54487 3317.8252 158.78592 338.72632 0.0024678363
287.61874 1247.9745 142.0994 255.66162 0.0024587978
221.47665 3195.5283 424.58493 640.94336 0.0024534783
712.85876 1319.5901 180.3765 410.11392 0.0024453972
969.1629 3182.6963 205.73224 464.27844 0.002421189
822.8997 3397.161 470.4666 322.9571 0.0024193977
355.25763 2827.165 605.855 539.00323 0.0024182838
252.8173 2935.973 350.74854 546.99 0.0023909425
32.17404 513.9194 63.638027 300.48322 0.0023903672
502.94437 319.88522 1019.5355 624.6282 0.0023884464
695.1597 2356.8262 689.11127 1428.1147 0.0023869085
628.7886 2433.4497 365.85068 599.20496 0.002372009
331.3089 2665.2366 349.15707 373.23453 0.0023693363
363.84723 2014.0461 169.55713 191.6485 0.0023661747
868.40753 3392.207 430.116 240.92981 0.0023647682
692.5667 2834.2942 260.30875 262.87637 0.002363432
221.70528 2581.6196 273.42184 304.22675 0.0023580291
483.3371 2653.2405 932.38104 831.6116 0.0023560254
136.75885 847.18274 242.50021 426.07712 0.0023371386
37.744766 2404.561 78.09993 402.6998 0.0023266498
344.56036 2921.0774 436.92117 559.3632 0.0023164526
121.766914 3473.9817 223.74991 76.72484 0.0023149631
671.6048 3177.963 307.16824 387.8468 0.0022963064
370.81302 2672.6724 265.66513 258.72678 0.0022928067
953.0037 1533.7944 220.71706 890.1071 0.0022836102
963.0113 3338.2244 203.21217 331.66202 0.0022786863
625.13904 1684.1426 142.12589 198.25526 0.0022579245
29.719774 2442.324 61.132256 283.31113 0.0022261473
118.044754 3018.8276 227.6247 992.9994 0.0022162232
408.5611 2718.0774 544.995 553.9459 0.00221511
71.59913 3444.566 138.31625 161.243 0.0022047814
323.54065 105.79361 651.72577 209.54779 0.002199327
1026.5265 2458.256 172.8839 354.42743 0.0021988812
97.213455 3003.7925 179.15445 982.3632 0.002194904
639.654 2811.7844 412.84818 494.79355 0.0021940428
42.176468 653.5828 82.33646 332.91583 0.0021849049
18.080347 3438.014 48.353394 90.59664 0.0021819344
483.59988 2537.56 315.83044 541.83105 0.0021724456
604.6397 1944.7659 479.64236 936.38403 0.0021701409
889.3544 1954.527 376.39755 1015.53827 0.0021565056
997.1101 576.7793 135.98329 459.47305 0.0021531037
378.8708 2609.9668 531.8447 435.72784 0.0021524767
742.376 459.85385 293.38083 197.25894 0.0021504264
771.5002 2395.7937 209.67744 286.6048 0.002148153
1028.3768 2236.111 158.3768 471.21967 0.0021443171
689.4818 1567.1873 293.64685 649.61084 0.0021370822
879.9252 2472.707 286.1918 310.66827 0.0021353422
358.12753 2961.4363 341.64636 448.56183 0.00213411
1074.2814 517.0697 66.00665 682.2445 0.0021259766
269.15005 1264.9817 110.28338 174.98471 0.0021256902
782.9236 1935.6908 494.76196 1268.602 0.0021209146
896.7724 2290.2068 238.1052 359.49603 0.002117995
295.1169 1490.8762 330.58444 889.7318 0.002111823
682.33417 2047.8912 440.10205 725.1434 0.002105036
698.42926 2473.2253 184.46526 265.9966 0.0020982157
28.209454 1601.1653 65.086586 1374.8708 0.0020787774
1010.385 1180.4185 143.11644 1376.105 0.0020707892
972.9566 1548.0048 199.23627 881.9411 0.002059993
832.0805 2363.527 222.6431 292.65677 0.002058924
348.6123 3492.1204 282.8694 44.641445 0.0020554154
286.7996 1180.5834 335.57065 1421.4708 0.0020259724
154.15526 1080.6583 200.28152 279.43774 0.002025658
671.14276 1330.5779 334.90594 1720.7294 0.0020191784
338.3054 826.8483 676.3898 1552.1455 0.002018625
102.90228 3174.2751 174.54247 408.01706 0.0020058078
1029.0438 1113.0626 130.58513 1169.8262 0.0020008723
24.862514 1538.9078 50.17366 2238.013 0.0019802426
535.8515 1749.0187 1044.5894 3425.9897 0.0019691535
923.9014 189.39987 198.72197 385.3725 0.001968257
925.5927 168.93906 196.36893 345.60297 0.0019451864
70.820274 3214.757 134.51357 500.47864 0.001944569
1032.6621 1899.7008 81.739655 170.15105 0.0019296666
31.716372 1333.2726 62.91534 1745.5089 0.0019269054
1063.8013 1477.3121 73.23649 797.81085 0.0019143724
148.14365 3072.7358 239.23413 445.76044 0.0018945173
716.79913 525.14856 288.68115 252.97076 0.0018926365
1003.80566 743.8795 104.173416 294.0888 0.001888973
732.93195 693.733 430.491 390.29895 0.00188767
545.41736 1758.4749 1074.8856 3441.6384 0.0018819404
685.5443 543.5597 407.2517 315.4824 0.001881473
209.0464 3005.0308 217.37119 380.0735 0.0018740909
656.43085 1846.3934 432.67145 1038.7913 0.0018634383
927.0377 552.5917 223.14691 722.51624 0.0018628946
1044.0659 3382.043 89.84138 250.77408 0.0018555376
1057.2152 1936.1947 81.94581 464.38312 0.0018456709
1043.6715 1971.4462 120.83394 366.6386 0.0018250499
985.61536 2299.34 232.20572 412.6308 0.0018216469
300.08344 2948.1755 268.44012 454.0501 0.001797598
1060.1714 1441.551 74.02887 775.69366 0.001795755
329.92432 2077.2185 411.91357 485.09927 0.0017879487
971.7868 2206.8057 189.02731 323.5796 0.0017879009
1062.1992 1503.7764 83.575714 943.08215 0.0017739377
994.23926 1695.6354 175.04305 591.7884 0.0017648813
1057.2008 1281.4958 95.30793 466.8513 0.0017621992
953.8331 722.37146 284.72137 1453.0355 0.0017621439
960.85834 1766.5419 267.74493 1368.7734 0.0017617632
1051.635 2279.8933 101.3309 632.6485 0.001745654
1063.9343 1246.4286 79.117935 202.65596 0.0017393775
473.2864 1743.9575 941.92975 1938.9653 0.0017368896
1010.3266 1800.4614 78.90978 114.426735 0.0017185131
172.54655 2927.5369 192.33716 286.5109 0.0017156213
792.0771 1721.0137 518.3268 1281.6332 0.0017047898
329.57782 1238.7745 168.11745 1010.4481 0.0017046615
1061.928 1182.697 89.97952 1546.1091 0.0017028693
1061.1469 1157.556 92.40339 886.6815 0.001688604
1064.0408 2360.263 78.54822 736.24005 0.0016846362
191.55762 1049.4386 201.83244 225.41216 0.0016570181
707.51184 2675.682 510.6572 714.76715 0.001650505
739.7538 1552.914 321.02725 1391.94 0.0016462198
1059.5242 2407.5996 75.88991 392.4335 0.0016302462
496.95218 929.71655 578.8911 1018.4263 0.0016215105
1084.5204 3322.526 49.89009 358.8303 0.0016189805
1046.9763 2364.7651 124.60005 370.94302 0.0016106319
183.19699 1175.3406 480.10248 1738.8918 0.0015854859
915.9299 2574.6013 427.83875 1175.0375 0.0015816792
630.3204 647.6924 355.1701 754.5434 0.0015688199
1066.0145 1168.0026 81.31597 364.77402 0.0015347302
952.02545 3476.203 241.99025 159.86876 0.0015183801
186.78743 1320.2401 358.9181 2571.9653 0.0015095617
1049.1307 1287.1476 102.13602 224.5387 0.0014932303
1094.0022 3262.3223 18.712208 473.77698 0.0014913602
528.3386 229.87712 1055.3495 458.45334 0.001489494
478.54727 505.89282 909.716 1053.6012 0.0014816102
1083.9014 3268.0989 35.703728 463.9999 0.0014793292
1092.6946 2769.7964 22.924929 377.40576 0.0014729088
1069.232 3395.843 54.077915 214.7178 0.0014508138
939.14325 3324.769 345.74323 239.39449 0.001445223
216.69832 1681.7213 421.72046 1606.7109 0.0014451672
1053.645 3379.3262 117.11938 127.5912 0.0014384517
694.5705 651.35394 425.56097 349.27777 0.0014087724
1081.299 3405.353 42.09521 205.08368 0.0013976429
540.8673 1764.3978 1048.551 3335.4883 0.0013600619
894.89545 584.8824 223.21643 164.51259 0.0013334024
387.47543 1766.8097 304.2011 866.37823 0.0013182667
1079.6901 1351.4205 41.724422 590.5571 0.0013048756
1093.7695 3372.052 19.18107 270.1612 0.0012934892
844.0614 1509.2234 378.08832 1702.8093 0.0012892116
613.31305 1707.2847 267.59665 635.88153 0.0012877077
510.3278 773.29346 338.98062 1026.0511 0.0012772079
245.58147 1077.681 455.28778 1840.0046 0.0012731762
1068.9562 1767.1519 57.391514 198.66794 0.0012688966
1059.682 3356.343 84.44542 134.50323 0.0012665855
1069.9564 1689.192 58.362015 371.86755 0.0012653864
670.41284 3491.3494 973.29816 30.623566 0.0012619086
330.04184 2747.5425 851.7247 499.08124 0.0012554066
526.4213 1787.5834 803.15393 715.08527 0.0012492489
551.361 68.20932 1056.467 150.03708 0.0012429168
1095.0963 1736.0142 19.600822 720.6125 0.001234568
1080.1609 2152.4978 46.48439 494.2536 0.0012241855
675.9914 390.61624 194.6656 284.5904 0.0012103308
563.3045 3460.6704 747.56836 140.64508 0.0012075544
73.95981 2919.335 125.97797 848.16174 0.0011997586
1073.397 3471.3772 51.33713 87.61176 0.0011996244
548.8003 1777.2686 1036.238 3394.8218 0.001197826
1094.5979 3456.7559 38.97347 164.99695 0.0011883429
700.30396 1422.2932 360.76108 633.1621 0.0011881912
454.53036 2208.867 427.51605 339.2977 0.001167628
678.07825 1502.3159 331.54108 1303.3557 0.0011661862
713.9029 464.27127 466.51044 459.85757 0.0011599312
909.5332 1910.1433 59.871517 161.39626 0.0011555073
749.5592 353.52902 127.68463 238.9122 0.0011267135
529.67377 348.73038 1059.1306 665.80444 0.0011267043
1090.8684 3212.0757 25.403814 247.07645 0.0011233728
1091.1322 3409.5085 23.585606 195.67981 0.0011195196
1094.0416 3432.533 30.080076 138.75822 0.0011127902
1093.1903 2468.1807 23.14741 310.0777 0.0011032966
773.33417 583.8544 445.6856 640.12604 0.0010928821
522.0392 1513.4619 277.49042 2000.0316 0.0010862087
785.8517 1687.9012 426.35663 1596.306 0.0010766366
240.92981 1123.2452 527.62714 1870.7834 0.0010743467
545.5315 1784.4567 1046.2914 3339.0188 0.0010478806
648.2599 1150.3782 238.44269 1237.7505 0.0010437036
712.0351 1468.7754 396.6741 1020.892 0.0010233066
497.80685 1865.5854 362.63452 176.91177 0.0010115105
448.30368 1249.4154 233.65384 2055.2915 0.0009896411
536.2477 1665.668 488.30444 555.67175 0.0009699894
1095.8811 3364.584 19.03122 218.6075 0.00096906436
480.49304 530.3807 991.9937 1142.7925 0.00096698134
822.3533 3283.089 520.5749 452.87842 0.00094689656
1097.5045 3284.7266 13.291909 335.85513 0.00094338733
652.64056 489.7086 292.47818 355.4487 0.0008906467
479.2024 1656.8099 960.59186 2682.9473 0.00087777263
448.035 1551.3274 451.0555 1330.702 0.00087191584
986.1196 1953.8715 320.38388 634.0018 0.0008335222
575.4556 1096.4789 263.46396 1251.5071 0.0007726023
556.01434 758.2682 670.1883 1079.9873 0.0007724495
625.6168 2618.2036 862.8825 936.07623 0.0007668396
542.97394 1603.3535 384.1068 821.2272 0.0007432784
822.0356 1582.8453 433.0097 1662.1036 0.000732041
709.03406 1025.3033 359.90524 831.07104 0.0007276623
639.87695 3462.5898 713.8084 45.748085 0.0006794219
714.02313 1380.5356 515.36224 730.7465 0.0006290795
509.33472 1069.0304 790.1339 886.4777 0.0006227606
625.35535 3137.3198 833.7717 272.24197 0.000601579
937.6426 3494.7698 402.36792 62.363693 0.00047118025
