453.60468 1465.7113 897.0069 2030.6621 0.6939264
456.33487 1261.5776 901.5067 2442.0505 0.14296338
405.1713 1533.0637 787.40234 1493.9326 0.13071688
408.0007 1460.6448 748.11865 1285.4197 0.059068035
345.37933 1536.8135 658.7617 1452.18 0.05720063
418.37933 1569.7828 688.9667 1251.3018 0.048040915
407.2691 1628.7632 722.3847 1218.3805 0.040322803
373.76035 1420.8074 651.6664 1109.4312 0.030380048
385.608 1381.6528 687.999 1079.0083 0.028425608
454.5543 1465.3119 894.6319 2029.5212 0.02725762
14.17019 266.0493 27.180943 470.11365 0.025998717
281.32098 1282.9039 288.74026 257.9233 0.021454323
375.77 1566.3561 615.73816 982.6964 0.021203524
278.49634 1553.7885 533.6817 1454.5995 0.021071648
289.8318 1468.6545 544.1307 1251.7942 0.019926442
262.95764 1284.6014 206.78304 221.43327 0.017795702
442.52615 965.40283 159.26201 151.60324 0.016156746
292.58237 1424.4618 535.8285 1090.5771 0.01537543
452.56342 1038.3768 884.67084 1171.3735 0.015270489
404.015 1274.2452 731.7759 915.387 0.015106702
411.5324 1269.0779 769.5087 961.035 0.0148848975
263.55658 1308.5454 385.46204 377.26392 0.0147149395
403.28223 1410.8551 651.2356 1021.59 0.014407551
314.96353 1572.1493 538.5139 906.97656 0.014373213
354.48334 1338.2496 637.71313 998.4788 0.014332125
248.76169 1604.9978 479.19797 1574.5817 0.013836892
502.49203 1565.1592 566.4844 1009.1373 0.013574134
453.493 1359.0557 610.0791 937.4263 0.013277941
920.74756 1563.3529 81.33659 168.81621 0.013155349
696.2389 1561.2821 197.55133 224.45398 0.012984307
424.02023 1784.057 803.2721 1265.1578 0.0127954325
272.60052 1576.7006 502.14755 960.08514 0.012790128
525.737 1462.9791 568.3629 1175.5623 0.01253133
254.6004 1689.9115 483.21268 1148.9778 0.012455905
240.65215 1440.0513 458.99878 1258.2758 0.012072436
257.17926 1419.9172 412.37726 581.1054 0.011895233
543.5324 1425.2809 525.69366 1064.2751 0.011564934
511.76105 1615.2848 546.4112 994.0598 0.011177336
322.46368 1449.681 620.2646 1329.317 0.011059846
469.41 825.6613 915.0121 1596.4688 0.010780483
499.79593 1283.0387 586.91644 875.5868 0.0107342815
295.45294 2074.6904 559.8274 415.0834 0.010688634
319.4029 1530.0245 621.0014 1688.76 0.010639749
460.5319 1567.9738 529.1468 842.66754 0.010602634
310.08585 1112.9805 554.9512 585.8917 0.010601204
576.6624 1439.5415 524.37244 1195.3378 0.0103695905
350.9613 1445.7222 535.37585 818.36017 0.010347711
447.6454 1929.5242 875.0924 1089.2379 0.010214341
321.92587 1687.9469 606.8867 1212.4222 0.009995172
646.6083 1932.8185 266.4723 237.59743 0.009958463
488.32706 591.2181 967.59076 1160.6462 0.0098867845
219.59958 1624.9132 337.95584 426.0881 0.009841521
438.08545 1314.0244 811.54 1164.4396 0.009516475
277.7162 1013.4433 502.35837 452.77155 0.0093906205
314.3524 1351.4055 481.7142 694.9507 0.009212913
432.80594 1408.5056 607.60144 743.5887 0.009142041
387.062 1909.0995 739.4651 754.38257 0.009101137
357.51505 1266.0109 583.0298 765.8162 0.009053348
553.3437 1285.9661 516.27515 863.0136 0.009036167
570.5512 1541.922 545.44293 1073.112 0.0086999
258.76883 1571.8385 248.0068 260.12888 0.008610006
357.76328 1585.2645 650.2024 733.8627 0.008563539
569.03613 1469.4008 597.7844 1334.9136 0.008552082
389.3457 1244.0 533.50946 659.65106 0.008525104
459.70117 783.43506 902.11206 1492.7483 0.008385848
444.6881 2076.7966 872.469 810.2615 0.008274724
28.789158 267.56433 55.046314 485.3392 0.008208218
706.0486 1606.2572 175.21977 138.2126 0.008125047
614.92267 1751.8398 125.003654 147.61053 0.008099548
315.2025 1577.9712 140.52113 202.52061 0.008083776
210.01855 1746.8145 385.13696 719.04736 0.00790295
351.04437 1210.5656 653.91223 845.93787 0.007761168
494.42596 431.23584 978.2788 852.9999 0.0077579007
650.9732 1910.0237 339.0782 348.6018 0.0077546895
534.57935 1232.9434 650.589 887.1688 0.007667514
392.54892 1500.062 406.8646 970.69855 0.0076612076
278.15512 1350.0398 521.96387 1034.1127 0.0075761834
553.0138 1763.0289 549.8803 894.10284 0.007482465
556.2018 1794.33 523.0238 902.38873 0.007464691
458.3956 1027.918 899.85205 1873.1014 0.0074298563
457.98026 600.11 895.00104 1146.0441 0.007414726
566.33636 1707.6594 459.986 609.5685 0.0074008033
212.43726 1729.1299 382.66205 596.9516 0.0073834495
535.8288 1187.9038 408.30554 641.3333 0.007369316
256.45154 1044.133 408.44342 359.8429 0.007337753
218.17467 1760.454 379.71362 605.7296 0.007321645
435.39005 1450.3606 447.24634 745.0945 0.0072977194
587.5248 1560.8369 487.7492 862.92737 0.007289554
457.3618 1662.5842 451.43643 667.03064 0.007278162
471.45282 1506.1122 249.11295 316.1072 0.00727006
316.2278 2005.0898 605.13184 669.148 0.007163087
370.8221 1950.4744 544.1818 641.934 0.0071478398
526.50854 1122.149 708.22894 1120.0432 0.0070009967
379.40314 1176.98 681.9679 692.2672 0.006969318
179.14064 1005.3335 266.4471 274.76578 0.006968512
504.98672 1715.4432 373.33435 505.38446 0.006939785
539.8335 2015.3761 493.8417 443.54446 0.006858602
492.62833 1666.6978 373.68024 1096.2681 0.0068057617
812.33594 1415.7869 123.876656 221.63681 0.0067687794
334.3669 1191.1464 347.3482 432.72607 0.0067558535
404.67017 1652.263 444.71738 638.8993 0.0067528593
217.6329 1597.8301 352.8397 935.06714 0.006705124
361.36526 1210.3578 683.9821 1383.0187 0.0066597518
595.9376 1689.0605 411.30957 584.6785 0.0066583357
414.42703 1654.8365 499.0102 640.1761 0.0066357325
483.02786 1732.0089 519.0256 681.28674 0.006574288
387.29245 1093.3932 200.91533 230.67911 0.0065496042
500.1891 1107.5024 336.64017 481.92963 0.006532435
619.6263 1508.793 476.36368 1263.5214 0.006521841
347.37585 1389.2123 427.7441 741.00903 0.006517005
379.24948 1681.1788 392.51938 694.7341 0.0064716707
226.50159 696.46716 347.20865 318.86545 0.0064364374
371.1754 1454.0746 405.23608 537.8615 0.006428194
438.7713 1895.6218 523.7139 663.42596 0.0064214002
525.4054 1245.7787 690.15826 959.1451 0.006417054
574.31464 1979.5332 420.60098 373.43658 0.0064088446
489.93567 1367.1469 502.57568 654.91394 0.006400812
467.30402 1222.1143 618.4429 777.34015 0.0063683875
441.3707 807.92096 866.6719 716.4549 0.006357299
394.98294 1570.832 533.94037 913.01886 0.006353424
269.6043 728.0325 239.66812 237.67397 0.0063527348
625.73846 1501.2905 528.82263 1377.2671 0.006352446
579.0991 1679.67 529.67334 1131.2983 0.006350339
320.85898 1273.91 629.90216 2367.3943 0.006339838
42.422596 268.07465 81.257576 487.50055 0.006319747
373.8122 1538.092 379.90283 712.04834 0.0063128155
657.2028 1710.6853 306.6252 502.7789 0.0063113854
214.67584 660.1969 408.89386 404.44415 0.0063004317
355.5074 2078.8936 449.72214 388.77838 0.0062936763
422.33008 2118.3618 295.8438 250.46968 0.006286577
612.53094 1390.1414 547.962 1157.6438 0.006282765
235.38217 1590.7266 293.0657 266.071 0.0062759575
545.1658 1514.4548 458.22562 457.02884 0.006247795
429.52426 1960.1846 334.24713 434.47693 0.0061808433
523.2638 1875.5334 121.02728 146.13309 0.0061791213
608.39813 1230.4718 496.81143 769.62146 0.0061765746
487.1942 1044.067 250.43288 340.77756 0.0061583305
362.27008 1171.4205 642.71985 653.0448 0.006147399
237.49359 1681.7257 346.3156 709.18353 0.0061427336
278.58917 1781.2257 534.6062 966.32806 0.006132533
404.04483 2080.0923 343.88394 350.60898 0.006123971
355.3279 1574.5521 379.0368 753.79724 0.0061162673
440.87408 1162.9585 539.9679 626.8944 0.00611162
462.11935 1612.1869 401.34348 606.73145 0.0060922503
364.5052 943.55347 327.42307 255.77216 0.006080478
578.3343 1378.84 423.146 812.28534 0.006068312
584.34644 1376.4642 610.45496 1226.5594 0.0060019884
441.71088 1719.0358 431.1462 584.13165 0.0059842714
580.23883 1516.9175 551.2493 1363.8551 0.0059819007
616.2183 1186.46 491.76706 671.62054 0.00596948
496.19025 271.5288 980.384 536.3761 0.0059555247
515.99585 1179.0823 499.85843 699.54834 0.005932309
367.51755 1619.9192 420.15787 605.8927 0.0059182686
477.96848 1837.5658 269.86337 283.03546 0.0058942027
606.16797 1544.9573 580.2921 1478.1731 0.005873293
483.51654 1510.4548 154.06839 183.1904 0.005872895
565.39636 1689.4595 456.93253 567.6978 0.005864499
406.52966 1535.406 455.6722 576.12933 0.0058552125
244.05539 1738.5808 436.54352 731.7682 0.0058353613
700.3461 1870.25 268.2487 301.01987 0.0058271512
712.0492 1607.6056 296.8875 535.39905 0.0058063846
493.9847 1998.8202 616.32654 541.58905 0.0057934998
639.12256 1539.271 375.18652 724.2253 0.0057727075
602.04456 1165.9515 564.6228 952.65155 0.0057605607
337.64966 743.81854 652.2008 576.56854 0.00575524
272.3599 1846.5154 239.57516 365.88617 0.005751141
770.0433 1834.479 129.63814 204.88972 0.0057379836
325.4251 1869.1685 430.57886 829.6122 0.0057379724
443.17004 1674.9484 394.20947 545.6162 0.005716793
370.5554 1191.8828 393.03717 463.5292 0.0057090707
631.0477 1568.6239 519.49976 1467.0846 0.00567161
486.16434 1698.9604 387.0787 542.1615 0.0055445563
552.3445 1313.7197 664.883 1136.6925 0.005530925
568.13934 1349.5518 644.3622 1221.965 0.0054909354
743.83276 1583.7869 70.08867 77.48228 0.005472307
525.25903 1263.3401 426.111 725.87726 0.005468004
438.43134 1721.3291 500.33917 560.1084 0.005437856
259.2274 1956.2087 225.32788 248.80664 0.005424916
518.65106 1891.8722 528.7873 1112.0967 0.0054245144
361.35284 1283.3234 184.85977 242.3944 0.005405054
617.32776 1480.457 535.83276 1314.3906 0.0053888774
245.35056 1326.0576 435.8449 685.7885 0.0053845374
553.616 1448.8019 665.8577 1379.955 0.0053646676
476.1402 1595.9753 277.94766 499.96252 0.0053170095
383.11502 2090.444 740.86426 774.6401 0.0053167627
434.77835 1260.1444 550.465 680.11475 0.0053092404
261.9252 1766.5388 195.7211 256.20224 0.005294188
274.2477 2010.9098 332.29355 403.82693 0.005277785
588.0281 1222.4141 569.12067 834.92303 0.0052746995
604.8873 1175.4463 595.8756 1140.6898 0.005270913
561.917 1323.2772 392.33136 632.2147 0.0052670394
342.35583 1341.0199 669.21204 2196.8623 0.0052601406
630.8246 1734.3812 427.8061 705.19574 0.005247225
470.07053 448.46524 904.6589 856.333 0.005227589
645.12445 1221.3569 453.559 744.6107 0.005225279
622.27716 1341.0591 342.38245 621.7575 0.0052137338
413.66113 1481.4781 281.80396 367.04028 0.005178934
561.04956 1847.6738 428.0985 435.62198 0.0051708086
254.72005 1906.0957 493.82324 901.1481 0.0051643364
516.1197 1161.3015 457.94293 649.90424 0.005158448
475.7203 1277.3088 747.0967 1146.5182 0.0051522073
763.142 1855.091 68.310165 116.844315 0.0051506604
561.33386 1825.1898 240.31345 288.43353 0.0051448094
552.29 1564.0436 492.49274 635.2288 0.0051425253
297.5923 727.58606 366.11057 310.89447 0.005139043
539.9531 1763.2704 508.28833 573.6967 0.0051366007
300.01907 2185.2197 586.5594 577.1158 0.0051122643
761.0431 1858.1373 63.617966 109.177414 0.005096495
621.29517 1708.688 247.82234 310.8938 0.0050441045
559.6697 1769.1096 238.70537 241.5337 0.0050370716
465.48026 1250.2417 765.81775 996.5282 0.0050289384
699.72626 1463.1583 378.51154 976.7915 0.0050223675
546.26227 1231.077 565.9127 819.59656 0.0050204378
539.9869 1953.146 557.35034 631.6103 0.005010241
564.9812 1526.1605 413.52277 1226.1971 0.0049599004
594.5328 1795.8456 189.71869 225.47676 0.004955857
177.76697 1425.0391 345.59787 1180.1249 0.004954641
805.8846 1470.4861 176.18547 377.7775 0.0049435906
483.53394 1844.0667 162.77971 172.73035 0.004940453
579.9075 1338.5515 249.94844 345.6507 0.00492992
270.83908 2158.0864 529.2499 626.1651 0.0049199513
754.1296 1355.91 238.17957 366.33167 0.004919431
443.8022 1143.0911 864.49506 793.2819 0.0049096923
516.70026 1595.7915 403.64957 660.48883 0.004902946
444.95724 1860.5923 273.64444 316.16544 0.0048930473
328.3764 746.6753 631.3571 586.503 0.0048622973
645.4717 1537.1152 452.23364 1137.0887 0.004849488
273.20477 1956.9138 147.41057 180.80064 0.004846624
240.45581 1205.362 465.3549 2252.9172 0.0048343996
656.39264 1571.1824 480.5867 1429.0486 0.004830171
606.3833 1584.4717 328.49432 294.50226 0.004808806
676.2527 1410.3005 292.41394 510.1717 0.004759521
687.5036 1589.7963 387.85303 1047.5546 0.0047347937
437.17108 1568.8721 297.47733 524.2967 0.004709023
681.5364 1217.5045 390.1059 688.43896 0.0046994514
573.75275 1361.7546 633.87537 1191.0027 0.00469736
337.58813 2106.5896 310.78845 273.88345 0.0046927277
684.0255 1555.1643 433.0149 1427.7354 0.004689506
475.9703 2283.9749 941.0188 436.8154 0.0046817735
457.68195 2087.4377 211.83784 187.84148 0.004642148
526.8703 1741.356 354.36932 540.9032 0.004630848
739.29004 1522.0109 279.04327 355.42145 0.004577546
285.8798 1087.811 547.2872 659.5975 0.0045464314
683.2344 1346.1997 432.30765 989.4116 0.0045184903
439.11438 1958.7983 172.38217 196.07845 0.004501475
520.13794 1931.4474 494.76566 755.00183 0.0045008273
470.1572 964.7738 195.29356 209.77005 0.0044745672
447.6923 1195.0297 880.97894 903.5596 0.0044681276
501.72394 1949.8763 368.23053 497.72818 0.0044679153
568.4277 1827.489 480.36572 922.1073 0.0044608987
407.8836 865.06165 791.009 830.4389 0.004450952
761.7916 1588.9346 275.48785 667.40753 0.0044444557
728.90576 1563.9946 310.65796 722.08954 0.0044428506
314.7738 2027.8766 174.0841 215.46378 0.0043563056
685.9366 1618.4331 347.45874 527.2086 0.0043533593
154.39877 998.71533 194.41478 178.16264 0.0043348307
878.62415 1484.7168 190.21101 350.56644 0.0043220934
692.5888 1582.694 423.13202 1460.191 0.0042995736
307.2459 1667.8364 308.70163 527.0151 0.004278822
469.5595 1065.9667 433.50247 506.40213 0.004268662
500.31937 1964.5658 522.38763 547.7921 0.0042581824
720.24994 1214.2982 298.2132 606.71375 0.004241678
477.24057 2068.7869 148.14833 151.50916 0.00423124
246.5601 770.31665 474.86496 632.4929 0.0042225393
227.96198 1877.6257 368.83182 512.7697 0.0042184754
276.65924 2281.429 291.6224 260.3632 0.0042063366
819.48706 1448.9009 96.953964 154.53648 0.004179635
784.4339 1505.3887 216.49734 517.0224 0.004175261
588.2906 1996.7227 360.90808 518.462 0.0041281516
542.77 1331.2057 672.8644 1045.984 0.004126225
298.47235 1951.1754 477.18265 659.7747 0.0041257273
188.40422 1902.7344 361.4331 1031.4785 0.004118645
748.7247 1747.4453 193.28998 353.5391 0.0041151242
479.06613 1093.5055 555.21436 595.5817 0.0040697493
511.6423 1364.4065 300.35873 426.2072 0.00406899
615.3422 1243.8142 263.9491 443.32553 0.0040617017
528.64294 1552.008 175.96407 221.73341 0.004052921
470.1626 992.009 589.47955 756.19495 0.0040518725
646.85657 1761.9172 472.59302 747.4953 0.004044075
320.2933 1970.6227 399.3416 548.6107 0.0040188828
395.06705 1075.5939 738.12524 609.12866 0.0040025567
277.15176 2323.8994 539.74554 319.4805 0.003991065
132.15053 1602.571 252.52237 1737.1976 0.003986829
223.50107 2325.4668 361.33713 276.72604 0.0039799744
492.30643 1217.3945 731.7405 946.61426 0.003979037
223.09024 2263.0554 246.59604 188.12955 0.0039597023
486.8166 2364.5334 954.68195 279.92078 0.00394772
774.3943 1390.7177 190.69717 281.15738 0.003935867
576.98444 1160.2784 333.63852 564.4382 0.003924053
142.12175 1179.9539 260.38397 404.29755 0.0039076935
323.7102 2259.249 187.53418 196.2442 0.0038983836
650.2493 1606.7108 345.03638 1040.2743 0.0038185369
628.9456 1484.0891 563.60394 1690.389 0.0038151536
625.7524 1945.3738 446.74142 713.00696 0.003811424
118.77302 637.3234 224.83885 366.80878 0.0038034408
355.0365 738.9609 303.6371 279.0977 0.0038013891
739.9956 1347.4792 176.93196 271.7583 0.0037946356
645.1468 1579.7147 493.88202 1544.6827 0.003782409
386.5719 2047.7496 249.80655 371.10886 0.0037632822
562.2625 1118.4105 142.28154 208.27946 0.0037485408
932.0666 1492.7288 117.92743 337.33167 0.0037393335
564.1069 1531.7496 476.31003 1357.5923 0.0037292799
421.98337 1074.762 756.1747 633.83044 0.0037064569
514.1767 1699.4636 235.02087 413.44336 0.0036838152
351.38284 2014.2018 280.63474 415.4938 0.0036791277
581.1288 2073.8057 405.46536 527.7817 0.003672542
568.06995 1335.1979 553.3979 785.70953 0.00366604
170.27708 1229.2489 332.14856 2387.929 0.0036639539
735.9523 428.1043 501.55023 845.58795 0.0036554725
909.2913 1468.2993 154.94739 372.44528 0.0036496697
668.9083 1306.2764 164.58066 247.69577 0.0036432615
445.4968 1611.07 344.44427 597.7539 0.0036252816
419.90802 1766.9921 837.98175 916.6987 0.0036191018
587.31476 1853.8535 474.55518 481.19812 0.0036028207
343.9737 2120.0046 352.11926 234.57472 0.0036026547
620.4683 1733.1172 88.95204 99.06091 0.0036014689
822.9135 1584.8423 183.10323 633.7134 0.0035846294
655.66534 1559.6357 502.36972 1558.9303 0.0035708821
711.58905 1667.2699 369.49966 1073.8208 0.003558868
445.25696 1966.6802 252.59465 563.5181 0.0035483507
428.8397 2016.451 703.8742 581.56274 0.0035280671
602.4313 2046.8892 301.42923 427.9657 0.0035141574
470.32736 1542.9791 347.8325 697.28894 0.003513541
906.38495 1622.3309 150.33357 327.59583 0.0035102055
683.1077 1675.4164 408.2022 1251.3123 0.0034962508
461.55914 1540.8925 321.3788 613.2036 0.003454298
499.39725 1060.5646 214.40402 318.1615 0.00345321
461.62476 1831.331 182.4429 278.62473 0.003453031
450.34937 2070.655 167.56235 149.50697 0.0034491462
96.26121 268.22974 185.64754 483.27078 0.0034479399
352.04233 2174.8086 383.0771 452.78528 0.0034442914
333.65097 1011.8087 611.2754 461.34415 0.0034401875
180.0418 1093.486 346.8734 2097.1306 0.0034393033
465.61334 1881.5365 156.67781 150.90341 0.003431575
364.50793 2022.685 280.95767 414.1847 0.003419056
644.68787 1588.7052 286.57562 897.67926 0.003413945
113.342094 2364.938 217.386 236.12617 0.0034104912
402.54678 2343.1824 834.20404 320.849 0.003387289
137.09512 2339.9148 265.93582 291.2043 0.0033706594
493.97397 612.58264 970.60004 1211.0258 0.003369726
558.10547 1973.845 280.7165 501.51233 0.0033678494
389.60028 1680.2426 614.21533 957.526 0.0033629155
635.0226 1310.3871 530.308 1309.0891 0.00335815
220.87592 2290.4307 174.19814 160.01013 0.0033482667
217.86475 2070.525 223.9299 414.55536 0.0033356512
617.0225 1967.0288 342.39896 317.35455 0.0033303227
487.30267 757.97363 967.92413 1487.1797 0.0033244921
257.10175 2195.3877 234.18404 234.1046 0.0033069425
917.8538 1417.1562 141.91553 469.58557 0.003301719
431.108 2223.8083 200.1681 199.31784 0.0032928651
238.33513 1930.1594 125.24938 172.60674 0.0032830266
470.19342 1683.7484 243.37965 301.1279 0.0032778252
465.39825 1626.8236 183.09596 274.25317 0.0032739984
343.2646 2008.3168 154.25357 198.52493 0.0032712594
658.00397 1027.734 180.74977 287.63828 0.0032683315
194.34412 2101.3125 287.03275 309.48126 0.003256394
381.59134 983.6632 164.5638 185.82487 0.0032477798
787.15015 1469.7542 208.61424 336.94925 0.003227506
544.59326 904.75464 661.2371 807.14923 0.0032251566
506.80093 1682.482 144.68509 206.53534 0.0032084726
414.93417 764.45074 193.88245 183.1752 0.0032004095
679.1621 2026.7965 342.84677 560.9128 0.0031965906
762.5815 1595.9875 299.31317 1317.6163 0.0031849972
406.52234 1005.9647 448.48935 385.98465 0.0031839453
328.38693 2286.3398 447.63367 282.57648 0.0031725396
178.55869 2392.7695 271.18692 161.73883 0.003172428
365.88763 781.211 706.033 668.49384 0.0031470398
547.4821 1530.3198 222.71024 333.93005 0.0031440554
574.8806 1966.9528 359.5643 596.5974 0.0031387813
726.8989 1584.8352 384.50208 1321.424 0.0031330884
491.41342 2148.2942 199.06102 281.75702 0.0031208955
227.04692 1662.6001 424.2439 1235.4625 0.0031093173
462.31097 335.94287 889.37726 642.5806 0.0031082504
192.06009 1992.6005 219.95836 501.9661 0.0031044716
338.10022 1586.1039 269.06088 505.34525 0.0031029077
22.78784 436.25418 43.304657 828.2432 0.0031010527
388.5515 1559.0981 705.6784 1420.9938 0.0031003202
283.9072 1785.0787 176.59444 249.81381 0.003098549
534.01953 923.62274 726.07477 1531.3223 0.0030970844
273.73752 709.95654 535.5049 1350.2512 0.0030885437
843.05963 2364.9153 273.00507 276.8408 0.0030870906
532.97 2105.2031 139.51675 210.51306 0.0030776002
73.28341 2386.4548 139.55548 205.6755 0.003057106
759.08527 708.3078 456.55243 1439.287 0.0030531497
578.5335 1826.0217 392.39584 1120.3588 0.003050608
497.24506 1798.4514 195.45949 227.54692 0.003047638
545.5154 1342.4083 198.42355 328.40802 0.0030299746
522.30505 2266.9946 265.56662 315.98932 0.0030230123
809.55225 804.63495 356.98438 1639.9674 0.003008129
215.09181 982.6878 404.355 449.2067 0.0030015293
278.56213 2378.334 194.13235 179.30075 0.0030012366
423.45786 2289.8813 535.5081 398.16183 0.0029945623
336.81458 2119.5588 339.6177 182.46373 0.002994138
791.2324 263.34232 391.4514 508.5379 0.0029861392
679.3504 1918.7766 214.12262 305.6377 0.0029803722
453.85938 1782.3956 183.40018 289.92508 0.00297572
425.47568 2222.3 805.64966 538.734 0.0029732026
451.9195 1086.5302 610.7325 544.92914 0.002969647
821.48303 248.9533 278.8216 336.26926 0.0029666598
570.47174 1985.8398 385.83832 312.3953 0.0029561834
42.51173 438.76123 82.64444 832.86786 0.0029533752
722.646 1803.5687 370.3996 1000.26276 0.002940077
459.58167 2223.6824 219.4933 257.4659 0.0029393057
554.6565 2067.103 136.41507 212.91902 0.0029322265
237.10826 2324.499 452.14514 324.38034 0.0029272076
709.9058 505.9223 555.6016 1015.8185 0.0029266356
749.93976 1672.3995 337.02322 934.33734 0.0029237487
279.1791 464.0905 551.03925 862.2986 0.0029198604
610.7073 1765.4703 103.21411 135.20934 0.0029133265
190.23503 2149.7805 297.3288 260.70126 0.0029102445
501.96945 271.5522 978.85046 546.0403 0.0028883214
535.5563 1972.1434 133.34973 188.2397 0.0028846448
429.18515 2166.5127 144.81807 215.45949 0.0028808643
451.07214 2032.5741 121.83116 120.28437 0.0028662167
448.06393 1783.8514 169.86398 273.14093 0.0028653555
581.20917 2097.3455 108.04029 192.87007 0.0028535502
818.08936 1534.9631 227.94365 847.8742 0.0028515793
289.49826 1010.4892 253.79207 236.47665 0.0028460259
838.4172 2305.696 291.94092 397.4313 0.002832543
600.0593 1459.2577 139.29787 222.53033 0.002831322
671.3777 1819.3502 352.03647 670.02454 0.0028267133
142.40431 2184.5508 245.94218 239.49449 0.0028224303
610.51746 961.42084 219.1511 310.59064 0.0028210576
218.79373 676.8249 422.477 1303.8439 0.0028160145
564.4406 820.1137 585.86646 644.1627 0.0028156664
359.96225 2032.5919 150.35062 177.24327 0.0028132028
722.03357 1328.4497 158.85493 247.42455 0.0028075993
255.55591 1855.9316 169.93823 186.96075 0.002802046
326.78204 2271.6904 254.01477 281.3456 0.0027964727
468.00574 1246.9498 917.3268 2470.352 0.0027846207
858.0716 2367.3562 252.55579 276.11832 0.0027785683
463.8517 716.04376 897.9156 1190.4482 0.0027780107
442.39413 763.3125 855.91705 1430.0795 0.0027716164
355.39932 1633.5677 256.94882 430.6766 0.002769174
428.8187 2276.6675 137.79405 142.00287 0.0027632574
816.19464 598.98914 344.80927 1156.1868 0.0027615144
681.7019 2039.8899 371.70782 546.71484 0.0027585456
347.58084 1978.5891 341.06088 536.5032 0.0027505753
727.134 1716.2839 368.88446 1463.0804 0.0027397873
519.5861 1465.33 241.44574 420.39136 0.002738163
636.36163 1633.2368 280.13715 1002.4069 0.0027267882
853.01013 1988.1014 254.03935 1019.4202 0.002717463
323.1049 2352.6648 149.1448 135.59859 0.0027166023
398.0382 1531.8853 294.33044 356.15945 0.0027139294
829.12976 1696.7147 150.5336 344.9975 0.0027113662
24.310215 495.95035 46.016743 944.04 0.0027053156
472.238 1668.4011 215.35846 383.59583 0.0027050276
50.664753 563.30194 97.435074 1137.8258 0.0027031
845.45166 1279.7552 277.03024 704.5641 0.0026993772
173.83365 2110.7507 244.24385 248.46169 0.0026977975
353.11612 463.7569 703.3784 857.9976 0.0026976394
442.0277 968.1226 108.27746 109.98761 0.0026874025
344.3113 1006.7167 605.9528 459.00787 0.0026859255
610.2144 2226.7808 140.94528 191.71738 0.0026783044
576.78284 2172.4504 235.6753 297.34082 0.0026754416
748.9657 1653.5061 305.65112 1134.1779 0.002673957
46.791824 557.4307 90.44983 1110.3434 0.002672673
406.40454 1088.6967 784.55756 616.32996 0.0026721582
448.05035 2102.9985 234.09578 400.67886 0.0026710911
281.2764 2348.1956 559.47595 292.47623 0.0026622708
870.16296 1811.632 235.60294 623.3282 0.0026608442
130.48744 2155.713 240.78346 511.64893 0.0026578333
171.9487 274.05316 335.18375 487.01254 0.0026531164
481.62796 1936.8011 161.51747 205.78601 0.00265099
873.5781 1664.029 222.66246 780.7169 0.0026502172
688.19653 770.24445 567.3932 1570.727 0.0026460383
919.42444 1818.0228 147.48274 722.1013 0.0026444672
217.80476 1243.1641 427.30316 878.54315 0.0026432376
55.643948 254.40271 105.48326 455.04593 0.0026425123
828.55096 1588.2921 166.47195 505.48883 0.0026418536
828.68933 386.5598 314.65298 771.6143 0.0026334142
613.9769 2014.2887 131.9811 217.54971 0.002633085
457.21756 1471.224 893.3864 2017.6737 0.0026200274
690.1162 1947.4047 360.671 567.8297 0.0026087884
752.5061 1347.695 223.42531 381.48544 0.002605712
716.0123 1996.874 319.65045 521.01404 0.0026048536
490.92603 1669.7797 220.40948 335.33835 0.0025995665
290.3821 1998.2963 135.41197 181.5024 0.0025976286
511.2361 2086.1274 188.44644 271.8443 0.0025971096
12.616562 333.88428 24.126335 296.89102 0.0025944393
852.90076 1674.9546 226.39476 381.01038 0.0025867205
582.35974 902.4646 172.05005 196.99779 0.0025861703
241.9076 2379.1897 469.53168 217.78937 0.0025737113
562.25653 1808.7007 153.24326 206.63185 0.0025722587
280.9352 1960.6295 253.16994 592.5912 0.0025687695
158.64543 955.01215 292.59564 399.18665 0.0025518516
532.54987 8.19915 961.71716 16.083525 0.0025445519
733.06995 1635.4667 102.83535 164.16443 0.0025407705
702.0374 1513.0532 200.21767 413.51 0.0025368107
564.46936 1666.5087 295.27798 308.86087 0.0025338624
928.7773 1862.3058 127.19419 896.4447 0.002513103
832.00684 2403.7302 168.57538 181.04146 0.0025086398
451.23608 831.8519 902.3384 1643.171 0.0025024144
683.98865 2043.3236 392.81662 691.61017 0.0024985585
450.77646 1600.468 311.9596 375.43216 0.0024984991
190.56099 432.51523 375.53424 792.0898 0.0024752615
734.1257 1877.1718 160.66144 271.07727 0.0024702074
914.8268 1847.5334 154.78224 744.7846 0.00246859
491.8006 331.649 924.7659 670.4024 0.0024571784
601.35046 2281.5774 180.5555 225.93904 0.002455983
665.14294 1612.52 380.1963 1513.1472 0.0024486575
494.97195 2188.169 186.16275 259.46225 0.0024413283
621.17267 1852.5222 335.1467 878.3553 0.0024407557
776.39044 2398.3328 177.32999 191.26349 0.0024332162
540.64606 2240.555 105.33789 153.29538 0.002431623
167.37257 2412.793 318.73923 141.66534 0.0024315512
502.21515 110.92192 977.2843 219.05946 0.002431239
426.23874 927.39484 806.8202 731.16907 0.0024257773
42.596172 2382.201 75.95751 200.45714 0.0024247193
588.67847 1060.9253 417.27588 566.27484 0.0024232804
739.8084 1720.3224 387.4396 1160.7319 0.0024213768
912.86383 2075.9287 155.32346 335.1311 0.0024198156
472.86584 1855.693 154.68126 225.97028 0.0024196832
632.75775 1200.9115 482.2431 851.16266 0.0024119848
325.5636 2343.749 664.2073 307.48242 0.0024065902
884.05786 2291.2344 211.59978 427.58066 0.002403946
907.0988 2374.756 173.10527 263.99475 0.0024024758
499.4973 2311.2278 194.51573 135.48247 0.0023921838
311.32672 1474.637 194.73738 298.7527 0.0023888224
225.40518 2351.754 290.907 264.213 0.0023874957
516.53564 1106.9957 725.26154 907.33057 0.0023841236
454.282 1467.7228 892.6533 2016.4421 0.0023782856
114.743904 405.07843 224.62129 744.24585 0.0023758104
820.113 1600.99 230.92996 992.32965 0.0023725599
904.6435 2093.0085 171.94464 461.3497 0.0023677894
562.5675 1846.9647 160.18134 260.3182 0.0023507804
556.72235 1415.498 183.75774 260.38116 0.0023503487
484.01608 1386.7842 136.44267 162.3053 0.00234787
369.34116 705.27386 184.00716 154.99785 0.0023471632
501.4427 40.810627 949.9388 83.35421 0.0023468784
574.931 2262.172 503.1195 456.99393 0.0023457957
241.59714 421.21945 485.30188 794.6043 0.0023437534
262.30994 1693.3793 217.60225 286.65005 0.002338491
835.8571 1459.848 126.365166 231.98537 0.0023369207
168.15353 1878.7072 282.55228 437.49536 0.0023363426
211.51039 1773.3416 230.88791 287.03592 0.002326424
371.618 2025.5609 123.79916 166.28273 0.002318995
607.4963 791.92993 212.7704 265.913 0.0023154744
816.8272 1501.733 303.13416 1062.5715 0.002314722
156.3901 436.65744 306.54068 806.70795 0.002314471
868.59705 2088.832 233.78404 707.12195 0.0023134856
104.91212 250.04509 203.90602 444.48288 0.0023121005
250.41954 2010.44 148.04192 176.44444 0.0023028716
847.0528 1691.69 257.07846 707.9691 0.00230006
904.19165 2189.2915 167.25972 606.4601 0.0022999067
599.7325 1298.9355 599.9098 1187.1709 0.0022995828
493.18964 135.75046 947.4789 270.82684 0.0022961218
786.5444 1852.3243 101.11258 174.8688 0.0022906598
636.5502 1891.5149 329.02722 820.3758 0.0022902535
559.9646 1559.6775 406.3993 1259.7452 0.0022893024
863.68896 2151.7935 244.62718 415.7769 0.0022883704
237.19547 23.360538 305.7041 44.53988 0.0022862563
493.54276 1263.4202 981.8597 2442.9314 0.0022857634
834.71954 1655.0929 124.61121 249.53789 0.002282712
541.3515 2196.5098 556.378 713.50806 0.0022750208
272.23907 346.84274 533.00287 634.0939 0.0022734618
899.55176 2163.2146 173.73344 256.98495 0.002272896
465.23193 1606.5331 130.73167 177.31636 0.0022693768
797.60266 2338.3645 373.66528 335.5861 0.002264486
284.831 1922.1782 94.08642 133.32463 0.002262567
612.73083 176.80605 314.58942 321.77 0.00226209
504.62604 2093.3364 339.352 377.55576 0.0022603376
594.9906 2202.68 246.21112 413.8923 0.002259858
374.38992 26.133461 282.36563 51.657356 0.002256782
226.15657 1913.3353 278.94647 333.10098 0.0022493578
547.8821 2348.0652 445.35428 304.5359 0.002244371
774.3856 2120.8 375.82727 713.05707 0.0022394327
923.3573 1279.4558 137.13422 731.28735 0.002238969
466.65567 2353.7993 224.83919 196.99443 0.0022374112
684.28723 925.7186 444.5389 571.89014 0.0022236323
911.2955 1675.9379 161.77875 1681.1224 0.0022212819
394.62283 2381.4084 216.56227 154.67285 0.0022202537
401.54565 2370.1216 776.36395 321.71512 0.002212661
643.35754 1094.6418 515.8711 1840.7134 0.0022064238
323.56503 2379.2422 681.35004 246.94366 0.002206027
854.0003 363.06644 214.95891 334.98972 0.002196444
918.49835 1928.1254 141.52647 498.17007 0.0021873855
716.5601 1597.1829 77.89872 87.80515 0.0021786771
913.2907 44.60871 155.45619 85.09318 0.0021708566
711.4487 1348.8735 489.53046 1007.9333 0.00216903
929.5096 2357.346 116.24683 296.5104 0.0021526662
483.6848 649.1251 947.90454 1259.0787 0.0021492306
437.10205 1148.1765 768.63995 1079.5872 0.0021441295
955.20856 1677.1715 94.73535 906.58765 0.0021390773
846.0362 2365.095 160.4395 209.4361 0.0021361185
920.55865 2156.606 134.99077 450.5773 0.0021299953
936.84705 2383.577 100.972885 242.64699 0.0021296174
853.80585 1858.0142 256.36697 569.9216 0.0021237582
923.6083 2336.188 114.75392 343.38245 0.0021236956
681.98773 2105.1165 135.08784 193.93472 0.0021184343
896.14935 2221.5872 166.228 402.29123 0.0021182145
598.2917 2431.5784 315.44577 140.56088 0.0021152897
247.23697 1517.589 233.35495 173.76273 0.0021134657
871.5678 2127.7195 228.72298 666.269 0.0021125115
875.9633 2348.5754 207.95969 315.22223 0.0021108666
723.94366 2404.316 248.56891 195.5586 0.0021086843
588.64545 2424.887 150.5288 149.3929 0.0021041047
907.9994 2272.886 164.1077 275.4844 0.002101693
917.09076 2281.154 160.14876 331.06824 0.0021015853
251.6704 2389.0034 462.24585 213.05774 0.002092662
472.4442 1028.673 948.735 1156.271 0.00209017
920.2254 2131.2593 130.49059 766.4472 0.0020791492
619.8388 2260.5496 135.7612 167.40317 0.0020765658
694.2349 2250.335 198.40558 232.97836 0.002072189
570.1116 2220.976 569.56287 542.0634 0.0020654348
397.1902 701.3153 228.65561 218.33632 0.002065366
104.887 708.12866 173.87294 188.63019 0.0020555584
266.80792 647.21155 521.8868 375.39258 0.0020489283
655.07715 2146.6929 342.8348 521.76337 0.002048279
899.7007 2066.317 168.95815 648.8469 0.002044526
730.70044 1335.3254 445.49243 1319.4702 0.0020439492
634.19946 2435.4402 191.11957 146.86928 0.0020408381
769.4444 2001.359 196.94287 350.34622 0.002037023
43.719307 264.8469 78.01499 477.7948 0.002035339
927.94293 1532.9874 134.16376 583.0532 0.002033877
877.1405 454.4295 226.5114 866.52374 0.002030388
608.0449 2175.6558 87.43745 152.68398 0.0020269675
419.73215 2390.2131 522.6861 214.89734 0.0020240354
925.763 1955.3787 135.50801 461.46368 0.0020227327
784.2139 2271.8105 201.52135 197.3153 0.00202257
348.84497 2376.7358 718.0787 255.39232 0.0020178603
865.6039 2406.9978 149.45393 176.03096 0.0020122295
525.13696 1641.2056 203.77577 386.427 0.0020090777
117.68221 1728.7446 228.77065 1508.4934 0.0020023144
548.335 2147.9036 81.18733 136.014 0.0020001726
694.8467 2039.2063 186.41562 205.0213 0.0019982727
593.41425 2286.49 204.88434 311.2858 0.0019962005
931.30707 1707.1042 126.17739 1037.3757 0.0019942315
184.073 1292.815 218.30075 317.28714 0.0019906387
102.43449 2452.7373 199.53448 102.98304 0.001988622
660.945 789.7546 440.52164 461.37875 0.0019860684
663.6486 2418.492 341.90256 169.19922 0.0019779182
625.0984 2404.9531 177.37749 170.34534 0.0019724586
634.95105 2226.5486 269.5771 326.90207 0.0019655135
859.3576 832.04596 249.60736 481.70667 0.0019653281
934.7664 1442.1892 116.70595 386.06473 0.0019650897
268.95596 2340.0437 310.23566 369.36304 0.0019648962
916.83606 1614.164 152.95024 1203.438 0.00196016
631.41034 2269.09 157.31667 251.78575 0.0019506653
477.29327 2380.7432 198.07356 158.37856 0.0019479166
784.6716 2430.895 175.08902 148.54474 0.001945941
851.126 2233.166 226.82507 345.06702 0.001939615
914.4629 2277.0173 144.80052 457.3261 0.001938264
832.6879 2162.0305 211.2207 254.48924 0.0019357657
802.0105 2269.4282 146.80267 232.68652 0.0019345944
903.92786 2261.7827 146.16275 484.3643 0.0019281675
945.61554 114.15417 77.06107 228.35605 0.001926037
797.7473 75.942345 376.45334 151.35413 0.0019253963
927.885 2402.092 159.2318 200.25304 0.0019224233
444.1628 825.82416 889.02637 1567.0209 0.0019207206
967.0281 2279.0728 77.95665 434.4483 0.0019138586
894.4628 193.0235 150.19681 346.7907 0.0019101386
284.97488 1551.5155 137.2472 202.55925 0.0019050175
935.0147 1911.145 110.94647 308.33377 0.0019047707
544.0828 1834.1503 297.10742 720.38965 0.0019034243
627.4109 810.8481 163.3123 201.51883 0.0019003475
40.70683 341.07404 76.28848 309.93646 0.0018994478
621.86725 1210.1444 573.452 814.55676 0.0018983858
692.81757 2408.6797 207.81036 183.34138 0.0018980951
857.02094 1852.6617 230.61052 448.02084 0.0018979749
856.53516 2136.638 250.53606 700.52484 0.0018957785
806.1605 1981.1614 283.24158 588.6285 0.0018945275
658.5948 1298.4841 564.17456 1284.7319 0.0018944264
789.0576 2402.6375 172.44337 178.06372 0.0018926816
851.058 62.266575 270.2579 122.33061 0.0018909565
411.60208 338.8684 194.26547 203.22682 0.0018886171
9.492821 338.2358 16.89461 297.455 0.0018830955
881.14264 2453.1526 216.28433 103.981865 0.001881843
797.84784 1159.4524 355.5893 613.54456 0.0018814416
178.57254 713.6492 351.1356 1286.9253 0.0018786401
728.04285 886.2045 377.77734 424.2155 0.0018747654
665.52075 90.449 625.7331 181.5071 0.0018743817
223.51445 221.3906 243.2626 276.67737 0.0018653851
935.5992 2148.9019 127.69542 306.51437 0.0018543219
481.19193 176.83377 861.24915 471.19217 0.0018486353
867.44183 1156.1317 236.13318 444.6848 0.0018439586
645.5414 2243.3474 110.35876 149.62717 0.0018438806
433.75397 1237.2825 822.7569 1013.13666 0.001842727
661.0437 2373.1077 169.36893 199.47896 0.0018393656
419.37103 1993.1348 563.9336 541.12274 0.0018390284
393.4014 410.73828 282.41132 339.83813 0.001835189
867.6177 2447.256 177.68622 118.01298 0.0018336654
942.7301 2026.9313 95.042404 324.5109 0.0018311911
930.5933 2405.3752 166.6031 197.807 0.0018211199
964.0523 2136.2908 65.55954 597.4014 0.0018202481
864.2582 1180.6451 251.1636 2396.9954 0.0018193861
938.71277 2151.7593 99.90493 310.03998 0.0018192062
631.4902 2367.3462 286.585 267.9134 0.0018142323
459.17117 1247.5234 904.9559 2451.3972 0.0018068202
522.21405 317.79672 318.83563 371.45065 0.0018067437
130.49774 31.914654 248.31712 60.364388 0.0018044681
960.47943 2388.0115 56.31641 234.64429 0.0018005848
855.1751 1437.669 192.79094 436.2226 0.0017988356
434.50937 364.68195 208.90895 209.15039 0.0017984881
733.0861 2182.6426 228.56067 366.2819 0.0017974252
803.5514 962.127 370.193 762.17505 0.0017953987
708.102 2467.8306 218.12819 78.653244 0.0017910029
667.04956 2398.7837 211.61163 201.65688 0.0017900944
948.3771 1816.919 94.48773 389.71375 0.0017892444
834.8178 682.40283 288.96725 438.7065 0.0017847015
846.4706 2140.4019 155.34431 181.58353 0.0017800591
271.45615 696.4789 522.4583 488.64218 0.0017766452
919.4572 2369.583 115.24182 266.58487 0.0017710229
731.1431 2092.8813 135.58221 196.79784 0.0017706611
830.1679 2234.1448 271.64005 444.5814 0.0017694598
782.8773 2245.4597 194.98189 299.21912 0.0017692762
842.6733 1716.3711 264.95563 1087.6552 0.0017564822
957.2769 2354.8477 80.40956 304.27704 0.0017559554
971.5163 2122.595 58.771538 654.01227 0.001750766
757.82166 2044.0662 188.3901 479.78122 0.0017499761
936.415 2294.1658 108.98381 432.9385 0.0017470821
470.32654 2442.7676 208.07996 112.533646 0.0017469665
876.80927 2421.216 219.00542 172.77669 0.0017468068
920.41675 1166.0089 144.35641 370.534 0.001746304
927.7809 2209.5562 116.92486 286.54263 0.0017415954
392.0249 2463.079 689.92316 86.89828 0.0017392294
781.15894 2236.6953 256.19028 498.02496 0.0017381103
945.82404 1824.0718 98.06334 358.0533 0.001736558
295.08258 2433.4575 229.56679 94.29262 0.0017344416
691.7402 2314.1538 153.71971 148.82399 0.0017318865
626.7116 2399.3516 111.6685 173.22882 0.001729653
827.0568 2459.871 175.92322 96.20013 0.0017253425
347.57803 1450.6274 468.38535 445.0311 0.0017197316
789.04425 2454.7551 193.71347 105.797264 0.0017167396
908.4439 2288.0657 141.93242 377.7111 0.0017145942
766.2293 1614.7955 353.0177 1342.1118 0.0017144417
787.7062 1653.9823 376.2042 1628.9492 0.0017123797
922.7836 2213.6963 117.59055 263.6734 0.0017109686
292.1268 903.8749 416.4109 281.34454 0.0017099865
854.0713 2447.5696 149.08957 128.1692 0.0017080846
483.32913 306.9056 923.3749 782.77875 0.0017074626
944.2409 1938.9398 108.024414 303.41608 0.0016953616
619.39185 2426.4023 164.38983 152.43114 0.0016922856
859.0041 551.3236 216.60844 391.1832 0.0016912653
89.01133 2484.0122 164.3383 46.839104 0.0016816821
584.79987 1228.4054 581.5612 777.43475 0.0016798873
556.0847 375.46246 414.4444 391.1219 0.0016790064
684.83514 1142.7961 448.2834 777.0302 0.0016780044
485.98468 1507.1877 391.85458 1089.0636 0.0016640296
397.46216 927.03784 803.0788 935.2393 0.0016619159
784.3192 1671.7194 354.24295 1255.8333 0.0016595686
722.3588 2340.1453 159.89987 195.88155 0.0016548061
802.05695 2464.1292 178.30461 222.96774 0.0016523484
900.93365 1787.6526 124.06504 259.19113 0.0016486893
647.6592 2431.0994 241.62434 153.1091 0.0016485694
782.4075 2223.0437 147.23062 185.5477 0.0016466476
718.57965 2353.9094 149.87935 206.25012 0.001646273
643.1485 2352.9097 176.80116 245.00026 0.0016459556
24.735191 125.90541 47.276936 198.7 0.0016455624
771.165 1098.2932 413.073 1078.48 0.0016416891
651.0235 2333.0952 165.96442 227.49976 0.0016239092
304.38812 2475.8528 390.8962 116.85857 0.0016215838
502.4018 376.78238 392.31232 345.8908 0.001617918
867.31287 758.5945 207.29692 386.56924 0.0016124148
434.9585 1087.667 850.52856 666.0173 0.0016089841
939.07587 2384.5437 103.8382 242.16205 0.0016083285
25.069855 647.6307 49.041172 364.68106 0.0016035578
951.90674 2067.867 80.2372 281.40863 0.0015994682
942.8576 316.87207 102.488396 651.71313 0.0015858753
420.19464 2482.4802 492.5571 46.331356 0.0015848685
883.43536 655.7704 185.89685 531.13324 0.0015847085
944.1927 1859.2697 95.88628 286.01492 0.0015830556
869.12195 2465.7559 205.18414 65.8142 0.0015773148
469.98157 2432.3345 153.78204 150.78967 0.0015745867
429.89352 1759.4585 221.69125 451.76938 0.0015737602
949.41895 2412.5364 70.843124 187.71407 0.0015736994
486.85995 430.29532 190.37057 178.32085 0.0015712626
416.17746 2451.2312 296.11365 99.72953 0.001558625
952.63293 477.82748 77.75724 957.97046 0.0015486926
146.64815 1182.4427 287.23907 655.87006 0.001547181
462.01868 1901.208 209.35715 379.4579 0.0015450133
827.74445 2452.3457 142.40582 122.15984 0.0015413968
958.9998 1715.5212 78.95321 422.24454 0.0015388627
606.0966 1437.5563 598.8947 1109.6794 0.0015301767
635.3817 2459.0203 210.37679 103.77934 0.0015291419
722.40155 2076.7952 321.6177 599.649 0.0015275651
961.2768 1560.9845 65.63043 177.04779 0.0015234316
453.2607 634.9123 825.0626 805.5988 0.0015117783
557.21967 1233.5198 221.6838 377.2575 0.0015100382
106.55287 70.22819 204.22676 139.07974 0.0015086749
124.021286 106.19661 242.04738 208.43172 0.0015004863
679.1655 2463.094 265.68173 92.8048 0.0014850915
754.62244 2046.5249 108.77599 198.70715 0.0014843597
441.733 1895.5024 241.65617 385.9271 0.0014837555
573.80615 2409.495 142.8573 165.78423 0.001478575
108.04078 176.66129 197.1024 310.6863 0.0014737044
592.9787 2470.4087 118.42093 83.64473 0.0014728596
966.9145 2095.7756 52.193558 436.413 0.0014709864
435.6837 1252.0082 793.7284 938.16113 0.001467546
905.50995 2463.7498 155.93916 93.897156 0.001465851
843.27374 2486.711 273.08252 92.68911 0.001462458
948.7568 266.4718 82.83957 448.34747 0.0014606466
934.12427 2427.895 107.57501 161.63354 0.0014535603
605.7347 1524.3976 459.95908 1191.2681 0.0014525681
294.1663 1780.9528 227.44942 666.6442 0.0014502889
543.73145 2468.0732 166.77364 102.09901 0.0014461702
847.78033 1906.4418 192.00793 305.01196 0.001440831
802.032 1661.7509 370.00693 814.81506 0.0014388092
932.20135 2453.9065 101.144516 109.45653 0.0014222702
312.58496 2479.271 291.5046 126.73865 0.0014160682
7.6992197 262.35083 13.483732 443.88736 0.0013989373
406.26852 1056.271 788.3314 578.20184 0.0013949336
21.218834 823.60895 43.49022 382.18564 0.0013907141
920.8802 2449.0015 136.14502 123.364815 0.0013893262
433.17923 1140.0273 846.63385 786.2655 0.0013893095
802.8423 2497.2378 198.46536 70.27672 0.0013874974
597.4672 2234.5676 518.16235 564.2983 0.0013870159
633.21747 703.95013 639.9353 566.7139 0.0013799939
446.68338 823.8022 891.54034 765.288 0.0013688416
881.3552 1849.9963 121.343124 205.09622 0.0013680682
282.65295 575.45544 561.4486 613.8658 0.0013642976
641.3122 999.2067 557.13763 884.695 0.0013588868
161.61748 1574.3271 189.36742 793.617 0.0013438961
855.19336 765.7101 272.22202 1570.1796 0.0013310817
988.3182 1328.9146 16.448273 666.51715 0.0013233665
985.4588 1899.5977 24.575285 457.604 0.0013127063
949.0017 2443.3335 91.56334 141.11449 0.0013024327
904.40283 2479.876 128.59633 67.46486 0.0012979858
913.4254 2473.2532 140.0601 71.329834 0.0012979505
939.7384 2454.0054 125.90293 118.79437 0.0012960624
948.9126 2458.548 75.5033 101.843155 0.0012902864
753.4903 873.1492 423.35516 1481.649 0.0012864592
947.2882 1289.467 115.30286 292.75055 0.001284343
456.29605 981.8623 934.2587 1058.2957 0.0012797328
423.77402 2404.729 527.75934 242.85062 0.0012767859
17.186724 90.30353 29.67719 135.65462 0.0012725216
476.73663 2480.8555 313.80255 58.407757 0.0012700175
903.5778 2488.802 151.36113 59.278378 0.0012502642
860.3965 2494.0935 243.97458 35.12994 0.001248714
955.00616 2467.8506 65.974 99.23661 0.0012432708
916.1433 2481.8162 127.55087 56.248463 0.0012427317
16.09903 996.45123 31.979944 421.69946 0.0012355532
704.38214 2477.756 138.28369 128.33902 0.0012263095
111.561195 402.26657 199.73532 217.46716 0.001222216
194.92606 1701.3693 129.83174 620.38715 0.001220279
585.1298 1618.3678 261.18262 778.1464 0.0012118882
983.8861 2328.747 17.853712 352.86853 0.0012115961
668.5435 2495.5273 260.0104 54.672157 0.0012096767
614.81665 2489.5374 302.69305 75.88593 0.0012088594
435.39877 2259.8208 830.72473 824.8837 0.0012056367
468.88968 2498.7354 335.28146 21.405504 0.0011933033
782.80286 1181.2318 479.4466 727.526 0.001189574
561.741 1534.7428 253.89116 399.6099 0.0011718409
448.41602 424.9083 876.8552 877.18616 0.0011690898
182.6765 1649.8025 331.76547 1687.6127 0.001146776
577.0298 1825.6102 257.9267 558.3994 0.0011427538
412.8383 840.5757 768.61084 736.0049 0.0011339049
972.9622 2446.7383 34.42806 138.65402 0.0011188474
972.23663 2224.2905 56.60037 253.51306 0.0011172114
652.9406 1070.1456 503.8724 842.3637 0.0011170428
18.469229 1415.4325 38.33706 263.24014 0.0011118992
981.41486 2256.0051 23.429173 285.07413 0.0011108615
983.75543 2403.3914 18.135738 204.73125 0.0011053644
548.5813 1818.4646 285.68118 754.56024 0.0010985102
246.65814 1535.3865 427.63065 1646.1246 0.0010935231
984.18005 1976.8188 19.902277 400.40012 0.0010921155
123.44554 1603.2917 259.4991 1700.6396 0.0010811331
983.0176 2376.5364 21.853636 248.02797 0.0010769223
79.22778 1381.8971 146.98842 1194.3584 0.0010747777
977.43634 2493.3787 71.849724 61.554306 0.0010736131
8.735893 1012.0886 18.209856 446.30557 0.0010729153
990.0084 2161.509 15.60865 345.10672 0.0010544494
56.752155 1392.4114 117.93332 1826.0845 0.0010476864
186.39114 1383.901 350.0297 1160.3914 0.0010421645
443.58792 1042.9308 861.54553 638.18036 0.0010297808
980.59424 2479.016 46.86811 70.50526 0.001023174
443.09814 2461.0127 539.4251 106.85268 0.0010187009
448.01917 1239.4452 885.3862 860.1758 0.0010156648
367.05536 548.78925 720.58624 660.705 0.0010042021
848.8227 1888.1864 398.51517 646.5319 0.0009742225
978.99854 296.66525 29.11291 436.77237 0.0009651387
393.86044 1608.9116 294.98978 334.0696 0.00096163055
191.77022 885.04193 359.6972 799.8474 0.00095170015
540.6164 1439.2744 276.8467 404.71658 0.0009414039
622.0039 1632.2719 252.25615 275.92392 0.0009325623
522.0517 1898.3148 832.75275 1205.4269 0.0009215275
444.12164 1124.1702 899.0792 752.4702 0.00091381534
685.5752 698.4543 500.72742 726.7007 0.00090735516
443.88852 1005.41864 882.9561 1094.5145 0.00089873024
669.2822 1005.3784 544.84125 1004.28644 0.00089658215
444.2456 1121.7509 883.5538 748.1047 0.00089362054
373.8554 355.99417 743.2178 769.5727 0.0008629012
987.5495 2344.1035 17.94238 302.2779 0.0008620059
618.60785 1917.8732 548.85925 578.3398 0.0008175128
417.6525 1318.4014 862.1578 703.38367 0.0007886101
331.78296 329.65253 640.1445 721.8784 0.00075671007
215.8037 518.87445 484.6184 693.95374 0.0007334725
558.37976 1894.7483 704.36346 684.1857 0.0006960104
209.11032 925.9162 413.66827 931.3754 0.00069374824
605.3552 1491.4425 326.94995 796.82513 0.00067292945
444.334 1110.3245 886.12585 718.7737 0.0006555345
604.8678 1521.7499 358.66547 1004.1092 0.0006516594
991.2875 2426.741 11.7920265 161.42383 0.0006357942
205.93434 1153.2415 416.8117 729.46265 0.00061038084
417.84555 849.2918 859.23157 802.19556 0.00060574454
518.8287 1976.2329 727.4469 596.8411 0.0005974407
765.9537 1450.2946 505.38315 563.3531 0.0005671716
431.8123 963.49255 946.7573 958.8516 0.0005166447
573.4397 874.6485 660.38885 648.0778 0.0005067081
553.3353 1018.3823 668.6398 925.65906 0.0004300056
