374.32428 1022.1458 739.64496 1989.5742 0.8248937
320.63657 1156.9752 619.0898 1480.9857 0.11587313
325.4141 1079.0059 601.3748 1299.7344 0.091818236
323.91998 987.6603 610.2356 1145.6373 0.06718589
333.48035 1039.2146 573.9398 1178.7489 0.06653806
701.98016 1258.4712 178.81325 166.66714 0.048360173
670.46246 1258.7382 116.61669 165.8919 0.037697617
363.38736 1195.4591 714.29065 1602.3579 0.030196149
322.74026 859.253 568.20496 849.98914 0.026169645
382.45154 1022.6273 750.7799 1981.7014 0.024738645
277.4773 1115.1761 510.95145 1341.1414 0.02436279
339.47684 1059.1282 514.3305 902.61414 0.02352709
331.5355 947.46954 529.60614 831.9127 0.022382949
269.82648 1180.6102 517.796 1507.5237 0.020379018
332.7715 1188.088 543.29095 928.72437 0.02008786
356.13138 1589.2974 704.2559 837.0994 0.020056862
363.10385 1591.2955 717.827 844.66223 0.019263277
368.04095 646.3442 720.83496 1214.6116 0.019254757
737.9378 1254.8751 109.207375 155.37451 0.01879946
356.9734 1201.65 503.7981 998.96375 0.017123068
369.7137 699.21735 724.4012 1320.4941 0.01648383
371.81387 760.09906 719.1037 1435.7349 0.015948582
318.41156 1255.6669 536.36304 1101.3369 0.014750046
327.8275 1252.7762 552.9233 891.6074 0.014586039
341.55164 1281.885 524.73804 905.4163 0.013773712
379.84344 953.32825 473.9272 904.58905 0.013643874
332.6152 813.34033 460.59912 654.94653 0.013427345
337.63962 871.3909 412.75995 594.85986 0.013204953
306.4127 800.8479 454.0969 636.46906 0.013202673
345.2291 938.8688 619.31067 1282.9286 0.012891467
358.28946 1396.2759 693.4006 1180.2041 0.012757968
359.83582 1116.8774 640.63794 974.7668 0.012571481
366.95068 891.19836 710.14197 968.7683 0.01255214
354.99823 990.9757 436.33395 691.52655 0.012508416
395.76382 1051.3485 440.61728 892.6022 0.012382654
377.89722 1072.2179 500.26755 1174.9695 0.012229392
228.32137 1192.3247 437.26352 1515.3604 0.011967248
335.90125 698.0574 639.5243 1146.7772 0.0118667
270.5107 974.94305 461.99112 965.51495 0.011826477
382.3874 1087.6212 485.5685 1195.6477 0.011332272
383.54523 1069.3544 481.0519 1179.2732 0.01128485
305.96817 757.29706 552.36176 682.3405 0.011025939
363.63623 904.7497 696.61255 1014.32947 0.010974783
332.394 742.0136 621.36176 1199.8467 0.010967162
393.1343 1163.2805 563.7094 1194.1628 0.010914052
315.57523 1389.6241 602.20264 902.3082 0.01087852
326.80072 1309.9038 536.35504 706.9006 0.010630041
473.9092 1631.8813 86.766624 127.60471 0.010283379
313.5329 1367.0454 589.92194 732.1138 0.010281583
446.06357 1391.0928 169.92265 128.12355 0.010050969
277.8338 697.26654 390.60126 458.11612 0.009928631
327.3474 878.7761 455.9737 649.2938 0.009667966
343.49536 795.74066 255.58305 314.30505 0.009547542
322.9156 934.9326 441.80307 650.66113 0.009488993
655.7869 1306.216 269.3969 270.81342 0.00940566
314.13754 1331.8359 601.33264 828.61304 0.009390878
299.75183 950.7133 409.46106 690.0399 0.009354547
330.15826 1144.0889 519.16235 658.0837 0.009095548
359.67853 931.8025 394.68793 568.37213 0.008985573
322.0778 1393.9973 602.5218 1126.5444 0.008769057
425.51904 1525.3462 86.712425 104.48753 0.008671689
363.34717 1256.6488 456.95575 587.4736 0.0083905645
413.43726 974.89923 603.4635 1074.3491 0.008368613
315.36874 1465.7993 606.21594 619.9358 0.008346972
261.9801 848.1326 446.00497 767.68225 0.008276149
252.30234 1027.4839 434.93048 1061.1216 0.008257606
359.97714 878.5735 671.7458 1236.0657 0.0081953285
226.10922 1849.0737 440.69955 334.6559 0.00818645
316.39328 1385.055 564.9378 1084.7554 0.008182522
190.84837 1100.2769 363.34122 1239.383 0.0081448965
351.20914 771.9214 178.8033 229.07246 0.008132044
449.32208 984.74774 503.96152 1026.6427 0.008090244
240.30647 1299.1088 455.3231 1246.4569 0.008061606
416.1133 1072.9814 437.09662 1131.5327 0.008055683
396.81494 1214.0786 429.8987 698.5413 0.007903885
457.15546 917.8017 454.3945 887.61786 0.007884741
652.1905 1325.458 278.05487 310.72223 0.0077641616
650.32404 1291.1041 156.30074 236.89001 0.00775462
547.6654 1315.0767 366.95355 283.76282 0.0076788864
561.489 1434.2302 336.6358 524.80853 0.007670853
295.36978 1328.3936 490.8774 767.4201 0.007620965
445.48975 1082.0859 351.75403 748.6144 0.0075569088
409.8528 1401.1033 122.69941 125.74816 0.0074925814
187.32596 998.44226 356.0965 1065.7754 0.0074716755
362.9672 494.36212 712.2452 924.6676 0.0074052745
310.92923 1587.8073 607.59106 849.55444 0.0073612663
332.39 1326.017 369.62796 923.08124 0.007352366
436.37158 828.2406 488.2354 761.114 0.0072311037
686.81256 1305.2422 212.58162 268.22595 0.0072232964
469.99783 805.25183 514.7108 1085.4907 0.0071293972
405.98853 1218.4592 118.96111 166.6715 0.007110035
598.5141 1437.3014 371.45728 532.09076 0.0070946845
384.51486 1227.6404 151.89542 179.91606 0.0070708054
585.73004 1312.137 399.5267 290.48853 0.0070214234
621.42554 1298.1495 209.6756 249.20763 0.007003504
160.40564 1244.0513 307.7276 1471.543 0.0069843223
268.35526 1563.8738 522.796 886.14526 0.0069549307
296.0176 1817.5592 290.11407 268.8479 0.0068319705
339.24896 1176.7245 654.68274 786.8613 0.006828173
249.70558 1724.2501 484.8191 545.8761 0.0067777876
388.95007 958.5774 747.2752 1114.3065 0.0067314515
249.59605 1650.6925 478.15158 433.86862 0.0066205277
566.431 1311.6119 122.03818 268.76996 0.006546818
271.4348 1562.1646 508.00662 516.39105 0.006534796
468.30875 978.20776 486.86203 1027.6208 0.006495017
336.11108 1263.3351 375.00742 435.2347 0.0064811916
264.9727 780.5667 451.28885 713.049 0.006410609
639.9933 1092.0356 181.49947 500.5028 0.0064066555
500.61694 1158.188 246.23209 556.7109 0.0063907183
316.6729 1430.5592 603.43396 539.5462 0.006366348
609.954 1355.0834 247.77753 366.65054 0.006317875
368.30554 1067.443 324.0443 501.6714 0.0062903995
439.56876 1181.6205 517.0596 966.95593 0.0062780455
495.2189 1167.3398 261.46167 580.87506 0.006223442
320.74475 1289.7223 432.66913 467.4482 0.0061823903
418.99942 1523.8821 543.32684 703.626 0.0061362744
635.6545 1333.5804 199.84314 321.8825 0.006123919
376.16937 1238.569 192.93687 232.69402 0.00611281
453.72522 926.1383 549.9923 1047.2338 0.006097094
483.52682 1380.4701 232.12213 148.48955 0.006095433
357.64764 979.5807 238.42049 268.7551 0.0060730823
238.73212 1571.1301 462.93884 843.29 0.006071448
230.44331 1315.7081 246.04294 339.6819 0.0060451864
552.5764 910.79803 351.51926 873.7731 0.0060382225
343.14566 790.23956 339.15564 456.1629 0.0060121813
159.91217 933.7059 287.37347 545.31476 0.006002708
241.20796 1654.8615 468.02036 660.9068 0.0059943353
589.9391 1347.7269 281.2178 353.70612 0.005966117
454.57626 1390.2389 339.77142 584.69196 0.005963397
505.70486 1314.5553 232.8464 272.72403 0.0059617045
457.74182 933.13544 596.3617 1028.5663 0.005959385
370.4205 873.2526 280.25537 432.30753 0.005957346
204.77927 1608.8711 357.57922 322.5467 0.005949921
429.45044 1488.1628 189.48607 290.21625 0.005933513
340.61816 1038.0876 625.0714 724.9228 0.005910901
494.77365 1432.3303 273.30057 504.13605 0.0058892397
387.4637 638.21204 567.10034 799.1546 0.0058574057
411.13306 1481.955 395.2746 536.7448 0.005825801
262.34918 1499.9093 504.26788 865.52313 0.0058125313
597.0471 942.69025 263.79608 794.3156 0.005804596
360.97617 1367.5552 707.09595 422.76053 0.00577952
669.46735 1107.8759 233.98805 507.8166 0.005707482
493.4944 892.6046 465.06845 893.6367 0.0056718197
189.04437 1455.421 355.89664 597.81134 0.0056669544
250.01335 607.2109 436.2705 381.19754 0.005663602
538.2217 1314.2349 172.73744 274.19846 0.00565185
495.16345 1510.5013 263.07455 361.38257 0.005636697
200.74059 684.8581 335.75803 506.24377 0.005616041
172.78078 1340.788 312.40622 374.31082 0.005614933
175.80867 1307.1998 299.68488 313.45645 0.005577978
479.93787 1004.4616 557.98346 1029.5574 0.005577793
306.61108 423.03656 589.3316 760.66223 0.005556503
564.9166 1498.9557 434.5813 657.17584 0.0055489144
374.62344 1443.6245 328.8308 646.61206 0.0055404874
495.07867 1164.1936 274.1097 694.00616 0.005533349
509.20462 1036.6963 439.80505 1134.5641 0.0055059753
181.00441 1282.7754 335.59116 475.28915 0.00549752
536.81085 1377.8677 374.84238 411.59277 0.005494726
454.50604 1167.8579 376.78452 1070.9933 0.005494004
366.93103 872.6667 703.4955 912.0354 0.0054852464
268.37363 1171.2021 412.1113 513.88885 0.0054847365
288.77017 1646.0356 319.81705 343.55872 0.0054670447
231.6256 754.2819 394.95068 647.81244 0.005456678
234.27026 1279.8545 186.06131 251.41243 0.0054319412
465.5542 944.55994 536.68427 1260.428 0.0054155355
327.11142 1332.8596 262.5887 334.57675 0.005374181
629.52045 1004.02966 205.72581 677.41925 0.0053550988
387.95697 768.83777 174.95267 216.62498 0.005346359
536.58636 1512.783 199.27039 334.6029 0.005317181
284.36325 1096.6871 538.2142 1591.2509 0.0053092153
441.33536 1084.9696 278.77652 421.48798 0.005300964
659.5564 1126.2991 152.4591 436.55768 0.0052872943
158.98181 819.3457 297.61752 766.7685 0.005281863
515.89374 1116.179 212.48186 465.3985 0.0052803247
428.0637 920.963 315.97577 496.93976 0.0052474095
476.70334 930.6721 519.9007 999.02484 0.0052306945
368.07703 509.60284 723.0589 953.7899 0.0052159647
385.41962 1033.5055 175.20119 243.82857 0.0052141985
322.1348 953.238 265.95767 405.98 0.005211335
448.38266 1376.6941 117.94879 67.67779 0.005211026
304.0583 1479.9014 78.797386 96.92707 0.005202567
356.12595 988.0802 240.36586 533.1264 0.0052021574
519.41626 1237.2064 215.35841 423.2091 0.005202061
442.88904 1085.8486 352.00146 823.412 0.0051981956
485.92807 1544.8374 472.46848 741.31116 0.005186823
141.82054 1264.0167 272.11365 1425.5063 0.005182431
181.78743 1490.0641 348.80652 937.5129 0.005177858
463.22263 1430.8774 369.4193 782.59735 0.0051635285
378.3327 875.7701 300.34714 437.50647 0.0051585194
440.33 1210.9009 488.52615 982.26324 0.0051556374
330.33868 1402.762 259.91882 713.2366 0.005116481
454.07828 1502.4268 186.38934 339.86288 0.0051063667
414.29794 1330.0308 432.58432 1123.7662 0.0050965967
251.68219 1254.0316 149.87407 196.2012 0.0050815362
488.55362 1470.1249 442.52066 613.73145 0.005076435
398.8614 1449.0518 253.12477 266.5475 0.0050712624
552.1214 977.16174 344.3864 764.1855 0.005047964
413.93866 1302.3209 313.52078 337.09723 0.005039304
366.75977 1370.6143 297.79175 641.7365 0.0050298
499.10425 1270.1285 133.47517 174.10524 0.0050270804
381.84915 1020.48627 301.6371 375.38193 0.0050195423
670.4206 993.42346 55.902367 75.54029 0.0050098826
482.7289 1416.696 300.0966 493.29416 0.005001753
402.39783 1281.0815 370.24075 465.43698 0.004994655
377.3234 1096.3383 226.13815 402.65527 0.0049809795
358.10974 1392.3921 350.42807 600.7172 0.004956946
469.38486 1288.6725 263.2293 305.6774 0.004953377
330.51028 662.07446 296.23425 385.55612 0.004908498
676.35974 1354.9507 235.4473 370.46738 0.004881047
275.58243 1275.7847 161.08412 228.90413 0.0048663663
319.35834 1363.4651 561.4594 978.0064 0.004851078
191.20969 1074.0072 181.10419 170.7973 0.004847431
329.40106 1587.3501 207.43858 259.5261 0.004845143
358.29514 680.18646 689.06805 845.22565 0.00482319
439.61746 1571.5764 134.09157 198.36848 0.0048125265
640.7304 1013.23065 130.52191 232.62227 0.0048106997
455.41928 880.4627 568.0835 944.75336 0.004747653
585.31433 1409.4863 115.81277 181.51411 0.004736178
363.11368 1029.9751 177.58246 237.9735 0.0047077313
528.2808 1238.8431 194.09975 399.1614 0.004674003
345.14468 1361.2408 403.46393 473.852 0.0046736216
541.5668 1112.689 370.29395 1115.3278 0.0046432056
592.62427 1085.2983 265.12918 525.9245 0.004625198
304.0807 440.92154 578.5935 697.8488 0.004615126
301.05774 956.47076 526.3085 1005.51904 0.004591788
432.22955 1376.6737 342.5895 299.62344 0.004587551
651.5326 1051.2216 106.62554 236.61829 0.004587153
572.40485 1398.6223 111.31445 153.48956 0.0045464896
408.58713 1321.9478 354.20773 953.57275 0.0045442283
100.11908 253.54636 186.59529 274.90842 0.004543935
411.821 1321.4679 325.37262 872.6021 0.004536485
428.49307 916.68744 113.44856 137.99873 0.0045358343
385.64438 843.24414 272.25568 375.91995 0.0045344373
474.16226 1346.7991 522.9942 366.3274 0.004510499
408.19635 1038.6431 347.6193 449.73953 0.0045026545
295.9632 438.57623 561.7542 658.43994 0.004499939
533.04834 1115.9338 370.6016 737.00397 0.0044700583
411.85272 812.6274 639.61584 1051.4 0.004459048
369.52365 1365.8784 203.70602 436.22235 0.0044538947
210.60599 638.01984 146.03923 192.14946 0.004453091
440.86453 1091.9591 146.41281 204.83653 0.0044452534
224.56712 1724.091 426.52634 423.5636 0.0044043846
374.7919 1319.5863 729.9903 312.10556 0.0043965527
552.648 1160.4435 336.61908 1027.9829 0.0043732296
426.57733 1146.7906 338.12155 979.549 0.00436799
400.5587 1088.0199 481.99014 571.28156 0.0043634507
431.6468 1251.5782 333.48355 900.398 0.004346109
364.39105 1485.6559 269.61414 487.18887 0.004343118
376.02136 1768.4253 181.8313 226.74994 0.0043398323
312.00403 353.55853 605.96436 656.5221 0.0043388517
221.4717 1410.0905 402.42157 482.62497 0.0043246243
451.59714 1541.0762 644.4775 740.95953 0.004300721
365.5511 1035.4396 99.14885 139.05768 0.004297953
652.44824 984.076 93.15506 118.906044 0.0042867647
536.0543 1230.0024 353.1105 635.90015 0.0042846
432.63193 1162.5383 390.6257 1338.3568 0.0042616935
357.92392 1223.2446 304.13693 631.8411 0.0042531188
296.51627 1811.0648 610.75745 416.73242 0.0042304965
608.7858 1140.4425 332.9003 557.9394 0.0042116223
540.9403 1062.0394 158.67761 262.55194 0.0042046746
424.26794 1052.1305 264.35052 471.67737 0.0041971845
544.78033 934.2696 380.8728 921.8314 0.004170597
149.49316 1201.5519 287.54938 1600.9541 0.0041655065
402.08807 1507.262 688.85486 680.1219 0.0041622934
383.6698 1404.3087 756.26556 534.1089 0.004149322
248.76208 1360.2343 350.25296 503.04028 0.0041344767
409.5008 1732.926 220.23613 299.2242 0.004129832
168.3618 1676.1067 323.83652 607.4695 0.0041028177
235.48083 333.4783 448.0479 432.75275 0.0040980256
660.2631 1071.9176 252.21198 581.5307 0.0040900116
457.53964 1380.2795 107.411766 71.023285 0.0040716976
438.39105 973.98804 316.759 474.4062 0.0040678093
384.09445 1223.8291 243.13126 507.55417 0.0040625273
356.69266 1427.974 208.1752 480.50546 0.00404561
602.3554 1129.3866 267.12006 705.22974 0.004029126
382.2838 1441.8812 238.87772 645.16345 0.004024238
423.69095 825.54596 549.7679 1000.4074 0.004024129
326.54776 1091.7723 628.30963 560.8918 0.0040153186
199.72195 1178.9198 362.65305 490.1502 0.004010594
511.91647 922.63763 434.23526 971.1436 0.0040026936
423.94247 906.7953 87.99817 109.462074 0.004001671
277.34314 945.1329 142.45502 174.06561 0.003991897
195.15224 1109.558 245.13367 242.49223 0.0039906898
497.3861 1022.5134 458.54953 749.44806 0.003981387
698.59985 1384.6525 196.53183 433.7711 0.003979071
180.94734 1120.6774 274.8653 281.58167 0.003949839
378.99377 1032.0376 228.11154 699.6928 0.0039398656
479.56784 970.3855 527.6392 1064.8894 0.0039393757
238.91924 1717.5974 465.01834 551.6406 0.003933761
351.27902 1695.4084 329.08163 459.94885 0.0038950746
379.22006 1371.3207 210.56998 516.1782 0.0038941752
428.25168 1101.9434 234.83464 459.44473 0.0038878361
374.46533 1033.4156 224.32372 509.69568 0.0038828459
590.632 1082.417 77.51847 128.40627 0.0038717093
505.28812 1473.4971 257.5261 591.18036 0.0038712681
516.32605 796.51465 429.39288 1073.365 0.0038696944
375.23596 811.89166 112.02678 154.20784 0.0038595668
427.0618 1096.463 317.56186 442.35623 0.0038544498
314.65405 1192.5789 612.58685 1547.5225 0.0038510442
651.1914 1280.0336 281.09253 220.8246 0.0038405934
302.32855 1385.7891 184.9134 250.27423 0.003833301
223.08475 1662.1542 226.54182 399.19443 0.0038218393
454.8503 1096.2701 169.73607 288.274 0.003820344
510.92636 1050.437 415.66656 1222.3722 0.0038160165
378.10025 1422.9874 200.58784 419.9494 0.0038049405
472.32843 730.34607 390.30988 561.5688 0.003801109
279.71844 1152.6421 319.76535 329.1284 0.0037991651
453.2163 786.29614 486.64758 678.9496 0.0037964317
516.5011 1226.4882 389.7947 739.52405 0.003796318
660.6713 1473.0388 268.49185 611.48413 0.0037907301
365.05582 897.83887 238.18477 341.85254 0.003788134
138.71396 585.4343 224.64809 307.68857 0.003774689
458.6012 1612.4916 115.10886 184.83017 0.0037707177
388.01706 1604.3809 133.3284 223.15504 0.0037636235
70.310135 1912.137 133.01987 216.11298 0.0037571054
433.1532 1451.4857 254.75606 461.92926 0.0037553052
324.9813 959.58887 253.25182 468.47586 0.003736318
90.80058 1897.0923 173.97493 248.83334 0.0037358461
597.61926 1434.8905 378.213 533.6275 0.0037307418
498.4877 926.01483 133.84737 151.59827 0.0037199038
143.23955 1741.3302 267.5988 400.4404 0.0037089863
553.6292 1156.0399 134.62022 218.57292 0.0037070557
526.0652 1130.2891 400.1196 1253.8387 0.0037008142
190.12161 1210.3185 343.0062 562.2951 0.0036930915
346.69037 1472.823 341.82227 275.02576 0.0036872379
136.13434 1900.8287 262.56873 237.46783 0.00367475
336.2811 1197.6956 654.5156 491.1768 0.0036727183
576.6662 1580.4541 433.2568 817.7285 0.003663792
557.1256 1140.2174 365.23035 870.645 0.0036615056
409.3575 1194.5704 168.12271 248.98087 0.003660017
500.59116 1315.7222 249.6626 275.12698 0.0036558202
430.87173 1297.4039 590.00665 930.91766 0.0036543282
523.2426 1464.7983 327.3227 573.0848 0.0036430864
196.3833 1251.0558 156.87689 179.69626 0.0036362838
587.6785 1185.9729 291.92316 799.73645 0.0036356756
348.44608 1162.4855 286.15997 385.21658 0.0036251973
484.5794 1135.9142 512.6683 1273.9774 0.003600796
486.65244 1552.5527 594.7839 814.9942 0.0035865852
429.6143 1726.4481 136.22705 180.44849 0.003571909
528.40955 907.9065 223.81848 502.1235 0.0035519016
351.11325 1786.481 700.0538 476.94592 0.0035380102
479.5196 1426.9934 586.92267 518.15753 0.0035364542
411.16663 1135.9625 238.38916 331.99292 0.0035232692
193.68507 1195.1526 85.0746 108.32853 0.0035231772
176.47523 1762.313 228.12659 512.27563 0.0035119304
562.57367 1541.2358 130.19801 209.8058 0.0034976187
626.08966 1168.0807 304.15424 850.9045 0.0034948955
467.3281 854.50934 211.87167 306.1416 0.003493934
409.29443 1192.685 174.22102 243.94684 0.0034877786
549.89923 902.2729 356.28183 882.67444 0.0034790605
465.9657 1453.8186 370.95074 920.93335 0.0034780651
378.08594 1336.2163 744.67786 483.90918 0.0034618683
514.5696 809.064 535.736 1243.5902 0.003443249
464.3514 1644.657 409.68207 682.62665 0.003441239
706.13806 1397.4913 187.50104 444.50995 0.0034410148
122.92894 857.3431 204.69138 385.46494 0.0034318373
360.03052 1295.3918 470.51056 275.70096 0.0034192689
376.48993 1056.6097 233.4061 380.59818 0.0034152465
315.38995 1242.2512 462.8411 1075.1 0.0034105545
614.2066 1447.5958 345.84506 596.74536 0.003409827
315.13226 477.1325 605.5318 888.057 0.0034081633
564.9627 833.1371 342.48724 1023.33887 0.003395281
443.53137 1316.2842 121.94601 165.65366 0.0033772127
393.51813 849.08325 265.16745 402.70807 0.0033744564
614.622 1131.3562 256.32352 1014.95984 0.003363841
496.38535 1166.2498 549.78143 1420.2384 0.0033626712
315.62656 1450.6136 574.73615 256.11404 0.0033498073
103.61788 237.36893 154.29076 202.65622 0.0033486804
190.69273 742.2509 294.3761 509.51685 0.0033401912
255.23183 1123.1058 173.47522 216.8813 0.0033382184
407.4548 1392.615 71.6398 81.09761 0.003337189
402.89984 1236.6862 136.5048 192.80286 0.0033316666
643.7934 1037.3208 146.96693 278.6236 0.0033300298
539.9746 984.3334 353.87277 679.62683 0.0033293033
395.31427 1863.0348 781.8539 336.8188 0.0033230279
186.40353 258.17905 360.56104 442.61887 0.0033111114
396.81403 368.86948 794.2848 705.6398 0.0033088967
415.73538 1427.8644 311.16412 482.30756 0.0033063798
440.36688 827.8353 233.65182 298.288 0.0032944914
397.4338 1358.2251 158.53644 146.97958 0.0032871454
160.3148 1225.7345 182.3735 198.24376 0.003281579
478.37903 900.7554 292.20752 519.67834 0.0032776746
408.80902 1282.0055 174.98991 345.41864 0.0032681965
439.9329 1674.7219 179.89517 266.7956 0.0032567019
109.65792 210.92505 211.65459 370.0308 0.0032555985
487.71512 897.3868 99.860344 104.23231 0.00324283
496.12762 1071.8628 248.5384 489.48798 0.0032425188
356.77942 1231.0435 242.2229 392.97824 0.003237928
577.4683 1144.4304 215.78519 594.29114 0.0032358696
140.24718 1063.9365 252.46861 700.8104 0.0032321266
356.30194 1779.7388 711.8061 492.45453 0.0032278833
496.6212 1063.7396 266.60275 1032.2673 0.0032204632
541.854 1247.6093 374.58694 875.2558 0.0032008642
449.55658 953.1081 564.4602 827.316 0.003187581
541.91095 1198.0016 360.3247 1170.5393 0.0031527188
434.1918 1681.9071 109.67799 157.23645 0.0031511667
434.07346 1290.1921 188.162 475.65433 0.0031388109
429.04135 1719.4456 266.5548 348.1926 0.0031351591
233.6235 1662.5189 284.73178 706.0348 0.0031272708
515.1939 885.15796 418.7382 861.7585 0.0031252005
77.53229 1774.6434 148.12955 485.37946 0.0031178617
429.10617 890.7551 167.4518 209.30763 0.0031156274
330.23682 1008.9524 229.34393 285.3276 0.0031111818
94.8777 154.21411 181.59746 254.13606 0.003099345
291.87955 1510.5831 178.10977 288.4089 0.0030951945
376.21136 844.43134 112.9137 143.19649 0.0030937719
444.92508 807.2048 284.69867 443.13626 0.0030858347
262.57715 1637.7098 207.09753 229.1526 0.003079198
444.73938 933.801 656.5 1069.061 0.0030788353
522.67224 1092.5258 321.44244 932.81244 0.0030717452
546.9975 1283.9917 354.16684 313.0825 0.0030704062
432.15457 1360.9169 412.96152 1130.3756 0.0030673805
115.28892 1693.2216 219.39969 502.2172 0.0030672813
553.32153 763.9781 192.22331 298.1087 0.003067111
507.87085 1370.4893 542.87067 407.08566 0.0030651283
252.2757 328.16647 413.1055 390.53375 0.0030647714
582.8836 943.03723 284.97623 789.05145 0.0030631605
369.8407 1769.3204 173.92847 208.97435 0.0030578151
358.46613 924.7376 197.21286 333.8822 0.0030501876
525.98047 972.10626 124.10259 150.71806 0.0030419233
644.60004 1076.4282 132.28964 253.58835 0.003038891
551.8972 1174.5471 137.52116 393.5335 0.0030274133
591.1507 1153.6427 373.76514 783.72955 0.003003776
128.78029 1674.6381 168.79193 198.22052 0.0030022499
437.0467 1616.526 154.59749 310.6603 0.0029825396
153.0668 257.86874 285.83817 291.93573 0.0029801982
630.3184 992.9349 203.97308 753.53455 0.0029645308
494.27115 1645.7634 348.8337 700.25555 0.0029553922
598.5322 1231.2074 296.07858 1155.0728 0.0029546237
457.88608 1261.4921 207.36716 248.08832 0.0029530942
490.89108 1493.8754 577.9452 650.7677 0.0029433623
728.06555 1043.3809 163.00441 588.62134 0.0029302614
400.16553 905.4407 159.60826 231.12138 0.0029196658
480.79727 1182.1567 267.6531 1072.4531 0.0029139025
612.7817 1291.9238 242.22873 795.1131 0.00291198
556.3954 1213.4406 350.4233 1502.104 0.0029028265
438.6644 1661.564 121.44643 177.17455 0.0028867784
617.896 1192.695 138.51067 285.74142 0.0028831721
443.9394 680.61847 545.8901 876.8289 0.0028772177
508.54413 1343.6647 190.40688 491.24188 0.002873554
586.09033 1283.1174 178.33136 524.50714 0.0028560425
267.09702 1359.2108 288.70184 543.28973 0.0028528136
613.51025 1424.7397 206.38556 507.24902 0.0028491276
312.9015 560.201 580.66547 750.9584 0.0028475474
426.02524 1675.9043 432.17117 684.62415 0.002847026
442.99496 834.5616 146.99324 192.27763 0.0028456212
439.38126 1028.7313 100.49009 145.5572 0.0028382717
713.4732 1786.6912 210.21684 489.68253 0.0028356668
297.01352 1674.4391 190.45107 209.23767 0.002834409
722.30536 1104.3917 130.9396 439.2422 0.0028271233
619.5529 1166.928 155.77382 364.28857 0.0028229174
329.45648 1061.3016 198.1253 277.00946 0.0028162408
95.30352 219.05974 178.90457 230.98613 0.0028146342
579.0384 1176.5039 126.12031 227.5883 0.0028113532
363.3584 302.14447 721.89087 563.7784 0.0028062714
405.96646 1719.9016 99.49175 148.49033 0.002805524
423.20413 1821.9432 163.69772 212.30089 0.0027792857
303.31714 710.3458 231.5293 204.41035 0.0027770465
747.5805 1267.4086 115.756096 198.1152 0.002767139
344.44995 1222.4882 228.35532 272.19366 0.0027668497
613.79395 1117.6418 312.30322 781.13873 0.0027605337
268.57324 1858.259 525.9636 323.03705 0.0027571279
525.5747 1526.397 200.6345 440.04022 0.0027546866
502.8554 886.22034 482.11136 896.40765 0.0027409939
473.32413 758.30023 595.5654 1167.2772 0.0027317216
153.87958 1584.2767 250.19337 638.2032 0.0027286639
118.3047 1559.1082 219.94888 760.3631 0.0027249502
665.223 1041.0323 121.43033 284.49893 0.002717587
601.552 1226.6664 346.77722 928.98175 0.0027126677
193.18509 1148.374 284.05664 323.29993 0.002708164
543.6275 1149.9031 310.84436 403.96024 0.002705317
283.51962 532.90375 389.67453 266.9572 0.0026983644
577.54944 1019.6627 381.15286 696.7436 0.0026933413
494.12354 1247.6982 167.34282 331.14856 0.0026911201
730.59424 1347.5399 146.82237 351.28525 0.0026888815
665.10333 1099.9464 126.414665 490.91293 0.0026859383
108.00648 319.30402 205.52953 424.09436 0.0026839834
90.66364 1673.9576 159.96577 316.42792 0.0026713528
506.22647 1150.0035 141.45601 188.23752 0.0026675262
502.49966 1071.403 517.53735 1496.1497 0.0026670268
282.60135 1908.2981 268.14825 207.45512 0.0026636107
674.86584 1405.697 187.6615 480.51328 0.0026576587
502.04175 1679.34 225.1229 387.0521 0.0026540174
622.3249 1201.7711 330.68323 1193.8862 0.0026391114
476.9786 1666.2141 97.48395 171.02736 0.0026371188
187.91623 1946.9972 286.81326 151.53282 0.0026366787
635.0009 979.4669 191.8472 710.7911 0.0026353335
491.06995 1084.1548 319.84756 1222.9374 0.002631126
658.4557 1276.4381 254.18422 786.74097 0.0026227504
343.7805 444.26968 376.37344 377.2954 0.002622224
588.1038 1586.6049 416.7942 834.5252 0.0026161724
134.96329 275.66898 255.85281 334.74698 0.0026160644
727.67114 1395.5414 206.92456 1304.7631 0.0026141352
637.3839 975.079 194.3536 770.534 0.002613019
333.39676 1047.7849 527.88324 921.30896 0.0025965183
553.8637 1506.3739 377.9852 658.1303 0.0025765758
384.99173 1534.8712 92.106064 125.03168 0.0025753875
593.8996 1135.4979 284.43872 1136.0424 0.0025751512
255.756 1233.3655 104.62356 129.25398 0.0025747067
629.5237 1278.1487 337.71628 1449.257 0.002574071
700.6516 1063.9727 180.5831 563.17377 0.002560592
246.5286 1617.0533 211.30444 423.32407 0.002555171
120.15786 212.55379 230.38455 377.68518 0.0025390752
618.32477 1508.8011 255.49097 653.15625 0.0025375239
183.19052 608.96075 194.05232 252.87335 0.0025334624
479.6576 1696.0032 391.2731 744.4939 0.0025306612
391.0467 1832.7551 224.97789 343.6019 0.0025287564
436.35782 1327.7777 102.705505 125.623825 0.0025266476
687.5287 915.62415 242.30496 848.3783 0.0025236104
476.826 1125.4216 493.7254 603.25287 0.0025211903
400.0042 1924.5745 787.33984 217.3346 0.0025199412
98.54573 1811.849 171.28773 203.25352 0.0025097523
266.51514 1834.0714 326.03265 334.38226 0.0025076116
275.15045 1633.4014 239.05939 330.01978 0.0024995024
578.54663 1189.0408 421.4947 1516.0107 0.0024992016
735.35236 1760.7871 159.88171 548.1469 0.0024959038
263.71405 1759.3489 329.21167 264.85043 0.0024928723
463.56793 1513.5114 106.42271 145.16328 0.0024883838
561.2939 1087.0579 113.90963 188.34787 0.0024816664
564.4823 1159.7811 366.0238 577.56744 0.0024799954
539.6017 1624.8335 283.19107 680.26825 0.0024686826
629.0346 1149.2373 117.783745 183.32648 0.0024644532
411.05008 1081.264 210.49377 307.4914 0.0024555929
607.48413 836.74884 377.54962 1039.6908 0.0024340185
429.3211 1318.863 221.13583 572.296 0.0024307997
185.25612 962.6094 222.23041 282.84998 0.0024293244
720.2749 945.5711 184.51578 797.02405 0.0024282224
202.62962 248.197 158.10492 157.60745 0.0023951945
372.40225 1024.8109 736.3386 1973.4893 0.002389519
702.80524 1185.269 172.4088 316.75668 0.0023886373
435.55444 1739.7765 112.741455 162.6169 0.002383204
224.51585 1131.3558 120.77948 132.68018 0.0023807508
626.22736 215.56676 356.6891 343.37708 0.0023793108
784.58234 540.388 138.16396 327.0782 0.0023678648
474.18945 1621.9531 92.95147 129.18459 0.0023678613
466.5513 768.8387 278.8377 435.56497 0.0023650154
496.19983 1090.8468 476.22394 1183.7675 0.0023620091
69.74573 108.49977 133.04161 172.0191 0.0023576522
484.16705 1573.3639 88.26779 188.42969 0.0023544356
560.6111 1152.9843 439.159 1409.95 0.002352322
446.52057 980.6446 153.64369 212.06796 0.0023515576
443.69608 1103.9392 334.9753 1174.1091 0.0023505723
646.96906 1199.8828 262.91293 979.0193 0.0023480556
742.1002 1875.7687 136.02805 244.62805 0.002344495
302.0206 1456.5217 111.72685 147.62035 0.0023386134
378.94583 1834.5883 230.09644 248.98158 0.002336983
342.294 953.8597 214.14845 235.97429 0.0023363994
138.00471 1253.1622 245.41447 1417.3777 0.0023292701
547.176 1181.4427 124.05857 176.03236 0.002325561
743.6399 1906.9622 134.42804 254.52231 0.002325186
469.6882 1553.1362 86.77626 185.34311 0.0023145338
114.39163 1806.4834 181.62701 202.16751 0.002313291
727.96326 1401.9349 169.96706 584.9633 0.0022939797
496.8849 1654.2599 95.22944 174.82393 0.0022921578
747.50305 1927.1453 145.3553 217.4456 0.0022892284
220.59372 1954.1466 225.49792 126.12141 0.0022764034
408.99078 1475.4269 53.256336 89.97713 0.0022750576
656.22876 1046.5798 133.2588 328.1593 0.0022728224
282.01712 1715.7933 413.6394 307.509 0.0022719437
733.71716 1882.3046 166.51085 278.43198 0.0022679532
759.8402 1926.0101 111.00216 213.20526 0.002265239
689.2944 1932.5535 245.09099 202.45659 0.0022582393
113.23213 1216.0254 222.92216 1589.173 0.0022477165
550.37256 1909.5515 478.0951 341.68073 0.0022414343
636.6824 867.75134 198.42218 959.43274 0.0022405686
224.78036 1940.5398 290.278 161.66202 0.0022351875
750.57404 1773.3883 134.73615 327.8192 0.0022316712
665.4545 1230.7758 228.17688 920.31665 0.002228606
705.4872 1873.5077 224.15738 317.6832 0.002207202
578.8521 1601.5168 220.45923 549.15735 0.002203761
608.4328 917.57465 238.7965 859.59393 0.0022026373
469.20358 1127.4432 273.1136 1051.3646 0.0022025534
612.5457 1516.9421 194.92294 441.70044 0.0022007108
644.2703 1915.8462 334.69485 234.6083 0.0021843559
249.43628 1880.5212 505.04285 289.82507 0.0021740547
399.672 1182.3472 190.00626 389.4488 0.0021731933
774.72156 1859.4437 86.126595 342.81744 0.0021686587
677.7834 881.0051 264.62415 930.047 0.002167529
287.65765 1926.2515 629.12573 211.14575 0.0021654395
178.09132 1206.8381 151.80016 173.12924 0.0021582865
759.73987 1876.8171 119.74097 312.8483 0.0021536436
466.59583 1813.4263 146.13533 201.00676 0.0021534623
607.36755 1091.8276 142.0304 182.43501 0.0021419688
625.7348 1275.2944 122.32092 202.67264 0.002140079
731.22504 1695.4094 178.76369 445.4977 0.0021288444
670.3625 1065.8805 85.47665 209.99814 0.0021257964
221.17032 1953.9062 444.0802 155.93982 0.0021058635
775.67523 1734.9507 88.382576 606.41614 0.0021038854
675.0206 195.27718 255.52151 325.34927 0.0021027806
634.76434 1039.0823 101.39032 158.9002 0.0021005985
492.81973 1629.9064 45.68047 107.80891 0.0020932716
151.9993 1990.2051 273.00436 72.611115 0.0020905284
602.32965 1101.3838 369.76556 1644.7454 0.0020865907
493.52798 1649.2633 382.28174 637.09796 0.0020859207
464.41647 1816.5989 219.85114 292.80487 0.0020812568
773.5357 1254.2284 153.1118 952.45654 0.0020785627
723.65686 829.1303 186.81758 1039.4324 0.0020741245
489.0943 472.1035 252.95682 342.27548 0.0020659203
77.06223 254.8807 141.61124 275.2203 0.0020625638
106.010544 1399.2928 172.93195 1158.2013 0.0020616062
724.9814 1490.4076 155.11131 437.7933 0.0020615484
109.475655 200.98442 126.01902 146.75262 0.0020610825
92.49941 1980.7986 182.31294 91.05583 0.0020539449
525.3786 1136.4935 374.9682 1315.2697 0.0020473513
149.32463 1981.4706 239.35104 88.03158 0.002037915
675.4386 1060.0459 92.895645 230.60565 0.002031863
752.7836 1049.5762 128.95862 562.4668 0.0020315459
730.6449 1916.5491 153.6341 231.64774 0.0020276979
190.797 1264.5898 143.06839 186.38931 0.0020247637
715.65356 32.659286 201.88332 64.37029 0.0020110875
491.7228 1841.2235 222.40955 273.59448 0.0020109746
397.96066 1940.8076 751.1936 192.02936 0.0020096067
725.7614 1745.1243 169.06453 306.97012 0.0020054441
460.43588 1782.5992 215.89946 287.77902 0.001999811
725.1601 1755.5125 160.2724 149.58151 0.0019885823
727.5694 1952.6898 165.29164 160.6812 0.0019844482
398.1035 323.97223 229.35315 272.6053 0.0019805573
713.6904 1927.0602 195.40419 213.52301 0.0019787448
678.8054 1825.6217 142.918 174.94984 0.001974133
483.94226 645.1269 249.25015 380.31268 0.0019683226
625.3913 1419.6882 140.2253 231.01329 0.0019612117
416.22238 1042.5673 104.31531 162.59348 0.0019606096
120.14192 942.6965 167.85228 291.88196 0.0019576587
741.40106 1536.0262 142.71332 441.90775 0.0019564023
665.9922 1304.6893 154.78922 366.70358 0.001949275
467.33383 1898.753 124.841095 145.21657 0.0019362947
317.73016 562.70856 628.2469 429.6343 0.0019296363
658.2955 1393.0022 105.42684 184.13147 0.0019288467
649.7346 1500.2637 187.4403 363.782 0.0019211126
675.1447 1807.4888 159.22348 185.84737 0.0019169571
673.9849 1797.4463 214.9505 364.57153 0.00189453
720.8303 1853.8262 179.77907 360.4031 0.0018917746
172.38586 1986.5447 333.37735 90.02279 0.001891627
756.86084 1078.6521 125.934555 490.28342 0.0018835767
500.75186 1200.8484 222.79434 793.8758 0.0018794127
476.08215 1860.0712 200.49994 254.5785 0.0018787142
667.8646 1971.9569 187.38062 116.60391 0.0018782271
194.01186 1944.3333 364.4932 165.864 0.0018771511
663.2696 1147.8308 276.4229 970.7833 0.0018631766
620.1228 1888.6179 176.7146 234.04028 0.0018621385
590.7933 1929.0712 425.1334 210.04678 0.0018606333
713.8679 1182.6327 170.43088 313.89972 0.0018595026
631.09406 1868.7776 233.9958 298.7585 0.0018581375
496.0596 1865.026 207.78873 253.39357 0.0018579874
626.63556 1490.4904 131.4058 301.88058 0.0018557867
471.55966 1883.4143 131.78743 150.14627 0.0018543351
762.51776 1911.2324 97.4647 245.69984 0.0018529395
752.3063 1920.3741 114.28856 227.41711 0.0018509016
565.3998 1291.6886 337.5854 1328.444 0.0018402473
733.77856 1969.9232 152.8784 129.79279 0.0018371379
608.7833 1709.1631 207.88165 368.8599 0.0018349027
524.88007 1880.7306 116.82724 177.37204 0.001832745
226.62292 1938.9596 455.18356 188.03436 0.0018320638
489.5165 1811.0608 127.32612 167.1388 0.001830284
658.6313 1944.9098 114.64623 154.91168 0.0018259716
758.5153 1930.3275 102.160416 204.56021 0.0018255902
68.703735 2010.6158 122.06326 44.776848 0.0018252304
729.2158 1428.447 143.16322 345.17038 0.0018167071
385.02905 1947.5023 722.42084 176.5137 0.0018134683
738.86676 1940.7842 142.98203 183.8746 0.001808455
670.176 589.1601 296.5219 475.73734 0.00180681
660.1398 1966.9711 308.5676 133.18475 0.0018018434
418.5225 1845.8098 366.22513 412.4191 0.0018006723
553.2965 1791.235 217.97058 357.95612 0.001795103
626.7196 1830.2229 128.91623 256.52856 0.0017936297
705.00275 350.19397 202.2847 375.81094 0.0017885385
548.1985 1948.3225 317.40024 175.68504 0.001785608
726.15594 1977.2222 164.52423 110.797615 0.001785201
414.31308 1888.9563 272.14993 248.89168 0.00178135
745.1244 1938.1703 132.67584 190.03761 0.0017786362
551.49255 1975.4941 222.40698 114.66917 0.0017757905
719.72736 1614.8776 168.22356 238.31139 0.0017724598
668.0969 1379.9192 259.2634 969.597 0.0017702584
550.27875 836.71155 382.85718 1122.9005 0.0017679401
773.8994 1711.061 80.93604 227.9335 0.0017675076
772.6657 1694.5842 101.29814 229.19946 0.0017675068
394.72433 1017.3355 733.2394 487.04663 0.0017597852
778.66766 1644.1063 98.7588 289.23795 0.0017591286
520.6779 1636.2635 94.32893 127.823586 0.0017578496
494.91214 1782.6599 110.57939 172.83888 0.0017509493
507.32166 743.1307 312.84357 853.6039 0.001750676
375.94778 1307.7382 724.6669 1371.8165 0.0017496953
580.0595 626.394 212.78995 309.63654 0.0017456157
599.9963 830.977 306.1645 1034.8978 0.0017444114
195.94856 1978.8971 283.2576 102.20111 0.0017420663
493.2843 1753.0238 110.357895 167.3521 0.0017401883
532.3762 1943.3601 262.80972 171.2122 0.0017363301
764.927 1851.0981 110.06429 322.33585 0.0017312898
548.30804 1876.4689 199.01106 260.8719 0.0017297313
742.4143 1979.1711 148.04485 109.68996 0.0017234784
657.6674 1724.2954 126.42923 178.00494 0.001716926
82.69827 331.18686 160.36232 571.24176 0.0017142285
694.0703 1997.9633 257.11853 71.114334 0.0017139054
303.51553 1311.4979 212.4078 404.24054 0.00171362
456.46918 1984.2046 170.64746 91.50872 0.0017119322
536.4886 1907.3479 183.0996 190.05356 0.0017047687
764.5296 1584.7538 96.75036 215.4788 0.0017016277
329.82535 1983.9365 564.8847 110.11864 0.0017015978
467.59415 1840.0543 291.16452 375.67245 0.0017003153
775.83435 1679.3463 82.5209 304.38748 0.001699633
740.64124 911.2954 161.73155 386.84943 0.0016986325
742.22345 1952.1785 150.06123 160.81007 0.0016951276
761.4513 1820.4658 126.48872 295.47958 0.0016913941
711.1592 715.5988 214.92316 342.05515 0.0016872301
254.2789 1979.6676 538.21704 104.8502 0.0016865748
737.0469 853.49896 170.47137 551.7495 0.0016832879
715.7667 1982.9406 196.0227 99.444595 0.00168249
547.9278 1988.2767 155.76593 101.35387 0.0016778422
163.4557 215.52884 208.30246 179.82956 0.0016705984
663.5824 1938.8093 270.76962 273.7822 0.0016705642
648.302 584.26324 311.87427 477.45175 0.0016693273
428.3079 1983.6836 182.82259 93.280754 0.0016672306
219.71553 242.78009 431.18164 433.50125 0.0016648901
766.3315 1924.5936 97.4285 217.80501 0.0016578916
321.59088 639.25244 610.85913 458.2393 0.0016575388
606.687 1918.8164 154.56912 193.23781 0.0016569558
701.9967 1937.5486 140.2385 157.74733 0.0016568808
725.8996 1970.8978 173.79272 123.23561 0.0016559424
756.55597 1844.4105 109.69148 219.71342 0.0016549794
81.36203 1429.0052 130.64882 815.76495 0.0016525789
616.4551 1723.362 259.66022 357.39188 0.0016506936
770.6832 1387.7375 111.76494 421.3958 0.0016494642
776.67084 1780.3298 84.821846 517.5058 0.0016441566
410.86584 109.263725 812.1673 212.86957 0.0016437264
469.3672 1907.8451 160.63147 154.75697 0.0016427626
616.0136 1727.6991 184.32767 270.29703 0.0016421886
546.9551 1861.021 160.92035 211.86603 0.0016418471
734.524 1964.7627 143.12865 132.47426 0.0016363583
411.0364 151.50839 813.0913 293.1027 0.0016353935
379.14758 1020.33844 749.5553 1973.4177 0.0016331745
784.3056 1831.3191 72.60682 405.27643 0.0016290374
670.6994 780.339 260.40396 1149.5057 0.0016228249
558.5223 1714.9829 142.42981 184.55403 0.0016223599
306.08713 1240.4615 223.02719 567.1752 0.0016219298
309.8149 1262.8757 484.8298 818.3542 0.0016213886
708.34753 1466.7644 166.2921 301.68262 0.0016172103
744.0082 897.6025 146.95915 869.49677 0.0016169548
157.39024 339.65918 274.5247 408.63605 0.0016110882
219.35384 1975.069 340.35446 145.84235 0.0016103222
184.072 1999.3534 350.5991 69.272736 0.0016075202
518.063 1977.707 298.2771 111.125946 0.0015920126
398.215 1019.22516 782.7965 1991.8457 0.0015885314
734.6708 1756.9813 163.3796 362.82773 0.0015831483
286.28552 1962.8507 400.16013 135.27582 0.0015817448
660.0379 1254.909 125.90974 185.5741 0.0015774891
322.86966 1974.5679 635.46783 118.942345 0.0015722377
722.3781 1554.8324 156.20335 236.74342 0.0015714923
766.02325 1919.0002 89.93597 228.26646 0.0015648364
694.6741 1135.1913 54.565586 93.7593 0.0015579759
537.50806 1846.1311 114.29386 156.21704 0.0015495311
669.4001 1743.038 143.70227 177.38054 0.0015400355
781.62115 1950.6945 68.35687 162.81502 0.0015362604
260.59805 1947.3389 543.3236 161.28561 0.0015346952
778.57196 1627.4817 72.94601 250.92104 0.0015345739
697.4445 1613.0869 185.41599 327.49725 0.0015316505
758.485 773.9061 127.297615 1169.9268 0.0015304674
744.46893 1972.7429 131.02435 116.20846 0.0015298758
601.836 776.828 297.97015 652.911 0.0015290757
261.50055 1958.229 559.58026 151.7504 0.0015196587
746.1341 531.0393 123.41926 581.55084 0.0015196254
387.76187 1999.5392 129.08519 102.76064 0.0015147352
733.2006 936.2363 172.41647 344.28708 0.0015096111
740.04816 1165.2338 117.302025 327.12476 0.0015089299
325.79752 429.87534 643.62274 590.73553 0.001506533
434.127 1946.0405 202.76584 151.7064 0.0015061738
580.6269 1992.2849 207.78111 85.88499 0.0014932937
519.04553 1171.8516 169.1309 347.90445 0.001490656
320.40372 1995.3241 680.2441 84.97468 0.0014835431
369.5486 1958.7317 682.65735 190.88878 0.001479828
437.72217 1949.4143 222.28621 155.443 0.0014757569
768.1333 410.0049 81.09686 320.67285 0.0014663292
122.85678 977.5676 169.87527 675.1236 0.0014603962
614.62445 1682.0453 113.220955 160.09712 0.0014545253
768.74164 994.89197 99.40728 650.41534 0.0014529078
253.91528 22.82671 250.32892 42.175602 0.0014488436
508.14996 1648.1312 293.6749 737.04236 0.0014465599
237.3336 1999.974 476.31927 76.77228 0.001439045
296.7748 803.2507 533.50256 667.1569 0.0014380238
324.05923 1977.2499 674.4746 163.71223 0.001429885
373.15518 1023.26416 734.1509 1967.0612 0.0014296909
725.7238 1350.612 152.15973 777.2248 0.0014234586
104.65378 145.86569 198.00911 245.44496 0.0014190098
773.78674 892.9402 96.2574 633.93414 0.0014117783
644.4424 1732.8416 138.82228 192.7058 0.0014041261
275.8128 1383.9724 415.56708 901.38385 0.0014040137
792.6328 1607.5232 54.30139 359.4676 0.001403465
787.23126 1269.8619 64.47875 199.55235 0.0014009319
765.1882 238.53755 105.696 442.99225 0.0013904512
177.45891 723.8433 405.8578 1167.0242 0.001388559
788.46277 1943.5139 57.553413 233.44698 0.0013730375
327.0132 459.15613 444.95892 385.5359 0.0013623805
301.71262 1519.6407 302.82895 415.2124 0.0013511652
790.8016 1877.7585 54.67629 314.8647 0.0013476439
584.43164 1625.8169 83.84724 150.58699 0.0013466842
800.5506 1797.1483 68.644455 207.18651 0.0013459643
684.54675 1455.0455 157.52818 229.72829 0.0013377833
630.46155 1592.4711 128.17476 234.3286 0.0013335439
141.6544 1076.2502 268.27625 1781.5447 0.0013286093
89.20396 64.76728 180.02205 108.422745 0.0013212538
764.8429 968.0382 119.39073 322.72446 0.0013057808
426.136 1597.0576 353.53165 403.56934 0.0013043494
789.36646 1650.2496 70.657326 351.26126 0.0012924888
722.2594 1998.855 170.6908 66.68652 0.0012884744
760.6339 1022.48975 127.428635 309.4002 0.001287547
266.64743 378.57095 444.32755 438.7485 0.0012842873
717.024 1421.7769 128.62244 187.92297 0.0012829095
788.8823 1936.9346 56.953205 197.7895 0.0012828247
345.11423 445.8724 682.756 748.5674 0.0012815831
330.5789 448.70264 543.5833 821.54456 0.0012694987
277.1152 1987.363 579.54974 123.69973 0.0012564308
768.36194 1984.8918 93.20865 103.59313 0.0012563845
425.138 26.109827 773.70544 53.110916 0.0012532723
414.592 1720.8236 741.611 1279.0548 0.0012499844
473.73654 2000.4655 413.506 100.00967 0.0012480179
366.65945 1978.8264 745.5686 160.10303 0.0012472669
362.55283 1986.7067 227.51575 83.541534 0.0012365616
292.61246 1358.3063 237.96623 405.79257 0.0012296857
301.75717 1618.744 397.19174 689.9875 0.0012287567
537.30115 1607.7163 339.63867 712.86676 0.0012246456
312.18356 705.1801 348.63995 586.5213 0.0012223264
724.34106 1465.2356 141.66295 202.48257 0.0012208447
792.07355 646.5165 54.89537 395.01422 0.001218628
402.3315 888.5187 168.86002 226.38904 0.0012096115
788.4587 258.5146 62.77482 492.3833 0.0011972346
559.9722 1600.4065 336.38303 691.35547 0.0011914173
455.16617 1199.6019 515.8707 1179.0231 0.0011648589
782.2617 698.8599 75.613434 1017.22015 0.0011546996
366.43292 1604.7086 780.2117 874.50867 0.001154345
534.20276 405.7758 436.77206 663.6059 0.0011532431
772.4613 1995.0095 103.54826 129.7627 0.0011525978
195.9392 1095.9882 132.5526 409.8898 0.0011483972
757.44183 1066.5747 104.67619 218.04993 0.0011392148
485.43396 828.1 469.54047 860.3413 0.0011227042
769.8974 1996.0858 87.89449 77.03355 0.0011224952
774.9806 2002.635 96.95733 66.40621 0.0011181313
544.79224 2028.1306 140.31367 37.140015 0.0011112621
809.25903 1879.058 37.918457 144.54875 0.0011055871
390.04608 1018.2191 749.82806 1951.1439 0.0011047149
792.2478 1979.4026 48.006683 111.232155 0.001099729
802.28644 1863.5254 36.97562 252.28986 0.0010990393
572.8302 1144.0391 392.57422 956.81146 0.001098751
179.67625 1193.7485 173.63524 729.9762 0.0010740673
390.45776 1036.26 739.79614 1915.6123 0.0010515342
801.7598 1541.327 39.681347 349.16342 0.0010492671
420.5206 64.98351 800.6808 131.68272 0.001045632
394.76108 1016.04333 395.4262 772.6383 0.0010414767
332.72638 792.137 186.10587 154.69733 0.0010199371
792.9392 1993.7201 48.800022 85.88618 0.0010148919
337.35687 1417.0399 498.10648 616.24634 0.0010134233
231.28403 1275.1963 120.97464 424.00482 0.0009972497
417.70718 1107.9515 275.4141 770.80286 0.0009933544
237.20517 858.1629 491.8999 784.75146 0.0009885823
269.01242 1520.7155 303.22168 703.01544 0.0009850824
507.2234 1272.5753 400.22476 973.91595 0.0009659561
790.0708 2012.9532 82.27141 75.27019 0.0009658668
787.9695 2016.77 54.94903 37.576855 0.00095187564
814.49695 1895.6528 13.263921 267.8218 0.00094059604
256.19058 385.83942 544.916 733.0121 0.0009384687
414.21423 668.6968 789.37244 1275.5677 0.00093710836
808.60004 1944.5227 29.0049 175.39038 0.00092745473
627.531 1243.9397 302.1318 266.767 0.00092661433
257.23788 1197.9253 190.23845 940.4658 0.0009156627
368.41156 1548.2762 754.4336 466.39706 0.0009131747
643.76984 1174.2273 284.55167 967.7955 0.000912655
797.6193 2014.568 38.697002 42.705338 0.0009066413
402.3189 917.68115 764.2328 981.26154 0.0008913331
814.9059 1487.5332 50.844875 218.35612 0.00088940345
810.3891 2005.0105 40.248302 82.59453 0.00087678083
487.90204 1171.8225 388.47437 907.03143 0.0008708211
313.18655 1364.4824 168.58507 733.6698 0.0008651814
814.49634 1958.9457 13.177467 149.6296 0.0008646634
538.8656 869.67706 380.97668 906.9898 0.00084700785
358.8254 618.62 712.9251 1003.28595 0.0008154344
382.789 1225.5339 612.6694 402.8543 0.00080966525
431.9958 1290.8496 328.5097 1052.53 0.0007946305
280.86728 795.38654 327.55298 699.53357 0.00078769337
531.0596 1168.4279 448.81122 920.6687 0.0007768525
425.43442 1251.8336 186.51807 588.0757 0.00075261376
434.37857 2029.1765 721.67175 18.993593 0.00073800154
400.33734 1406.5681 769.3695 394.6782 0.0007213438
812.63214 64.90008 78.1281 308.6244 0.00070920255
523.4132 1004.0121 297.26486 720.9314 0.0007066685
369.9927 1084.065 187.95262 340.9447 0.00069261924
650.95776 1411.8524 360.7222 647.9103 0.0006645056
566.44574 178.96286 517.00604 380.92474 0.00065755995
432.0017 1557.281 525.3358 878.03143 0.0006575023
418.49286 1056.2612 345.39883 1065.091 0.0006521776
699.58167 532.0515 348.4339 442.80334 0.0006399805
417.7165 702.83185 687.8041 1088.5011 0.00063556153
745.2333 652.2715 280.7299 425.69803 0.0006172133
420.88828 1244.4365 367.12836 1000.1125 0.0005997722
383.3396 1396.5792 772.2786 460.01648 0.0005773393
343.4558 562.63837 689.96936 773.8399 0.0005293667
577.27734 1295.4032 414.32898 668.2403 0.00052462984
349.38266 605.0931 688.67694 613.07025 0.0005108663
456.70544 767.0598 383.33417 830.40265 0.0004881125
554.4306 594.1702 536.48047 530.2354 0.00041892045
295.7718 226.43994 571.7909 587.4448 0.00041139743
419.79526 108.78376 546.4931 454.57397 0.00040198522
369.0872 151.83264 751.68915 558.04175 0.00036549976
