528.8359 1389.3468 1045.2595 2771.3232 0.61305004
535.2318 1741.629 1052.0463 3472.3042 0.22070491
313.91632 409.8074 195.46236 195.1193 0.11919133
597.5998 1754.4786 1175.2664 3479.0288 0.1000623
48.233185 3081.3794 95.42745 851.07385 0.0898391
512.75433 1685.714 997.34564 1960.8635 0.089390166
492.22073 1639.6857 943.94006 1841.5299 0.0850826
475.67953 1053.0945 878.5385 2009.0365 0.07396272
333.71716 341.0092 245.02681 340.2511 0.07107331
47.827003 3138.5513 94.013824 734.2026 0.069346055
487.09882 1672.3909 896.6181 1564.3867 0.058850963
520.1065 1796.1227 1017.7436 1885.1152 0.056813784
622.3461 768.2877 180.29788 201.49657 0.056062106
469.01498 941.1831 869.58636 1803.1921 0.055852342
332.99213 276.49496 259.78342 470.0481 0.055167045
384.63367 253.61661 137.08565 153.6729 0.054886173
366.17096 263.7022 716.8136 522.1625 0.048756722
477.9015 1281.5093 870.5162 2280.5544 0.042880323
648.4678 805.7055 245.01659 290.17038 0.042264357
17.530249 3241.495 34.17475 63.50802 0.041887663
486.9595 1446.0706 859.70624 1988.3788 0.038481846
414.5492 414.92584 816.48987 828.262 0.038360864
470.67532 1138.5916 758.6018 1736.5399 0.03829104
237.78725 268.6508 452.38672 490.8325 0.038100746
472.09894 1367.007 878.59534 1370.8773 0.035359785
69.35339 370.35345 114.460785 151.72282 0.035044175
471.75537 810.3594 902.4627 1605.981 0.034791745
516.99506 2231.4941 1009.6342 1024.1356 0.034435757
518.50586 2183.0515 1012.8329 1146.7992 0.03360237
634.2226 230.47025 412.92184 445.61948 0.03258264
507.40463 2008.31 975.35504 1138.6818 0.032027524
422.65884 478.3696 830.5376 955.5817 0.031104123
356.4785 98.63552 131.30775 121.81876 0.030713871
39.975563 3041.7131 78.76326 92.126434 0.03059602
346.9257 273.7649 527.4263 515.4229 0.029092804
475.46683 2019.3607 901.0902 997.3431 0.028366596
529.2524 1388.5364 1039.3868 2769.8582 0.027479349
523.315 2055.2432 1020.5602 1430.9697 0.027063401
421.98123 275.15353 829.41833 545.5679 0.025842218
22.348814 2723.4534 43.78786 150.07135 0.025788264
466.54004 2102.1416 885.7088 825.0374 0.025642922
464.3713 705.1334 898.32446 1400.551 0.025415743
570.85187 129.03178 289.56488 249.23413 0.02528847
418.94257 328.90723 823.2984 656.1015 0.024387889
412.31665 1065.0435 773.8144 2062.4517 0.024265854
457.95004 261.23315 506.62854 505.79227 0.023837691
545.77014 1634.1841 719.96136 1289.7621 0.023529343
741.80316 331.0756 195.66705 246.91814 0.023393884
477.4142 1839.502 853.08185 1271.6711 0.023119442
462.5766 1231.1576 858.2498 1232.2324 0.022118157
423.1051 511.0712 824.1401 1014.563 0.021368444
46.363018 2945.651 91.72742 339.76437 0.020890515
467.47397 1219.9708 869.2723 1392.4243 0.020886859
459.99536 1195.0112 852.7502 1097.2704 0.020507513
403.32788 1142.2239 702.3305 2040.0126 0.020077014
559.72974 160.48663 214.84885 181.78864 0.019801872
513.95654 1387.6982 736.2277 969.38354 0.019778104
217.57819 391.1339 405.99707 237.38069 0.019104896
344.9329 394.5739 674.62823 794.0597 0.018643852
472.9686 1391.9601 743.03326 873.1819 0.018602282
336.48584 299.4176 424.2481 524.95996 0.018358996
501.1631 782.832 978.70215 1550.6111 0.018250898
500.80698 266.81354 609.0045 522.7535 0.017740553
230.98532 1199.0381 404.52225 530.71576 0.01750152
249.94733 386.04794 480.81705 727.3151 0.017410822
552.8309 1483.1761 629.89075 937.12476 0.017043952
71.757355 309.60443 139.35168 319.96832 0.016996268
420.97147 1589.2621 780.2939 1857.5718 0.016683036
561.0991 239.90298 559.41907 467.29843 0.016638305
527.10516 1943.9276 1018.1718 1659.9984 0.016524184
601.114 1650.3849 692.54614 1380.6764 0.016444197
387.3145 752.21826 741.03485 1483.338 0.016210102
689.06134 858.25494 336.23477 402.2154 0.016124139
367.28015 1316.4219 707.4458 2511.6624 0.015878612
132.3647 89.344124 256.28342 175.46675 0.015859868
474.9601 1863.4747 781.24084 801.2777 0.01576719
543.69525 1335.1625 668.89154 1387.9929 0.015560037
590.96594 1405.8671 664.4471 1460.8318 0.015313586
487.3427 1183.0282 922.02167 1576.6664 0.015287614
419.19943 1047.3837 753.6753 853.1268 0.014985362
574.1066 1388.0502 371.6389 333.381 0.014953707
592.75635 2799.0818 1168.8633 1402.7855 0.0147229545
528.68665 2217.7693 1032.309 2477.8867 0.014710973
425.0808 1735.6931 796.064 1483.3279 0.0144234095
585.04095 2693.513 1156.8982 1610.7612 0.0141304955
414.6407 1664.5652 735.81366 1394.3518 0.014047689
596.149 1383.3508 295.9844 268.45828 0.013939297
468.8028 1906.3016 783.39075 547.3555 0.0138251595
434.8812 764.8715 636.2804 1317.7672 0.013784924
25.666334 3353.757 49.700405 306.18463 0.013775021
341.97803 366.2835 487.04987 657.85443 0.013602743
527.80286 1343.9701 797.1367 1538.2676 0.013442976
41.73294 2870.8586 82.05371 446.45947 0.013386474
601.75385 1251.8743 591.0642 1177.8884 0.013276255
503.5863 137.01411 412.00543 272.30234 0.013118202
427.19028 1973.0898 814.3162 1108.2382 0.012997482
436.32437 1033.0557 820.85657 1018.8577 0.012982217
747.6351 1097.2286 574.213 2084.8247 0.012917414
519.0428 327.98285 635.7064 647.8994 0.012868507
604.62146 1704.4088 789.7724 1487.0004 0.012745524
374.335 188.26082 172.2658 292.51263 0.01269417
482.01392 1154.8275 903.8127 1460.4036 0.012539133
533.94293 2529.842 1046.2998 1906.4159 0.012485631
379.24875 629.2054 731.1199 1241.5388 0.012391683
679.72406 2063.3364 378.63974 209.7349 0.01229771
288.179 1883.5769 382.5756 292.7458 0.0122929625
670.2661 575.6731 343.79617 757.80206 0.012285282
476.93027 1950.076 743.63916 468.84195 0.0122247385
448.3087 673.392 679.1229 1198.0035 0.011977114
296.7617 1103.1761 247.79262 270.45306 0.011974603
491.8673 1825.16 727.8123 788.0244 0.011931465
642.4604 376.6277 431.3882 743.44727 0.011930195
596.0605 549.3267 139.12502 164.80315 0.011847592
684.03217 1994.526 363.53296 339.46304 0.011646587
654.85645 2053.7925 461.05722 503.22836 0.011586173
1083.959 2056.1099 196.30705 252.2617 0.011574416
570.7886 812.7672 422.91418 453.9764 0.0115685975
559.77734 965.6033 667.0883 1494.8173 0.011453206
402.60406 1473.8824 666.9711 973.19403 0.011430871
719.89667 961.6862 570.5417 1799.3735 0.011382182
620.2468 1786.8969 654.5261 1049.8489 0.011359937
133.10374 253.56815 260.82846 496.97696 0.011309579
107.13028 318.83847 204.3942 358.29163 0.011268958
411.7541 923.9944 741.8198 583.54535 0.01123472
659.22577 624.2539 345.71878 741.4846 0.011134197
921.7893 1984.8109 235.9558 394.71164 0.011089597
626.7162 1408.6869 480.2073 689.60425 0.011078047
504.28522 1513.015 930.3718 1237.3649 0.011061196
329.2264 1106.9532 610.7628 756.15436 0.011051686
718.2573 1108.6799 655.4452 2182.9905 0.011019447
405.5208 1201.658 588.54913 607.40094 0.010961334
502.77032 2004.1675 705.16425 552.2068 0.01095195
414.9407 76.68271 245.1627 143.06128 0.010897299
266.00977 1113.4304 504.34097 765.1496 0.010846407
423.88553 107.033226 268.1027 192.3389 0.010732408
594.5706 313.0645 523.4106 623.09534 0.010723592
625.3783 1376.4352 712.86536 1793.2827 0.010571307
481.82104 1977.9199 628.9691 488.93463 0.010562392
534.14966 1485.3441 458.0226 511.76392 0.010452023
649.28503 1652.1217 250.54846 251.90366 0.01045081
670.16736 505.79065 405.02823 1006.20233 0.010409999
507.3012 1896.2927 640.44934 903.3198 0.010386045
314.1799 2039.6012 455.6899 498.98178 0.01036349
699.77826 1745.9626 586.7404 1126.6259 0.010306656
575.19336 2126.12 642.28845 668.0667 0.010271515
511.0283 1967.7401 959.4265 544.6388 0.010260493
564.4137 1968.6066 689.0383 807.1126 0.010202176
367.38513 1024.8373 687.2103 1072.064 0.010187976
99.27936 3116.2434 191.6407 781.42786 0.010180852
393.40363 1439.2067 592.4827 920.1103 0.0101799825
717.9043 1135.9156 605.89453 2143.1907 0.010174031
664.5596 1466.6678 607.94806 1720.5212 0.010143387
585.51654 2388.7073 1146.9758 2198.9097 0.010117968
177.29845 1657.5797 264.53412 248.92154 0.010026924
449.2329 2147.291 630.3826 548.50726 0.009961453
175.61806 1660.4496 220.90674 209.02881 0.009879128
694.13226 568.1381 487.21173 1069.8752 0.009785766
708.44696 1907.8629 239.86905 159.81117 0.009777701
595.40125 3059.387 1178.4712 890.9397 0.009752581
255.50323 1187.5919 293.53223 395.93707 0.009745709
327.34412 1085.5907 183.45076 224.00543 0.009666098
227.60228 1334.578 423.90103 860.22766 0.009630614
211.19118 943.8778 363.97043 397.21387 0.009599255
239.42134 906.35974 425.95895 445.89047 0.009538654
672.0924 1510.4836 692.9145 1804.8955 0.009488652
359.9543 2097.1465 298.2993 327.60315 0.009467545
523.3258 425.51215 1011.13153 846.60333 0.009456565
751.46295 1404.2124 485.559 1481.6847 0.009418331
633.7197 895.9607 436.0312 515.59216 0.009389702
640.20654 97.838394 169.06847 186.05516 0.009346765
712.0034 1979.7672 561.1412 690.1105 0.0093347
320.6289 2167.3108 611.1802 795.4364 0.009321137
796.7233 941.46094 117.67555 153.14589 0.009319147
834.6638 917.12787 155.47583 213.79488 0.009309727
99.74933 85.35941 190.46405 165.2234 0.009309481
328.23322 891.9029 622.4747 1673.6086 0.0093057435
541.5432 871.39984 588.9022 706.28937 0.009284802
457.7839 897.35504 566.0181 514.7547 0.009275661
268.1101 1203.6952 507.25903 1020.07465 0.009229266
723.7647 1907.6067 541.1146 760.0945 0.009222014
241.42603 1885.6036 275.44052 229.62695 0.009217632
780.1899 1408.667 504.51163 1517.0364 0.009197817
753.96564 1422.063 543.9499 1608.2693 0.009181891
773.4115 1984.8145 453.06055 460.47745 0.009166392
618.0554 1146.0785 152.80756 189.28563 0.009133005
525.3522 2780.4768 1033.3723 1439.6321 0.009110912
22.75692 3070.1118 44.614723 888.21844 0.009094963
755.92365 2008.079 464.7628 411.18332 0.009061299
600.78876 1153.7129 615.90155 1937.9724 0.009042304
531.6732 1864.8242 601.28546 664.5103 0.009033648
718.20215 2025.3258 533.01624 423.0373 0.009013356
748.3398 1184.8137 608.645 2312.8618 0.009009247
706.0462 669.6501 557.41846 1309.6144 0.008994758
445.0508 2102.05 292.70685 350.527 0.008988389
473.26694 1524.6987 809.389 1246.7656 0.008978009
271.44696 616.82965 184.64807 219.15286 0.0089756
272.11075 2421.6428 499.61874 328.77948 0.008885492
337.2347 1737.5918 580.94586 542.0652 0.008880895
555.9046 1841.915 641.5912 950.95044 0.008830962
269.5992 2162.5574 341.6495 339.66107 0.008812142
954.804 1086.5563 463.40475 2175.4038 0.008781778
746.88007 245.28279 224.08116 409.9802 0.008725652
524.20715 2317.622 883.27747 674.63043 0.008712632
883.2803 1392.4634 302.02237 1140.9703 0.008697161
535.6712 1974.677 920.95154 924.8451 0.008680625
656.034 1523.4485 687.6227 1693.7921 0.0086378995
658.73016 1049.8148 473.88913 824.8967 0.008630182
839.2242 2025.8318 343.87003 408.6255 0.008595476
571.85785 13.797229 303.9459 25.875933 0.008567824
198.56224 664.7776 354.3891 319.4147 0.008557182
393.794 1740.7917 780.4004 3444.502 0.008549899
632.8158 1496.7225 338.29898 465.7355 0.008536033
283.44467 746.741 544.9187 1389.0487 0.008483911
678.66235 1342.4368 426.24524 692.02606 0.008483286
512.225 2208.084 524.2043 505.9953 0.008470156
405.6706 317.4779 429.06525 420.14447 0.008467938
346.20123 329.27405 667.7488 394.58792 0.00840197
509.9221 909.20905 680.7457 875.9345 0.008382435
562.4645 1232.5919 403.5425 564.5919 0.008368708
765.80396 229.31111 256.21313 454.81274 0.008358374
802.767 945.6156 160.75566 227.75609 0.008337966
315.81992 1119.3816 373.22247 441.0539 0.008321727
656.5877 1799.608 490.46686 1073.0686 0.008316675
573.3691 2082.8105 227.25836 228.16852 0.008279463
670.15936 1829.2108 388.34317 559.77155 0.008258669
664.0573 1847.2281 475.6528 949.8244 0.008254607
487.15344 919.3268 508.1913 530.22375 0.008216965
24.506739 2582.6523 48.3371 427.12527 0.008161431
775.20575 1429.0822 539.0184 1595.2566 0.008115407
416.77286 451.207 460.22626 691.9243 0.008054022
623.7497 1183.5428 250.93472 311.22916 0.008049185
445.89856 1014.64307 543.66956 989.96686 0.008027251
869.40436 1204.5513 366.87363 1913.5382 0.007983435
333.1572 1918.1129 634.9361 1242.452 0.007980249
295.94727 2519.492 575.3007 496.86984 0.007947492
711.6083 1701.6056 618.14624 1513.6315 0.007932941
533.4385 221.81276 584.236 443.72403 0.007931699
616.1343 1799.3198 111.78678 147.23004 0.007907976
810.2754 1426.6936 326.01746 862.6967 0.007895051
573.01245 57.690304 272.71533 113.50546 0.007893059
738.92926 445.76547 223.47963 494.66464 0.007892059
517.4152 818.78784 331.75284 327.11307 0.00785606
516.2887 558.2705 994.9038 1108.9904 0.007823988
393.4558 820.1479 273.14215 332.18948 0.0078228805
592.06665 3244.1497 1168.5238 525.2205 0.007797562
382.48862 309.3535 139.21172 253.34872 0.0077070133
329.7817 2434.9497 265.27115 254.66557 0.0076741828
848.3828 1435.1403 419.45297 1537.061 0.007645393
202.66086 2579.233 387.46103 410.0502 0.007625301
630.96124 76.291664 170.32256 147.3336 0.007614599
560.95435 1634.0254 919.36456 1472.1188 0.0075598415
291.9129 2633.074 572.2468 316.03757 0.0075280177
507.40604 1430.0876 446.8644 583.399 0.0075090923
841.1132 1135.8417 436.67224 2179.9504 0.00750088
282.24472 1758.8066 513.2597 540.2659 0.007494344
353.94247 2376.0408 670.0361 495.5575 0.0074876295
811.09125 1848.0846 417.64337 720.8818 0.0074812076
381.33978 95.488914 537.88165 187.86018 0.0074764616
344.01016 874.28076 184.11241 204.02019 0.007467522
721.5149 1219.1041 404.32465 1125.2921 0.0074632
927.4825 1889.9819 155.57703 232.72598 0.007444116
509.8292 2196.1143 276.15656 339.47427 0.0074392376
317.79053 952.2613 517.6301 835.43225 0.007415067
658.0136 1634.6345 501.80212 727.4941 0.007414776
613.9045 1725.3757 373.987 446.39594 0.007375967
610.9663 1421.0967 421.115 743.3535 0.007353543
22.49592 3015.7192 47.8143 517.0637 0.0073366463
653.80896 1476.6072 509.41748 1665.4879 0.007320356
796.4611 1714.4459 461.0881 1050.8607 0.007293834
856.249 1056.2545 379.01746 2025.4933 0.0072870348
249.2321 649.0595 253.48141 260.0339 0.0072752237
795.97925 1398.5525 266.65826 759.1108 0.0072701634
652.3537 1144.7986 192.63274 241.86046 0.007267028
123.35377 36.24393 221.71187 71.31388 0.0072554518
557.2516 1745.4915 442.60965 546.7814 0.0072515444
710.41455 1656.9021 235.38124 265.90344 0.0072069694
463.77524 1007.0469 887.95526 1111.6104 0.007195668
23.195736 3262.1135 32.464985 73.0515 0.007179978
785.4286 1174.0929 528.71545 2254.4265 0.007173057
76.06794 254.87161 149.3989 497.10522 0.007160212
625.9187 1692.2653 777.473 1596.3093 0.0071575786
607.3332 1139.9431 553.2595 1236.7767 0.007150896
315.0838 410.96265 185.75131 179.9015 0.0071107894
847.537 1189.5979 359.52917 1508.47 0.0070994496
914.42584 1610.5668 236.9956 639.6217 0.0070671234
734.8833 1048.9658 432.3705 802.30554 0.0070579876
691.3867 1590.7224 692.38544 1766.1317 0.0070375227
547.04 1772.704 357.19394 463.75873 0.007028568
621.9898 804.8961 179.08734 274.91068 0.007013107
864.8277 2109.174 226.63817 259.45474 0.0070030526
311.04105 2059.4424 600.4646 977.7277 0.007002088
844.86755 1654.891 403.75906 1115.2142 0.006997163
441.23312 1910.1296 455.86108 757.52637 0.006996831
290.57138 1689.7437 455.88425 375.6503 0.00698768
792.7019 987.18274 228.49883 336.93268 0.0069843656
91.47799 428.94177 178.60983 639.58594 0.006980722
479.68848 561.2735 183.69171 227.78267 0.0069635944
662.0467 1758.1823 364.3708 435.4181 0.0069598597
651.57043 2129.7969 430.32632 504.4522 0.006959062
771.1517 1341.4984 592.9993 2699.292 0.0069532976
264.30286 1769.9458 515.8829 1742.5039 0.006950743
498.81192 2060.6262 611.5245 927.0164 0.0069428943
476.13013 611.0052 914.6721 1217.7612 0.0069350083
283.74103 2306.1309 526.02075 646.52094 0.006916273
440.77133 1352.743 452.22604 882.4476 0.0068858117
744.5671 1095.4114 807.3819 2178.7295 0.006885724
521.292 1344.5945 258.98956 289.6221 0.0068849023
731.2556 2115.8936 233.72221 230.05595 0.0068688923
395.8819 1613.3132 205.55621 269.30878 0.006852346
888.57263 1668.8127 320.93008 939.8022 0.0068303756
541.01385 1844.7347 335.4745 508.83136 0.006813789
626.7628 1510.2386 512.173 1714.9714 0.006809415
755.35504 417.19275 255.79141 451.11362 0.0068088276
56.720165 477.64413 114.81101 450.79684 0.0068076896
837.22864 1643.0778 235.27563 425.8596 0.0067914366
839.0579 688.985 232.30243 584.4348 0.0067831883
843.3327 900.3372 223.70833 419.70612 0.006774527
876.3104 1110.8964 244.49936 622.7588 0.0067665647
581.0293 2304.1443 284.23856 368.04166 0.006736079
704.214 2156.4304 585.96423 963.2314 0.0067218556
351.3488 517.99786 384.786 472.40433 0.0066988706
931.72546 1656.5427 187.44215 416.6163 0.006695704
480.682 1071.251 525.047 590.2314 0.006689837
699.1366 1222.3485 408.50323 1144.9482 0.006681569
219.3077 1052.7417 421.6275 2055.9182 0.0066742366
893.40216 1746.9083 326.4733 920.1914 0.0066701225
652.7608 2053.3582 389.7342 546.7623 0.006665552
278.90405 1104.1007 527.38214 2077.2197 0.00665459
491.07892 2297.2607 399.66864 365.16794 0.0066484176
251.68022 418.99954 463.8323 762.7756 0.0066480907
800.86786 1663.3794 483.01447 1454.0813 0.006629342
323.9997 1817.0254 491.08237 872.4546 0.006603662
114.02476 2684.4443 215.77202 230.94171 0.006603064
453.61447 1156.0217 242.06197 279.28442 0.006592538
331.5139 1864.2845 173.79192 211.79086 0.0065894187
791.1124 499.06628 259.8805 582.18365 0.0065839835
891.4995 2025.3861 175.99597 251.32584 0.006579709
870.2308 1051.7 229.95024 477.24393 0.006577556
428.2606 1424.6321 425.28198 894.65894 0.0065759015
591.1446 3164.811 1117.6282 682.5002 0.006541403
600.32416 2075.3433 140.5262 148.20918 0.006475965
414.8455 1638.2177 227.88187 300.22775 0.006458859
623.9113 1760.4744 338.1815 586.2664 0.0064538238
402.98434 1496.693 402.7243 854.4848 0.0064454516
505.1753 75.10614 423.60098 148.48723 0.0064197183
833.373 1435.3793 206.56616 508.74637 0.006411286
396.36734 1145.6215 425.75946 463.556 0.0064096036
353.5477 102.501884 110.94874 103.182144 0.0063959192
491.69058 1034.8578 287.78973 328.62848 0.0063944836
858.2977 1591.3892 413.09113 1208.108 0.006389069
8.468032 3105.4893 18.614733 437.33585 0.0063536917
217.55249 1092.4207 134.13882 147.4113 0.0063533033
767.9532 1232.2202 243.67625 417.2495 0.0063433326
784.84393 1637.4401 264.82788 390.54117 0.0063365013
176.2628 2221.9573 332.59528 737.7938 0.0063312976
748.09015 1582.9491 166.3054 203.07292 0.006324794
222.089 931.35443 428.38696 1752.7041 0.0063163997
534.74927 963.1214 1035.6655 1909.8173 0.00625065
855.08295 1120.1975 402.96 2254.443 0.0062497174
742.24316 1166.3049 261.73856 337.49884 0.006228755
542.5434 207.9422 589.5002 417.05405 0.0062218527
660.61176 1184.7418 463.32806 1051.9108 0.0062186485
766.9334 1968.5281 219.46599 265.03943 0.0062091346
786.5766 228.78448 272.80682 458.69818 0.0061994735
670.1634 1456.5925 486.17493 1079.9468 0.006198892
619.4609 1801.2593 419.47083 637.0851 0.00619334
1038.1133 476.56857 321.20883 957.1422 0.0061643217
472.78955 839.02924 251.78452 300.41946 0.0061481856
675.2534 1371.2057 713.3635 1938.6675 0.006126163
54.235336 2498.9045 101.90818 1980.2261 0.0061231963
1096.4915 1690.7966 203.42284 917.87036 0.006107439
571.87225 373.0519 586.2984 744.32666 0.006083554
313.52777 409.9833 186.08047 184.3222 0.006082594
549.5806 678.1101 1086.3077 1365.6979 0.0059761642
698.6073 1203.7404 356.25528 444.1483 0.0059699616
530.42957 2311.391 234.0929 362.65887 0.005966208
574.28046 1794.0712 373.3092 1015.37866 0.005936438
661.20197 1216.3099 312.92615 406.48303 0.0059329956
336.09598 379.96005 447.1965 444.338 0.00592341
922.4601 1351.0284 211.43297 930.529 0.005910621
365.15503 1812.4053 606.0896 573.10114 0.0058963853
574.4082 885.8477 1129.9755 1774.3767 0.005894415
1063.8577 1345.9938 263.2506 757.30145 0.005889675
643.3259 2012.6073 759.12317 632.581 0.005880843
224.10446 1713.4802 386.8066 479.4927 0.0058552762
815.3658 1055.2008 342.01093 805.3537 0.0058414307
946.2519 1777.0793 248.76329 728.6708 0.0058389003
544.80896 488.66843 756.84576 991.9112 0.005823832
741.25037 1544.7062 434.80328 1805.1195 0.0058174273
385.76526 252.89137 130.8292 147.97585 0.005815172
731.335 3170.412 603.1542 666.192 0.005801974
949.50336 1536.9618 188.90028 659.2559 0.0057742074
1009.124 924.7419 371.17126 1863.5376 0.0057636034
14.822856 3243.2593 27.237318 62.79289 0.0057549863
1023.43396 1745.4606 335.5283 757.1898 0.005740977
616.8398 1989.529 329.51004 684.65906 0.0057304176
460.20142 2569.6226 849.77234 676.9742 0.005727289
231.13113 690.79407 438.12567 770.75366 0.0057178093
794.06116 1515.2745 454.7976 1054.2301 0.005670491
646.3418 2108.709 415.54996 278.59067 0.0056542032
222.50516 1871.326 424.22775 1512.4174 0.005650376
221.60886 825.90875 419.43933 630.03876 0.005641914
23.825434 2905.1477 49.844254 1217.906 0.005632543
512.0852 2076.542 429.7579 675.66125 0.0056221713
359.3272 2314.5723 446.8724 561.5935 0.00560389
689.655 1801.1147 599.9156 1679.536 0.005587153
680.3587 1351.6189 595.69135 1372.5792 0.005560148
1021.323 39.795353 340.82355 80.56007 0.0055461577
590.36395 1366.5442 273.21478 367.79504 0.005524534
401.2666 1346.2102 416.3718 515.3958 0.005520279
729.345 808.98456 152.6353 283.48172 0.0055184723
804.2242 1867.1417 482.4586 1205.0547 0.00551401
259.5776 1767.2821 519.052 1973.4307 0.005512486
403.5715 2211.0962 126.20509 183.79216 0.0055105677
835.91846 825.4541 396.37964 1447.1138 0.0054923287
576.5591 3194.1594 1136.6293 627.4408 0.005489623
535.30255 2901.9207 1032.1814 813.0697 0.0054893396
119.365166 2591.1223 198.69899 218.45769 0.0054793395
1025.364 1786.1136 328.3298 723.4841 0.005477983
596.77026 2050.2554 132.3727 166.1008 0.005451177
744.24927 1271.3052 615.35425 2570.1033 0.005446841
842.2847 1706.9867 265.412 314.9504 0.0054456787
417.8691 1429.2092 333.1215 655.13617 0.00541587
943.4991 3104.9878 368.41205 567.15326 0.0054133586
202.15218 2124.6577 310.6822 380.29245 0.005409167
1042.3239 3122.0247 257.49408 529.7154 0.005401879
548.62634 2340.8179 413.88272 485.09146 0.0053894604
244.32986 1870.201 212.10034 177.53967 0.005381953
851.149 556.1314 176.92424 371.49887 0.0053808456
436.91776 1818.3385 238.43259 335.19278 0.0053785825
296.99963 956.27466 393.61163 431.53915 0.0053783553
354.26074 2441.0264 568.97095 320.5647 0.0053371615
11.951663 3032.4788 27.930347 190.14825 0.0053161397
771.6257 2205.689 572.8985 918.59033 0.005304164
590.5617 3355.462 1132.2977 307.4112 0.005294127
797.2781 1771.0793 408.27362 1135.5237 0.0052878507
809.344 835.3189 208.84973 339.894 0.005263488
39.434002 3024.193 73.80954 479.67145 0.0052611595
1082.2758 1373.9724 232.31453 1422.9907 0.0052464386
461.809 123.761246 570.09216 242.9241 0.005244744
973.0446 1522.2045 243.74524 932.0848 0.0052403305
694.42 899.1115 377.22107 640.8389 0.0052001416
230.65164 876.5339 438.04193 1003.30853 0.0051967977
141.90344 122.330284 277.6353 237.97443 0.005195198
744.8284 1226.0216 644.0812 2385.2231 0.0051796366
214.84055 1890.6709 179.24548 193.7498 0.0051715123
820.8141 1243.2949 463.49945 2446.4875 0.0051687267
1048.9722 1487.7513 275.8654 1320.4651 0.0051647876
230.43 550.2818 446.1827 684.84644 0.0051584556
581.25116 2153.5635 1134.1962 2663.6423 0.0051455535
770.08496 2310.61 420.0357 680.3057 0.0051451926
1023.50635 2004.719 238.45311 310.84555 0.005128276
1015.7657 3048.233 270.47714 465.70746 0.0051259412
733.3497 338.44513 209.14737 246.01463 0.0051070964
343.56314 2648.7007 408.2616 252.46667 0.0050970125
60.730255 2612.7654 116.180435 366.20755 0.0050951
424.91162 2554.816 550.11456 2070.8127 0.005094162
850.74945 2288.4592 444.5358 847.0028 0.005088851
360.4576 1423.5181 401.42767 1349.7024 0.0050857835
1005.0148 2099.68 275.96545 483.318 0.005078543
772.888 1625.6896 251.66626 368.40457 0.0050594006
645.7731 767.3033 237.48337 217.63974 0.0050557028
497.53763 824.479 375.3927 306.37372 0.005032968
440.30026 1134.6759 263.662 333.90897 0.005025945
434.53085 3418.1062 576.55536 181.92839 0.00501878
444.64462 2404.852 578.1096 757.42017 0.0050087916
335.45782 1642.0416 486.1441 354.583 0.0050086346
456.05566 2499.0159 540.4504 567.82434 0.0050073992
175.53975 1019.9471 270.59946 376.3851 0.005006261
631.42017 3387.288 243.02374 243.66093 0.004991386
212.44655 759.6382 415.78186 1456.3179 0.0049834447
314.9263 121.3505 343.95718 236.34 0.0049801334
802.5958 680.9491 697.1666 1373.761 0.0049725
710.5285 1751.1268 534.2463 1552.0831 0.00496825
683.8505 1598.1299 319.20612 611.838 0.0049613034
575.9845 1913.4749 926.02997 1134.7162 0.0049602445
489.65765 67.48784 326.91824 129.79291 0.0049488526
856.90015 1974.6115 543.01245 896.5111 0.0049482067
786.31793 1673.5392 435.28918 1116.0166 0.0049214666
749.43665 1835.7611 571.73175 956.482 0.0049178833
312.64984 17.606361 392.72894 34.663036 0.004917774
988.73535 1758.4391 343.38177 932.40027 0.0048978794
875.45685 541.27905 353.09497 970.1139 0.004890455
457.1959 2346.1628 260.40677 282.5173 0.0048865345
722.7457 2051.7546 341.49585 458.8229 0.004882583
812.60547 1566.5924 163.9856 218.18764 0.0048720897
648.87805 916.22473 174.87068 178.74294 0.004869291
720.92615 1326.5831 539.11945 1756.8069 0.0048386315
791.04956 3128.4487 435.35632 519.44476 0.004838239
853.7006 1472.4186 412.766 1774.5546 0.004828281
164.2469 659.524 276.357 289.17725 0.004810047
1047.8346 260.26767 286.3851 471.52975 0.0048038266
525.91077 1883.9357 396.4529 794.4173 0.004797245
165.57959 1142.1509 275.3538 414.40924 0.0047835754
552.0789 2516.3545 240.15404 381.32816 0.0047770217
143.46289 2229.8577 250.52512 481.37387 0.004775721
729.867 2109.141 224.9905 375.3733 0.004768022
423.5 2408.3943 243.02988 308.00684 0.00476209
992.955 1363.4028 326.41394 1298.23 0.0047472473
632.82104 3147.746 667.0195 576.879 0.004746745
1036.0676 311.1214 327.39478 623.42896 0.004730369
916.3517 1932.2758 464.68173 786.7419 0.0047256574
722.75684 860.85236 407.49146 429.08115 0.0047215344
414.76816 3390.3818 722.4392 235.54472 0.004718186
74.74046 621.9295 132.19687 265.41708 0.0047091725
235.03102 1151.9064 383.89252 542.41675 0.0046974337
1044.9292 60.190075 313.2527 150.21419 0.0046815295
732.5472 420.7171 599.48376 848.49225 0.0046760244
711.447 2554.1853 394.58304 453.29025 0.0046686754
410.27112 3392.1694 615.87067 241.33176 0.0046639713
1041.8934 2795.9536 236.45595 343.57977 0.0046604024
481.41086 37.682896 624.90436 74.13289 0.0046563586
773.5494 2802.8381 549.03143 668.3121 0.0046432014
1022.21936 2085.5762 325.5629 555.4019 0.0046406034
774.349 1489.7133 403.03964 1701.7465 0.004636416
1073.9275 2277.911 246.79482 704.7457 0.004621444
1060.3899 2050.0327 149.69928 207.98721 0.00461487
766.0378 2037.169 563.96326 795.9456 0.00460366
1053.2853 2761.5276 266.78354 618.3679 0.0046027466
754.8366 1590.1177 579.53845 2264.2527 0.0045887316
206.73073 2994.443 386.79523 704.0756 0.0045872247
765.68677 3336.9827 313.53503 335.9058 0.0045851544
178.61624 1533.1208 341.39514 2375.5718 0.0045742313
823.5322 1642.709 362.22998 963.5026 0.0045616664
176.17786 1220.5021 362.603 1151.8978 0.004554274
198.74165 1860.1937 298.2694 126.92447 0.004553394
938.2317 2862.4856 334.1976 429.7018 0.0045443424
716.246 315.20847 229.60458 265.7621 0.004531382
1020.0 2823.0154 320.70303 958.2107 0.0044996464
1029.2345 513.7487 347.90094 1037.8638 0.0044942885
1059.1329 585.8534 262.6201 509.30396 0.004490141
542.6404 852.0749 293.64938 371.7684 0.0044819186
170.42229 58.24697 356.94678 115.19952 0.0044720913
574.0565 1096.8392 437.43808 868.859 0.004458282
822.26105 2820.0515 718.0798 1372.5093 0.0044521103
752.4639 1440.4962 193.29977 314.59827 0.004434645
777.79193 2796.5042 302.44623 382.8032 0.0044164616
475.15332 1333.3813 415.16446 1026.1329 0.00441412
791.91296 314.00836 705.1489 633.54004 0.0044123665
1095.6117 1419.2844 205.29637 526.14056 0.00439872
766.56836 2126.8462 258.55304 392.11804 0.0043977113
372.5577 3288.5923 741.69836 445.58963 0.004395536
527.151 1382.7917 441.9158 1002.1638 0.0043914733
451.6225 3395.5916 693.235 229.20692 0.0043885056
1003.128 2628.849 327.71487 467.8453 0.0043871743
706.3476 1679.0056 354.09686 1358.9774 0.004383922
1018.61566 328.11487 309.07733 647.5096 0.00437961
932.49054 1600.2192 172.04723 475.8713 0.004368923
390.1211 3471.991 608.86346 71.18773 0.0043633413
336.0389 339.47592 242.59186 334.6205 0.0043631047
634.76245 2577.2188 257.36554 360.06235 0.0043471633
575.9847 3358.1443 917.02264 291.5138 0.0043446873
819.14496 3268.6792 299.06097 404.84555 0.0043437923
516.51807 2804.3162 1001.24243 623.8669 0.004325797
607.9943 1516.9176 319.05432 601.6952 0.004316114
863.9088 2340.8252 339.848 483.7897 0.0043160156
108.786385 3396.8503 180.69919 213.80965 0.004315149
759.3999 1716.9768 360.66867 1172.9445 0.0043072663
474.58878 1125.8541 178.71152 236.27747 0.0042922474
750.93256 596.9242 199.98871 666.31757 0.004291479
808.2979 1367.0101 362.5546 896.0296 0.0042815534
970.76215 2767.021 266.48996 311.77063 0.004275161
639.5461 2954.6287 404.05957 462.64612 0.0042737606
441.47144 3423.012 334.6513 176.30678 0.0042611756
343.28046 1241.2079 335.34378 414.9806 0.004241724
783.66376 1277.3477 546.71796 2501.076 0.0042410335
537.8542 2528.4973 163.10486 216.47772 0.004219379
775.48663 1004.78876 190.72836 248.7914 0.0041999537
1083.9479 3164.207 191.90294 557.58875 0.0041936906
720.93365 1871.0748 218.2936 383.14355 0.0041880286
181.70705 831.43884 292.91797 314.3456 0.0041824705
328.56885 1331.3884 567.14716 612.27545 0.0041770698
817.565 1599.2068 256.294 816.4049 0.0041597644
341.49396 893.5651 472.93747 362.81223 0.004156356
571.07635 1644.9149 257.91873 238.27193 0.004154527
702.42944 1914.8044 499.66843 1533.2423 0.0041520856
1068.2601 802.2103 256.58777 577.86914 0.004149411
1021.9333 1178.3944 338.3565 1662.3086 0.0041282102
1049.7455 2740.029 205.98248 282.32935 0.0041259467
200.24374 694.7773 306.3738 328.84833 0.0041235164
712.80774 673.20764 153.64989 151.00696 0.004116664
317.92075 1381.7644 520.613 970.3581 0.0041148937
993.22644 2104.1252 279.92145 347.67105 0.0041119615
586.5953 382.90918 806.0471 773.46204 0.004108747
430.02924 1804.0726 331.62283 325.53134 0.004103634
47.000164 2677.1592 90.27576 1720.6079 0.0040925043
597.23486 3269.0022 1120.6237 477.56387 0.0040901885
890.93176 954.4758 228.73836 412.62595 0.004084016
993.53723 1800.235 294.4919 875.46387 0.004079765
248.16362 1856.588 344.18747 1203.3577 0.0040755747
936.0421 1442.2986 168.67169 357.5308 0.004062751
754.9703 3276.1377 392.57245 434.2315 0.0040552006
804.3414 2005.4443 491.81152 1466.2816 0.0040487195
440.23538 2566.6382 254.579 145.40594 0.0040390003
703.34247 2997.9434 300.58084 351.54922 0.0040311394
490.36267 3416.0303 898.4946 303.3583 0.00402121
937.4022 2336.7983 451.65018 851.9037 0.0040118955
464.54196 2057.2104 603.2875 377.57816 0.004008686
226.34546 762.35944 424.32547 615.7242 0.0040083607
585.8208 3342.2974 1064.7693 334.50345 0.00400617
800.8655 2657.148 296.55124 336.22565 0.0040015513
656.197 539.2326 149.55031 195.1216 0.0039994023
975.73456 3101.4326 242.01883 277.90518 0.00399566
1052.7458 940.9693 286.5687 421.67267 0.0039857137
600.4568 1866.8689 401.8546 1140.0848 0.003984489
1077.1387 2736.8945 230.28938 784.5266 0.003974121
837.3474 1387.4719 147.06386 270.09808 0.0039729904
824.8678 621.3007 721.90265 1255.1697 0.003972813
445.39273 1151.2943 144.12485 178.60371 0.003961596
872.64795 443.81738 647.45996 898.4973 0.003960022
199.21228 2723.03 325.58414 235.10735 0.003954453
687.11786 3473.5908 904.129 77.44666 0.003948916
942.1208 958.1225 348.92606 847.7448 0.00393044
1118.7256 1955.788 172.15411 460.02008 0.0039270665
874.8652 2352.7769 259.06445 330.17914 0.0039041315
730.59235 3325.4749 369.55157 362.4846 0.0038842054
443.67822 3329.8083 779.1547 612.818 0.003880178
845.4437 2381.5203 488.9153 1214.9521 0.0038647766
855.6903 1708.5948 235.61334 308.68887 0.003855512
665.39954 1267.1235 200.88266 430.6474 0.003855358
254.74211 1174.0316 469.6335 472.8573 0.0038548964
80.49135 3401.5085 150.44264 214.35744 0.003836567
305.96265 2808.2505 550.066 877.9711 0.0038359202
842.1466 2524.3813 266.86264 300.83334 0.003833678
678.82697 2816.2607 182.16597 296.5117 0.0038275442
43.7907 3258.903 76.57494 477.68454 0.0038111832
528.79584 1745.5369 1039.2777 3472.8684 0.0038071554
415.8825 3438.1873 738.3259 266.78424 0.00380416
34.751328 2347.9739 66.53032 887.94995 0.0038019416
1097.3027 1121.6066 198.39787 365.51883 0.0037976834
11.412716 3345.2207 19.924833 297.12854 0.0037951297
924.8818 685.3907 331.41644 689.2224 0.003794753
695.0279 1649.161 485.27515 1931.2961 0.003787062
1070.1788 2650.4626 196.16533 407.69778 0.003784571
592.82587 461.7605 1190.1361 925.86456 0.0037719824
898.4418 2388.8843 509.85504 801.6013 0.0037675553
828.0434 3122.1282 281.68112 213.67743 0.0037658878
788.7135 1513.5463 546.4437 1812.5151 0.0037640529
22.635477 2374.633 45.992638 828.6239 0.0037445275
36.40322 3492.3657 67.18642 41.60988 0.0037427081
350.00076 3227.7563 678.7385 582.70306 0.003741432
1079.1426 3319.0771 192.77472 388.8559 0.0037362755
745.58185 2675.3833 256.05228 355.0734 0.003735649
1093.0868 1776.5151 210.43875 801.3653 0.0037355144
585.488 2583.662 641.7225 929.25507 0.0037250747
912.7769 1365.2134 188.17708 477.94424 0.0037062545
670.7974 2586.4429 241.18465 355.5646 0.0037061505
1123.352 2338.9915 167.57321 826.0934 0.0037014156
1042.2303 3175.516 325.6904 652.5863 0.0037003816
1011.8617 3087.1626 316.05786 831.61835 0.0037002093
877.9922 3388.3608 304.38068 249.22472 0.0036976878
1007.445 1398.4313 304.0542 1777.465 0.0036839128
1109.143 165.13922 195.72903 331.30167 0.003677574
1021.5464 2261.3826 308.87955 876.5097 0.0036756422
526.62463 620.63654 314.5396 599.4573 0.0036683152
1040.3208 63.873398 321.6204 169.07845 0.0036674177
10.133026 2998.7654 19.9361 1022.8637 0.0036632179
581.2951 1835.769 286.04764 785.9811 0.0036586348
661.32825 2947.7385 245.78175 371.21802 0.0036389316
1091.3022 1107.3519 202.1343 392.55887 0.003635762
889.64154 3347.7766 275.998 263.81168 0.0036254558
926.8899 1492.117 168.61363 358.3883 0.0036191775
692.3751 2705.2913 320.78363 466.67682 0.0036019168
717.35297 3226.8228 258.44687 347.57635 0.003580231
893.36914 3003.9949 365.31018 401.1163 0.0035763888
738.33124 3081.4683 268.90298 302.19904 0.003567545
916.4339 1112.7369 225.26776 693.112 0.0035617168
968.26 1051.647 272.3817 2149.899 0.0035584893
1000.9055 1429.9604 394.97314 2934.2944 0.0035559877
1080.7268 850.8656 244.29022 673.50146 0.0035522678
1109.8374 2906.021 157.21683 515.0896 0.003543084
995.4236 3467.9988 388.54495 81.96083 0.0035197656
935.2651 2938.386 277.9339 332.90503 0.0035124912
1102.0186 1828.1389 194.91478 654.05884 0.003507591
535.6335 2842.2026 467.49472 919.7172 0.0035038262
1097.5118 3237.5762 189.2182 551.1601 0.0034952343
646.94916 3453.088 1055.9076 133.05751 0.0034923027
628.4302 228.43294 411.82928 439.09277 0.0034799369
1125.7266 3361.547 134.88615 290.1137 0.0034766379
643.22266 1642.6381 117.85556 143.80263 0.0034591125
829.3432 3006.5369 495.72794 574.2384 0.0034582596
1043.2203 2389.5645 296.45255 1304.5475 0.0034569714
744.30145 2939.3398 250.37354 261.7316 0.0034564096
475.79822 3064.7405 228.63995 303.16165 0.0034508512
866.9147 849.048 148.3299 228.12509 0.0034475042
819.5233 805.5072 564.6336 1570.6006 0.0034444537
248.09976 1333.067 305.80746 182.11252 0.0034369798
914.7017 478.35242 294.00708 618.70166 0.0034303176
783.7137 2118.1833 597.1799 1179.1394 0.0034163469
24.429642 2336.7275 47.564323 926.54816 0.0034147971
905.19794 1171.1046 246.87592 1892.2572 0.003410574
806.36633 1520.0841 553.7828 1642.8641 0.0034021935
728.0652 3370.058 278.99188 285.9962 0.0033944985
382.4432 1913.287 620.3245 2048.4375 0.0033943208
877.60065 1277.5507 344.48743 1216.2507 0.0033857585
465.27594 2389.541 509.8368 288.75467 0.0033856588
1091.7622 2590.509 180.54301 360.25928 0.003384798
1090.2975 1359.3026 196.93018 358.64688 0.0033806069
1098.0109 1618.6134 197.97821 438.55316 0.0033730278
586.919 3142.3293 221.09694 348.40546 0.0033726546
898.6295 1698.3302 241.04002 816.18884 0.0033702413
306.85965 1406.3945 784.9732 1608.8698 0.0033681314
417.57043 514.07544 153.00508 208.62206 0.003316477
307.5292 1879.8732 192.16777 171.40012 0.0033148068
533.1219 346.92853 479.3356 331.2506 0.003285955
679.6494 3033.2266 250.60081 291.58044 0.0032777742
1080.3436 3428.7524 217.15865 161.53716 0.0032777537
831.07556 544.04065 241.30414 499.5484 0.0032705208
1110.0282 3284.635 140.68071 453.48987 0.0032671217
55.353424 3416.664 102.16579 181.40616 0.0032637275
1015.37103 2988.467 308.41995 295.71268 0.003256589
364.2584 1175.852 131.03233 176.46545 0.0032449192
485.0739 3411.2583 919.58203 216.10422 0.0032441143
402.51584 1137.5051 637.86804 1098.754 0.00323517
1103.6993 3365.9497 161.19772 282.12692 0.0032349946
1147.7876 3379.937 165.67088 254.80798 0.0032303603
253.82968 2915.2798 319.69592 276.2063 0.003221495
37.051136 3430.254 69.234245 156.10066 0.0032188182
585.40247 1738.4197 1191.3315 3478.1218 0.0032179141
1088.072 2217.9219 236.69797 457.20813 0.0032148978
471.44708 2708.8596 497.65756 767.2208 0.0032045133
1126.4529 3372.1301 122.8907 272.9667 0.0032018593
1088.3016 836.3742 220.29575 594.653 0.003181366
614.6085 1798.7217 64.75282 102.05112 0.003162825
1004.5811 3417.0037 373.54294 203.32172 0.0031604788
682.44635 275.52164 714.5869 552.0024 0.0031595686
1064.12 2480.7668 215.11203 363.86707 0.0031208333
26.603611 3497.7395 49.858086 45.30586 0.003101849
613.01385 2642.209 176.93513 252.0831 0.0030991475
388.01663 1274.9117 455.14667 1103.2864 0.0030980664
854.03516 544.9803 163.49695 324.61786 0.0030943558
964.2627 1348.5492 155.66658 322.96582 0.0030940704
880.1489 830.6991 279.81528 965.6583 0.0030846891
1109.8942 3246.069 154.97041 488.8294 0.0030830398
878.22 2077.363 505.6427 1351.2273 0.0030807501
1138.6989 2553.411 128.48354 609.2633 0.0030659928
407.34796 1711.8312 817.8507 3108.9238 0.0030587632
952.933 2056.2598 349.62204 1424.0522 0.003051638
529.3819 1440.7192 435.77426 895.26685 0.0030433526
552.81195 2688.6736 259.38132 303.6837 0.0030347002
948.6872 275.758 509.61716 550.9753 0.0030312296
638.4306 1548.1213 290.43237 846.4996 0.0030157536
395.74005 1323.7864 194.42578 120.33247 0.0029996247
690.683 2299.52 147.33923 272.82965 0.0029881727
1123.4329 875.3443 146.86592 407.2181 0.0029718813
1084.083 3385.0476 182.63568 245.46132 0.002962533
164.32489 3237.2957 258.22552 435.0246 0.002956397
1101.8501 1586.595 190.80971 404.34863 0.0029533808
515.84143 1702.242 556.21027 946.3737 0.0029461372
455.65588 1575.7755 399.40842 677.1383 0.0029399765
487.0671 534.94025 965.43787 1074.2203 0.002929459
686.16833 1677.1608 649.8128 1766.4989 0.0029268684
442.55606 1029.9672 532.9495 650.5564 0.0028778184
796.2907 1181.7278 690.9575 2356.7288 0.0028770769
1091.744 303.814 219.04759 373.39062 0.0028711024
954.05255 1740.8827 167.14195 429.565 0.0028525572
65.02166 3480.698 117.252914 70.14106 0.0028478084
1067.4338 1698.524 155.86009 373.23834 0.0028391974
831.9085 924.7258 275.9107 356.62433 0.0028255938
979.71155 1874.39 237.9753 478.3244 0.0028237994
933.4281 2450.7954 318.29828 403.5399 0.0028144363
1119.4951 3411.9568 143.14357 191.88718 0.0027815863
359.2877 408.77444 324.0142 423.92123 0.0027528298
33.91755 2107.621 66.97062 822.86017 0.0027408297
532.77606 1396.0955 1047.4795 2756.7498 0.0027396206
782.32007 58.113773 310.78952 112.71424 0.0027384625
1029.7192 2493.279 278.16766 501.95752 0.0027187255
307.11978 3090.3862 560.9177 818.0289 0.0027149997
800.39923 1260.6129 311.2848 1778.2449 0.0026804884
128.73853 3248.8855 225.09778 280.4518 0.0026626177
818.65137 2135.7532 566.5443 1547.7877 0.0026506972
1122.4565 1975.4581 182.98888 840.4848 0.002640962
295.82602 2911.361 587.76917 1191.8679 0.0026379693
249.07484 1381.1437 276.64243 314.42078 0.0026193336
1163.2623 267.66714 99.96544 551.65955 0.0026178416
1115.6427 1649.0128 155.05545 378.09467 0.002599654
1068.977 3402.1448 222.24197 205.9419 0.002585172
1158.6499 1658.4664 90.7556 532.6089 0.002579433
891.5669 1039.6353 295.35535 769.73883 0.0025754573
1146.7397 3316.9832 106.062416 379.7476 0.0025686766
508.05875 1483.4025 401.0326 736.32306 0.0025459356
559.0351 1743.8303 971.0912 1500.733 0.0025402615
1151.5917 2755.764 98.292725 468.67715 0.0025296647
46.779472 3077.0413 91.51448 854.4231 0.0025150857
1116.249 808.2908 171.67783 414.9057 0.0025112187
16.804571 3477.4768 34.850555 76.36355 0.0025007082
954.9351 2245.4946 360.26932 1035.5039 0.0024997604
1143.137 2509.9004 115.04157 436.028 0.0024965212
664.19226 1736.6461 625.0595 1692.0824 0.002472942
558.9986 1878.9762 776.92816 1175.4347 0.0024725301
419.0697 654.84686 802.1557 1311.8447 0.002454968
211.42108 1816.6892 311.07492 1180.0845 0.0024027992
296.7276 321.42383 359.5001 366.86176 0.0023975645
1083.4904 3440.5645 185.40778 132.20331 0.0023761087
731.2042 1644.2015 511.5228 1511.2534 0.0023587751
596.4342 2176.5847 436.25504 677.1967 0.002335887
1006.4236 2445.4788 260.07977 450.89316 0.002332054
1089.2327 3451.8308 175.97809 113.11651 0.0023148058
590.99994 1735.5143 1187.4135 3462.9556 0.0022925024
404.92117 2227.6995 588.81067 1556.8179 0.0022914775
1066.16 3446.6375 246.28734 153.26537 0.002287282
1182.0602 605.55853 90.5558 542.7806 0.0022601709
1144.1642 3411.286 96.731415 211.87885 0.002255513
757.52924 1020.442 563.2844 2081.6934 0.0022523606
503.8954 3369.3774 886.8965 94.328255 0.0022398897
1152.8678 3344.6794 83.02596 295.149 0.002201838
236.7451 276.70206 362.41595 585.15814 0.0022003613
592.43365 1641.5209 319.8391 871.2859 0.002193739
1163.5588 1768.2144 80.86531 541.40186 0.0021305813
515.1715 2890.622 942.596 438.2631 0.0021285363
1142.1007 3428.6096 101.21471 180.20522 0.0020523055
417.26358 2281.4219 489.59448 563.148 0.0020404593
1152.7651 3427.9744 86.651985 175.03436 0.002007412
1164.765 2663.9224 92.05325 417.53296 0.002006946
26.258749 1266.2314 52.4664 599.92883 0.0019776998
598.4001 1735.7373 1192.164 3465.7551 0.001944705
452.18613 1743.2302 585.16235 2961.1592 0.0019400868
512.6054 2093.3132 1016.0789 1347.1085 0.0019298366
186.59596 1128.3713 269.24957 582.8893 0.001904093
135.45448 383.91956 313.32748 813.4164 0.0018974275
431.39197 2654.9854 604.39026 1114.2919 0.0018686489
756.39716 922.0345 796.4711 1868.1042 0.0018589284
682.1154 1271.3098 328.60306 1618.1932 0.0018138792
460.33566 1027.344 903.72473 935.5399 0.0018131782
994.95917 953.80206 454.69186 914.9035 0.0017744234
666.11835 981.3695 364.56137 608.2178 0.0017524468
1168.6185 2531.1338 73.19464 392.54773 0.0017135319
1171.6652 3427.624 63.725063 172.36433 0.0017117098
13.124435 3497.322 25.077322 89.02922 0.0017106174
12.357766 1943.2426 25.797613 1771.625 0.0016871634
183.32901 1315.6354 386.1531 2588.5627 0.0016779827
632.12665 797.2331 205.3612 153.62474 0.0016666077
514.9798 1438.1074 995.88904 1506.8376 0.0016503707
732.97455 2090.1182 172.46426 131.99667 0.0016378531
789.25665 1437.1787 410.15378 1609.7103 0.0016039603
380.18936 1072.28 277.5693 451.95657 0.0015887674
869.2494 2195.991 433.63037 963.7143 0.0015523896
305.73657 266.95087 632.47894 515.9175 0.0015436993
24.192226 2993.0483 34.708233 298.57217 0.0015317381
685.7882 3389.0962 1022.8064 140.11705 0.0015140192
600.60394 1841.1213 459.26514 1117.7054 0.0014578673
407.801 2449.5574 855.2005 2428.6616 0.0014328108
1000.107 1956.7538 442.13992 708.9814 0.0014194809
1198.0634 2822.5955 51.02565 449.96432 0.0014126188
721.0272 1477.4575 329.08957 1421.9542 0.0014106648
591.0972 1368.1497 444.18076 1063.6886 0.0014051802
626.68854 91.63276 1162.7677 184.86214 0.0013991465
173.3863 544.4726 434.6441 1109.0751 0.0013948301
556.854 71.71236 540.0473 147.90929 0.0013898237
567.3424 2125.3467 1085.2906 1363.7716 0.0013865649
236.53915 2331.2224 415.19745 325.00504 0.0013707398
934.1361 910.2461 378.75168 797.65295 0.0013590915
141.41876 1646.7341 211.0294 1503.6261 0.0013550706
277.39297 250.7935 509.56815 521.89014 0.0013513017
953.9872 2022.625 148.9198 242.41928 0.0013507542
901.90405 2908.8684 673.5119 799.9228 0.0013453305
455.55048 1494.0488 347.1461 377.218 0.0013404532
992.18384 1887.002 443.98117 671.5302 0.0013369101
630.04047 2555.5173 947.19 963.3934 0.0013338546
980.2244 2457.5906 484.705 841.3021 0.001328467
596.38165 1662.276 1001.8515 1363.1761 0.0012723991
423.94693 894.0159 180.35042 411.95966 0.0012105395
316.2073 315.7291 512.1633 632.73706 0.0011794408
519.22565 2294.3809 904.3296 422.84125 0.0011691989
594.99066 811.3293 224.48724 329.76602 0.0011687909
342.86816 287.60974 179.61691 420.13223 0.0011173153
113.20001 700.39667 192.99693 1373.6978 0.001112893
586.9073 1186.1274 196.08185 124.335976 0.0011083537
575.4052 730.52124 824.40894 1237.3668 0.001102221
590.1446 1700.434 1187.7051 3210.5476 0.001084136
841.5809 1177.4431 409.14224 1569.401 0.0010038366
254.4706 346.2689 337.35794 321.86566 0.0009562867
702.62244 821.4972 319.2289 360.10934 0.00095589587
642.69354 2448.6848 1042.7994 833.1841 0.000942691
302.88794 1341.7443 289.62625 621.0749 0.0009259705
599.32983 116.469604 1138.5194 236.82771 0.00089326553
583.47284 2782.3782 1070.2961 798.8363 0.0008868398
788.40594 2441.6438 765.2706 653.2021 0.0008650573
570.87274 415.36002 1102.6417 858.3622 0.000864548
1197.1427 3511.6353 143.0893 20.739862 0.0008604066
1151.8673 3502.612 237.99095 34.19575 0.00085315097
515.9836 1728.8423 1035.2957 1023.9212 0.00084145844
330.2918 1622.3044 438.36917 410.55478 0.00084039266
450.6667 1070.3112 678.3927 709.09503 0.0008368818
490.2693 990.36896 706.1114 672.2755 0.0008137407
643.8751 3504.3184 1041.6117 34.287266 0.00080988166
347.94995 1228.5997 242.96382 663.9703 0.00075757335
694.7749 2965.9446 903.72394 970.8168 0.0007337183
402.1191 1745.239 901.75745 1827.2601 0.00070966256
987.62396 1501.977 496.43854 679.0611 0.00068839284
670.648 3385.2 813.7414 156.3394 0.00064344547
581.51636 2782.3018 892.2989 713.04724 0.0006393139
659.1123 1005.61127 697.0095 1169.7826 0.0006053174
567.03326 2100.3813 1078.4692 664.2514 0.00059996225
865.59863 1242.204 672.38666 1016.4397 0.00059727585
593.42554 1360.0334 724.4905 801.0814 0.0005850959
963.44086 1611.7606 603.0519 730.1645 0.00052880467
565.7293 250.14075 1072.5286 654.54987 0.00046715926
444.9219 1133.4728 945.81555 927.1464 0.0004521072
452.07492 1169.5632 957.38025 1133.5161 0.00043428075
