411.8466 1675.1476 818.21625 3336.6804 0.4380456
411.2825 1361.1543 817.10504 2712.6743 0.3822342
398.34818 1564.222 788.9787 2139.7153 0.13718508
395.76617 1712.1748 783.7739 1836.3516 0.12334557
431.24847 1516.3875 851.66095 3002.9465 0.11977997
375.25 1718.8158 740.47845 1597.519 0.0995623
370.1474 1484.4064 716.6812 2053.1072 0.08654896
29.565252 2969.1064 58.455574 791.51086 0.06878721
298.2121 505.75598 591.1887 1010.23303 0.062905535
24.405317 2883.5117 48.2709 952.63837 0.054123998
23.476767 2815.7258 46.73062 1088.6064 0.050352756
30.355896 2791.3257 60.470936 1143.2928 0.044906236
404.48795 1945.4941 802.19244 2765.933 0.044653766
300.74344 550.83563 597.4201 1106.1136 0.043707583
366.01257 1061.5979 693.4321 2054.2375 0.042807296
331.67615 1257.9092 653.9146 2483.4001 0.04240826
17.32951 2918.3262 34.588642 881.92847 0.042403683
406.49652 2140.3093 807.15735 2391.415 0.04230778
309.10852 1298.6741 610.2029 2579.9407 0.041898333
344.39398 1792.2958 675.96063 1394.5387 0.04187786
29.744785 3035.2512 58.78573 657.69464 0.041829728
15.008145 2681.757 30.154491 254.37944 0.039186157
14.965183 2550.138 30.581251 504.3859 0.03898278
335.82825 1502.5676 659.4262 2041.6821 0.038750485
26.37459 2697.8188 52.421993 1329.4082 0.03824906
578.22546 675.87805 122.329475 155.17203 0.036954146
16.091553 2680.4016 31.931576 624.0814 0.035136785
373.8939 953.3556 725.30975 1880.6482 0.03375577
16.477852 2645.4639 32.82693 842.0869 0.03129409
15.4530325 2809.393 30.839804 636.53735 0.030739572
301.29202 1733.8965 592.94275 1502.3585 0.030665763
318.76602 1320.3046 631.29974 2600.6372 0.029881611
16.318502 2744.5618 32.548046 1234.1342 0.029051712
344.88412 1774.123 634.664 1258.7451 0.02897535
16.29662 2466.7637 32.63681 780.4889 0.028391764
308.14166 693.68225 610.5 1387.84 0.02723335
556.73267 688.45844 200.3996 416.68356 0.026094189
573.05646 716.8818 147.40741 253.36652 0.025189301
406.5747 1626.3038 597.2491 1292.9034 0.024978489
253.45598 497.18298 492.7627 980.8572 0.02468809
380.39023 1286.9741 636.2613 1532.5676 0.023631752
397.10544 2026.549 788.7897 2031.9109 0.02324338
40.31207 2875.3057 80.6848 975.98004 0.022266602
25.997509 2528.6138 51.858967 1665.3322 0.021964889
316.39493 949.28107 624.1094 1894.2184 0.021777408
26.253412 2532.5154 52.113144 1659.4243 0.021087505
354.5589 1215.6451 677.40063 1446.6089 0.020660833
14.498984 2746.179 28.940119 373.31064 0.0206168
16.813953 2378.8176 33.609814 964.8164 0.020508844
451.32034 1417.1758 592.16455 1725.3169 0.020343347
21.574976 2635.0762 43.312126 993.8643 0.019754587
272.3614 426.52063 509.202 817.0925 0.019508187
296.40027 1261.5592 587.44275 2519.6838 0.019411653
312.16296 846.9515 618.93634 1694.2354 0.019360118
826.8793 1913.0004 140.53398 181.92741 0.01881661
366.3117 666.10803 720.52844 1329.4625 0.018577881
390.8898 2120.1267 775.68384 1134.1085 0.018454887
27.711983 2726.4382 55.59927 610.261 0.01752483
16.28734 2298.145 32.43569 1122.075 0.017488644
18.187166 2570.3357 36.389305 1578.6277 0.017200295
344.5574 1182.4431 670.38873 1435.836 0.017031685
345.93045 1172.8643 669.6902 1400.0653 0.016814072
384.17166 853.36646 754.4255 1696.9426 0.016697397
395.89285 1704.0966 503.3774 973.83484 0.016477028
9.896753 2711.218 19.629688 1304.7666 0.016318321
24.854445 2358.429 49.09977 2005.9185 0.016090248
408.05713 2564.117 811.0003 1573.7789 0.015992561
409.40622 2309.9229 813.523 2087.1807 0.01585762
252.10616 2178.689 497.47522 617.2915 0.01576737
372.8593 1255.7811 722.24976 1479.816 0.015580179
7.446269 2686.3484 15.042313 477.1901 0.015579229
10.329049 2942.307 20.225979 836.63074 0.015563404
326.51596 1521.4073 604.5013 1064.5142 0.015471758
361.1746 611.91315 710.61847 1223.5767 0.015420808
419.837 1147.4154 564.00464 1320.3761 0.014974886
25.055119 1685.7747 49.30939 3337.728 0.014752999
19.082582 3033.9246 37.12478 650.993 0.014579613
6.6282377 2641.762 13.786246 705.42664 0.0145786675
409.98398 1353.0936 812.64557 2699.5366 0.0144874165
427.68533 1198.5464 523.0663 1237.5615 0.014469202
570.02783 1060.2496 125.90301 241.86678 0.014241967
555.31647 859.9215 242.60217 745.7464 0.014238293
567.516 886.5777 187.12874 619.4533 0.0139780445
563.3518 993.7871 86.66693 113.698524 0.013962254
230.89915 485.9898 393.84012 764.4411 0.013943924
465.06235 1322.4332 642.89435 1754.5298 0.013878643
3.9738538 2514.9648 8.298239 445.2352 0.013816601
9.743169 2346.7556 20.013136 870.6927 0.013780218
20.20116 2292.1702 40.29238 2134.299 0.013742651
5.1363444 2875.4297 10.432899 754.44745 0.013662302
15.70447 2502.4146 31.288559 1718.807 0.013650985
259.19287 368.0803 380.8466 585.2015 0.013639498
458.533 1507.1279 905.088 2954.6567 0.013547083
432.43985 886.61273 450.4843 832.3168 0.013507892
267.87198 1619.6667 524.3754 1344.2661 0.013277022
448.97162 1279.3516 506.94794 1526.4574 0.013184979
407.64203 2599.5444 810.426 1511.3739 0.013183347
15.806705 2163.794 31.284954 1422.4557 0.01314582
5.89262 2771.2017 12.058842 1181.6544 0.013046504
12.789263 2616.665 25.46048 1485.897 0.012959684
30.788666 2289.1394 60.930054 2144.4304 0.012931521
23.429516 2283.7542 46.223778 2154.5833 0.012910005
32.216343 2527.4355 64.37621 768.3896 0.012805188
373.5821 1972.1615 535.96924 857.7855 0.012702963
6.0258327 2802.7842 13.665091 1089.7401 0.012645252
334.51254 988.9783 651.689 1032.5282 0.01262086
333.7329 921.51465 641.64355 924.1739 0.012547509
336.52188 1057.4662 660.4772 1135.0231 0.012499919
57.119785 2960.7412 112.510895 805.2749 0.012481675
20.522247 2326.052 41.11625 1427.6566 0.012481116
377.24277 529.65906 746.02026 1058.77 0.012378462
375.61496 1652.9482 460.15247 831.216 0.012273744
6.5454817 2520.0562 13.580909 952.70245 0.012198487
2.6190894 2776.767 5.3174973 471.46313 0.012022056
383.3546 1222.2925 560.82 936.3844 0.011991624
7.9792585 2910.129 18.357626 864.00433 0.011959144
397.29578 1410.4629 474.93036 1519.0553 0.011956299
10.141784 2787.29 23.039335 1122.0767 0.011935064
401.00027 2553.9067 800.2969 1600.5306 0.011833288
218.61815 1730.3044 432.2062 1529.1964 0.011706954
640.1702 1273.8307 334.62445 1413.4111 0.0116909705
15.493622 2072.2185 30.80669 1699.1384 0.011683761
7.5492964 2681.4934 12.894957 166.86803 0.011563653
313.86584 2117.097 626.0977 2447.1523 0.01154228
15.132031 2420.3809 29.996307 1853.4961 0.011530208
63.702038 2843.4282 125.56302 1037.2538 0.011502964
11.029455 2197.1323 22.61918 1346.5178 0.011420422
503.16354 832.2406 316.352 709.06775 0.011276425
349.36307 1285.6975 589.431 771.7537 0.01099688
23.75056 1985.1086 46.76465 2740.7847 0.010974328
3.642349 2953.2166 7.049962 809.4256 0.010971952
316.4682 2136.2173 362.03934 480.74094 0.010912858
388.35205 1944.8896 626.20526 941.1992 0.010884278
52.02727 2666.666 102.744354 1386.4125 0.010882882
10.082892 2179.3643 20.445219 1383.834 0.010834023
478.32382 888.2409 389.39465 850.8138 0.010820486
434.91052 1517.6659 471.30746 1196.8876 0.010741682
48.572475 37.983475 97.25861 75.2135 0.010729391
243.6871 2278.54 477.1175 424.218 0.010643258
411.10425 1676.7461 815.77057 3336.6572 0.010620847
80.375 2997.6448 158.52483 731.54443 0.010566729
2.1303408 2754.593 4.4491634 512.829 0.010556842
316.97592 2289.7107 632.5666 2115.9756 0.010536984
420.09796 1302.2162 476.48254 799.70355 0.010487568
517.39905 1232.1722 490.07822 1417.4746 0.010455403
389.4549 1496.6802 741.2702 1064.522 0.010447432
57.829346 2986.2754 114.42463 755.6846 0.010405726
31.083437 2475.4404 62.26986 1403.4694 0.010353504
13.22242 2287.3667 26.379799 1274.0476 0.010350266
375.37573 1421.628 523.83435 735.4761 0.01028965
505.5137 1501.2792 501.51526 1149.0623 0.010264246
546.87646 783.55176 256.6974 635.9271 0.010241712
50.22495 3021.7644 98.697495 683.39136 0.010193156
295.34842 301.54102 583.80054 603.791 0.0101746125
381.52542 2312.4424 769.96655 780.3737 0.010150222
255.89688 1923.748 503.6576 1076.6427 0.01012728
230.38243 1153.1062 150.8407 239.65567 0.010101653
404.89536 812.22235 802.6468 1633.0101 0.010008108
39.9172 2535.5237 79.37403 1650.4869 0.010001798
338.1091 882.01166 633.94403 842.1142 0.009994115
494.48068 904.7902 320.32486 681.74493 0.009982053
22.515118 2113.9565 44.670597 2486.3687 0.009970562
3.2459402 2765.9612 8.490245 1178.4519 0.009888886
168.6819 1239.6799 327.5771 568.5413 0.009858999
397.5682 1408.956 786.6369 1041.8783 0.009851507
76.341705 2938.393 150.55142 849.2957 0.00982646
376.1767 2432.4702 746.5599 1828.9277 0.0097931335
14.764427 2055.4993 29.118538 1941.8331 0.009760026
236.15927 1576.6472 469.6065 1830.9731 0.009659709
18.104208 1981.6265 35.874466 2004.92 0.009659664
389.65305 1971.0283 550.2246 896.34705 0.00960399
254.94916 2288.6697 509.55338 810.6093 0.009581312
352.25555 1237.4695 694.08 1322.3016 0.009572067
30.834486 37.149094 62.141987 74.66219 0.009571154
16.415365 1963.9814 32.432392 2111.4963 0.00954949
11.315855 2133.3687 22.45639 1497.29 0.00953054
7.7559285 2388.5579 16.226778 389.37753 0.009528959
489.26093 1067.368 392.60815 1032.0658 0.009464344
380.42688 1870.7272 329.04944 521.7514 0.009451193
538.0541 1016.6695 544.00226 1974.4722 0.009434623
209.709 1463.349 411.48715 1031.1458 0.009434141
12.380051 3037.6794 24.255701 645.2118 0.009360006
564.4078 1061.1362 330.57184 1125.4646 0.009334864
380.1189 721.19995 594.2027 1290.687 0.0093312
55.91972 2661.827 111.07914 1399.3967 0.009291511
435.27142 1774.5676 558.44543 1018.2716 0.009276183
422.413 1836.7772 365.70612 486.742 0.009268709
23.282547 2209.6384 46.82932 1908.0026 0.009234203
261.77347 1932.6906 481.9792 793.76886 0.009201738
126.0704 2933.2869 250.20258 854.2748 0.009184811
105.68543 2767.0474 209.06068 1184.1556 0.009141592
28.725502 1984.8057 56.65771 2743.3364 0.00911331
280.5352 1203.1837 539.45404 690.7384 0.009026185
395.51062 1492.1487 768.17426 1518.8358 0.009000506
355.90356 1555.9128 424.38074 1071.7039 0.008993314
536.3588 1438.103 194.55962 359.242 0.008981002
417.3604 1024.0327 481.0084 892.12317 0.0089805005
564.2686 635.80096 198.36092 302.66766 0.008974353
5.493119 2215.5237 11.316116 1213.418 0.008951769
285.854 76.82052 161.67924 148.67896 0.008893226
591.1081 1291.9946 253.65367 689.29565 0.008884437
227.234 1432.7511 416.12158 710.56573 0.008881558
530.24805 1369.9594 530.45447 1744.8248 0.008873317
10.37135 2117.7375 21.78424 1747.7953 0.008866695
8.650128 2015.1333 17.66765 1685.7477 0.008815037
434.04895 1892.0024 466.0426 740.0029 0.008799289
450.99835 1849.5884 439.0332 790.82007 0.008683893
251.0217 1826.279 500.82208 1742.2429 0.008625956
88.13561 2745.7307 175.23035 1229.8474 0.0086187655
227.2784 1522.6738 454.0668 2089.5208 0.008602504
394.51498 763.7019 783.72095 1538.0704 0.008584869
352.60315 1065.4729 690.96063 1301.4468 0.008568241
32.81244 1869.4427 64.58001 2952.4514 0.008568083
398.65314 744.51385 408.71933 565.59467 0.008550975
212.22658 1911.5146 420.62048 1149.3119 0.008550792
448.86765 1876.4497 506.65475 834.2118 0.008544723
355.372 1080.6185 416.5844 509.62723 0.00853898
464.82126 1848.5541 338.58316 504.9147 0.008511106
368.10342 1767.7611 240.26662 317.70724 0.008490536
400.1691 1511.9093 372.11877 567.64905 0.008487237
343.052 2178.7454 684.19305 621.8342 0.008472111
215.0682 1216.6184 217.91525 413.13138 0.008414859
358.04938 1904.6665 287.34552 570.02893 0.008399075
593.3563 1051.7699 443.13028 2039.453 0.008398879
580.60065 1490.0006 402.4039 1102.2012 0.008356933
527.3092 1429.6599 244.76895 455.5456 0.008318275
242.32816 447.7833 262.95312 456.53387 0.008308333
23.198015 2226.4045 45.81049 2268.7432 0.008284042
10.270579 2336.448 20.347652 2052.6267 0.008262149
286.1247 1959.8739 578.66156 2772.6045 0.008194941
293.2704 322.16483 218.26886 365.98233 0.008173362
212.46753 2106.3328 426.27017 1815.8599 0.008163898
28.699669 2134.0571 57.37151 1980.7301 0.008135575
86.328514 2490.086 169.17012 426.34326 0.008117818
398.4362 971.0108 577.92377 1061.21 0.008076625
436.55994 2151.1084 861.3738 2395.645 0.008069461
344.2886 1011.4933 676.65375 1180.4332 0.00805827
43.54426 2279.496 86.70925 1102.8949 0.008023026
194.08362 1722.7501 385.71378 1513.7982 0.008010736
2.0893745 2912.1167 4.1421423 892.0411 0.007948564
602.6539 1209.4132 288.31833 1269.2494 0.007930056
118.28826 1737.7524 235.63158 1548.5393 0.007906828
4.8294086 2792.2507 8.647869 228.74184 0.007901241
29.340858 2106.0842 58.63681 1870.2301 0.007880256
30.90781 2450.4421 62.22432 756.623 0.007873916
244.65482 1125.4293 231.53958 324.06454 0.007860558
22.027021 2482.0425 44.031536 628.37976 0.007827623
47.814976 2604.103 95.223854 1516.6913 0.007822215
39.002285 1672.248 77.13919 3358.784 0.0078018275
75.36768 1455.5974 147.76067 3012.3489 0.007773891
457.6725 3030.4878 904.3476 655.9545 0.007773618
342.7869 1475.1083 351.05728 518.8832 0.007763151
26.700256 2477.6636 53.406734 1191.0358 0.0077586044
1.9342577 2420.747 5.0165563 731.45764 0.007731147
473.43387 788.8113 597.4153 1569.2756 0.007728642
5.5593734 2327.3975 11.67642 364.74768 0.0077177673
135.81737 1659.0181 254.23572 525.9023 0.0077080517
154.71645 1347.382 306.11423 790.2577 0.007702562
75.13182 2302.211 147.76253 2117.2217 0.0076910313
130.48587 1574.028 175.09543 336.16772 0.007672621
387.57376 1033.5199 207.01613 364.29208 0.0076306644
137.744 2997.5273 273.26822 723.3623 0.0076270616
50.7099 2715.4707 100.68804 876.0848 0.0076221223
13.713232 1686.6979 26.384033 3327.5522 0.0075870906
5.002621 2389.7551 10.824413 821.3877 0.00758433
439.80087 1065.7797 328.4332 434.5856 0.0075591872
519.9062 1851.0585 266.75235 464.6781 0.0075480375
77.94998 2580.981 154.15878 1563.2097 0.0075352183
287.1655 1562.6642 567.69855 1832.3589 0.0075288797
247.84503 2637.456 497.3425 1442.4893 0.007503738
294.12698 2005.1732 578.5988 887.69507 0.007499549
4.807741 2178.7383 11.739751 594.4417 0.007481612
429.14175 2957.2908 848.1981 805.60114 0.0074747135
360.39285 2741.409 719.87 1240.3398 0.007471986
332.52237 1051.7018 260.96268 396.508 0.0074703563
46.540405 2316.2766 92.27689 2083.7854 0.0074439957
8.7104845 2037.8501 17.37311 1742.4192 0.0074276486
25.523754 2898.891 50.758156 422.2514 0.007361622
17.397795 1817.1934 34.29355 3020.7893 0.007358818
4.5219536 2150.8926 9.291518 1282.1886 0.007352603
249.0784 1289.0925 347.11685 592.38934 0.007343073
246.38237 918.45276 486.4073 1810.2361 0.007332331
239.79991 629.558 475.181 1249.8359 0.007324418
442.0082 2528.9812 875.6437 1662.4365 0.007284159
397.85037 716.00195 792.178 1439.8596 0.007256042
317.06873 1589.8671 407.70456 673.9481 0.007245334
542.5512 1480.1099 293.2186 565.0779 0.00722855
16.659529 3164.4106 33.260635 393.11957 0.0072252834
439.7689 1063.9559 579.0951 1383.1691 0.0072175567
383.3233 1046.7118 581.823 1145.9946 0.0072118873
31.644577 2168.277 62.895683 1685.8682 0.0072050663
14.980533 1739.6324 28.778643 3293.848 0.0072017955
43.63727 2423.9895 86.4384 1324.4979 0.0071971095
100.43727 1853.1802 200.3251 1263.8236 0.007192559
211.34279 364.5286 396.03915 710.96265 0.0071868435
245.96635 357.15448 321.47272 530.4002 0.007165482
2.862843 2392.074 5.75495 761.7629 0.00715645
186.2916 1114.0922 344.97696 392.00146 0.0071447846
548.36316 1479.0756 137.96701 240.14513 0.007138151
568.5098 1146.4832 193.95445 402.70648 0.00712967
106.539375 39.356674 211.6177 77.58251 0.007111358
591.75244 1086.524 204.95502 1016.10724 0.007110355
144.832 1805.1882 285.93646 1013.4763 0.0071087964
617.64966 892.2546 194.32103 552.8414 0.0070668827
125.819244 1596.2397 218.43378 415.04483 0.007038812
76.97508 45.659252 153.89828 89.16025 0.007032713
332.27466 2167.2676 213.41359 260.25983 0.0070286384
553.3605 877.3721 501.25195 1742.7194 0.007020423
11.012281 3205.7983 16.002483 312.73953 0.0069942973
11.687762 1903.3076 23.094536 2445.2917 0.0069572367
9.264733 2123.5679 18.82386 909.73816 0.0069539826
332.12268 1417.4049 207.9229 378.1275 0.006952234
619.1715 1551.1742 356.87936 929.9235 0.0069351397
415.2876 1123.1167 561.8737 1263.0026 0.0068970015
342.38208 1045.6525 311.30655 429.50342 0.0068843346
566.7396 1049.6028 525.5581 2101.171 0.0068790913
366.37732 1902.4474 368.78732 602.75275 0.0068726735
92.49996 1439.1989 181.10303 2443.193 0.0068544033
52.7134 2130.022 104.876755 2449.7922 0.006849488
12.045323 1751.7638 24.335575 2658.8213 0.0068311845
8.897181 1699.1296 16.999853 3287.2942 0.0068283025
9.18419 2079.3499 20.96546 1489.8365 0.0068010157
4.921157 2301.8833 9.734534 558.60834 0.00679357
298.38925 1996.697 353.904 700.34827 0.0067611537
326.53845 1123.9144 634.45654 1133.2839 0.006745916
100.66188 2352.965 197.96423 2009.1198 0.0067369537
32.278152 2282.3967 64.367836 1233.5505 0.006707128
398.79626 1682.1199 149.72952 167.98523 0.0066954573
555.1009 1932.6085 167.01979 260.45966 0.0066915355
87.035965 2401.3286 173.29163 982.3399 0.0066817147
79.067276 2346.7832 157.61151 2023.639 0.00664239
569.95245 1458.8396 443.28677 1098.8477 0.006625189
827.3084 1919.8223 158.72047 251.67177 0.0065827365
540.45874 1147.9849 547.1301 1695.1595 0.006567154
193.84988 663.4355 352.03848 571.841 0.0065618022
29.793123 2356.4797 59.086983 1234.1243 0.0065597016
428.6254 1865.7054 535.46094 1090.3813 0.006545234
129.04843 2512.7578 255.27832 1700.5806 0.0065247305
1.2886617 2420.0981 3.0786335 685.23303 0.00650309
7.523261 2064.8438 14.939891 1431.1355 0.0065008565
592.5511 1365.8373 200.63542 437.53955 0.006489505
220.77994 1774.029 455.31955 2977.42 0.0064875875
535.897 1181.1449 562.332 2354.4097 0.006485307
596.8036 1515.7335 317.77927 819.8704 0.0064802826
495.98373 1604.9874 311.26636 902.5303 0.006469967
378.43304 1200.5404 754.6677 1308.3353 0.0064658327
111.47686 2695.8354 222.73956 1332.9043 0.0064629023
292.26425 2150.9458 135.12462 196.65587 0.006460557
110.983246 2177.8 221.30707 636.88635 0.006443119
6.352711 2541.2166 13.643815 396.17514 0.0064007514
57.287373 2389.3562 114.13643 238.94954 0.006391388
119.11439 1106.6128 232.7663 338.05356 0.006363836
2.6369324 3030.0999 6.025481 656.7293 0.006363076
579.1454 1382.3596 353.43958 892.9604 0.0063500777
61.49395 2689.5588 124.359215 1345.8184 0.006330515
79.2297 3037.2876 157.56483 646.1927 0.006293515
341.96353 1004.77856 675.29517 1098.6797 0.006266421
553.0936 588.0854 382.8853 1169.6957 0.006260551
128.84175 1684.2114 252.03769 662.09155 0.0062604533
586.14594 1394.4922 255.8358 1650.9542 0.006226873
318.73074 1648.9185 653.31384 2213.7722 0.006219394
641.3308 1138.8958 318.72485 1167.3562 0.006206955
453.51666 899.14185 442.35562 875.2073 0.0061921007
3.7077842 2295.262 7.9832954 394.5618 0.0061806324
591.5411 1225.0671 172.18811 558.8418 0.0061760885
413.1826 1540.1677 377.65906 664.2087 0.006171735
28.070604 2060.8218 56.190014 1636.309 0.0061072335
634.98376 1311.7872 293.5193 787.2562 0.006089843
439.36835 741.96564 497.11465 1042.8293 0.0060601523
48.981483 1887.952 97.3079 1788.1403 0.006057654
407.92337 2167.399 202.23207 305.9621 0.0060510426
1.1440771 3028.5303 3.306956 643.0715 0.0060273376
452.84293 2594.2778 905.5201 1533.469 0.0060118847
551.3757 1111.9276 492.04352 1320.4822 0.0059813363
368.88467 1430.5039 499.3551 596.565 0.0059715947
555.8977 1866.1746 398.77414 816.0954 0.005967735
39.019432 2303.4172 78.55851 855.90546 0.0059367595
361.28543 1075.5559 682.9643 1240.6777 0.0059229974
296.1094 174.7626 585.8143 350.54578 0.0059169503
244.69171 2282.881 491.0899 905.442 0.0059003634
281.81006 1428.4078 325.1011 466.32986 0.0058921967
5.791629 3142.4072 15.092323 422.0385 0.005870821
411.81427 3033.5093 734.22656 653.5658 0.0058577224
2.4129615 2106.3955 5.207611 1504.6831 0.0058466783
463.9333 1958.7076 467.39218 2080.9688 0.0058456496
359.62866 1485.7388 672.1642 675.5353 0.0058441153
621.3037 1080.7224 245.60278 954.78186 0.0058375415
538.2701 1068.8044 190.51897 313.4687 0.0058289003
496.69363 1138.846 446.41675 1168.46 0.005805278
299.77792 268.01968 251.44144 381.94 0.0058044335
7.4328537 2464.0247 15.258739 1121.7957 0.005802799
325.97916 1637.2037 669.75256 2169.6423 0.0058024884
6.035003 3035.8726 12.895309 297.02548 0.005800395
303.1614 55.71012 599.66644 109.32109 0.005781452
6.346349 2184.5193 13.030857 870.70703 0.005776406
527.2509 1330.1201 279.4354 566.9568 0.005772286
732.2508 1809.7471 170.47778 383.51367 0.0057577947
21.184683 2171.7322 42.252014 540.2031 0.0057560205
460.62054 3028.3154 914.6784 658.8866 0.0057454556
266.287 12.724585 521.39844 24.403034 0.0057373364
31.677061 503.27167 62.914845 1004.4615 0.0057308446
191.1537 1801.3662 207.30884 369.59113 0.005730027
340.75275 163.37474 325.30307 328.4923 0.0057148905
169.91089 3011.5535 340.1325 692.197 0.0057137827
630.72766 879.6047 382.0605 1770.7717 0.0057114963
224.57654 944.0548 453.29584 1878.7717 0.005702305
708.8873 1809.598 181.80771 357.30698 0.00569934
78.25076 2750.1338 157.9571 1280.7158 0.0056904377
185.16624 1219.378 226.82005 345.2245 0.005681493
399.7506 1414.3138 193.26532 346.39413 0.0056737293
4.129243 1700.6646 7.7197585 3281.7698 0.005671024
2.1949396 2178.1987 5.3121996 478.69547 0.005660442
629.44525 1415.2975 268.66595 925.40106 0.0056559998
612.7157 1239.9364 217.35374 528.9116 0.005648737
678.8103 1578.5867 251.43942 714.9962 0.0056437096
2.3030202 2165.0554 5.470561 534.63855 0.0056391163
2.694482 2097.2563 5.7931366 803.6837 0.0056336834
854.5972 1446.3939 143.6347 1119.6254 0.00561709
638.36145 1832.3003 294.25522 488.53293 0.00559098
453.40622 1620.9004 361.4382 621.5138 0.0055731293
2.8462484 2731.4424 5.764536 1359.1145 0.0055713933
647.008 1564.9736 335.5287 1028.4795 0.005557212
357.1027 1351.188 705.48456 817.2684 0.0055440697
627.2392 982.02246 377.69598 1980.4277 0.0055414937
283.9514 78.35656 550.7142 153.2394 0.0055333674
84.08896 1547.2472 167.90367 1170.4595 0.005525553
606.5178 1243.3308 182.8529 441.0882 0.0055210926
5.872078 2135.1482 11.946965 2412.9463 0.00549758
592.26904 1246.2126 433.7503 1444.3173 0.005489121
383.15445 3090.1765 772.1558 543.7095 0.0054788482
11.318665 1680.5197 21.714687 3342.522 0.005478269
349.32816 1675.9286 678.31104 691.9779 0.005462693
589.65546 1264.2701 319.98447 1467.5712 0.0054546213
122.33995 2070.5505 244.64047 821.3935 0.0054207416
6.428909 529.4677 15.41387 1058.6483 0.0054155155
198.52953 55.591404 389.98517 108.86341 0.005406661
25.012548 3198.7449 50.168068 329.6035 0.005404562
102.32903 3043.9763 202.95963 629.67737 0.00538351
450.89526 858.2405 396.35358 533.3786 0.0053761825
527.6885 1108.0619 265.22678 1038.7737 0.005365657
38.502583 263.25894 76.78674 522.01746 0.0053535374
673.54333 1671.6686 286.5998 777.2404 0.0053486107
192.5884 668.94824 227.39064 370.89606 0.005339608
5.796242 1754.9248 10.950934 3134.5085 0.005334115
272.11273 2426.7568 355.78595 439.70062 0.0053325063
5.057005 1882.8608 12.634335 2070.1882 0.0053143827
211.34076 317.804 108.36553 160.46127 0.0053058546
364.8572 1936.0596 400.46298 578.72064 0.005302355
241.88098 404.68024 329.30765 633.46497 0.005292724
597.8824 1480.5748 208.29733 385.62415 0.00528972
605.6112 1495.966 389.21713 2028.7078 0.0052808556
195.35258 101.69141 371.78903 201.1498 0.0052756355
3.2598379 2002.6111 8.307941 951.181 0.0052621774
301.5128 1121.5615 155.1296 226.08073 0.0052534784
1.8096013 1971.5466 4.2168 1709.6362 0.005252113
2.240946 2437.0862 4.7212534 1906.5013 0.005233822
7.5018296 1943.7288 14.638048 2105.162 0.0052301018
496.9575 707.17377 295.13382 474.97635 0.0052300077
86.194016 1346.7019 171.42532 744.4073 0.0052106604
384.9963 1758.2142 258.0591 306.58194 0.005201385
4.710796 1872.2167 9.320966 1282.136 0.00519648
119.986206 1903.8496 230.94 471.96872 0.0051744645
8.107546 2684.8948 15.615699 165.06908 0.005124366
816.1235 1909.9827 188.7646 261.58658 0.0051221857
485.6127 1550.7458 167.7449 273.9665 0.005113086
9.942591 1932.1968 19.820747 1090.5886 0.005105437
323.09753 2364.638 486.69028 509.1686 0.005105219
360.5349 933.07874 602.33636 936.6858 0.00508566
404.26575 3057.5598 754.71326 603.77325 0.0050580804
507.50775 2085.6208 185.83427 317.8074 0.0050553647
35.001644 3039.1067 67.86175 729.1624 0.005027157
14.050066 1995.359 28.072147 1585.6592 0.0050250986
1.4164625 2092.7224 3.952398 880.8376 0.0050068125
437.15225 661.447 193.26497 409.3761 0.005002923
360.992 2502.381 732.491 1031.2343 0.004994672
564.4831 1443.217 465.58798 1622.8844 0.004992525
88.22878 1643.1779 171.57094 521.67285 0.0049871607
702.4116 1749.1577 119.38726 210.1952 0.0049766535
561.1616 1502.7456 398.01926 1117.4475 0.0049631214
356.27475 2089.1768 247.37231 463.02133 0.0049626245
2.5015035 2099.3672 5.312814 1856.3247 0.0049458616
227.6533 2273.3894 159.34308 235.43489 0.004929179
404.4873 1029.962 277.04514 390.0179 0.004901157
411.3458 683.65186 820.3729 1373.9797 0.004895338
11.132497 2578.9194 21.193117 525.7489 0.0048772013
184.24744 1504.2101 366.9783 980.73425 0.0048711696
512.15955 1984.013 211.3068 289.3359 0.004870289
79.926346 1102.9775 153.98523 313.03857 0.00486687
265.5237 209.1791 373.53748 414.6686 0.004858353
368.92764 1240.1587 738.461 1079.0645 0.0048464444
621.3175 405.41855 256.53903 804.9117 0.004824602
2.702812 2049.2124 6.3537946 495.42242 0.0048244395
561.65375 1163.6863 181.75772 368.64645 0.004816127
547.1396 585.38196 408.24918 1175.2438 0.004814756
2.096648 3181.53 6.4538965 340.5896 0.004808002
560.7751 1944.4504 124.12132 189.56139 0.0048016
23.699179 1825.7897 46.474728 1322.6205 0.00479519
594.1654 1246.7284 298.2305 1495.2449 0.0047902614
573.29144 1160.669 475.85406 2345.2498 0.0047620223
364.70547 49.023346 182.8374 96.6769 0.0047487025
220.21616 1309.792 436.6272 2532.7366 0.0047427705
108.562935 3047.6423 217.11374 620.58307 0.0047322214
68.44206 1588.1985 136.89093 726.9077 0.0047256164
457.5074 1328.4098 354.63196 655.0649 0.0047068377
647.84186 1530.3942 360.69257 2171.541 0.0046792235
47.076416 3089.7834 93.10742 554.5195 0.004678575
280.47858 3019.9685 571.3219 680.31085 0.004663531
444.68127 1308.3263 311.3848 591.0017 0.004659553
5.1499357 473.33566 11.605269 952.6626 0.004653765
778.4651 1416.345 223.93973 1194.5449 0.0046415133
1.6861631 3204.0144 3.2685976 311.22165 0.0046230606
111.68125 2699.8896 227.36575 736.08655 0.004610511
697.8736 1586.587 359.02747 932.78485 0.0046003726
163.45116 1274.8645 324.63232 1458.7633 0.0045906003
525.93427 1873.6378 483.2274 1355.4283 0.004588899
535.7997 1476.2347 116.787926 212.11766 0.004582252
219.01491 1777.011 361.77277 899.3701 0.004575
487.59103 537.19006 304.66232 570.4446 0.0045707393
173.6414 1209.7745 157.86496 245.91371 0.004570149
426.7663 1233.7205 399.89896 636.6389 0.004547357
546.2161 640.4382 429.7748 1286.473 0.0045456607
55.842102 107.89426 111.37625 211.69899 0.004542268
2.3472402 2019.6432 4.6189227 2667.9312 0.004534943
527.3683 180.66792 207.3749 361.97717 0.004486357
3.6621556 1991.4495 7.5967484 765.00635 0.0044859797
713.55334 1799.1561 181.52536 360.35812 0.0044814036
524.4064 1763.4928 497.88977 1657.3286 0.004470122
10.314233 3236.1663 17.523418 249.40878 0.0044668126
130.08322 2586.1628 219.452 195.42091 0.004464002
2.6791272 2005.6177 5.5111074 1047.1819 0.0044512292
795.38806 1651.4741 254.55154 726.26996 0.004448065
291.09265 2483.789 332.49008 345.149 0.00443046
210.91986 2554.0627 413.48953 390.2675 0.0044106515
609.8415 2094.957 235.2074 403.18527 0.0044036447
428.433 57.03302 246.3011 110.753044 0.004402687
611.6967 1797.2605 191.95853 332.72836 0.0043905643
55.950146 2807.8833 106.907425 384.06595 0.0043870388
345.4191 2703.774 673.36 506.77023 0.0043862853
0.9500609 2057.582 2.8731186 839.3333 0.004378637
44.85051 457.8382 89.13873 925.1664 0.004369087
246.97058 421.08377 192.12328 319.91672 0.0043598046
446.39484 310.0778 214.54169 359.15408 0.004359631
703.85724 1022.52 398.75812 2081.602 0.0043555573
498.09714 3028.588 763.8789 659.81415 0.004342436
8.828711 1982.4603 18.30613 398.9719 0.004336471
714.52167 1471.3275 157.60289 361.5443 0.004319189
446.6391 1736.1401 285.6021 444.73605 0.0042997557
0.68309027 2682.2197 1.6741902 1344.0386 0.0042931545
591.70593 1928.8068 118.52252 229.60292 0.0042780316
761.2704 3141.412 246.09233 439.0542 0.0042777536
487.63272 1065.1686 383.96518 1019.3748 0.0042743976
0.84010434 2051.2136 2.339351 1045.7437 0.0042708837
420.40207 751.3207 169.73454 340.75436 0.0042704013
71.72594 2845.4307 138.10811 456.39597 0.004265933
288.1096 1405.1133 225.91502 454.33826 0.004242832
5.60507 722.3423 12.018921 491.26953 0.0042364006
437.8108 1820.1812 351.27533 459.89255 0.0042356863
687.42944 2855.984 465.87045 1009.4402 0.0042346627
5.0051894 3258.267 9.376957 204.50087 0.004233619
30.664827 1790.8895 62.362534 1438.0084 0.0042067138
658.1178 1495.7416 151.13077 286.68433 0.0042043515
212.79012 2060.7534 122.06327 236.0825 0.0041885343
63.659462 123.124306 126.332436 241.50974 0.004183535
761.9732 27.336905 336.61868 52.446465 0.004181978
13.333289 1903.2357 26.75699 642.30676 0.0041806498
256.16434 1332.6042 560.74615 2628.6465 0.004173896
463.44574 3199.7136 906.23004 328.24655 0.00416929
148.72694 3069.5952 296.8098 576.41644 0.004162238
262.98193 378.57132 341.21442 722.3755 0.0041544205
619.195 1213.2966 434.26465 2445.1074 0.0041389023
373.58514 3078.6538 752.474 555.17596 0.0041323057
835.655 359.09354 191.5689 720.60535 0.004129569
646.9215 738.2788 339.16446 1504.676 0.00412628
58.253986 1909.8041 117.97461 2812.013 0.004118534
546.8645 2118.0076 169.20654 336.6385 0.0041103275
544.67816 1428.7242 345.98184 864.094 0.004095973
68.17697 1846.5872 131.8535 298.77014 0.0040942947
826.2708 545.7586 208.91263 1112.2592 0.004092844
580.028 675.86273 99.404816 125.47978 0.00409082
4.7148542 489.94135 10.983514 470.49698 0.0040864605
339.39072 1700.432 421.49188 704.50024 0.004072574
769.69965 3173.6008 212.88173 365.16785 0.0040627606
409.76468 66.1702 151.88162 129.22522 0.004055657
250.57945 383.60947 239.05536 524.17896 0.0040450776
355.73682 242.51642 329.35376 476.04608 0.004044294
166.60262 8.35518 328.79196 16.034313 0.004038183
446.19592 126.75515 203.89796 251.54633 0.004034267
153.43465 1896.1211 269.7453 981.62463 0.004027691
11.452065 2444.4043 22.956055 1852.4783 0.0040220274
240.87506 412.17188 372.00403 816.7689 0.004006503
5.9582257 3284.5332 11.777696 162.93407 0.004002646
296.5296 1315.5516 587.93243 849.1607 0.0039810673
745.13855 1297.7113 272.45932 1508.5559 0.0039735152
60.445812 400.0029 114.52112 257.35416 0.0039666253
0.5712091 2035.1906 1.8173828 1477.6383 0.0039596967
619.7765 1963.9338 168.80571 268.41037 0.0039566285
383.8635 2141.5012 767.68744 1060.1273 0.0039517945
347.74976 23.120806 512.90356 46.449093 0.0039333664
393.33197 3059.4954 690.67505 598.3027 0.0039217877
657.95807 1544.3411 143.64706 259.0715 0.0039214655
617.40173 987.7405 400.84433 2004.2518 0.0039205155
12.932922 3331.4087 25.50068 70.93097 0.0039108465
414.0945 1646.0024 163.22919 240.68832 0.003893674
25.614405 3264.16 49.839172 204.96883 0.0038846165
775.2148 3102.0405 243.3357 533.0243 0.00387335
628.1935 1595.3098 446.45016 3206.5032 0.0038700711
671.3573 1259.2224 323.84387 1633.9768 0.0038689866
760.5511 1793.0299 136.0351 368.04422 0.0038266534
6.043501 354.24478 13.735239 459.02225 0.0038262717
895.4153 269.49283 78.197105 543.0934 0.003799295
12.1326275 1450.5564 24.621422 513.98706 0.0037951244
158.38002 818.93225 285.69214 363.28317 0.0037918105
742.2912 1823.2399 125.70731 281.09818 0.003789142
804.8825 2913.0054 232.3226 651.20123 0.003789043
239.01268 1702.1425 441.91272 597.0031 0.0037849722
18.753998 3188.408 31.82946 343.4075 0.0037841795
852.817 2010.9424 170.41011 434.33987 0.003779343
655.9427 856.78864 467.24307 1710.5576 0.0037733894
798.9281 2979.9016 240.63196 412.62378 0.003746926
76.85662 259.65442 153.32661 517.61096 0.0037429056
671.6099 1598.8499 225.66664 460.84088 0.0037403458
329.398 3176.5186 641.74475 364.30078 0.003738273
829.7794 2954.8535 193.17712 572.14905 0.0036967392
631.6952 2030.1667 193.7142 318.87155 0.0036952118
255.60414 1982.5967 139.22432 243.60666 0.0036835473
836.1295 648.43396 195.6547 588.13904 0.0036809198
386.0882 721.56085 162.12607 345.01865 0.0036735476
782.165 2847.1167 255.13933 519.2143 0.0036618535
321.29846 70.13415 112.23988 138.40323 0.0036560702
366.44983 1311.8777 736.3832 869.6203 0.003652565
9.312349 1847.2013 18.733812 359.14374 0.0036250374
209.9084 902.5656 430.24005 1825.4249 0.003622405
383.20883 31.466265 449.77994 61.268005 0.003615417
824.8925 2903.9233 168.2605 316.13892 0.0036150306
624.36334 2042.8984 523.3461 2063.017 0.0036087001
728.9064 1505.5302 155.94878 369.14145 0.0036002453
863.7416 1663.2556 135.9492 690.5563 0.003597988
678.99426 1809.5338 167.55614 309.8551 0.0035940567
161.08406 1351.8162 317.8609 885.9842 0.003593589
427.05594 2169.9573 171.47186 321.9337 0.003569198
475.2083 1711.9087 176.504 297.4501 0.0035690553
28.0567 3029.6682 56.084564 669.09924 0.0035590034
599.0631 1793.059 117.339966 224.95668 0.0035552986
420.94904 1862.925 191.10434 301.12668 0.0035405834
120.53481 139.7219 236.03651 274.8123 0.0035230618
651.81885 1961.4651 155.86057 235.7274 0.0035216375
723.3967 3214.6858 362.00226 295.6622 0.0035099536
348.9475 1187.0526 378.72275 380.82684 0.0034940103
7.809976 1633.568 16.00663 761.7977 0.0034839376
709.3469 573.584 433.2263 1161.7041 0.00348212
835.3839 640.2858 222.23055 1327.7533 0.0034722788
17.920532 1680.0509 36.156227 520.22754 0.003464192
182.94757 2001.2865 260.87308 456.92584 0.0034523979
837.32837 210.61676 194.17064 420.9871 0.0034501657
229.00565 1298.0146 118.28025 211.47026 0.0034495362
189.90851 2686.707 363.9359 416.57996 0.0034493497
179.6246 635.7922 276.74268 526.7065 0.003432263
612.5053 2373.6572 372.0018 716.0786 0.0034320494
9.168021 1382.3683 19.09602 351.0841 0.0034183527
475.68875 1692.5107 243.96693 465.22372 0.0034153392
164.8341 513.1432 291.19968 855.9493 0.0034074895
240.79254 635.8027 492.01328 1307.8137 0.0034065372
580.4516 1540.4103 196.2319 730.4193 0.0034005723
736.7299 1645.0481 322.90628 1116.493 0.0033858037
708.85767 1419.094 182.81268 446.63702 0.0033852258
808.0551 2019.1646 218.48929 510.0362 0.0033837045
567.2646 753.11066 160.89531 325.71063 0.0033776972
485.50015 2423.2346 370.09314 485.80576 0.0033732764
715.315 1868.8438 354.70023 601.0393 0.0033619937
820.0014 3239.3518 208.24898 248.96634 0.003359981
229.15694 508.99698 268.47653 573.0994 0.003344871
115.00444 3198.1855 225.8271 333.24734 0.0033168804
102.44095 842.7014 184.53886 310.68716 0.0033042387
98.371826 1702.7147 214.04291 1566.3112 0.0032900963
89.82833 3135.477 188.37851 439.49637 0.0032758259
73.48621 3190.6414 144.42128 349.80878 0.0032575023
846.4721 1790.055 180.03918 586.12775 0.0032544304
224.06908 2590.2715 407.32614 867.4393 0.0032534683
871.6662 945.8267 123.11254 944.9413 0.0032532907
853.1978 2503.0579 173.65831 514.1522 0.0032520588
296.47275 503.52838 579.7714 1016.43756 0.0032508718
549.6932 1136.8215 328.88034 1058.5724 0.00324649
134.90324 2135.359 324.52597 1193.1038 0.003246377
404.40265 3221.1536 727.6716 286.42245 0.003221743
371.7802 1244.2904 908.7804 2390.1526 0.0032183072
212.58397 2438.2146 243.74452 290.5031 0.003217934
873.907 644.4786 117.47696 1318.3716 0.0032008213
238.1327 1782.3928 204.22417 293.04254 0.0031998223
584.31915 1377.8184 158.72359 334.183 0.003198694
611.3215 1339.6935 463.50348 2653.2202 0.0031982423
804.4686 3275.6265 225.4642 165.15874 0.0031946825
772.2139 2441.4023 325.16016 1353.422 0.0031913724
411.39548 168.3527 353.9549 341.76245 0.0031854317
2.7152622 631.23047 7.564262 244.68819 0.0031792358
585.0574 2911.4026 247.43596 407.47116 0.003175038
868.76044 2373.1309 140.21819 398.47656 0.003174775
899.7343 2632.0637 67.07669 409.23224 0.0031736405
395.6041 1766.106 780.62897 1698.6827 0.0031658872
360.8399 1122.4652 124.14069 224.33101 0.003163652
543.7808 2176.625 152.6591 307.20847 0.0031580327
652.6225 2790.9146 307.36703 471.43262 0.003155161
245.17429 2391.014 438.17813 1619.4562 0.0031358046
35.882423 2921.2708 69.915276 378.89285 0.003134626
820.53644 3289.4192 202.97504 134.882 0.0031319896
445.9357 543.1477 884.12994 1088.8849 0.003124342
499.0358 3186.2705 441.21606 353.46777 0.0031214163
378.0725 239.96245 379.75528 478.20026 0.0031042532
548.38214 2403.948 253.04976 383.30908 0.0031008436
519.5886 1802.8662 139.08955 245.3827 0.0031003158
355.8223 2.4543202 731.57355 4.8244433 0.003098772
598.53094 3208.4763 569.9703 421.17783 0.0030835571
8.013629 1395.8002 16.604013 590.34094 0.003078178
508.01614 2851.3591 256.08105 348.9454 0.0030762576
835.26917 1120.9307 178.00491 841.95044 0.0030742502
804.6891 2484.6855 210.70612 349.17197 0.0030734567
553.64343 2538.2058 294.8745 463.56088 0.0030671558
20.518503 1309.5826 41.212013 606.79016 0.0030401554
629.74835 446.85278 278.76407 901.47797 0.0030397666
780.4411 1661.8511 202.60713 642.3319 0.00303454
341.8603 3272.6006 706.1535 277.92627 0.0030336212
919.4642 650.7826 28.988312 1090.7314 0.0030232726
878.82983 237.40674 115.639725 484.40997 0.0030086695
677.63794 3211.1902 261.07773 298.06064 0.0030075754
588.50525 1471.5648 124.85766 247.57861 0.0030049516
1.8047309 365.3652 5.5911984 409.9928 0.002993553
214.93597 1547.6117 443.57867 2403.676 0.00299283
163.56868 585.2025 210.63023 344.50537 0.0029826092
758.7335 1880.8573 264.65585 408.63638 0.0029723295
33.13148 3247.0247 64.44879 234.67722 0.0029557617
695.57104 1770.2072 334.42444 1810.8489 0.0029343057
744.45624 1493.3245 131.96062 275.47018 0.0029139845
591.7417 2457.4087 240.6073 323.35553 0.0029002468
516.25635 2463.7654 229.58089 451.9396 0.0028864779
164.92326 453.34192 242.27956 357.1222 0.002878994
840.8448 3250.533 153.83455 232.3827 0.0028781358
553.07294 1421.3413 447.47806 1931.1888 0.002874867
548.3915 2974.1472 258.39532 312.23267 0.0028672565
169.11185 746.6287 192.73376 281.08835 0.0028650218
847.45447 3240.1184 141.22269 241.18646 0.0028589703
519.50226 3117.5627 191.67247 334.19324 0.002852865
711.2526 1739.5173 115.962585 189.27559 0.0028457497
581.1544 2807.1375 202.65538 289.30115 0.0028447716
859.5382 1809.2616 146.375 395.2049 0.0028440007
317.71912 3216.2769 667.7099 384.17163 0.0028429474
722.5442 1811.2942 159.43188 331.32037 0.0028391841
665.4373 733.3055 502.08557 1485.1143 0.002837408
557.2864 3271.6562 329.3033 185.41122 0.0028347957
798.4861 1242.4877 195.21419 645.0283 0.0028286816
916.8003 2079.4722 33.57426 484.8765 0.0028200464
79.16538 3208.2024 150.43616 306.36032 0.0028110673
39.802635 3299.8435 76.1401 128.61205 0.002810534
84.37558 2166.1973 177.42905 1417.4434 0.0028011454
707.8407 1336.8552 174.44534 447.7649 0.0027952231
847.3897 1886.0138 134.5831 318.1676 0.0027911724
818.8514 2305.8975 209.80637 537.5463 0.0027880962
776.80176 1563.4479 234.92854 1101.6068 0.0027827343
256.24814 2404.3481 280.27744 278.98813 0.0027805415
645.1454 2295.9424 236.90657 447.86377 0.0027742484
513.5154 2587.784 204.93141 320.17917 0.0027702881
775.48376 498.22882 318.4005 1003.1918 0.0027643996
643.77924 3117.8584 198.1754 294.32108 0.0027638555
590.64343 2774.528 182.16801 233.48547 0.0027624955
175.68257 3173.6326 345.37393 375.44086 0.0027590888
563.1338 2328.6555 183.4158 292.0771 0.002757764
581.95074 2631.2383 249.70071 343.07535 0.002753221
406.6303 1613.0781 293.70233 532.9616 0.002736026
355.53372 3275.7385 632.9806 343.6453 0.002729523
659.24005 2731.618 193.78185 336.78024 0.00272663
729.26874 2042.7684 359.10162 1165.2783 0.0027260338
156.94704 3221.4558 316.6799 337.7977 0.0027092732
680.0306 1838.3757 191.35512 343.1852 0.002706363
642.33344 2509.177 239.748 331.44962 0.0027045503
463.9643 3345.0327 909.68384 99.02865 0.0026949162
184.7601 3286.1726 377.44254 203.79642 0.0026924976
75.69722 920.27454 138.49614 245.35857 0.0026917371
748.4314 1820.3516 139.07907 363.77637 0.0026888496
558.5917 3264.995 193.5761 191.10873 0.0026829473
685.4837 2855.987 231.53535 286.20172 0.0026814789
406.00903 2927.8794 317.75516 412.7429 0.00268134
302.5869 1666.9061 679.19165 2065.1775 0.0026784674
370.28812 3235.0706 346.81424 253.98897 0.0026665207
346.10986 3275.8962 303.3306 181.23216 0.0026652121
715.5341 1368.1099 338.0046 2698.2798 0.0026572845
268.6232 3105.867 308.09558 445.9197 0.0026508144
99.89461 3060.6733 175.80841 538.82697 0.0026442106
918.32 2307.4646 29.876848 569.32587 0.0026433505
422.18088 3273.98 239.33458 183.05084 0.0026278705
723.18317 1520.7377 143.66798 255.22018 0.0026196898
923.98346 2169.7676 18.7946 548.75836 0.0026139002
385.65747 2815.189 334.14163 531.8374 0.0026121433
423.25696 3057.8044 175.0259 365.81192 0.0026119642
760.7928 2471.1765 256.32303 428.64365 0.0026094313
475.47507 3088.8508 230.90051 286.3396 0.0026034294
361.8659 3040.8955 322.73685 483.3482 0.0025945788
181.666 1623.4714 274.03525 1328.262 0.0025937448
2.3142872 703.8977 4.9442353 464.57758 0.0025936386
124.892746 1087.0858 249.7226 1908.1082 0.002589787
923.0711 2666.1406 22.017168 570.3752 0.0025862174
253.05534 1588.8981 545.88275 1526.2222 0.0025489598
838.6424 1354.8993 165.53981 402.22473 0.0025454732
449.3765 1377.3906 660.1855 1681.3131 0.0025163242
840.3967 2224.6853 168.5677 354.04678 0.002505232
185.67561 751.5944 193.91753 269.56204 0.002495475
320.17664 2842.8564 717.42004 1615.6329 0.002492161
384.0142 513.19073 784.8439 1034.5687 0.0024903244
507.8958 1163.1451 485.9673 1147.8962 0.002481756
761.2628 2411.0132 203.44583 319.87848 0.0024804755
3.0452662 557.28644 7.543336 305.9264 0.002474329
714.8196 428.79593 441.7711 871.9299 0.002459103
650.37195 1429.2482 334.58405 1116.5623 0.0024499367
541.9132 1049.3925 370.52386 1407.5398 0.0024482498
368.2246 349.59555 749.1169 706.4619 0.002431092
469.17285 3310.2722 562.43634 307.54047 0.0024293014
867.47235 3279.0244 107.1931 151.78944 0.0024226694
591.28296 2451.0522 161.972 216.61536 0.0024226336
857.263 3279.0818 123.46959 159.03941 0.0024175006
552.2843 3274.06 253.90195 181.88676 0.002401251
1.912075 471.25436 6.3987393 323.80978 0.0023930124
702.3183 2265.6504 152.2095 276.06583 0.0023753718
423.87375 2921.211 233.85889 299.03088 0.0023540638
658.81793 2179.0898 170.03453 272.71667 0.0023121147
659.4065 3341.3958 183.8306 128.37456 0.002310094
708.30133 2280.2373 155.06036 322.37955 0.0023048148
582.04504 2171.148 112.127754 199.64703 0.0022866563
686.28314 1885.27 370.23453 1352.4984 0.0022846926
12.428046 1662.9741 25.322191 3353.6843 0.0022833701
301.62793 3067.7888 321.931 391.58206 0.002262824
565.59375 908.8351 533.7259 1613.8319 0.0022516008
916.9202 1252.1744 33.537296 656.23114 0.002244226
537.50824 1395.2124 666.3424 1916.3268 0.0022110383
463.002 1684.7429 916.3521 3344.361 0.002209172
643.02167 3282.418 229.42656 185.4831 0.002199593
179.14716 1146.6514 298.207 1560.147 0.0021859175
751.3876 298.50626 380.7093 613.8256 0.0021640593
428.59674 1549.0514 817.02277 2724.8604 0.0021622418
206.1194 1675.2803 293.49966 891.27734 0.0021442622
105.243835 1544.6052 212.1862 1227.8242 0.0021144152
441.55505 1779.6407 269.8334 550.6507 0.0020543553
925.2427 970.4385 15.581353 570.2301 0.002025928
744.2921 1679.3365 397.9493 815.8665 0.0020205267
926.312 3097.3586 12.538998 493.615 0.0020029834
385.93542 1554.1299 743.03467 1728.2778 0.0019853087
356.9787 1027.9023 716.61334 1247.8511 0.0019580156
183.42116 1180.4127 408.81024 2208.3523 0.0019183041
177.41512 472.90115 368.37845 1080.282 0.0018856307
463.62042 1682.6584 919.97864 3332.1357 0.0018661018
622.5793 2905.0728 586.5734 905.04877 0.0018645411
473.59293 1407.6543 229.85094 976.535 0.001857394
460.19577 1817.6991 584.6763 3070.8984 0.0018560233
14.250491 2940.515 27.610107 853.74567 0.0018486353
1.2915151 619.6326 3.1886184 339.65845 0.0018150244
129.21635 1341.2504 285.2386 2678.554 0.0017809888
395.3254 286.33298 801.88837 552.48413 0.0017471636
420.58557 3331.718 267.2164 158.74622 0.0017045666
910.68005 3281.3677 38.058197 159.93571 0.001692201
901.66925 3288.8982 52.077267 134.85376 0.0016899632
542.7145 1276.7511 333.66138 1169.1708 0.0016838706
25.42088 2837.7056 53.924675 1076.882 0.0016779293
25.753729 3356.9675 52.492863 20.847952 0.0016771522
924.9221 3219.6453 14.330606 273.24548 0.0016741602
409.7656 1898.6338 840.1064 1756.6714 0.0016352502
3.557383 3026.7156 5.54063 692.8603 0.0015861298
741.60706 1768.4355 430.9654 801.74554 0.0015626566
523.9238 1241.9369 512.33167 1295.2386 0.0015152359
380.56387 3208.0493 598.7193 484.03018 0.0015011502
405.12347 728.8434 661.7965 1423.3038 0.0014625408
610.7197 1262.1174 354.43802 1409.1304 0.0014411336
447.25912 692.06696 650.4549 1055.8898 0.0014135056
398.30496 1610.8994 793.137 2065.9814 0.0013780094
806.98553 2011.4358 356.91138 666.39667 0.0013687492
320.44196 1432.6042 622.58307 1512.0847 0.0013615328
331.2561 1362.9004 233.58934 897.7694 0.0013300754
217.24722 3276.0535 302.89142 224.62993 0.0013060719
926.67395 3190.1174 18.358477 244.81233 0.00126822
442.77362 1669.8788 927.8008 3336.079 0.0012450686
449.91403 1671.9813 927.133 3340.9016 0.0012436071
464.7573 327.0812 833.39026 692.60187 0.0011908682
429.49417 325.75992 844.2164 709.1774 0.0011908641
560.3266 830.3685 258.77585 570.75415 0.0011353813
686.55396 1383.5643 464.65005 1182.5199 0.0011005832
588.7768 3360.8748 775.58234 19.727257 0.0010372101
429.6805 375.39072 831.9678 770.17694 0.0010008047
379.8281 3129.4927 463.44583 219.29361 0.0009745813
466.05365 2346.0613 777.8629 1033.501 0.0009517718
600.7927 1244.7317 373.54553 1135.7429 0.00090955896
463.44836 388.31622 821.7252 853.3179 0.00088806637
442.57104 2162.4097 879.52496 1298.3447 0.0008581329
541.6302 426.61975 703.1163 655.4149 0.0008568125
598.5041 1206.5529 355.09354 994.601 0.0008551274
745.4816 1582.4714 497.2533 803.5407 0.0007172125
583.8906 1372.422 451.47568 1261.2236 0.00069460954
774.1363 640.04175 461.1465 675.1026 0.00066647265
430.19107 1391.9921 842.4529 1390.13 0.0006608712
384.8512 1971.3663 831.5324 1366.6627 0.00064440345
441.62512 186.0308 922.21075 375.261 0.00057025265
406.26364 1410.7513 811.83344 1179.694 0.0005524515
512.60913 2795.9067 779.2428 836.9347 0.0005509445
424.5418 1805.3904 865.30597 1748.764 0.0004990798
344.54526 1120.9246 774.4059 1143.0397 0.00049303035
451.59326 572.06726 902.44244 1221.8584 0.00048985827
