366.24713 1054.2019 723.70746 2056.0745 0.88032204
283.10315 1293.7117 167.46696 230.22386 0.08955126
662.53625 846.12354 114.30527 154.93149 0.0828665
291.08536 1283.6136 208.008 283.27676 0.048391055
322.20566 1060.8127 580.59875 1218.502 0.042273216
337.51062 1103.4182 613.14966 1087.2854 0.040124126
165.05818 906.44006 318.4889 475.90085 0.039130997
326.54834 988.3859 598.3224 994.03577 0.028533755
346.90012 1208.1161 655.1303 1284.6036 0.027275944
165.10864 969.7329 311.23895 342.8072 0.026562039
300.76706 814.0989 576.87476 712.27045 0.02644384
301.19684 1279.2651 255.15733 360.8527 0.025457984
315.1571 1270.934 262.25345 344.8045 0.025415087
366.01746 1054.629 720.4578 2051.436 0.025112985
323.30527 1313.3062 283.3797 410.5595 0.022043735
168.75099 967.17285 324.747 354.89133 0.020249378
318.52188 1359.9595 311.8822 505.363 0.019062385
222.32622 888.6063 421.75635 535.41284 0.017968776
280.11096 1112.6816 521.0683 1300.0294 0.017938249
316.29065 893.5597 577.5341 1255.0658 0.01782151
211.54819 1055.6453 211.24196 174.65953 0.016911678
382.13528 1346.1898 412.6591 496.25644 0.016898476
324.2877 827.5646 623.29987 766.8095 0.016896456
303.2421 1363.5919 240.08102 432.3314 0.016433356
169.37701 1026.8431 322.06747 237.7846 0.016423779
308.18094 902.53467 585.5754 981.8029 0.016317733
325.08398 1411.0425 591.9172 724.2804 0.016250873
346.21252 1510.7351 673.63025 1029.9305 0.016188208
341.64297 981.5028 633.8895 938.4366 0.016032735
236.849 877.8684 453.62766 545.54333 0.016007878
302.15677 993.86536 571.69385 830.222 0.015934205
355.6028 1143.7886 534.85 905.8486 0.01589549
318.62372 762.4425 602.99005 1030.8776 0.015675563
277.8596 1099.9352 514.7206 1027.0527 0.0154431015
241.0747 805.9798 465.8876 693.43536 0.015352961
165.5516 846.8489 283.19763 308.029 0.015327952
275.88812 1350.5697 433.12457 567.84033 0.015099466
287.8826 911.116 524.6385 1278.8322 0.015071807
256.40234 1103.7614 484.3327 1278.9207 0.015019305
346.32706 1144.9414 655.36017 982.2302 0.014974576
352.60886 1333.4636 683.02496 1353.3342 0.014550558
302.27805 1136.3243 523.09155 905.4207 0.014366169
283.5738 1433.9946 522.52313 713.3265 0.014233266
286.213 1294.7869 387.0055 439.76886 0.014226498
160.40558 851.4831 311.73343 581.95703 0.01354207
315.8069 685.2845 602.1448 1068.6798 0.013470974
287.0534 909.79645 544.47437 479.5464 0.0132241035
349.92383 1341.9812 569.33746 644.8582 0.013152266
341.11572 1164.8068 623.32935 966.0722 0.013113876
325.87616 1234.3511 589.65283 796.573 0.0130886035
231.40051 982.10205 440.21988 653.0768 0.012971222
326.39886 1526.0282 633.6146 990.8049 0.01270505
359.07138 1155.4886 515.7437 880.00055 0.012549027
248.56482 1061.5142 463.42484 716.7791 0.012326814
301.36856 1221.6213 547.0114 846.1853 0.01230176
357.72787 604.6933 691.83234 1070.9355 0.012242718
377.88812 1082.3663 503.10266 918.33466 0.012110542
328.28705 1430.6248 509.2072 676.31366 0.012062306
302.12177 984.4995 561.39465 676.63885 0.012039965
324.94415 1336.4076 384.26724 584.1541 0.012013943
275.66272 1298.2408 409.01953 448.3277 0.011749566
205.81801 1036.1814 392.22086 724.9801 0.01146463
324.32727 906.0776 608.07544 1033.6385 0.011409467
338.30624 1408.9109 652.9208 821.42786 0.011217196
212.33098 898.6851 405.8051 843.1231 0.011194144
258.74258 1065.814 487.31622 1735.9504 0.011173611
328.05206 998.1124 621.9753 761.0388 0.010987528
359.4384 663.97296 695.1827 1148.5271 0.010976926
258.49265 1201.4109 489.79895 1501.1136 0.010765137
286.00302 653.48035 546.68945 1001.7657 0.0107534295
239.2256 1026.3336 454.0619 1156.3057 0.010707215
254.83452 1054.4233 180.64165 157.10623 0.01055374
358.4074 780.2356 683.63385 1344.0116 0.01053256
351.98315 899.3824 674.32904 848.1355 0.0104446085
451.53085 1179.6163 89.42164 127.73948 0.010360438
296.3683 1233.0404 546.03284 758.6416 0.010344083
391.171 827.70447 391.25595 560.8948 0.010283908
175.1799 797.1526 341.7259 675.27515 0.010238469
288.6131 1456.8331 414.9359 696.72375 0.009978999
256.205 1504.8131 139.43474 183.14436 0.009895415
191.82532 880.6249 223.92754 227.93703 0.0098771695
374.9144 1231.8159 528.18365 765.1149 0.009799017
349.09177 1248.1538 334.88348 466.93878 0.009735144
226.16849 916.83154 156.02766 152.19421 0.0096517075
311.82874 865.68365 553.75134 1189.0687 0.009622621
198.61179 913.386 207.33826 167.59367 0.009605356
170.39484 1060.0234 329.46725 454.5919 0.0095965
211.75497 1009.8367 404.636 770.1513 0.009343947
292.11176 1047.9949 116.37988 124.99255 0.009324093
299.20416 1279.728 483.12195 679.9221 0.00930522
356.28394 669.21704 688.30963 1118.1589 0.009294365
529.6183 748.98944 73.231926 82.63747 0.009260188
207.57416 996.3524 200.81752 275.51083 0.009179566
356.92664 905.06433 691.21985 918.7536 0.009073626
271.11557 995.08777 466.083 1416.5684 0.009023311
386.33722 1338.192 483.19965 571.01764 0.009017428
391.58124 1373.4796 490.8452 605.613 0.00888102
396.8015 1107.0111 500.53882 780.48566 0.00885735
404.87396 869.74036 352.42065 411.88467 0.008843434
125.784615 1198.366 118.39545 178.77406 0.008774869
222.3929 1168.0352 422.95218 1193.1755 0.0086997105
296.06927 933.0101 400.16116 416.84326 0.008582454
300.13998 907.079 580.80963 521.0035 0.008581979
335.71127 1200.3524 453.56708 809.6834 0.008543248
293.56067 657.76324 481.50146 740.3749 0.008489986
347.5693 1338.2362 674.7122 883.2738 0.008471162
231.41179 936.42786 224.3298 378.96005 0.00842821
663.6737 910.96564 127.83105 294.16373 0.008374548
382.85837 1282.5618 205.62439 340.22656 0.0083460845
281.60074 1291.3881 150.91338 215.99742 0.0082693845
318.58862 779.5406 588.887 1030.0968 0.008246691
356.0652 1279.501 320.1972 345.4119 0.00814794
222.0987 1287.506 316.5759 288.81644 0.008033317
215.70784 931.4214 409.63913 1459.4022 0.007983115
354.96957 1231.4487 434.4046 865.76227 0.007901876
515.6796 1405.176 258.92038 364.82132 0.007875641
376.97742 1382.0654 540.39557 1012.35284 0.007785335
545.7168 1360.5236 46.67042 63.91125 0.0077635692
76.66791 1003.9197 145.878 165.2387 0.00774443
240.53119 916.94727 127.913414 138.36177 0.007700663
662.691 843.954 108.8132 150.21643 0.007685946
377.08084 1263.7708 198.98679 319.68475 0.007656116
283.2587 463.27182 531.7294 677.6765 0.0076178317
464.8237 1330.6013 359.83893 518.3019 0.007582841
402.3797 1306.8348 151.93881 262.90222 0.0074528055
445.47003 875.1704 264.33823 315.50974 0.0074303495
333.21747 1399.388 579.89746 834.2032 0.0074291043
203.7283 1088.8461 372.85175 1076.908 0.0074086785
218.9815 1525.4323 182.68103 221.87726 0.0073625003
310.7325 1417.3833 531.05054 986.28986 0.0073215826
362.46112 511.46902 711.4131 951.2929 0.0073169162
331.00006 884.5384 287.09003 347.93597 0.0072901095
282.62393 944.0371 370.9143 389.5991 0.0071806777
512.96387 1441.967 238.87125 290.1123 0.0071696863
333.66016 923.17676 435.54544 412.07956 0.007161666
604.3378 1310.5853 93.539085 187.34474 0.0070947753
400.369 1297.2297 358.42538 352.91635 0.0070811138
409.36234 832.1598 553.79346 736.1142 0.007073072
242.73856 989.8662 296.36276 298.02112 0.0070552723
528.8343 1298.5881 235.89249 327.16135 0.007014498
287.41138 646.091 548.3162 392.69617 0.006978937
388.46088 726.145 348.83624 325.13678 0.006950371
336.51288 1377.0835 660.71 679.9727 0.006949252
359.97482 771.86505 704.3284 743.02716 0.0069396365
301.60535 606.86536 578.2585 979.0194 0.006936565
485.08582 1179.7148 408.6944 779.377 0.006845914
550.8 1356.2267 181.8785 210.43896 0.0068414477
371.72314 1476.1344 492.41116 765.85693 0.0068409257
470.9802 950.73364 128.56215 155.55159 0.006838665
302.09656 845.13257 297.20834 469.8481 0.0068160966
462.1898 802.981 210.96346 184.52744 0.0068081217
272.35504 790.24567 321.6663 539.73206 0.006804157
396.92343 989.217 500.06296 1130.1708 0.00676394
552.62354 1350.1587 83.62149 147.43353 0.0067608436
411.57382 1395.1014 453.38638 685.1878 0.0066857664
580.0466 1321.6945 138.53705 215.69221 0.0066856463
295.10104 1085.1766 540.0855 658.66406 0.0066841706
166.92227 1141.6891 317.8709 1104.781 0.006669819
358.67783 445.65512 706.02594 828.6085 0.006649004
258.5535 1588.9249 229.79599 285.1475 0.0065933373
291.28104 1087.7892 456.02936 570.79236 0.0065574176
382.52734 808.31573 553.5592 715.8663 0.0065258653
261.88568 777.42175 494.58942 624.67725 0.0065209763
401.0787 1072.0881 497.96085 771.74097 0.006508936
415.65536 1001.9513 535.1325 1089.356 0.006381759
304.2132 813.4771 190.54492 193.50186 0.006380616
609.1012 816.6014 222.588 236.7237 0.0063742315
447.84167 1055.6841 469.12967 1054.0801 0.006365579
496.0859 765.76294 146.96576 138.19688 0.006348808
321.21384 558.48346 617.4541 979.0817 0.0063473247
232.34201 1492.7218 312.5835 740.1293 0.0063316934
231.9871 1582.5654 409.57703 362.34872 0.006320148
324.95917 931.2149 628.3929 620.70953 0.0062590027
497.415 1407.0482 90.10151 113.886536 0.006136513
167.55077 1093.84 321.82736 1288.0825 0.0060889074
454.46152 1279.1135 153.89914 284.6402 0.006083208
398.66928 757.0209 582.02563 868.51587 0.0060748733
165.21797 719.9753 313.1409 517.1297 0.0060631633
423.03726 795.31866 462.74533 670.9777 0.0060608964
360.73587 804.2812 710.26715 746.286 0.0060351873
454.8619 1702.2529 67.34738 76.55192 0.006032376
459.61783 1487.7463 151.9092 212.76456 0.006030615
427.30084 1249.1372 460.1324 670.07587 0.0060292915
340.61264 1633.4092 187.04492 176.4499 0.0060145296
173.58328 605.60956 326.61804 290.48026 0.006014515
337.93167 1715.7109 660.9118 736.86316 0.006002813
491.544 1176.3745 409.9326 850.90283 0.0059816684
162.3778 572.1862 296.76712 224.10222 0.0059364103
523.3313 1174.7565 364.4295 821.2457 0.0058944006
437.32956 813.9921 496.88397 684.5244 0.005893454
221.22244 1196.7915 341.02042 425.08542 0.0058823763
260.18488 1714.8407 439.86502 333.66226 0.0058367834
309.57486 848.3903 222.24292 263.6319 0.0058357236
261.52905 373.57034 496.39838 542.40643 0.0058328225
245.82819 973.09503 148.03487 273.7935 0.005805842
650.81757 852.29443 157.06714 226.41153 0.005797327
352.67328 902.07227 682.3245 902.00714 0.0057968516
300.195 1033.6213 311.90582 726.4483 0.005781014
234.52751 1274.5342 375.83316 731.85077 0.00575311
633.15063 853.40674 180.83345 195.67691 0.0057291165
256.0041 1490.0286 111.88812 144.86739 0.005721074
405.4697 1453.1934 440.19232 705.48224 0.0057167276
326.54385 1140.7906 393.04523 603.9665 0.0056157187
454.37833 868.8356 475.5739 557.2617 0.0056045568
401.56467 951.79126 252.35782 231.35208 0.0056038075
452.8502 875.66516 462.50964 517.78406 0.0055670836
416.6048 691.7434 563.4215 790.5249 0.0055385595
525.71234 811.75745 138.21951 214.88223 0.0055375854
249.0875 1239.7825 450.1032 1047.9954 0.005528473
263.29382 645.2569 508.77628 908.279 0.005520556
276.79962 803.4922 531.7792 1138.4404 0.005518337
433.25885 1125.5309 428.32782 907.8053 0.005512784
569.2803 1176.7665 259.85968 527.37115 0.005512776
529.992 1104.2513 199.54132 280.79648 0.0054672025
256.34384 584.51117 487.74243 266.6284 0.0054354146
73.886345 960.4716 140.05707 83.98158 0.0054351497
187.34732 1643.8049 300.1135 405.85538 0.0054198136
471.02698 1322.0466 239.131 289.876 0.0053966013
395.60272 652.602 413.3194 402.16605 0.0053918483
334.1038 1815.5371 660.0941 551.5825 0.0053851577
434.22882 1335.6025 106.30754 194.84889 0.0053642117
440.50836 1175.1202 510.97015 871.68774 0.0053574103
229.53333 870.70703 446.4846 1041.2606 0.0053458717
242.71268 1722.5553 466.52872 490.32623 0.0053258203
264.73227 523.54767 503.34863 804.8635 0.005319383
331.80124 443.51462 382.68842 469.42056 0.005314206
585.3191 1071.4149 193.39421 269.84717 0.0053033484
243.73904 775.7043 468.54736 1238.295 0.0052857017
495.30563 854.41266 227.54874 284.93246 0.005283251
332.26215 764.24677 615.4132 924.446 0.0052736844
284.15033 934.86304 476.1893 1281.0308 0.00525622
190.47697 295.13828 358.30118 397.54172 0.005252908
205.29471 371.6323 360.01492 402.53168 0.005252011
570.78265 1086.5066 251.99182 338.52618 0.0052465107
323.12997 1345.7324 326.15253 979.29974 0.005246143
328.5549 1257.9972 299.45364 612.0942 0.0052437265
358.76456 1349.8812 328.54456 620.1025 0.0052298466
421.12823 703.1583 388.2559 522.8027 0.0052294917
330.77112 1686.9597 268.62878 271.38474 0.005189843
261.4149 375.69632 344.11267 385.51376 0.0051722266
260.6766 1195.3721 362.92715 432.62518 0.005150465
256.401 1705.6256 499.57715 671.6683 0.0051406035
382.12305 964.37555 281.8096 266.17023 0.0051357285
441.4431 849.0942 440.61285 608.9941 0.0051333485
367.5003 584.14545 277.00528 239.17212 0.0051274467
259.03278 389.68173 223.57202 218.25293 0.005115879
223.75392 722.1838 58.62569 69.9528 0.005073243
341.1615 997.14935 609.3844 662.1595 0.005072711
316.27368 1080.0485 354.46173 462.4251 0.0050599794
455.6994 850.1022 506.599 1155.7908 0.005047035
431.3501 676.8811 548.85266 945.37555 0.0050246604
345.2305 922.9889 673.1038 461.213 0.005020642
372.0754 901.23364 346.23053 950.1985 0.0050037303
414.9469 1153.6741 495.81656 926.12555 0.004980502
534.0934 902.91254 93.2513 91.89537 0.0049785054
483.2559 1481.624 178.38118 222.20183 0.0049768686
175.35684 1514.8997 163.84065 178.96187 0.0048978003
434.699 1297.9014 496.5065 903.60675 0.00488797
481.47864 927.40594 430.26987 469.82098 0.004883473
313.64255 899.4559 369.21753 345.87195 0.00488262
341.41614 1148.5717 462.11777 572.0655 0.00488234
406.09485 1335.6012 486.26578 537.3568 0.0048679416
143.90588 1187.663 159.17706 214.47386 0.0048522386
386.3268 770.10364 332.81308 529.74426 0.004847723
504.63235 1162.7024 387.91907 832.7869 0.0048399265
229.5593 999.8706 423.5488 636.1015 0.0048369993
354.60483 961.45764 697.36237 1038.6007 0.0048329155
388.7156 470.821 323.08243 410.07587 0.0048228833
377.88126 1341.1597 284.7341 508.25168 0.0048096227
341.49466 551.37933 657.4065 789.59625 0.004802452
242.1655 894.5254 452.47784 1152.2428 0.0047998726
347.79276 1005.42816 289.50937 820.05725 0.004798183
173.19144 232.56311 267.75616 220.46536 0.004773618
446.04562 820.7707 514.42267 854.052 0.004773002
432.63998 690.4012 348.26636 474.30988 0.0047696014
443.8736 1359.5602 500.65067 1227.828 0.0047462946
391.87283 1149.7338 362.7883 861.1047 0.004692948
233.57541 244.99548 169.15388 179.01184 0.004679288
426.7264 962.8627 534.534 760.7609 0.0046777423
258.23926 1825.7013 504.1201 489.73166 0.004663336
338.70673 1284.1538 292.85068 699.5568 0.004637204
443.3926 1696.6075 125.137825 149.78346 0.004620871
326.88492 1293.2869 396.29617 866.5386 0.0046196585
164.83098 1824.1915 311.1809 335.49728 0.004613004
503.0797 1108.7985 425.3648 1011.79376 0.0045663416
380.23477 543.1644 207.50009 152.07 0.0045566414
425.46222 932.77734 538.1861 681.2087 0.0045291153
443.8543 1189.3779 272.075 587.1909 0.0045277416
425.93066 1153.1908 148.12 185.81772 0.0045226254
273.8717 1706.9115 152.10362 199.12778 0.004512737
378.17786 871.97095 341.70868 356.03323 0.0044766366
302.2843 889.5743 581.67206 952.0242 0.0044495985
297.39783 1070.1365 554.63403 1183.6975 0.0044439305
421.927 1480.0845 459.5048 729.2959 0.0044350578
506.59885 1033.1394 427.20792 1133.2775 0.004417577
528.6821 814.1806 368.82156 359.07574 0.0044098725
357.42404 643.10876 690.2554 854.8269 0.004406219
577.5891 875.6108 276.31262 316.60226 0.004398256
558.9551 1167.3684 296.84317 767.24365 0.004382316
446.3348 1050.9664 462.23822 722.71576 0.0043804855
410.66028 822.4387 455.32965 651.9527 0.004363157
152.69888 1770.2104 295.85736 584.5991 0.004358993
250.3934 1467.4926 480.3654 798.88666 0.0043439902
415.36478 1389.8376 305.35144 370.8625 0.004338022
260.01407 1311.035 391.33514 819.4521 0.0043320614
421.82535 1724.4872 159.2427 155.87383 0.0043207477
384.54147 1141.1528 346.99353 593.75757 0.004301113
632.4315 891.2695 195.60298 302.3597 0.004298855
209.45776 545.1802 173.34982 165.65152 0.0042972513
551.0726 810.69165 330.5591 365.45352 0.004282613
381.2993 986.9673 340.18668 836.51996 0.0042464193
339.48508 1029.7778 175.98456 146.57298 0.0042413054
261.40936 1698.0521 219.86063 226.02739 0.004240818
176.2851 1799.7319 340.61295 535.77545 0.004221084
517.7168 1253.6045 406.70444 1012.03674 0.004218872
261.59805 1043.5575 123.82797 143.26924 0.0042105746
609.32294 1089.8336 171.05562 268.56473 0.0042081564
316.80167 645.7773 609.04236 392.9645 0.0041679917
379.11053 956.19495 140.66614 147.64926 0.0041597188
233.04573 228.31963 102.45086 129.08624 0.004146419
490.4619 1439.4464 269.43933 558.6766 0.004140611
324.6918 326.4902 152.35278 184.25696 0.004129395
410.2034 830.058 305.88034 374.7669 0.004120676
604.47174 1150.0773 204.52055 492.69778 0.004118078
109.095 1502.1615 192.79732 312.33383 0.004117689
149.28896 1899.5983 287.17557 357.60968 0.004107301
190.45456 721.9354 369.06976 527.71814 0.004082682
373.0942 1923.765 731.63007 354.5108 0.0040738876
539.79755 756.82666 51.810223 55.352406 0.0040639224
229.18617 650.63617 438.70505 388.0337 0.0040597618
251.7502 625.7575 485.2164 416.052 0.004057867
241.68005 859.3975 382.9569 1249.499 0.0040519033
277.8319 880.3215 301.57544 330.83932 0.0040454944
265.31757 1336.4061 407.24374 1314.704 0.00404165
603.0547 787.6804 236.13985 297.92844 0.0040403046
441.10336 529.441 329.30603 481.47443 0.0040298263
461.2415 1409.3914 152.01111 248.79546 0.0040286784
511.58435 1228.5428 415.46863 965.8402 0.004020486
351.797 1735.4504 120.680145 206.73915 0.0040106513
132.32138 1701.8932 254.7856 732.4956 0.00400411
529.1695 1505.0393 183.9911 231.1704 0.0039882245
264.90436 1011.7547 210.1517 610.6754 0.0039818464
570.38947 1220.1682 293.48746 848.04205 0.0039428985
550.85675 670.5174 318.9513 511.87823 0.0039057713
85.407486 1958.8911 162.23691 248.69403 0.0039056004
174.14128 1102.0616 325.72372 407.02112 0.0039052463
246.95964 638.65045 477.28513 942.05316 0.003903199
251.57025 355.48984 255.93324 269.04272 0.0038920175
459.34378 1097.5244 189.32559 280.94348 0.0038833364
533.9438 1207.0713 337.60245 804.1598 0.0038705857
443.83923 496.42468 241.49957 331.27838 0.003869889
391.2363 399.47076 210.59375 263.6356 0.0038648192
453.61197 776.17316 337.46725 570.5642 0.0038574114
561.4974 1229.9965 329.48972 951.26465 0.003853443
503.11868 978.64154 369.25983 534.5669 0.0038324671
286.16675 1698.7883 511.21912 485.4617 0.0038181816
446.07275 953.4911 182.97029 169.2634 0.0038134577
395.14026 634.7431 241.08916 292.63733 0.0037881867
311.18356 1518.9927 123.46496 150.91212 0.0037751552
478.53152 527.3932 358.45755 512.288 0.0037529739
342.3799 557.07996 255.84964 212.903 0.0037180914
348.17517 1070.7848 395.32083 927.80817 0.0036890374
474.0045 1191.8453 122.28924 171.80672 0.0036769488
451.52466 1117.8461 371.63284 952.43994 0.003673582
418.71423 1365.8987 485.31946 528.98444 0.0036625497
177.66904 280.376 297.59915 282.52307 0.00365852
335.23947 1685.3947 314.88992 487.9363 0.0036549638
102.19069 1824.726 176.86539 295.1058 0.0036392687
317.3576 572.8736 602.604 699.3566 0.0036311687
425.59036 901.3499 397.2328 1206.0596 0.0036266223
261.49783 1386.4857 251.88098 378.62253 0.0036245342
333.0824 910.53534 267.81683 277.1784 0.003611618
667.45654 1033.6628 136.7264 556.56036 0.0035901654
663.63214 1120.7931 139.67863 725.1271 0.0035831379
345.12155 985.8238 250.07329 238.7081 0.0035809048
353.15848 1560.4415 661.0538 1043.2229 0.0035446452
606.7642 998.3095 232.72202 484.85593 0.0035345724
318.58054 654.34534 569.91547 447.25003 0.003528669
326.1052 892.22705 214.3997 246.22646 0.0035282867
229.06207 1806.061 166.33276 187.88808 0.0035148605
354.49768 1375.1741 455.1907 949.20233 0.003506178
256.7755 536.2593 141.42207 144.45052 0.0034987621
543.63586 1370.2284 264.19708 464.34018 0.0034866235
471.9249 1382.3165 420.93106 902.78424 0.0034811522
532.86743 752.57074 359.21683 470.4833 0.003474664
463.64786 449.70496 211.77692 279.84256 0.0034738271
260.46622 543.6483 496.56064 590.59686 0.003470877
538.43274 1027.1503 374.31516 1172.9175 0.0034655882
519.31415 1405.0845 263.94516 381.33728 0.003459359
505.37735 685.72174 374.25775 483.14218 0.003453456
405.33337 1391.5188 201.69139 536.6045 0.0034532577
423.48523 1418.5696 290.39853 693.2488 0.0034527045
152.48529 1942.994 294.72302 282.19815 0.003450092
339.5167 987.6717 302.3051 953.51337 0.003431146
488.67007 1014.08484 472.1519 1404.7825 0.003428069
281.1025 349.67673 156.16776 139.90494 0.003407533
464.5948 820.66943 488.1561 775.28644 0.0033994657
594.3818 692.0105 136.952 174.50003 0.003394639
563.23096 1145.4908 311.5964 840.0275 0.0033570458
373.54108 1334.6617 153.71751 350.9343 0.003356269
583.233 1079.8779 273.63382 644.6286 0.0033507815
311.51428 1524.2617 499.80582 1029.207 0.003349277
534.1832 1402.0139 88.825745 133.54416 0.003345601
305.4414 1728.7273 272.40103 502.68884 0.0033206346
479.57596 1103.2373 129.70546 200.76907 0.0033160625
284.26395 1752.5463 137.55432 159.55193 0.0033149295
604.13544 733.71967 222.90546 393.8624 0.003312824
254.23218 653.88965 487.3483 388.1031 0.0032991169
354.38867 1595.582 330.67532 970.24335 0.003290112
53.86552 2015.4796 103.96607 149.305 0.0032855584
651.3933 978.009 111.7894 132.3652 0.0032820688
444.72064 1141.235 463.31952 1131.7096 0.0032764766
150.66458 1848.7318 239.73415 259.16974 0.0032756173
291.6546 891.4151 568.01556 457.54407 0.0032705457
430.6105 1156.0435 147.47664 188.8803 0.0032704838
494.48236 1344.7654 394.02036 995.11847 0.0032569696
193.25215 577.3833 162.11372 166.6149 0.0032533945
579.9012 1165.2242 248.99353 535.9396 0.003251952
325.3053 792.2397 198.72705 177.21545 0.0032499728
550.0912 1068.6643 292.9392 350.86942 0.0032463586
89.53405 1782.3401 168.60342 548.6504 0.0032421504
608.9762 1192.0769 225.9786 775.2514 0.0032353206
422.1174 1069.6371 354.33188 452.03458 0.0032338107
356.7787 1462.7272 126.64873 170.47646 0.003223414
311.01987 774.7234 211.02025 351.79742 0.003220748
514.4002 1288.9803 416.96713 1122.529 0.0032206364
482.98648 1289.4839 288.24005 531.1942 0.003212486
476.6003 1403.758 292.23483 748.5938 0.003201864
521.18835 931.0076 126.61099 156.97629 0.0032009128
257.65073 919.5266 94.04125 119.06162 0.0031919156
552.3364 1343.8324 153.73674 181.79384 0.0031668958
341.4244 1413.7184 635.3222 715.7168 0.0031650567
489.24625 497.3143 338.377 479.47977 0.0031645799
130.2831 1213.7327 225.69579 280.30975 0.0031543318
381.30197 1970.7852 747.54846 263.26495 0.0031539223
146.48988 1742.4794 228.8062 267.14832 0.0031488026
555.7522 1255.4059 340.40134 1012.44275 0.003144266
255.21815 1766.2902 157.18668 238.78558 0.0031436638
585.576 1038.75 150.83482 205.68 0.003139845
552.71783 1169.4242 97.88287 148.66823 0.0031359491
289.4382 1063.2676 119.76149 147.0043 0.003135177
345.5219 308.6475 689.61005 568.951 0.0031304802
532.6163 803.3056 346.09384 700.9202 0.0031092244
487.029 1209.6509 173.51076 335.1998 0.00310768
388.90472 927.8077 334.6722 932.07166 0.0030997926
128.77144 1839.2042 215.69055 284.78302 0.003094175
145.11223 207.50255 266.56305 285.93518 0.003092616
331.8089 850.11035 180.41231 268.54248 0.00308993
513.04694 1336.4862 221.89502 581.3789 0.003083792
590.3428 1286.297 259.62177 692.74414 0.0030755147
166.06017 1954.7719 323.2643 266.12375 0.0030669342
528.8677 1510.0045 158.9222 200.86148 0.0030509215
564.89966 1024.4543 186.3064 189.66193 0.0030485436
177.16266 1321.8372 276.33853 530.9957 0.0030480232
373.00238 284.6034 741.3077 523.13916 0.0030471077
452.67307 1260.6093 319.87363 632.0765 0.003042042
508.39676 944.5786 402.52167 626.5452 0.003041406
304.4977 803.5125 591.3026 768.1662 0.0030408998
490.75934 1651.5762 119.494125 205.79724 0.0030357302
484.2317 1101.1533 232.50763 271.6491 0.0030327789
577.31573 1108.9747 132.24492 188.5741 0.0030266508
87.38824 1468.4443 145.95355 239.05365 0.003024273
551.57336 1020.257 216.23463 292.7337 0.0030109074
418.7431 1439.0891 483.44968 702.4781 0.0030083535
263.99854 1159.7903 194.99628 340.25113 0.0030033006
499.7016 1349.1465 252.91704 414.10684 0.0029956573
362.81436 636.51715 235.4003 308.14865 0.0029956046
445.59595 1370.0026 287.0835 560.44824 0.0029941169
219.69296 637.3513 381.04227 623.0144 0.0029742292
502.73492 1343.8811 141.19086 166.27713 0.002973357
545.1635 1356.8165 97.16978 156.15265 0.0029691134
345.58774 719.98016 163.0084 149.56131 0.002957031
625.15894 844.7001 201.91295 336.9208 0.0029467018
396.47104 1733.0315 391.24902 819.8447 0.002944572
266.29584 616.9492 350.31857 302.68298 0.0029356189
345.16272 606.10846 217.32364 265.8296 0.002920874
227.89005 562.1463 437.4267 452.97205 0.002913804
469.6152 1356.6866 322.2605 553.96387 0.0029136324
677.2908 1977.6812 170.53354 225.93718 0.0029046999
570.59186 1274.6914 214.55414 479.7832 0.0028985566
544.5771 1463.271 141.65196 237.23846 0.0028686055
446.03293 1743.5815 342.33627 430.3247 0.0028665531
115.10125 588.8905 210.85056 259.59933 0.0028657275
554.3081 1334.0587 324.5684 900.64886 0.0028639676
405.86783 1343.8323 166.48334 298.22247 0.0028585638
89.19921 1010.05914 168.08682 171.39828 0.0028547389
573.1671 972.82806 307.835 917.0442 0.002854412
661.0449 1924.8367 194.85199 281.58356 0.002851985
255.42517 1242.1416 418.00912 322.1115 0.002846796
352.17642 1725.6741 369.56448 613.8163 0.0028460717
127.54903 918.05066 224.95428 260.8256 0.002839771
138.32408 1995.7997 265.63416 176.31198 0.0028354644
514.81055 1103.0616 413.1777 1310.6562 0.0028268679
311.2789 1939.4432 647.7633 317.60034 0.0028263088
529.4506 993.8332 358.34894 489.8758 0.002815511
646.6211 1149.0956 131.7753 334.43616 0.0028028614
514.9579 867.1006 128.01534 187.96179 0.0028004476
491.56732 937.5792 421.9417 506.1696 0.0027970434
487.2065 638.4046 432.4314 678.86755 0.0027910462
440.59564 1354.4596 179.34842 467.2275 0.0027867917
286.20447 1192.0671 430.54773 507.34616 0.0027843267
275.5071 576.2814 277.02362 231.92314 0.0027792167
550.5325 900.0957 78.08808 71.841736 0.0027716388
552.22565 1406.3206 296.47186 577.4207 0.002763088
323.64227 1574.7206 641.24274 545.5702 0.0027486663
268.53442 1391.8403 288.46576 635.60376 0.0027470693
269.22968 300.1286 120.01848 112.50113 0.0027455166
497.672 1081.2408 210.53577 281.8233 0.0027439727
317.5015 1933.5193 578.0104 398.19556 0.0027408204
618.5158 1224.6191 148.10217 309.40787 0.0027364905
566.0362 892.9622 219.25041 255.71204 0.002733312
597.5043 707.51544 251.9521 516.50684 0.0027316592
555.87494 1521.7147 231.33705 379.4967 0.0027227274
585.44354 1144.896 129.72574 214.3867 0.0027217346
409.86783 762.7088 396.8228 329.40625 0.0027117662
519.5879 1577.733 272.39304 468.5486 0.0026992527
365.8947 1817.6727 307.63922 483.31177 0.0026911343
211.80962 587.91797 398.06137 302.06857 0.0026794726
272.59097 1540.988 78.11511 116.3373 0.0026731573
458.4683 1061.0146 504.58887 1153.3438 0.0026672196
388.04938 795.8976 179.4704 168.83241 0.0026604913
669.0423 1805.1328 208.05066 333.6486 0.0026599043
653.3738 1941.1914 197.91364 217.21165 0.0026493815
545.55383 608.2768 273.68613 586.0423 0.002649059
371.8201 633.274 250.29573 243.16595 0.0026447326
693.99927 1946.612 139.64217 315.62238 0.002642603
422.035 1385.9587 435.85275 1234.8257 0.0026397565
249.57065 997.778 241.53554 852.0797 0.0026192053
676.2055 1959.4601 175.77956 270.60574 0.002616358
427.2227 947.6418 179.21141 156.30055 0.0026162087
513.90796 984.6314 425.8266 1381.1611 0.0026113805
221.82361 1982.6097 164.5707 193.43166 0.0026024624
234.91122 1918.3665 275.6228 329.49033 0.0025886365
142.66725 1467.1257 229.0702 353.97592 0.0025824488
411.03073 1451.5123 107.2586 219.4719 0.0025770932
268.20996 337.34164 119.90274 93.57131 0.0025761826
507.25235 1312.9996 180.11159 317.67938 0.0025704328
633.84155 2016.2972 169.70628 164.57292 0.0025682233
605.38745 1097.8636 206.88301 392.6657 0.0025626924
218.40164 1970.2074 195.46562 190.46835 0.0025605566
185.93175 227.9003 343.20096 245.41595 0.0025510204
510.6423 441.81955 174.20358 227.84338 0.0025414834
326.91733 1823.4128 300.15765 320.30588 0.0025365623
448.11542 977.6948 247.71512 316.92883 0.0025226045
290.94623 1142.7672 115.14409 113.475975 0.0025208488
613.3313 1929.078 308.2494 349.98456 0.0025201114
351.45706 921.5694 649.4201 958.9116 0.0025085278
488.22522 858.8618 200.09598 320.6913 0.0025066468
340.6963 1564.3191 129.18362 157.27237 0.0025040526
367.1897 1059.8066 722.955 2039.6677 0.00249911
661.7233 2028.177 186.52295 148.20352 0.0024955217
326.49277 232.84769 159.55426 147.72498 0.0024947503
585.2115 888.6223 235.79654 296.8032 0.0024827349
150.03954 1936.8702 207.14194 225.75801 0.0024785367
348.89597 1259.2122 708.5788 785.55566 0.0024771378
265.26285 1953.1914 233.75322 249.15279 0.0024604087
425.02075 386.15158 359.0441 451.59717 0.0024574532
547.5199 1583.2506 177.28534 244.75642 0.0024568348
454.12173 1346.9246 124.93801 341.29227 0.0024534655
473.95862 713.2983 453.75214 702.5084 0.002447024
568.69086 2008.1837 282.00397 186.44786 0.0024448007
632.4067 1171.4939 168.53528 432.60016 0.0024362204
434.4405 1657.3309 229.41222 249.9452 0.0024352819
397.87943 1884.234 677.22107 431.1379 0.0024346737
548.8733 1590.3569 328.77728 911.3641 0.0024314749
259.28848 1226.809 359.18402 469.77982 0.002429498
195.67635 1056.3313 401.83447 981.9759 0.0024291996
504.45667 1683.6427 329.35956 515.27234 0.0024291605
542.36816 1368.239 97.64233 152.19478 0.002427676
271.79636 633.6123 510.98068 804.92755 0.002406463
366.58734 1287.1097 546.12103 608.1088 0.0024049503
542.5326 1917.6333 300.3284 364.72043 0.002399447
578.90015 2011.2737 135.06091 175.04674 0.0023858075
473.9705 964.5354 205.77838 316.45636 0.0023699147
658.19977 1900.2877 214.17421 401.6034 0.002369643
454.05887 431.5523 181.73813 212.97783 0.0023694185
341.575 1926.0425 212.14456 204.96588 0.0023667768
341.9453 1106.6743 669.35095 710.33105 0.0023583914
535.0644 1951.5658 286.5428 293.92798 0.0023559222
329.1019 1338.926 215.3299 349.29846 0.0023464342
233.81436 985.1429 262.0328 293.83844 0.0023425217
613.8355 2024.6892 244.1843 152.64253 0.0023355936
350.01535 867.1788 690.16833 790.11975 0.0023350993
492.63776 1651.7001 423.85196 851.5206 0.002327767
712.1836 1682.2584 148.82703 240.31227 0.0023259625
289.58942 1957.4071 137.0284 144.63853 0.0023254182
529.4867 1974.9291 174.28748 215.17827 0.0023209741
458.8603 1358.3708 346.46042 901.76215 0.0023193934
391.20447 116.83653 771.0674 229.73744 0.0023178803
712.54755 1936.0371 103.38294 327.52167 0.0023076313
719.4276 1812.0348 98.67754 307.17444 0.0023024038
283.75952 528.1244 190.48068 170.28386 0.0023004648
728.6075 1912.6611 87.28125 334.35657 0.0022855373
623.37036 1327.431 157.2511 320.9435 0.0022855143
727.74634 1557.3314 128.74042 375.43362 0.002267129
344.45468 1926.4048 126.1054 158.35353 0.0022575143
553.02563 1590.0614 143.14099 221.9635 0.0022542763
689.7871 1799.5621 137.73175 227.54007 0.002250275
649.228 928.0875 211.1684 439.07367 0.002249408
445.27905 1847.3811 297.8847 301.62143 0.0022490688
482.85336 1999.423 127.08333 135.54602 0.002247766
712.19403 1635.729 144.2488 233.69931 0.002241318
276.56107 972.63074 139.43056 225.8091 0.0022359893
660.60614 709.39435 184.78348 436.6208 0.0022242332
720.36 1722.5728 122.168015 545.98334 0.002223995
580.32574 998.2545 297.44995 1216.531 0.0022119768
660.38995 1703.207 202.3442 327.12534 0.0021927017
465.8214 891.6157 489.86746 718.6248 0.0021822504
603.70087 693.1252 125.20586 186.12117 0.002174663
671.1956 1951.477 161.27547 286.86084 0.0021699953
315.82086 1932.5516 306.44962 265.9743 0.0021699734
346.4547 1362.7506 295.50568 754.18475 0.0021698454
171.8916 1035.4612 192.72482 192.93301 0.0021638852
249.0412 1159.9758 199.54832 411.06937 0.0021636938
338.32898 2021.5621 686.0034 169.23993 0.002162432
628.9958 1820.1068 147.86012 186.21486 0.00216048
694.09656 2014.5222 144.22389 176.88757 0.002152063
737.7646 1648.5675 80.19037 568.7575 0.0021475223
351.43402 1227.3387 697.1863 890.60846 0.0021458054
462.3634 1757.5614 110.56601 137.66391 0.0021415774
534.7202 1615.1622 126.40312 212.91881 0.0021400372
342.38092 1058.2821 599.3915 685.67865 0.0021352821
366.749 2037.0316 714.9114 133.02313 0.0021299284
299.53848 1393.2543 502.07352 1094.8807 0.0021291957
605.5116 1381.0541 103.521706 164.23735 0.002124394
202.91566 886.37897 355.47443 1035.7471 0.0021237705
499.94244 717.50287 418.64178 511.58047 0.0021228387
736.5935 1914.4117 75.04913 369.5668 0.0021216704
624.0614 1930.6525 168.84631 167.29488 0.0021201195
549.6175 1532.2863 314.10208 678.23334 0.00211877
489.77423 2039.1863 135.32307 128.01491 0.0021114864
352.8655 1996.6954 126.11249 154.60886 0.0021112072
503.5393 2014.898 168.17786 170.97879 0.002107717
536.84686 2064.381 171.57312 73.73086 0.0021034481
705.4025 1690.7345 137.49911 233.23329 0.0021001108
697.01355 1594.8711 142.93355 220.78487 0.002095161
512.52057 1077.9309 367.93323 1091.5837 0.0020861945
315.7716 883.5373 445.4074 932.0819 0.00207135
274.27722 966.41766 275.92755 289.56924 0.0020702279
515.79584 1756.2128 113.513466 191.58669 0.0020675166
647.2583 1227.6143 168.84808 655.3485 0.0020669783
427.39417 766.49634 267.1497 217.14409 0.0020626395
125.56762 2032.1691 246.88216 121.19645 0.0020593128
505.3329 2048.7856 206.11664 105.49498 0.0020539048
464.3349 1929.4491 96.83278 125.529106 0.0020537318
553.90094 889.20013 329.93976 1008.02966 0.0020529756
341.37012 2008.0378 672.6105 239.91318 0.0020506177
568.24316 1824.5907 170.41348 215.50508 0.0020468652
238.26201 868.2421 445.99448 1025.4181 0.002042962
552.10876 1960.38 188.22298 176.55176 0.002038207
602.39844 2046.1553 236.85118 113.320786 0.002038072
273.2324 594.9322 323.02634 216.58464 0.0020319624
345.15225 2018.4467 672.38245 211.41586 0.0020253255
96.92573 94.99317 183.78404 146.71771 0.002024625
633.3969 1433.5342 86.0364 171.08885 0.0020225286
710.1266 1526.2227 137.74208 239.7861 0.0020217963
368.42386 1060.5658 715.68536 2039.7374 0.0020208287
595.3436 1677.3041 176.82068 261.3028 0.0020145809
286.50632 669.06824 531.6798 757.6517 0.002008096
483.6523 1741.3894 212.86058 240.31854 0.002003811
629.46857 1767.1844 124.48621 132.84964 0.0019995396
518.39484 1238.1404 384.53128 934.47284 0.0019995195
41.443584 2060.4558 76.46663 77.00999 0.0019995158
737.9115 1016.9706 88.497955 337.99637 0.001996974
757.40625 938.22034 73.157005 152.62857 0.0019837618
621.0982 1447.5483 77.94144 161.11212 0.0019812295
555.89575 1484.1323 193.50385 262.408 0.0019792325
732.1268 1930.674 90.4276 324.5419 0.0019785017
577.7541 1573.8496 106.513084 156.78375 0.001971387
288.25116 1130.0936 488.45062 369.12173 0.001968387
626.0497 1457.9069 110.97516 203.60724 0.0019675826
529.7353 1305.8536 317.1527 1053.9404 0.0019666634
691.18115 937.29364 173.90413 753.61816 0.0019645933
254.27402 507.79443 501.5292 749.2827 0.0019558438
461.07007 1659.0581 325.24112 438.5296 0.001953522
720.61505 1348.0757 124.65163 1088.4832 0.0019534996
332.75708 1603.5016 365.36337 454.18472 0.0019533946
557.3552 1124.6864 312.63803 718.88416 0.0019517406
495.6149 1980.6635 123.58318 149.70274 0.0019479906
730.4212 1616.7133 92.99515 277.11707 0.0019454939
612.0409 1229.3531 152.74124 322.94348 0.0019436014
698.61255 2022.8477 123.9637 159.52339 0.0019424582
439.10333 1917.872 130.79399 174.33763 0.0019417022
141.98248 1082.476 262.7177 1845.746 0.0019399917
534.82764 930.58746 374.2225 1282.8175 0.0019323068
519.8462 1742.7211 192.2959 268.90082 0.0019244656
139.40852 1224.0771 221.12791 1494.716 0.0019183253
609.954 1617.9458 182.38199 310.00162 0.0019122325
282.51123 1168.112 139.52463 190.95717 0.0018948996
607.73474 2019.0764 272.06512 167.4267 0.0018948403
605.0039 1829.8922 142.8925 157.41435 0.0018925961
653.2438 1822.2096 213.33788 224.33318 0.0018912778
658.8283 350.23447 221.34431 371.10855 0.0018897825
578.1222 1023.82983 294.89203 1079.2695 0.0018896806
694.94727 2023.9957 131.54015 158.28802 0.0018871732
418.95993 316.08624 277.45032 343.3711 0.0018861658
346.4731 2013.8058 127.55479 130.87015 0.0018847487
713.4361 2045.6522 120.29755 119.46988 0.0018822317
654.4895 1419.566 122.82757 276.9265 0.0018787428
526.6289 1851.4885 145.4282 174.5676 0.0018718801
699.36395 2064.178 160.35762 77.02635 0.0018678833
589.06024 1504.301 119.37949 170.00562 0.0018672965
491.7617 1849.6912 123.37859 143.18521 0.0018617717
728.3008 2024.7214 77.11374 154.28963 0.0018608432
435.97714 1996.1237 190.13849 197.62886 0.0018598746
537.37134 1911.2346 140.83656 167.94232 0.001859586
583.8822 1357.9011 236.05913 1028.5845 0.0018583791
477.1057 1725.6134 57.379368 89.55613 0.0018565155
499.3913 1637.9039 254.02667 535.8265 0.0018560861
743.7953 1388.6552 74.41528 667.8931 0.0018488475
547.4895 1710.8347 179.03157 217.79239 0.0018448093
337.7732 676.70703 466.11322 423.00546 0.001842668
718.52185 2041.0288 100.64627 118.838295 0.0018374929
391.2531 824.1198 167.16658 177.1116 0.0018342633
602.0462 1696.4076 138.0389 202.78932 0.0018342477
162.48059 905.0395 286.41385 427.14325 0.001828539
662.27423 1363.3745 99.636665 189.09763 0.0018188243
169.39645 830.86957 352.5827 757.81934 0.0018124353
640.4276 1787.313 168.0803 207.18832 0.0018102153
635.24097 2050.8286 254.8835 117.8488 0.0018062323
698.90814 2064.3298 134.42728 92.422775 0.0017993528
289.0142 995.88995 351.88846 272.84558 0.0017990036
503.31833 2068.5415 190.83446 71.90455 0.0017907114
681.5041 347.0005 170.56459 259.0388 0.0017857933
652.61816 1106.8142 199.5018 689.4895 0.0017840075
646.5879 1398.8253 202.77519 1231.4661 0.0017754007
561.0446 90.48345 217.59967 138.51306 0.001773172
527.2577 1746.7202 292.44492 494.5254 0.0017730556
440.5037 942.56573 326.08572 384.7021 0.0017729324
279.63644 1246.8805 280.34067 459.92822 0.001768105
568.3329 1892.7711 143.12633 182.02881 0.0017674329
725.8374 1272.185 118.306946 290.46976 0.0017647763
331.1991 1402.1035 376.15253 921.49603 0.0017475195
610.5274 814.39154 270.80045 669.25903 0.0017439297
383.54556 2060.935 697.97235 94.56799 0.001738919
689.3786 2054.9905 162.55505 94.6277 0.0017371675
562.2081 1338.6117 125.936516 164.75334 0.0017369633
732.15155 1270.1426 103.23447 280.24152 0.0017333488
723.22595 1356.0354 122.26217 274.22827 0.0017323187
593.5675 1057.1965 276.21542 1073.594 0.0017322106
70.28491 2063.7812 131.30725 81.46094 0.0017296359
418.19308 1125.1663 355.36444 915.98517 0.0017289757
376.15356 2083.3994 711.08545 44.81146 0.0017279373
710.68384 304.8798 120.12952 342.14697 0.0017252768
691.6222 1043.1754 171.61885 563.40546 0.0017200927
374.2745 2052.9758 646.36926 142.07849 0.0017139275
523.8372 536.55035 364.071 550.4536 0.0017117024
629.304 168.33156 262.33978 288.82794 0.0017031635
738.38245 1359.2017 91.418365 268.0833 0.0016998394
739.5283 2018.4467 107.20625 172.32262 0.0016988525
603.7637 1370.082 288.3683 1241.9282 0.001697009
148.44417 859.0121 305.22452 751.6478 0.0016915301
602.83466 1781.5996 122.67236 162.71187 0.0016754509
138.10738 2070.7742 192.32028 68.08331 0.0016730942
758.85486 2010.29 54.801456 184.02844 0.00166982
712.2459 2010.4695 190.40855 186.69812 0.0016639092
713.4084 1442.4347 125.087036 887.2748 0.0016635822
245.17403 912.7012 88.161125 102.576324 0.0016631688
609.0335 1729.7627 132.4166 193.79529 0.0016621517
221.44847 1231.4978 460.86487 812.3441 0.0016613235
226.70116 2065.6575 385.2678 75.468994 0.0016544224
285.6813 767.0472 553.75244 677.47345 0.0016331482
743.1474 2027.4991 87.23146 152.69255 0.0016294941
339.04767 1941.1754 434.17413 378.67133 0.0016287675
169.30386 865.06036 290.00888 216.76309 0.0016266373
520.13983 1674.5266 208.33308 305.70615 0.0016227223
372.7247 1007.95544 548.0812 749.9577 0.0016220409
745.2519 1705.3232 66.789925 252.78438 0.0016195811
361.29422 913.40826 307.8865 248.88315 0.0016114579
734.9901 1352.7095 105.83232 426.43896 0.0016084068
742.41144 632.27155 69.85358 562.09576 0.0016039182
508.8429 773.08704 417.34573 707.48236 0.001589614
640.60046 1380.1215 220.64116 1035.383 0.0015825975
714.3252 1110.5016 127.62068 421.3292 0.0015714039
539.7777 1644.327 325.00037 431.3457 0.0015668068
622.0739 1499.1661 173.82825 440.1447 0.0015605243
146.75545 2068.204 288.23767 74.34862 0.0015597898
74.24214 2079.7307 138.19359 51.205654 0.0015591973
533.46625 1232.1211 386.2007 1106.4757 0.001558902
393.808 255.75598 762.7639 490.64 0.0015448403
635.935 1550.2599 121.85912 190.61255 0.0015400061
731.48816 2048.468 88.78966 121.589554 0.0015359422
574.2149 866.1632 313.5336 521.65515 0.00152866
323.73987 642.64557 662.2609 447.5641 0.0015253099
669.0452 1310.4166 114.63818 282.29623 0.0015226094
325.36084 544.3553 665.86487 649.83777 0.0015201393
578.2434 1572.2805 153.01273 209.89668 0.0015101108
749.1772 2031.7646 68.85256 129.87553 0.0014979829
113.136826 1392.0985 179.51482 969.0046 0.0014969569
286.8318 2072.4404 170.34377 81.32199 0.001478994
752.79706 1067.7511 56.432045 302.03125 0.0014762515
689.99896 2050.0354 150.72192 110.30609 0.0014686036
137.93576 1171.8584 210.153 896.387 0.0014677304
759.70996 1653.2649 40.306114 334.92374 0.0014666296
757.40576 1917.5112 44.818348 345.20322 0.0014612323
330.68945 1222.1178 561.8453 884.87683 0.0014521823
159.12057 2094.8066 331.18176 22.637712 0.001452165
671.7173 1508.0554 107.598236 182.92625 0.0014483271
576.7099 1611.8113 265.1862 589.95953 0.0014450124
537.03937 876.53143 382.5026 769.5588 0.0014396639
718.2664 1253.3772 133.0792 502.9902 0.001429009
745.7006 2053.9268 70.82318 100.23443 0.0014236993
605.8307 1086.5874 256.68015 1288.7028 0.0014171002
297.2798 1288.8152 194.97856 237.60779 0.0014102276
727.77246 1269.69 120.877266 393.4735 0.0014091877
349.96097 1337.0427 314.96307 801.8036 0.0013979297
621.7545 1554.9071 127.82087 263.8268 0.0013932813
178.96153 1222.213 277.9109 1205.5579 0.001392756
703.2028 1112.1049 148.54004 400.70694 0.0013786657
98.00942 1316.6221 159.00774 1189.2957 0.0013705519
348.26932 812.6589 707.182 715.40936 0.0013632884
132.57503 1314.3124 203.55336 945.3506 0.0013627205
224.61063 1128.9248 213.89081 643.35736 0.0013547216
720.4929 2066.037 102.34331 77.97081 0.0013536988
737.7211 2051.418 65.976166 109.79347 0.001352396
137.44226 2096.6726 130.20831 21.50083 0.0013522955
257.5235 844.2977 477.35953 762.1346 0.0013495595
714.2836 1013.3646 74.374626 215.354 0.0013452165
322.3725 490.7349 507.43793 553.1221 0.001343772
111.43674 2070.1545 181.19563 109.457924 0.0013417228
102.322784 1238.0201 174.44304 352.98807 0.0013339517
365.1039 1320.5734 203.09428 467.7041 0.0013338177
154.16463 2061.3142 298.18988 142.50838 0.0013258518
230.07733 1316.4028 226.87672 1138.4165 0.0013240933
510.62045 1355.1454 384.5299 894.43506 0.0013225198
495.85028 1186.5605 384.9623 1103.1078 0.0013132172
245.68115 1349.225 241.56279 843.7924 0.0013012504
744.96405 2071.7205 81.55956 64.214165 0.0012648387
570.16113 1520.485 48.271503 96.8327 0.0012616303
373.21518 914.12396 270.6547 651.0077 0.0012590027
331.22543 1129.841 644.9656 573.9734 0.0012582013
741.03705 2068.998 68.271805 86.780975 0.001247653
284.43506 1237.9073 453.33536 747.64417 0.0012425985
190.71008 1034.3564 301.1629 1023.69025 0.0012291571
751.79364 2076.911 78.825905 54.527206 0.0012138209
646.55994 2097.478 152.96796 22.995968 0.0012071899
752.5185 2075.9243 48.02331 63.988903 0.001200949
129.50052 1330.0042 208.1003 925.00726 0.0011980903
124.26761 1160.7618 182.23882 1226.872 0.0011836693
343.1136 1122.1023 656.4391 870.03284 0.0011819629
346.8621 739.0848 696.5212 612.9122 0.0011727537
738.7556 2073.9636 67.53986 83.768456 0.0011723668
737.7093 2086.0813 81.645256 43.112972 0.0011703316
342.7624 1261.9102 174.02948 309.76526 0.0011305636
395.61212 1371.5955 367.37173 686.261 0.0011292918
323.82794 707.597 611.6452 712.31964 0.001109716
216.55093 921.7678 338.62234 1077.9332 0.0010985013
771.784 1963.6069 16.048256 276.82068 0.0010956858
238.47249 1258.3302 272.531 1157.2754 0.001092575
446.14218 2098.4143 301.11917 22.188456 0.0010898068
113.86612 1046.6809 206.13492 479.26593 0.0010880408
201.6268 907.9408 426.20618 399.7656 0.0010755438
270.5027 1250.6516 452.50522 293.1102 0.0010746579
321.75092 1422.955 572.9271 640.5878 0.0010662402
349.2945 840.16315 690.0359 740.2207 0.0010475622
252.94926 1347.3722 321.3078 689.4163 0.0010371775
172.56662 1431.2664 211.69609 1084.8597 0.0010362348
229.03094 1252.761 248.13843 813.382 0.0010272734
351.9621 854.11395 540.179 641.36365 0.0009905215
325.01773 1278.3728 317.68146 410.46793 0.0009789052
345.4861 899.20667 324.37064 689.8721 0.0009551034
206.27081 1277.9404 262.3747 978.64307 0.0009386623
373.08487 1291.8656 281.62018 678.59985 0.00092790066
738.16187 2096.8105 76.93374 53.454906 0.00092130364
572.0759 1435.7272 321.73 763.58356 0.0009174245
305.84802 668.11816 585.3331 761.6178 0.0009047553
189.80916 1374.3248 221.39256 872.56915 0.00087284227
244.0112 1163.5355 375.97137 890.2634 0.0008606406
586.7492 842.4343 82.78897 173.92775 0.0008465556
775.73987 2045.6882 9.260232 117.072365 0.0008379251
562.94214 801.7822 186.11302 225.84882 0.00082490727
173.43558 1110.3033 293.24875 542.2346 0.000818095
576.8784 1524.821 340.7783 823.09094 0.00081446714
292.52963 932.2009 297.46875 800.91003 0.00080868794
361.88623 1204.7001 316.98703 792.4295 0.00080328644
166.24927 1247.7458 206.99655 833.04865 0.00080273324
256.65918 1460.2463 381.8874 664.8651 0.0007967216
303.645 965.39935 359.95227 820.5586 0.0007963838
236.49898 1181.9948 393.71338 595.61273 0.00079113117
366.12027 555.2822 724.94824 1030.0277 0.00078089937
272.88174 1005.05096 282.83435 861.4402 0.0007765168
139.7336 798.0737 282.12924 702.1184 0.0007749035
244.36064 1383.3748 362.1968 836.4912 0.00076689693
395.1547 1326.9591 360.89014 500.9145 0.0007447525
526.33215 1418.9255 389.0932 616.4323 0.00073734706
403.13037 1830.907 583.72076 565.9929 0.0006849679
385.2097 1509.9633 506.15042 693.61847 0.0006663126
503.76514 1609.7284 416.84796 533.8743 0.0006306025
343.9368 1229.0557 614.8172 716.1155 0.0006277981
436.23007 1379.0947 461.71542 483.0691 0.0005909255
459.6355 1411.5338 453.3363 512.8573 0.0005804338
333.9797 912.08276 379.72238 756.71204 0.00057078013
208.81966 804.8465 448.46292 627.14136 0.0005702671
749.15656 2105.1484 140.1471 11.935751 0.00056974875
461.3594 1394.8572 590.145 654.01825 0.0005587347
296.7469 1248.8391 381.51337 364.34518 0.0005394167
328.23856 890.4965 653.67914 715.0049 0.0004999106
348.26572 1420.8269 520.2323 763.60016 0.00046533352
337.34317 823.25586 670.23267 704.04346 0.0004453417
354.95642 1308.7661 667.64746 542.5413 0.00044200206
