466.67157 1230.5502 809.592 2327.4126 0.81960547
492.6872 1504.7809 736.46313 1244.9624 0.14118128
506.80008 1483.7388 690.24255 1189.8777 0.1041876
531.87683 1485.6736 628.6546 1189.1469 0.056872264
122.15933 1616.4905 110.379616 157.59679 0.054588813
501.71274 1776.4526 702.64777 679.6623 0.04954414
500.4963 1311.1663 722.0986 1533.2333 0.046564158
475.9375 1619.5198 786.173 1483.6445 0.043741763
580.7924 1147.9506 373.9083 509.45145 0.03461887
467.12332 1229.9968 807.2987 2322.2126 0.03197984
474.64517 1355.4369 637.35364 935.29443 0.028171636
825.22925 1099.7738 93.576454 816.3986 0.025896646
470.7709 1421.868 795.2888 1856.6393 0.02511384
472.6415 1941.6193 791.4969 889.85944 0.024486674
504.85208 1059.4131 672.11835 1261.2341 0.0234579
486.8339 1737.365 741.5539 828.3124 0.02303352
487.96957 1732.2523 722.2963 977.7483 0.022001134
561.348 1378.4579 501.83133 974.22076 0.021511855
552.8201 1241.5692 447.67654 700.8284 0.01998786
562.12164 1330.8754 538.14746 890.5623 0.018395547
514.14905 1874.839 652.57227 443.42316 0.018286414
546.391 1787.0472 564.0061 565.7803 0.018060906
476.99234 1302.604 626.1784 830.6956 0.01797188
494.86612 1458.118 544.7008 1108.2225 0.017937586
489.45688 1088.6339 742.89856 1172.1589 0.017686201
607.6272 1798.5066 462.71774 532.71765 0.01741721
543.3317 1435.2175 472.42953 1069.5261 0.017391833
493.3675 1099.7439 731.28174 1190.0504 0.017023712
597.2921 1042.0734 335.0848 296.15115 0.01665166
578.6065 1283.1385 500.1796 797.24146 0.01607604
555.81683 1346.7032 461.0652 919.84015 0.014959384
547.0129 1193.801 617.131 1306.7651 0.01477207
601.0757 1876.7529 453.6981 381.4523 0.014719967
583.2723 1794.2295 510.7446 566.6246 0.013981495
568.26556 1300.8987 540.1842 929.792 0.01330149
593.5878 1124.9586 343.11087 459.57547 0.013048696
473.73325 797.5307 787.21265 1414.8817 0.013031837
475.922 919.5572 771.7988 1542.1403 0.012863124
505.93384 837.233 707.41656 1428.9895 0.012630728
501.50372 1269.7175 701.5945 786.8177 0.012396936
752.7745 330.67352 236.2722 488.59634 0.012339685
497.60446 1651.8564 677.52716 834.78174 0.012068188
476.36597 1201.8317 610.7278 626.7005 0.012065028
610.91174 1208.4302 433.8807 632.07764 0.0120097725
552.88367 1023.9981 622.29193 1051.5647 0.011530068
548.78674 948.8283 624.872 1552.0444 0.01146471
467.2368 1323.5365 493.51727 812.08966 0.01117391
635.543 1476.4042 448.76245 1175.9363 0.010970225
595.6557 1339.5176 535.471 1414.4373 0.010645674
628.70984 1882.3207 384.42224 350.61707 0.010639649
809.1251 265.11038 123.92937 364.9429 0.010597238
753.6205 799.3018 235.76463 1432.0786 0.010474917
456.02573 1352.8445 745.51654 1011.81506 0.010465574
622.27216 1336.5087 462.63687 901.6855 0.010465417
606.06586 1775.6106 490.52673 713.9618 0.010353401
445.60126 1378.5367 569.8886 944.6417 0.010202142
541.58325 1160.3525 262.7058 400.6788 0.010141372
209.80023 1243.388 72.80437 60.17572 0.010087434
449.39484 1485.2882 578.0798 1151.3157 0.009916394
620.5145 1995.6996 389.8835 145.39983 0.009387202
571.02704 1634.0344 212.66978 227.5377 0.009256479
695.0402 1872.5175 251.62135 317.8736 0.009220301
645.10077 1810.318 150.64778 166.58481 0.00919753
560.3119 1692.3324 321.76147 349.7406 0.009177606
594.92773 1135.727 339.88394 483.0064 0.009142313
582.6331 1318.3923 540.01294 897.2438 0.009070446
216.93593 1246.7965 93.0311 74.24574 0.008903743
620.97 2005.992 438.20624 234.51031 0.008827644
594.98975 1361.6299 516.69775 998.66815 0.008801632
619.563 1262.7493 475.80292 754.7789 0.008602663
691.1084 1794.218 310.74344 503.83862 0.00821372
643.5335 1808.7671 418.99307 617.30884 0.008179105
627.81604 1011.055 478.63846 1026.3767 0.008114739
542.311 991.6926 636.7264 996.493 0.008114068
600.5318 1276.4235 370.48135 765.85315 0.008059738
633.41565 1314.2308 442.05878 861.4195 0.008010197
658.011 1472.5621 405.8958 1165.2361 0.007938298
559.4004 1091.8494 205.01761 223.1672 0.007937254
617.1772 1700.4897 384.87946 376.41882 0.007925038
556.8383 1118.7062 602.5003 1217.9382 0.007901219
559.5108 2143.8337 612.7034 475.30157 0.007856558
606.2309 748.11316 175.05211 270.5659 0.00783092
508.12817 1671.573 377.36133 341.58804 0.007813564
587.1971 2193.9106 562.0179 381.568 0.0077797417
605.58936 1944.316 513.3739 863.8747 0.0077006994
590.87726 1945.303 540.62933 874.56415 0.007663898
576.5135 2007.3523 559.1068 518.2266 0.0075817173
605.921 1860.52 245.04938 283.40805 0.007568128
704.861 1232.0287 316.5764 677.26825 0.007523573
488.57828 1264.9127 129.57967 193.53494 0.007511285
543.17737 2033.6796 633.38965 689.8239 0.00748147
597.2396 1620.3109 527.665 1457.4348 0.0074555995
638.9068 805.6944 460.967 1427.7166 0.007337507
696.2983 1709.9269 291.42737 336.42874 0.0073171514
516.83777 1168.5273 236.85588 412.03424 0.007222732
520.34 549.11975 684.954 938.13837 0.0070732934
538.92126 1458.6188 480.6288 1095.628 0.0070604947
745.08185 499.78433 251.49622 832.71643 0.0070064086
694.7987 699.0539 339.69165 411.36142 0.0069919694
578.5121 1733.6672 325.21378 531.1248 0.006988285
534.6568 844.7682 652.3932 709.5404 0.0069678463
614.98236 498.2585 501.011 822.23553 0.0068971817
645.9043 1940.4575 443.54727 877.21844 0.0068830894
190.42912 1601.9027 245.57413 220.25174 0.006829189
424.65796 1037.4875 650.4106 1028.5564 0.0067710113
725.5625 1805.1062 261.10394 498.63528 0.0067615863
616.0894 1104.7932 499.3931 1214.8376 0.0067234063
510.95383 1667.7301 435.42108 487.77597 0.006719134
359.08688 1227.5743 412.36725 577.45624 0.0066787843
527.39386 1629.3644 180.39876 219.69054 0.006646113
540.3813 2103.7478 646.6903 565.0632 0.006603977
453.5145 1759.3464 594.10693 557.4861 0.006553406
222.13196 1566.5537 305.9759 302.11877 0.006448769
564.55676 1208.8285 548.91724 1240.0907 0.0064307773
624.3778 2008.8901 473.84076 708.6386 0.0063938927
419.61057 1250.9573 500.61676 680.3463 0.006392066
644.1026 2199.758 448.37845 363.47894 0.0063417633
517.8385 1713.9237 353.03506 437.75534 0.006321106
538.71234 524.37225 645.1196 892.6214 0.0063046482
485.05078 1614.8804 193.42865 208.9095 0.0062666056
627.88556 1244.7671 468.93533 1018.9399 0.0062661036
432.15176 1412.9438 183.87984 181.81601 0.0062629366
710.73486 1357.1708 303.18854 488.6324 0.0062401914
749.64154 407.22238 232.3856 342.196 0.006221263
333.84885 1606.1761 348.459 347.00012 0.006201454
592.904 1102.2264 537.958 1238.0502 0.006201313
437.6543 1428.2709 717.8677 1096.6425 0.006192556
590.8068 1114.6682 541.1453 1255.0342 0.0061875368
613.4014 708.5807 499.71323 432.498 0.0061496487
383.94052 1203.564 591.9448 1084.8165 0.006115172
421.94492 1630.3768 191.91722 223.2688 0.0061084116
120.6186 1614.2085 104.01533 151.40819 0.0060953605
563.2834 1148.2039 571.74194 1589.4893 0.00608919
766.9964 1107.7954 208.64574 835.27686 0.006064313
539.7942 903.19525 639.5402 834.82275 0.0060317125
511.56354 1834.9756 276.54352 538.2729 0.0060217152
258.43784 1611.5598 291.17255 339.58566 0.006016948
709.3203 1118.8224 320.91965 849.5973 0.005991472
471.4581 1045.3817 783.98254 1910.288 0.0059477445
435.94067 1632.9716 133.30396 176.52274 0.0059395544
444.76794 1624.1841 517.9233 485.03644 0.0058827135
453.94867 1327.7847 217.9715 324.17633 0.0058382694
674.83704 1023.51965 387.97452 989.46497 0.0058326456
493.40204 1087.065 602.21356 1286.2588 0.0057828585
649.6913 1268.4574 440.163 1565.097 0.0057734083
720.3627 1672.3041 206.34982 234.18608 0.005749843
659.1981 373.7111 413.93384 582.1695 0.0057262788
534.59393 1481.7426 264.50095 1133.7441 0.005715511
774.9913 2214.81 191.3695 326.47534 0.0057019726
479.49576 2222.1401 779.47394 368.55353 0.005701886
396.4652 1614.9868 468.68518 393.528 0.0056957067
731.2334 1882.9742 196.71361 292.03076 0.0056825974
575.3444 700.47955 558.0964 498.8547 0.0056572873
642.0331 894.8976 435.7486 802.1458 0.0056363363
582.73865 724.1483 565.87463 1270.8894 0.005550191
662.11993 1367.3113 410.05814 1377.8229 0.00552804
480.03314 840.19714 442.48297 444.61017 0.005505059
593.28656 1785.1248 250.69905 475.336 0.005474594
735.3339 1080.4083 272.33304 2002.7421 0.0054630786
532.2766 1986.5935 199.58867 133.30904 0.005431395
492.08755 1771.2589 273.5395 493.84213 0.0053892964
394.51688 1615.2443 494.1357 916.7392 0.0053750784
671.6257 1093.5908 207.78276 368.80365 0.0053583584
816.97943 796.3793 110.70625 1458.4049 0.005339722
385.66577 1286.5026 589.63525 1472.8077 0.005331856
276.29196 1260.5526 215.37485 124.61539 0.0053128903
554.8721 1615.7229 133.14096 192.9086 0.005275503
492.53143 1612.4097 291.01242 846.60425 0.0052443165
652.4288 1019.82495 431.0909 1074.0853 0.005209106
708.31165 1003.5439 324.5725 1023.0725 0.005205981
706.4517 1404.3157 309.9068 902.1681 0.0052020657
381.33304 1474.9196 521.87225 1112.9037 0.005193392
465.8394 651.07886 793.2445 1144.0419 0.0051876307
617.1808 1196.1737 504.89536 1931.5854 0.005181379
535.1967 996.113 542.5916 502.51138 0.0051649716
221.19112 1192.7423 122.43968 170.2583 0.0051556523
675.80414 1801.9894 208.45651 210.17087 0.0051410133
687.10876 807.89276 367.5165 1454.328 0.00513425
647.84344 1665.1018 375.5475 772.7056 0.0051286756
692.18536 2084.3115 261.17395 155.48494 0.0051279846
648.4426 699.24854 426.5914 416.42987 0.0051133144
708.1329 1582.0385 304.83038 970.9322 0.0050980696
471.23468 1633.4644 326.91653 492.60364 0.0050373394
619.69775 1015.3676 491.82492 1025.4606 0.005032968
334.41043 1650.3718 394.38623 445.16272 0.005031079
694.46674 1445.0116 243.06233 215.65944 0.0050204257
731.6905 1430.1475 132.13982 196.06212 0.005000891
676.09717 1636.8535 212.43427 227.9702 0.004995162
723.7767 2028.3666 207.72868 195.65561 0.004964431
750.21027 414.50253 234.65494 330.08405 0.0049580373
632.2944 809.3059 466.08423 634.36365 0.004917648
489.10214 2048.7224 426.68948 554.9148 0.0049164835
483.1688 1133.907 141.56865 296.17377 0.0049085957
302.5604 1396.3982 460.06326 652.42114 0.0049065673
605.8955 832.92676 318.25784 611.1344 0.0049020783
495.1699 1905.3455 226.9089 359.63824 0.004900678
465.9279 685.9388 800.54736 1217.69 0.0048703835
608.4873 1233.8943 517.9025 1516.6897 0.0048625926
350.0866 1227.1018 414.8886 624.92365 0.0048523378
484.95377 1312.2606 650.12427 440.45078 0.0048400783
445.46103 1339.2855 283.98663 374.50742 0.004839511
562.9814 441.53473 463.77975 621.77765 0.004802789
333.93332 1960.4773 520.9178 853.0132 0.0047821933
709.6957 1495.1798 309.56705 1206.3201 0.004780503
630.3155 1865.1654 130.28262 230.72903 0.0047793305
572.61615 1148.6958 554.0917 552.4881 0.004762099
654.57153 1288.4653 430.4709 1550.5253 0.0047393846
260.78708 1298.5466 393.0057 782.9815 0.004735252
535.4187 2185.4092 684.9352 426.5555 0.004729406
659.9618 1869.8207 161.98566 253.2218 0.004726938
626.1741 704.8633 483.69363 1242.6891 0.0047241547
270.92722 1320.3156 224.3441 241.66614 0.004720972
378.59903 1781.1017 579.9875 666.0121 0.004719538
693.2029 1994.5477 280.6232 292.70865 0.0047128233
302.71796 1207.2053 311.1413 504.9152 0.0047094272
826.0502 902.25024 91.27193 428.369 0.004700993
552.0962 1573.8134 288.2293 430.19354 0.004666509
703.8446 1949.801 329.549 872.1613 0.004626737
662.9894 1354.0571 208.39528 365.55502 0.004616053
458.14517 1203.197 228.25404 444.43857 0.0046154503
393.76797 1173.2065 458.30356 513.63776 0.004601342
333.0404 1717.8751 360.05148 936.4773 0.004592741
713.4369 1284.0226 316.23297 1570.7225 0.004592475
204.9798 1628.4696 268.44153 261.22034 0.0045885616
387.13303 1945.8348 607.3222 849.86005 0.00458626
651.5252 492.13187 433.45074 819.83716 0.0045843385
591.6721 1620.1252 316.12488 408.62726 0.0045838617
706.19025 473.8859 326.18448 787.69574 0.004560322
704.9307 955.15265 333.62766 1752.6154 0.0045564985
608.924 1903.8802 339.837 634.25995 0.0045450306
558.42834 2110.519 214.46278 184.05664 0.0045432104
456.77942 1028.25 538.9599 691.53876 0.0045418884
289.83755 1450.4692 347.3253 534.7876 0.0045304354
594.1633 1950.4125 661.8682 540.775 0.0045264657
716.73914 1418.2938 305.04175 1364.63 0.0045201443
659.27795 1606.4954 341.01752 500.3923 0.00451106
294.4105 1784.4663 438.4977 546.5155 0.0045109084
568.8874 650.55457 589.7999 1138.6178 0.004508369
285.91595 975.6299 61.027233 81.34382 0.0044953255
349.86667 1285.9791 356.9274 223.66104 0.004492586
524.3284 2066.905 282.13983 211.93982 0.0044893287
455.14288 1700.153 231.97745 313.68005 0.004472187
637.66675 1322.8064 436.4242 889.02454 0.0044642393
256.24222 1162.5908 193.09683 240.32918 0.004463432
635.98096 733.0197 466.2981 1307.3058 0.004454364
310.46985 1122.7717 292.5103 366.7744 0.0044470895
601.7461 660.78766 529.3764 1164.7037 0.0044097933
541.7044 536.615 639.8974 923.8058 0.004388837
310.57993 1453.594 465.41483 1494.2941 0.004387853
515.34247 1973.4644 172.4112 163.9605 0.0043776934
824.53015 1035.1564 87.237236 268.55737 0.004376486
342.4495 1769.3275 379.66293 644.5971 0.004341568
731.8923 996.3832 277.7069 1029.3319 0.004332921
743.8429 1231.4578 262.46295 2299.6245 0.0043276274
634.45776 1999.7616 110.609985 129.05067 0.004326335
648.27 828.92126 435.00238 679.41595 0.0043209014
667.00977 1789.8259 123.39134 137.80383 0.0043159053
810.48047 998.6056 123.63953 1023.47235 0.004310012
228.48297 1249.2966 118.807884 84.837204 0.0043063955
824.6225 1104.438 88.95639 432.7627 0.0043031704
422.19055 918.74585 338.70493 372.71375 0.004295352
579.0987 2087.492 483.25958 355.05038 0.004288318
824.8788 1428.6259 94.10899 1602.127 0.0042839977
630.294 1322.7086 147.90492 277.49274 0.004283168
338.5698 1341.1317 368.47144 326.49 0.0042830007
628.66705 1107.9208 446.4432 769.58405 0.00428085
598.06824 1402.8307 256.74875 386.69434 0.004277955
344.61908 1505.4148 437.8826 1210.5153 0.004267827
499.92072 2032.7948 178.34781 175.08693 0.0042598727
491.71664 1108.3313 131.88586 280.52448 0.0042399764
676.16797 1441.601 394.94293 1755.2062 0.004234289
426.04114 1267.1277 516.2126 479.57693 0.0042342423
804.79724 1032.7866 122.114525 453.9259 0.004227123
754.5577 1913.3494 165.56184 311.88782 0.0042231088
829.16516 811.416 84.95194 244.72491 0.0042170873
495.4003 1335.0214 155.0808 278.57092 0.0042163706
754.46106 1949.9303 145.36342 209.192 0.0042089256
346.5364 1875.6304 319.07248 353.55948 0.0042078486
418.6773 1417.9666 101.828674 132.22296 0.0042021084
776.13574 1185.6626 187.98535 650.5628 0.0041890135
596.6141 2115.9812 376.1874 162.73409 0.004178024
580.13116 2047.1671 319.76404 473.88513 0.004175531
271.58392 1345.094 282.48434 304.88486 0.0041717915
739.9905 1042.7347 260.7982 1109.751 0.0041676094
475.45828 2042.9441 188.88739 191.74222 0.0041448832
536.7768 1388.8535 254.48206 379.54504 0.0041429964
357.27493 1321.9923 381.05453 305.20062 0.004133371
559.7379 1813.5723 126.44319 195.37338 0.0041326885
728.5435 1168.9368 291.69986 2178.6584 0.004128887
772.47473 1228.0806 202.07465 2292.2266 0.0041217953
404.70383 1197.5045 406.99078 510.1163 0.0041180565
679.6537 1328.9388 381.40436 1512.1787 0.0041130884
697.2551 1189.2638 323.99985 601.4061 0.004075898
466.7903 518.444 782.65894 882.9161 0.0040609804
710.27185 1441.4559 301.93237 745.78674 0.0040561655
650.1623 2013.4008 148.79262 177.46838 0.0040527787
288.89258 2037.2125 415.76813 700.0678 0.0040523494
521.83765 713.7054 695.09216 1255.7 0.00405223
824.56757 1825.1062 96.432014 481.21286 0.0040427865
633.7255 696.6687 464.571 418.732 0.004035223
713.19135 754.5848 317.7753 1355.1244 0.004029759
604.70044 1399.5143 433.78726 1010.07605 0.0040271194
680.45746 1330.4948 201.05338 310.99857 0.0040210322
705.53986 483.99042 326.4846 815.09607 0.003986367
709.4537 1662.3351 286.30722 322.41486 0.003982332
700.1109 2153.6296 222.00464 211.04498 0.0039812373
665.6811 1005.4028 199.55875 224.65936 0.0039743874
634.2158 1606.6599 143.72786 181.8979 0.0039719474
295.64258 1094.3749 197.9651 246.16925 0.003963482
499.74323 2192.0188 251.55632 278.9094 0.0039590085
749.1199 706.1402 241.17125 437.445 0.0039536473
296.0795 1627.2301 440.45544 350.03677 0.0039529526
649.5268 1914.847 129.89835 209.69438 0.0039261896
753.7587 650.15393 224.37814 325.34848 0.003905337
630.4574 647.1383 478.53583 1136.9966 0.0038915128
764.9497 1187.4987 210.1792 665.3034 0.0038828147
756.8044 1658.8309 190.61319 249.19426 0.0038781993
462.12753 610.1236 799.9715 1077.9169 0.0038673733
285.4745 2041.0021 242.25563 344.50296 0.003863459
774.9759 1984.4282 194.85825 815.6169 0.0038401042
488.02826 1853.4048 216.10011 268.3575 0.0038347254
650.8645 1761.298 345.69333 841.1627 0.0038321484
352.2864 1715.7075 403.92902 679.6395 0.0038284587
816.01544 1110.0868 110.37541 831.71545 0.0038246291
822.0478 1381.6249 98.9791 1426.8544 0.0038141354
538.195 993.743 569.0219 376.2462 0.0037878824
633.84827 1622.0504 317.54614 526.228 0.0037862882
760.4368 500.76083 219.82924 849.8151 0.0037560882
739.744 2121.9763 257.341 531.093 0.0037556954
398.08603 1402.1936 142.4081 178.6443 0.0037551248
712.0381 2203.9426 194.2821 235.96115 0.0037438553
405.41794 1365.3625 536.47284 1370.4485 0.0037385463
354.87775 1339.703 353.06924 303.3918 0.0037358424
467.44873 930.4693 767.4649 898.5421 0.0037335148
612.7532 971.677 499.47842 965.8461 0.0037273637
675.69824 1103.2373 383.80948 1251.9877 0.0037216733
704.43115 667.7834 321.30673 356.0726 0.0037194726
329.74246 1999.3253 208.84163 278.83112 0.0037171145
285.70557 2047.5428 410.47025 688.88324 0.0037114276
765.1698 664.015 206.0245 350.08368 0.003711147
483.50885 2273.7905 769.3802 274.94107 0.0037024869
724.451 1030.0586 292.64374 1094.9773 0.003695008
817.2149 799.1182 112.42187 1469.2435 0.00369095
794.369 793.3263 155.73856 1438.4656 0.003684676
463.04465 570.53564 796.99243 987.37585 0.0036682002
399.0042 1989.5231 201.2192 225.868 0.003667282
694.2157 2278.333 260.48984 210.91106 0.0036607943
714.30646 1050.6404 315.6256 1117.873 0.0036573694
382.05536 1450.7019 433.53125 546.97845 0.0036569943
825.1642 1264.7985 93.60308 474.76062 0.0036003483
527.50305 1348.6694 214.91814 318.8709 0.0035911738
786.19257 2262.7715 158.07994 223.92555 0.0035904027
822.91815 1173.4321 96.463425 657.0655 0.003589272
788.4938 1217.5848 170.29108 2270.151 0.003571512
364.87378 1765.7294 336.1885 756.93414 0.0035641175
738.19824 1490.539 177.46294 256.66434 0.0035631927
816.90216 1101.3108 111.99221 2104.8982 0.0035592485
718.3988 1676.7928 266.80283 306.64145 0.0035520298
509.90036 1646.983 101.61724 157.74664 0.0035480557
729.449 1369.8287 269.2903 866.94434 0.0035451844
743.1735 602.0389 255.90172 1045.7778 0.003519351
746.12585 1098.8073 248.79918 845.39465 0.0034990928
759.4157 2129.8713 218.65755 513.28735 0.0034923607
615.489 1451.1134 127.329216 194.25356 0.0034919525
758.93304 1362.913 229.24399 1715.769 0.0034881267
803.7678 1326.5537 137.17468 1555.6227 0.0034872016
755.2485 576.10065 229.03575 193.11377 0.003475899
745.96783 292.39066 183.71188 279.7802 0.0034751312
502.3938 1988.0002 127.33793 160.22012 0.0034711224
505.9337 1273.4839 131.66722 202.8088 0.003461658
253.0141 1233.0132 355.6488 605.4273 0.003455851
778.19226 798.0403 186.24086 1482.1167 0.0034542868
633.0268 1617.1682 212.83925 216.54605 0.0034485187
821.908 1913.7264 100.504875 285.34958 0.0034484218
659.22394 2267.278 364.40616 267.8752 0.003438501
600.6721 2051.2676 138.24559 156.13223 0.003437496
479.51813 1339.0273 262.73584 355.56213 0.0034361698
523.0252 871.14935 307.88553 337.43964 0.0034260727
333.38937 2136.0054 255.21548 345.8792 0.0034254685
730.78125 506.53494 262.80966 620.19855 0.0034193827
745.8343 1910.442 160.42943 290.59912 0.003391069
685.3651 483.31714 371.68283 814.3677 0.0033891713
631.4272 2104.3708 369.8794 214.17923 0.0033693223
456.7844 2081.4153 238.15631 325.07028 0.0033690035
661.03705 1125.8237 418.4518 1936.0786 0.003363622
547.31256 2047.1064 136.98178 133.5756 0.0033610973
645.0346 1841.8451 465.50375 662.6622 0.003359566
578.4333 1263.7538 104.69241 176.80548 0.0033535298
503.9877 1359.5482 648.2332 601.20184 0.0033523699
700.29926 466.80444 338.41614 787.11255 0.003350737
489.18564 2089.5452 144.84625 227.93001 0.0033425018
717.9762 1540.7434 290.86182 527.0983 0.0033412678
465.4752 1394.2922 576.5405 1343.3492 0.0033368845
517.1574 1703.5697 195.3368 533.2823 0.0033339618
765.9767 2015.615 211.36748 754.3635 0.0033327942
651.7587 1092.042 428.29172 859.3562 0.003322025
575.2219 2218.0754 182.60092 218.12413 0.0033192774
454.82642 538.3967 240.13943 372.23987 0.0033162816
451.4447 1903.4933 543.7238 660.26697 0.0033122336
518.1588 1275.6477 108.23054 179.91951 0.0033063735
389.17795 1791.5487 411.94208 527.7048 0.0032923361
275.2941 1826.4846 195.10078 216.18138 0.003290767
346.32837 1896.7557 258.23608 337.94086 0.0032791623
662.11176 2051.0615 171.94974 163.17026 0.0032789814
315.82135 1855.4071 444.83566 1039.3616 0.003278003
718.9047 1089.849 303.2083 811.88135 0.0032752715
672.0421 2237.776 347.6408 354.17035 0.0032748093
822.6067 1406.8433 98.233116 1389.2545 0.003266428
716.024 1466.3949 322.57712 1182.5431 0.0032605305
809.6522 1224.4102 127.72705 2326.2124 0.0032595142
722.7901 508.8053 281.3258 722.48236 0.0032507991
507.9414 1292.4934 81.85976 161.70482 0.0032453898
702.7817 764.91974 330.78488 559.4541 0.0032452832
725.073 775.1883 165.35794 211.9226 0.003237414
789.5519 1339.9327 164.81732 1487.7203 0.0032313631
467.66525 1218.4138 804.9683 2338.4702 0.0032308071
402.8878 2183.8684 145.02531 168.00458 0.0032171174
761.6124 2164.9456 194.24057 266.5786 0.0031997464
587.04456 1670.2294 127.33702 196.64977 0.0031987745
552.5401 2059.1094 350.44785 576.8495 0.003196443
485.99335 1965.2914 187.6875 210.13478 0.0031940981
399.12375 2007.4604 125.44278 146.64304 0.0031874643
239.22847 1663.3154 292.01862 354.5769 0.0031870948
551.55835 2063.0288 146.11082 180.27376 0.0031813462
402.83728 1669.4324 115.45407 139.70178 0.003181003
766.14624 1432.782 216.13757 1917.3892 0.003161379
764.55347 1489.3982 191.93347 285.3593 0.0031504282
130.65437 1265.8745 122.583855 393.3893 0.0031478596
717.0157 1484.4194 291.91513 515.0036 0.0031413813
371.0097 1449.8696 153.23056 171.51823 0.0031387229
786.4881 1388.7642 170.88481 1403.4443 0.0031302378
156.29659 2268.1216 274.29083 280.19485 0.003127794
678.3902 1175.2521 391.30954 2153.185 0.0031189274
681.9958 1983.5231 147.22133 187.02373 0.003117734
324.07962 1420.5774 336.67905 365.67163 0.0031106242
327.8267 1417.9233 460.52335 1401.7186 0.0031050988
516.4892 1128.9326 621.1956 572.20715 0.0031043284
753.5874 2105.7468 189.50922 173.4397 0.003072313
612.3645 937.22235 478.85245 463.4398 0.003070688
544.26544 917.09326 584.8597 815.4233 0.0030683342
425.11966 1712.2 304.5915 515.9117 0.0030488002
752.5317 940.91644 203.24396 314.4731 0.003035739
671.1382 1818.3824 116.79264 160.54384 0.0030357218
576.3632 2274.8613 155.30943 186.13995 0.0030318694
668.00464 1731.0548 141.01883 177.46188 0.0030285937
710.23724 1529.5269 309.1026 1325.3849 0.003024969
450.73654 1560.3778 214.97255 273.1098 0.0030246153
364.24103 2024.5786 257.43326 707.12897 0.0030161822
825.14435 1379.5596 89.51088 1446.6589 0.0030140353
722.2794 1290.1676 278.9548 741.3115 0.0030082676
665.62787 2222.8706 192.25232 216.43512 0.0029926125
795.30286 478.2803 153.9893 804.1037 0.0029903415
721.8281 2013.5667 127.953 114.61473 0.0029755984
788.0919 1383.1577 162.0734 1409.4456 0.0029731097
310.69522 2050.39 437.68246 685.1698 0.00297125
701.3938 1706.5787 204.69894 319.55295 0.0029707344
629.21094 2271.7615 171.27673 197.9112 0.0029682158
570.85144 440.48016 577.9638 741.03235 0.002965602
732.2736 1982.9835 134.52081 185.5596 0.0029537939
664.8694 236.59895 184.35187 273.88318 0.0029498418
470.8027 1793.3107 182.22935 226.26761 0.002943753
524.1301 1475.4249 358.20834 347.0752 0.0029409328
560.77014 1637.6454 114.34536 195.81075 0.002938589
741.3715 1398.801 239.33748 638.24945 0.0029374044
683.0818 1271.0704 375.95804 1839.4327 0.0029231983
347.75278 2126.9224 444.62982 532.1599 0.002917862
706.1789 1594.3857 287.566 407.67157 0.0029144292
756.5971 1436.4026 197.9437 297.23846 0.0029132653
624.66034 2317.6262 499.36823 184.49438 0.0029072145
609.29767 2213.7632 235.51434 342.84744 0.00290196
726.88434 1464.8579 278.354 1118.675 0.0028919464
566.19775 744.6758 243.57805 323.60596 0.0028889354
810.36865 377.18082 123.38699 609.7187 0.0028878108
638.6973 325.63553 459.305 503.2277 0.0028636297
341.719 1084.3579 157.73119 237.27127 0.0028562055
580.0785 1838.2205 103.17814 161.55334 0.0028513437
766.5695 2288.9883 198.69592 197.34018 0.0028501428
428.59344 2185.4744 305.67087 388.37823 0.0028463465
731.59595 1995.0797 130.7497 160.84616 0.002845172
760.76624 790.79803 221.33914 617.24335 0.002842119
815.93506 1121.293 113.322945 2130.8552 0.0028407304
443.43753 2310.3306 831.31647 204.33112 0.0028184392
705.1864 1404.5016 314.9936 1423.7755 0.0028167348
742.42456 820.85876 168.392 203.34119 0.0028164147
825.86975 1317.6211 92.48887 386.45557 0.0028161297
769.31506 262.19034 174.69977 286.96344 0.0028159088
764.0927 1534.5957 217.14862 1701.9984 0.0028156438
750.7618 1664.088 228.29604 744.3345 0.0028105767
784.4806 1442.8562 168.91283 1328.5519 0.0027999869
673.9311 2305.2234 381.58035 201.2674 0.0027932208
747.6838 429.81427 212.1492 220.37915 0.002791042
754.4507 630.9859 213.36688 287.5711 0.0027848857
563.777 369.2256 161.80069 234.80185 0.0027809222
456.36954 2266.3462 253.15857 243.57553 0.0027717801
813.9169 242.44899 121.49018 431.4664 0.0027660078
732.6221 581.9277 267.7927 210.59319 0.0027581693
262.5396 1192.0641 174.66815 162.72197 0.0027579777
677.6884 1813.2107 119.17843 157.25461 0.002750545
466.6237 1517.6613 178.12425 256.2197 0.002748244
415.25012 1309.2853 476.57123 1142.0122 0.0027480102
777.0208 2193.5613 160.08078 231.02611 0.002744539
436.5016 12.723716 831.5847 24.987032 0.0027438733
787.1514 835.12524 161.36821 310.8555 0.0027356355
427.18747 1147.9745 150.11557 328.88864 0.0027313877
383.0435 1367.6198 417.66306 1212.2762 0.0027303577
683.58185 1990.7698 118.2045 164.12106 0.002727499
468.11472 1230.5385 805.6618 2303.101 0.0027173776
772.80975 950.27686 194.7081 1122.5095 0.0027118227
449.9311 349.01135 830.1488 659.38293 0.0027079864
755.29504 1425.5804 106.46039 178.02443 0.0027002348
729.777 1969.9108 436.70776 245.83572 0.0026969134
808.8821 2198.9263 119.571495 338.94876 0.0026936526
764.6837 490.2716 214.20891 824.21545 0.0026881336
768.32904 793.2576 142.75043 229.65486 0.0026816856
648.7633 2287.3972 371.93634 207.44049 0.00268102
792.0425 1473.7263 156.84561 1223.9563 0.002679293
726.82886 582.0497 292.54776 1012.3904 0.0026715687
793.0978 1468.7897 127.95247 200.24283 0.002667926
678.8717 1468.8397 231.38806 985.8417 0.002666025
306.932 2127.7595 329.493 542.1378 0.0026498516
277.48276 1987.0663 251.30736 270.09622 0.0026495846
778.5683 2038.4158 149.77916 154.49312 0.0026478134
270.69098 1735.5074 343.431 412.4797 0.0026463557
557.7455 2274.3792 221.42972 225.9977 0.0026220668
587.6581 2270.1987 214.79611 227.11241 0.002621051
690.4692 1321.2926 330.1857 1142.5299 0.00262007
810.7569 1455.0295 123.988365 1872.2872 0.0026189948
623.03674 1971.72 108.064285 169.65549 0.002617691
771.39276 1710.8197 192.67923 662.1016 0.0026140916
670.10095 973.5578 216.8145 180.47467 0.0026091868
824.4866 1085.0305 86.322876 189.8336 0.0026090604
834.4075 799.1001 78.4047 226.4909 0.0026079488
800.355 1450.4604 139.44754 1303.753 0.0026038687
468.28812 1774.8995 774.2294 1236.1395 0.0026020799
490.00143 2296.4758 777.976 225.60362 0.0025992673
473.88608 1781.0853 116.32732 195.13113 0.0025953504
777.3113 1958.1746 165.30199 324.8662 0.0025906651
772.813 2110.9905 198.40729 558.2585 0.0025869112
205.37048 1846.9379 239.58894 301.1859 0.002578882
727.0511 513.2002 296.03043 866.03766 0.0025750103
658.5504 541.00165 422.76556 899.6918 0.0025729989
542.1535 1807.5232 108.11558 166.20236 0.002569856
675.8666 1360.6289 377.55823 1485.8141 0.002569438
470.60938 987.7356 417.10858 967.5517 0.0025658682
713.1504 1636.5056 265.2924 475.25302 0.0025586162
536.8432 1946.7529 151.7151 183.65419 0.002557593
696.2794 2159.5981 240.65912 336.0551 0.002554178
191.82397 2314.852 224.95314 194.67091 0.0025481742
726.78107 2358.77 288.84048 104.878235 0.0025474376
617.7756 756.53705 128.70247 169.21333 0.0025415088
723.4044 2052.4824 187.42964 369.2568 0.002539823
681.2156 1834.2119 117.98135 152.71378 0.0025397951
380.63092 1543.176 277.59564 338.5014 0.0025367083
376.91782 1673.3374 260.48923 400.12073 0.0025203596
548.1374 490.4974 650.3564 834.1263 0.0025149551
699.451 927.23254 160.49683 120.19746 0.002513886
742.86914 1962.8433 195.6229 312.01364 0.0025077835
707.3196 1891.0988 350.89908 984.65454 0.0025052691
799.78815 619.96783 146.3206 1112.1456 0.002504778
391.09515 2204.9226 267.9076 195.3043 0.0024970272
467.84277 1231.2695 805.1985 2302.2954 0.0024935566
93.680046 2301.129 177.81354 224.41666 0.0024782573
627.66565 2306.924 326.58746 194.95631 0.0024745031
825.1282 1196.5826 86.81425 231.67133 0.0024736654
652.86035 2075.6116 302.64847 151.51878 0.002472034
710.9349 1604.7631 119.236946 144.90999 0.0024704295
426.2874 1847.6671 136.30579 209.15405 0.0024409322
811.1598 218.48863 127.682625 433.3784 0.002440404
782.36127 791.48315 182.79375 1441.4454 0.0024372335
222.64381 1203.015 87.62852 125.769714 0.0024361368
445.0223 310.1175 835.78864 570.825 0.002432398
673.3676 1901.6267 210.69337 196.36517 0.002432029
372.70297 1455.7537 322.55914 483.90897 0.0024309915
687.4144 1888.9749 131.66132 214.71669 0.0024292148
706.25226 1751.9253 227.87509 325.01157 0.0024275607
414.42392 1537.567 232.66087 276.72067 0.0024255223
680.7319 1978.3584 175.12482 163.2116 0.0024218443
684.1413 1391.431 337.26413 912.65076 0.0024216773
741.0374 1372.4026 143.3803 273.24057 0.0024212226
644.87585 2032.1204 97.06375 164.31285 0.002409799
738.4553 1709.4092 227.77058 366.31845 0.0024074763
577.5936 723.623 573.7881 1281.6868 0.0024059194
773.1622 2193.5708 182.36891 397.28836 0.0024035035
406.99893 1540.9707 242.11006 547.2881 0.0024029366
350.55853 1136.7854 320.1832 395.92715 0.0024019012
547.2921 1510.0421 96.03219 129.21019 0.0023971687
780.9943 2153.0884 159.21628 183.75475 0.002386243
318.2255 1616.4576 292.16544 406.64163 0.002380573
739.08795 1856.5763 150.34404 174.45776 0.0023804882
61.04512 683.1392 112.56303 709.7149 0.0023801972
811.84015 1824.9795 120.11385 525.0017 0.0023628585
822.1356 1535.9177 101.07406 1110.8331 0.002356476
639.15436 1797.3672 82.66054 131.55898 0.0023486307
785.4847 1814.2513 160.35634 520.64417 0.0023451652
804.7565 1941.8372 119.057594 305.512 0.0023352026
776.1376 778.99603 189.87125 1493.1577 0.0023334236
758.1423 1903.4758 128.36292 169.37898 0.0023327954
799.9487 36.076805 147.64502 69.07569 0.0023141308
756.42194 1985.2512 148.96825 228.95615 0.0023117189
324.37515 1201.7189 126.02454 155.43733 0.0023025463
635.4438 235.10341 183.92789 296.4781 0.0023021125
804.27844 380.5076 123.29649 172.52214 0.0022986871
282.95215 972.8767 40.57325 56.234314 0.0022936456
405.56436 1569.3887 230.87679 337.73764 0.0022863562
546.92285 2037.2771 238.41734 246.43867 0.0022844982
793.1717 2040.5541 146.20998 372.39197 0.0022724755
654.39655 353.37753 435.02658 548.0439 0.0022686385
271.35272 2278.0454 225.34798 219.26909 0.002258709
291.6547 2266.8455 379.1326 287.78513 0.0022406208
372.8614 35.674137 271.80743 70.29639 0.002232299
825.35266 1014.46246 91.82674 994.2096 0.0022246144
721.47424 2361.6248 290.26624 97.410675 0.0022227205
825.0315 1428.6633 94.47299 1934.4166 0.0022183224
275.7202 2253.8474 243.73575 211.96654 0.0022161114
825.1881 455.541 97.72998 754.7642 0.002215148
461.272 210.20245 173.42409 241.0655 0.0022113821
839.98395 1884.7433 66.5531 348.77603 0.0022097363
400.78806 1433.3171 400.37604 977.7206 0.0022090888
774.632 699.16437 197.9914 428.98474 0.002202979
357.11926 1639.6964 307.035 928.3728 0.0021979462
448.28546 1819.1868 95.47682 154.5635 0.002195228
808.83527 313.4457 119.02808 476.61212 0.002185444
386.8906 253.85011 190.81778 245.30737 0.0021772203
864.42285 51.08263 25.311827 100.863625 0.0021754154
628.8368 1826.2045 72.34282 117.64929 0.0021652386
303.91608 1405.5197 164.5536 145.95058 0.002162213
462.3089 565.591 798.77356 982.18365 0.0021595652
827.06866 837.9951 88.21117 306.4303 0.0021436492
801.83856 1426.2865 142.33012 1939.6094 0.0021337841
648.6926 2352.8293 453.30054 113.601944 0.0021313538
334.84784 2278.6506 500.35538 266.4983 0.002128738
376.92078 1519.7555 287.0698 430.9686 0.002121189
726.5724 2107.656 330.2983 174.4641 0.002117212
216.03452 1681.4514 104.21902 109.68861 0.0021106435
824.972 1166.5208 85.46719 178.19308 0.002107252
819.56537 1547.5337 108.225174 1070.0985 0.002104328
825.2097 988.9753 94.13328 1039.9702 0.0021026905
594.038 1017.0834 514.9939 1096.377 0.0020939212
814.6614 2230.6545 153.5817 320.87167 0.002084973
714.0861 34.8125 328.75214 68.52103 0.0020752628
497.22534 1478.517 671.7611 1174.9825 0.002073129
854.38153 1116.4296 47.598396 822.508 0.002068736
326.20792 1051.0118 154.69058 209.72772 0.002064463
825.40204 1362.6407 93.33145 281.64365 0.0020577984
815.49475 2121.9624 118.03686 169.04102 0.002056515
807.665 1487.5187 126.313286 1199.082 0.0020496782
507.16055 153.84633 159.23114 188.53922 0.002044593
738.22797 475.51843 250.50366 729.3893 0.0020406875
704.98773 1299.5737 334.8825 1611.1794 0.0020386775
265.3838 1183.7089 147.4986 153.77147 0.002035467
208.67815 23.873652 175.30801 49.877747 0.0020248834
743.16235 664.57117 251.59131 351.68832 0.0020202065
826.7615 1028.0267 92.30955 968.1845 0.0020173658
544.13983 2296.244 369.77594 214.34518 0.0020134184
855.711 1083.4192 38.13622 795.70087 0.0020057946
201.6161 2335.0537 347.2879 157.76302 0.0020057706
39.39724 590.1671 73.99377 438.5949 0.0019994862
809.8211 1657.1947 117.94827 482.5567 0.0019972753
445.31744 1378.684 596.825 980.72284 0.0019971621
619.16693 2320.8564 147.97133 141.09499 0.0019955994
804.2103 2063.325 120.51861 148.94096 0.0019769508
40.84378 491.07956 76.82728 563.7399 0.0019692266
352.7115 56.946934 198.75853 116.40469 0.0019675517
763.3243 1071.9753 221.53783 2014.7568 0.0019653554
232.51674 2362.2056 241.13565 98.804276 0.001964914
791.9522 1219.6736 148.81407 2330.2664 0.0019640247
779.1346 220.86072 180.58801 284.70026 0.0019638427
434.1205 74.00773 859.0024 147.28271 0.0019599493
541.22614 2133.4014 280.97586 405.10974 0.001957943
823.5609 1398.4547 92.837906 388.9778 0.0019522513
370.46878 249.10374 251.84889 333.53113 0.0019520025
628.6494 1247.3344 156.68655 214.54918 0.0019486488
499.47913 1756.5581 180.83751 322.0255 0.0019452354
255.64449 315.38806 278.7983 365.45093 0.0019372228
826.53235 1971.3805 98.58816 221.2992 0.0019305071
802.59283 1583.7377 133.53174 227.99486 0.001930281
341.57843 144.92659 180.08733 195.10048 0.0019274226
439.32733 385.30316 151.45012 257.35883 0.001927273
837.45935 273.88293 74.34068 375.66016 0.001927173
494.04865 1491.1777 717.79767 1219.1407 0.0019215004
385.2895 1304.624 206.23094 204.69098 0.0019189845
726.7501 1875.5061 172.18065 217.62613 0.0019003729
822.1354 2383.711 98.35066 57.404236 0.001898246
467.642 1876.6544 792.95856 992.7849 0.0018978656
831.0404 978.5715 73.49664 223.42305 0.0018963966
436.29803 213.77226 864.20734 412.98935 0.0018953001
470.8959 1634.6328 534.7772 289.34836 0.001895138
82.35457 2375.712 151.00162 79.678246 0.0018913283
834.5085 2108.8047 124.96397 542.0766 0.0018842034
765.5459 1968.0615 163.1846 217.80785 0.0018667547
844.1309 739.66174 100.72127 806.33276 0.0018603544
608.2659 1957.0488 240.0507 206.54149 0.0018565889
822.74976 2294.0786 96.197014 156.13065 0.0018507096
659.0825 929.83356 209.84877 234.65564 0.0018472713
553.6991 58.99879 613.0036 117.13569 0.0018471843
826.78735 1540.5948 93.55784 276.52942 0.0018460749
829.0255 1562.3761 88.095146 276.7066 0.0018392762
836.8553 1840.3867 70.97857 333.7036 0.0018355463
450.2864 1295.181 592.37305 1044.525 0.0018314543
755.89044 244.62167 242.63329 421.11835 0.0018217961
433.65335 115.20633 857.0399 226.98985 0.0018196399
809.624 2341.2275 117.02277 128.5738 0.001811616
837.15533 578.0002 72.07335 1024.8646 0.0018054404
833.78546 2215.1455 76.28631 472.02597 0.0018029871
803.5721 1724.251 132.484 666.7112 0.0018005781
838.07935 1665.8107 73.82692 781.7453 0.0017887778
542.4142 2340.6194 192.97147 144.7997 0.0017841095
850.54565 245.55048 48.148346 343.6063 0.0017805436
834.7845 1271.2509 67.355 194.19849 0.0017764296
778.287 81.30146 201.87685 156.68822 0.0017610053
825.99786 1095.3071 91.16227 801.1459 0.0017602602
790.5962 2370.8118 151.24437 72.35032 0.0017456067
792.9234 1653.754 148.84883 173.98001 0.0017454962
791.21484 1618.1388 137.07164 436.5793 0.001738895
839.88257 1556.8901 72.89109 313.05533 0.0017382411
817.8554 100.083176 114.919 192.84077 0.001737557
842.12244 1787.0828 65.95967 480.99457 0.0017345431
475.62408 1253.7773 784.41595 2266.4585 0.001730475
796.711 2391.798 141.1811 102.40921 0.0017280878
839.27606 1390.642 73.65035 242.48428 0.0017280672
838.18164 1929.373 65.74459 278.97864 0.001718941
535.1862 2378.938 618.3351 67.817566 0.0017130646
604.35034 2347.4678 187.62163 124.820625 0.0017080121
749.1755 1810.2898 179.82848 207.14255 0.0017020045
816.3246 203.66765 119.702515 258.68616 0.001692873
625.7991 65.04718 477.20395 128.36118 0.0016926449
641.7791 1054.7388 419.42715 737.68866 0.0016814971
834.12146 1924.2163 61.868126 262.21158 0.0016778702
478.1997 2367.771 582.8179 146.88843 0.0016746569
844.5595 144.93431 63.4399 307.51718 0.0016694368
524.2247 1560.6798 190.68222 651.5738 0.0016683539
765.989 1953.3958 220.49054 315.6605 0.0016639417
844.6809 2072.4285 55.16038 646.1493 0.0016588918
541.5739 1771.2556 192.07129 360.7369 0.0016552836
158.8782 206.99443 293.93597 355.9119 0.0016532533
828.16 1341.5594 82.96071 331.26282 0.0016486791
834.041 589.9122 82.14072 214.10515 0.0016473054
698.73065 83.95144 355.38416 164.58765 0.0016261061
673.445 2355.9504 431.21906 113.40979 0.0016253208
793.793 1716.4062 145.17357 726.318 0.0016252254
589.87555 185.50748 155.32707 212.86035 0.0016221685
840.0945 308.12708 103.923195 438.03918 0.0016161028
445.37732 1279.5709 108.09762 153.6875 0.001608517
108.76409 221.30264 203.511 397.0755 0.0016073404
266.07797 57.092358 396.9493 115.905754 0.0016023162
824.40326 531.07324 102.255936 111.57472 0.0015987251
804.3297 1648.4618 122.31637 373.1811 0.0015930102
841.2428 1571.2017 67.452774 297.4633 0.0015904156
546.9857 2374.1704 190.4644 58.952286 0.0015775844
722.8267 248.29132 297.8349 468.45758 0.0015734918
831.0145 2285.5974 81.430885 204.68282 0.001572844
704.254 1348.5809 312.31036 1435.7671 0.0015719555
515.6988 1893.0352 584.77765 526.0919 0.0015639734
451.19662 2305.756 756.0218 73.84367 0.001563132
811.19666 2330.6755 106.31125 149.041 0.0015560708
830.70264 1660.1453 80.860535 1065.5684 0.0015538913
610.38666 2362.9915 264.14792 96.55247 0.0015521013
52.98166 81.571075 106.777534 164.70805 0.0015389887
26.263302 57.541428 53.659924 113.798805 0.0015376946
484.75592 721.529 659.83075 1131.7518 0.0015332979
844.6777 216.62794 63.836365 402.5884 0.0015282714
586.221 2363.1262 234.18217 97.02227 0.0015214803
822.1201 1654.4359 67.94897 919.8175 0.0015192328
221.33356 52.090637 430.51785 102.4815 0.0015093237
48.198544 56.904705 95.93846 111.424034 0.0015083703
793.834 2179.654 125.72952 399.25034 0.0015011128
855.5985 2225.7988 37.41764 325.51196 0.0014917601
452.36957 1223.4806 543.01135 666.48267 0.0014897635
439.87683 143.42041 873.5389 279.54092 0.0014842135
732.0737 2378.0422 148.28777 79.40385 0.0014830458
581.1689 1434.4869 279.50876 888.42773 0.0014717717
490.90472 356.59445 772.92596 576.8333 0.0014687162
350.13968 1247.7316 197.75563 234.21437 0.0014670701
605.0373 2416.8728 705.0311 10.566868 0.0014664583
635.0078 1432.1276 412.765 1113.5134 0.0014629867
794.10297 111.266464 157.56514 219.04912 0.0014598151
404.19714 1658.6589 225.85367 587.66187 0.0014585666
836.49225 181.77248 76.54049 206.80458 0.0014456786
66.12681 216.00389 126.75671 397.71463 0.0014419717
258.45047 79.27357 512.22687 154.62216 0.0014410801
507.70734 272.10245 692.91895 501.9336 0.0014385859
824.92786 834.88934 89.70751 273.29495 0.0014375254
849.8587 1007.85284 46.85603 352.04474 0.0014338059
847.7637 1252.84 58.995678 591.46423 0.0014252851
839.9804 2372.6394 65.55117 73.33528 0.0014201433
849.50476 1963.3744 61.77832 351.0736 0.0014007484
599.9009 1530.568 288.91052 521.12134 0.0013971126
856.36426 839.31976 38.615437 260.6499 0.0013933795
760.7616 2362.9873 199.4871 91.18047 0.001391093
771.9454 2368.3662 183.72504 88.561615 0.0013883851
833.7493 1621.2083 93.312294 255.02962 0.0013870681
829.43 809.9102 83.64902 232.8635 0.0013858732
758.31055 1761.1378 183.74197 208.28825 0.0013725888
822.27954 197.00677 116.59926 239.89316 0.0013712373
478.70468 1332.2793 776.0058 2227.5945 0.0013697806
829.4085 1144.3179 76.75178 177.78876 0.0013523302
838.04474 607.8853 75.49887 244.01048 0.0013514522
806.775 2404.4744 155.59703 75.70986 0.0013463802
824.31793 1203.3135 84.00758 497.57938 0.0013362322
846.3306 2253.2913 51.65814 239.60144 0.0013333084
861.3853 255.89842 28.066349 357.38855 0.00132142
854.63055 1725.0023 53.961834 410.63437 0.0012901844
779.30963 2322.028 168.16026 175.95717 0.001288126
773.6781 797.55664 196.91483 1443.6685 0.0012801681
858.23474 297.49625 29.583838 877.9827 0.0012774592
758.572 2381.5046 202.32762 67.02334 0.001272081
698.8538 1339.8928 212.65674 343.34607 0.001261223
383.63705 1943.6632 348.7135 893.13635 0.0012583487
835.07446 2369.6328 101.46066 74.51515 0.0012492648
841.65875 991.6823 59.82024 183.08401 0.0012452074
846.9973 1219.5776 48.036346 184.64125 0.0012393326
437.93976 1981.0349 361.13815 821.1397 0.001238211
825.92145 2409.9426 89.66083 66.65057 0.0012378802
830.10004 969.8054 72.13868 173.5871 0.0012322494
516.6009 1492.421 405.57315 856.6855 0.0012248334
827.75256 2404.814 82.205574 26.30632 0.0012209266
833.46515 2161.8562 66.82041 331.4335 0.0012206208
844.8486 1081.318 57.47464 791.0745 0.0012194982
749.5096 2383.3542 229.63171 64.37536 0.0012142846
387.92154 1561.095 383.2736 998.4833 0.0012003679
852.2228 1874.4359 42.74341 356.91846 0.0011981456
858.33655 1949.5468 35.872692 354.12048 0.0011876017
858.5081 165.56847 38.4479 334.62442 0.0011799318
394.77847 1694.9816 347.01425 666.67584 0.0011778072
848.31506 2389.4543 87.02796 90.0593 0.0011775801
786.7179 2386.8801 193.48071 246.11998 0.0011772156
414.33255 1368.776 229.79659 1033.1742 0.0011737362
714.839 2384.9524 313.22522 66.55559 0.0011717331
854.0163 2289.1963 38.19248 191.18637 0.0011704214
762.88885 2389.7927 209.66948 49.78876 0.0011699589
863.9977 2231.0806 23.117073 318.18756 0.0011536058
856.9946 655.5387 36.477455 330.18958 0.0011510585
754.6712 2371.9453 235.57445 85.99122 0.0011479318
846.3231 1728.3212 57.24349 303.30106 0.0011439088
812.5795 2388.6943 105.26525 59.82169 0.0011263062
820.756 2390.8447 90.41156 55.37984 0.0011070806
860.38837 1694.4894 32.58766 310.41846 0.0011050565
856.2311 804.6259 38.950867 341.81357 0.0010967473
866.1822 1911.865 21.608849 790.86664 0.001092649
859.25415 979.1081 31.087992 266.09787 0.0010906496
858.99866 1248.093 31.144505 584.39484 0.0010861167
815.13934 2412.9824 95.24006 12.063479 0.0010752246
754.0715 2411.7844 309.7736 22.649513 0.0010719544
756.02686 495.92877 160.22589 295.30106 0.0010687282
845.5552 2360.5708 52.963978 91.30827 0.0010669389
775.0344 1350.8145 203.58717 1371.3789 0.0010651828
865.59094 471.61093 20.022022 793.7511 0.0010416796
864.76416 2202.1045 22.468323 380.94363 0.001030731
666.0054 1336.7314 230.61111 1762.9316 0.0010154688
779.975 1796.0948 209.77124 869.54486 0.0009844763
809.6684 1781.5437 141.23462 184.30376 0.00097463565
583.3918 1217.437 328.79605 649.8928 0.00096344494
577.14404 1108.9847 466.0695 512.2772 0.00096186745
499.82825 1477.215 329.52795 1070.0378 0.0009573829
851.87714 1060.199 42.436966 233.48492 0.0009546507
856.4532 2343.8591 39.502876 113.1741 0.0009495799
586.84045 983.24426 310.57474 570.7289 0.00094695843
870.0049 260.84894 11.762748 426.25064 0.0009469087
807.0971 1407.2228 147.31866 1557.9556 0.00094604166
698.3304 1538.226 210.53061 1253.5175 0.0009397858
848.98444 883.2671 43.95945 582.1068 0.00093060336
580.06177 1251.5858 205.53201 1313.7487 0.00092962536
867.1743 1257.1531 17.201271 935.61206 0.000924808
865.9348 1375.3021 20.816051 248.06282 0.00091604184
345.2972 1604.6244 280.921 920.7241 0.0009034386
852.8733 2385.476 37.83563 60.359844 0.0008817649
870.9991 631.1753 12.874219 300.53888 0.0008751424
655.9824 2417.5125 609.5451 5.2523656 0.0008702409
823.0485 655.9317 98.81183 450.30698 0.0008590451
544.67365 2411.4873 729.6943 16.474922 0.00084715633
435.5889 1239.707 266.6568 899.3795 0.0008272518
839.4973 1381.1492 105.3422 266.5036 0.0008254691
651.39307 1197.8368 387.6703 624.52045 0.00081683573
859.383 1313.4331 29.755754 264.3402 0.0007942989
864.46515 2292.5642 26.417006 198.69948 0.0007936799
869.9454 1959.199 16.880926 264.74042 0.0007920318
428.44687 1350.6685 204.32881 782.2778 0.0007848679
419.75558 1182.1361 157.63664 356.6847 0.00078328757
865.20306 2052.6191 21.5096 221.38567 0.0007799531
865.7838 587.01965 20.29224 431.80103 0.000770823
868.40704 2315.3665 15.0247345 160.30722 0.00076951477
487.46017 2205.1392 185.97997 195.31564 0.0007664133
435.87552 1175.1134 603.0075 963.4057 0.00074754487
538.77594 1914.1176 252.16623 481.37732 0.0007366321
767.033 1360.8563 189.7518 296.75113 0.00070796174
475.78818 810.2826 764.23083 677.2164 0.0007078052
520.21295 2416.5833 684.9761 8.4514885 0.0006639146
671.17926 1274.2756 331.3954 1502.7999 0.00066115847
413.70865 207.53082 810.5305 688.8671 0.00063447945
703.3664 576.41766 379.7451 613.40784 0.0006253744
628.74963 380.2758 394.29416 621.2328 0.0006125847
694.316 1019.3349 344.9802 777.86066 0.00059257273
604.6598 727.2576 447.6352 508.6761 0.0005922263
608.713 347.2263 512.06256 635.1887 0.0005688388
486.5502 2418.0928 599.6633 7.406381 0.0005534215
453.45227 1324.615 795.73505 866.8502 0.0005381731
656.925 1002.23346 422.30994 923.55304 0.0005363405
793.91833 786.6565 253.6894 707.25366 0.0005228098
567.5192 385.67676 575.4533 604.4514 0.0005038425
611.121 319.87686 467.99875 509.2263 0.00049471995
