437.63147 1751.2006 862.9397 3483.883 0.51984715
436.68433 1419.0898 860.08405 2825.365 0.24637397
437.7338 1526.1852 860.0105 3036.142 0.1970461
406.76492 1900.6108 796.8966 1750.8064 0.17119491
401.72653 1691.946 769.0994 1299.846 0.15459324
410.3096 1386.8625 800.87994 2763.2983 0.14523803
384.41614 1691.7233 691.6073 1246.4009 0.09810607
402.83987 1213.1451 751.0691 2307.1094 0.0944745
419.15808 2260.256 824.57306 2466.2004 0.07766353
807.2086 2038.4569 182.90898 217.85667 0.076507956
407.9255 1612.5276 766.92444 1753.3611 0.07422696
407.05344 1634.5725 777.9228 2182.116 0.06627197
400.07324 1049.2474 751.67676 2057.2048 0.056451708
351.91586 2142.0896 310.86456 342.52722 0.053425163
17.36579 3018.362 36.069614 73.55431 0.049081404
383.20755 1620.7218 707.6534 2021.9865 0.045400314
396.37082 1082.9886 681.9529 1927.2084 0.045306295
65.13312 3123.3762 129.3523 775.3026 0.044267524
393.21973 1592.5077 667.3656 1021.61053 0.043207634
434.59332 2715.4001 856.6784 1570.0416 0.038833436
377.14755 2727.768 744.12665 1549.1224 0.036139343
394.82794 872.37427 754.55817 1726.2972 0.035850447
417.4219 2013.9961 809.53644 2920.4133 0.035713907
39.65865 3191.927 78.37924 630.8304 0.034641404
386.4278 594.05634 759.4942 1188.4641 0.03364222
440.27573 2125.3325 512.3936 386.56152 0.033515103
81.13779 3112.1624 161.62013 797.3667 0.033236124
340.7853 1703.921 626.91284 1227.3759 0.0322821
364.66846 2372.6418 719.84 863.91644 0.03180077
445.67734 1057.865 863.02405 2098.689 0.030372836
335.92773 1905.7717 652.11096 1675.0142 0.02878208
446.88397 1752.2955 877.44226 3488.1455 0.028229252
31.168453 3195.5986 61.31389 625.737 0.028055953
393.9737 1720.4293 558.7432 1114.7319 0.027235698
394.59332 718.9342 771.1979 1434.3706 0.026064057
404.4428 1449.2194 705.6309 1705.32 0.025261216
642.0957 1553.2755 298.1559 832.45105 0.024673184
347.60394 1383.866 656.6535 2594.9487 0.023988245
626.40576 1455.5677 152.6929 199.77753 0.023799304
376.15204 566.92114 731.7203 1128.7292 0.023529343
607.9313 1351.0497 211.17694 421.74942 0.023500673
347.82138 2170.7214 233.22871 248.54999 0.022884136
32.778656 3136.4744 64.974556 748.6925 0.022824613
553.30084 1597.0243 420.62387 942.1517 0.022217462
380.2804 415.66855 750.728 829.7622 0.021832455
384.496 1685.8268 622.2282 880.2965 0.021575002
620.40265 1348.9802 179.60223 409.3016 0.021003608
84.51973 419.08258 160.92694 241.80757 0.020786382
326.15134 1894.331 630.23694 1628.277 0.020766359
415.99884 2356.1948 817.998 2268.509 0.02063395
676.3488 1601.4534 319.01712 956.96606 0.019918974
407.15234 1791.1799 501.17374 975.0506 0.019894028
628.5555 1574.1941 374.89267 923.43567 0.019761264
339.7977 1805.696 568.867 1007.338 0.019304095
93.38679 415.33008 182.79178 310.24588 0.019295048
398.70642 1469.5806 623.79944 797.8833 0.019176615
559.1813 1616.4062 480.85913 1049.6127 0.019072806
591.3131 1440.3069 80.09274 163.85269 0.019052772
400.55005 1226.612 696.6895 1434.7999 0.018902896
324.02768 2125.6294 499.99164 420.8011 0.01819699
102.69432 3092.8813 202.3081 834.3918 0.018188896
435.81567 1519.7898 675.7151 1595.3917 0.017803797
21.11316 3079.4001 42.488834 275.06216 0.017789578
365.61987 1659.1533 687.19727 2096.4246 0.017761288
586.3571 1447.464 464.7922 1351.3146 0.017454438
303.70102 615.2398 585.70557 1059.9723 0.017314248
571.4334 1349.103 283.22156 440.33084 0.017245516
365.22333 1327.9132 686.775 559.1101 0.017018877
463.42563 1728.8248 677.0367 1176.637 0.016756805
370.85904 1935.8842 714.6008 2999.0198 0.016560435
20.080486 3212.2773 39.736134 594.84796 0.016434187
840.62445 48.925682 174.87733 98.49709 0.016356722
182.5039 394.8413 350.53433 353.0753 0.016293334
559.1895 1583.9738 346.3847 863.05005 0.016245218
185.84616 425.32205 359.62595 469.02783 0.016183827
589.3744 174.18573 359.03458 345.57825 0.015731668
386.00052 297.22195 761.27167 596.2589 0.015648687
399.82306 2003.1842 621.5063 663.52826 0.015566699
501.83704 1680.3917 605.4006 1218.4252 0.015424841
95.675095 485.72476 188.66176 468.5046 0.015411964
554.542 2111.9495 666.91693 400.25873 0.015234001
584.63153 1347.9987 443.9781 1252.8429 0.015186853
357.57974 1642.023 677.6803 2211.689 0.014879717
32.791042 3146.1206 64.50533 430.1453 0.014751078
359.78424 2270.7812 712.3294 1032.8436 0.014665784
351.5594 1924.8081 597.0128 804.6097 0.01439743
312.2019 1191.4514 589.71014 2220.5603 0.014354729
291.07858 680.2476 523.3989 852.33453 0.014331991
256.51593 1377.6608 227.22122 238.79698 0.014291792
568.00146 1435.5573 491.6365 1406.1239 0.014155754
451.87842 893.58795 887.0503 1789.8002 0.014123051
313.31937 1626.7644 468.1912 827.5524 0.01410584
704.00214 1699.5299 221.95776 517.53815 0.0138877705
394.2748 972.986 670.2811 1359.3431 0.013800283
75.67756 2842.7183 148.46698 243.09656 0.013765528
440.11014 2569.2454 869.89703 1870.3865 0.013753447
440.29904 2358.6355 868.9725 922.54895 0.013739612
399.5763 2399.984 789.725 1124.1553 0.013688628
702.79913 1704.6581 218.56094 505.6142 0.013611562
293.70642 567.9271 576.5843 1120.7462 0.013565901
310.0289 413.64188 605.1309 783.6657 0.013465533
521.66095 190.69327 229.36568 273.83258 0.013170066
379.8327 2448.0781 746.0083 1966.1748 0.013130382
79.20048 420.31277 119.24291 176.1783 0.013112025
392.05676 1428.2197 523.12115 607.2169 0.013003246
442.9081 2356.7266 875.77423 875.54407 0.012927937
106.27163 2985.5718 209.87164 1047.5807 0.012770113
23.337252 3159.2043 46.174225 423.53284 0.012677
124.066925 3077.8828 243.57484 862.3828 0.012245554
519.99854 1339.2439 381.00253 489.74567 0.0122031085
626.3869 1237.7411 127.067184 197.8514 0.012172653
289.15173 2455.5952 570.3979 665.28845 0.012032572
333.08923 1989.4465 398.84082 638.2708 0.011981436
387.70193 190.59329 760.477 381.95813 0.011925772
81.23573 2987.0605 159.74184 1049.4215 0.011894342
654.0026 1647.8333 224.3323 593.28076 0.011854009
289.88135 2031.894 521.0624 599.21436 0.011825914
580.4584 1425.1744 485.63358 1559.778 0.011787604
28.57285 3055.2747 56.434425 284.62704 0.011765323
712.10583 1646.4008 348.19467 1007.2207 0.011729539
410.46558 2319.4475 802.0 1526.6422 0.011705856
340.76398 1535.5992 425.13156 627.992 0.0116767045
562.0836 1130.0627 414.04303 914.58655 0.01154887
385.29065 1165.7029 717.3609 1173.5532 0.011455651
84.274376 2950.2358 166.56372 1120.7072 0.011441523
314.60623 2119.276 611.0913 1304.2488 0.011411586
592.1357 1040.8644 518.25195 2052.0222 0.011311066
449.4548 3096.4766 885.6754 825.37384 0.011308049
289.30173 1201.6494 534.3794 1893.1575 0.011295782
370.15884 1040.4482 580.70776 1197.9686 0.011275506
330.9996 2306.395 406.74017 654.30945 0.011138381
132.9834 3062.1172 260.87848 892.8746 0.011133394
548.56946 1754.4875 311.1312 555.77374 0.011121829
674.52216 1450.5302 324.98358 1318.9504 0.011108982
254.31198 1690.8671 477.85953 1226.6462 0.011096428
267.42496 1378.5372 504.05258 2237.0432 0.011066794
323.12256 579.8116 442.39774 655.2982 0.011031572
186.12126 304.58932 365.55627 587.9736 0.010993701
304.94806 913.138 583.6767 1726.6998 0.010941585
453.3762 1679.4004 346.83365 666.50745 0.010858016
517.4273 1379.0118 236.80815 342.3552 0.010841711
323.341 2444.5273 634.4558 2100.8682 0.010812801
458.3502 633.75024 906.45856 1267.9473 0.010701872
240.61102 1918.4596 466.95816 1656.7246 0.010678468
547.29895 1656.2783 565.0983 1228.0566 0.01067181
187.25575 492.49448 367.17197 645.4092 0.010583962
598.0785 1460.4342 484.13196 1359.113 0.010553337
593.25494 359.6259 345.96588 697.96857 0.010517398
385.4394 1119.5424 664.2608 894.6636 0.010515076
573.59875 1524.4353 479.56494 909.38824 0.010442267
596.86584 1167.929 347.80698 748.8804 0.010422911
482.4465 224.73282 154.8072 204.5438 0.010413532
651.8122 1031.7765 467.6553 2055.6038 0.010397186
313.65683 270.57602 481.76144 511.0284 0.010319295
114.03007 2540.7095 223.20831 532.3509 0.010279284
278.29538 480.14325 520.58484 582.53906 0.01024808
291.01614 1437.4539 532.65265 738.4347 0.01022795
506.4212 1779.5491 267.98257 462.9679 0.0102175865
544.9458 1712.349 412.2538 1132.6785 0.010200356
254.24469 1455.7087 486.073 2337.614 0.0101473
249.35135 2362.8235 493.3353 829.64594 0.010108926
359.69736 2471.4275 705.1504 2052.8228 0.010083288
11.878962 3143.7158 25.110329 389.88007 0.010080304
330.52432 2080.835 624.19855 2738.563 0.00999084
357.3645 1256.9833 677.3566 426.2121 0.009981219
252.06747 386.28677 228.18997 281.0597 0.009977916
355.753 1358.9175 384.40463 382.38953 0.009853889
406.0521 1132.4966 636.96136 863.1806 0.009808261
144.46863 1609.8448 111.728424 174.76987 0.009766853
454.90942 509.84726 898.1859 1019.195 0.009743863
236.2207 1556.3556 387.26614 637.5669 0.009692358
137.22339 2516.8457 263.84427 492.0817 0.0096524
284.85257 1727.4027 557.73303 3282.5603 0.0096411295
196.23404 1266.5223 357.10464 416.51193 0.009562072
523.80756 1348.354 535.2365 1270.5315 0.009543399
715.6143 1551.1184 220.80122 797.1807 0.009491216
450.79236 1670.1776 339.1264 662.04285 0.0094887065
168.18816 138.22739 325.49667 274.37076 0.009404346
269.5792 1531.3828 326.6987 494.318 0.009403613
125.20594 1637.5127 188.9874 343.72534 0.009373129
517.11804 1820.7675 214.90765 366.70197 0.009338454
287.42813 1283.6353 521.0656 454.39963 0.009288715
341.8561 503.2294 544.83044 773.0293 0.009287662
745.18616 1821.9678 142.11542 264.9677 0.009232044
559.1869 1047.753 414.49423 777.0923 0.009139583
582.425 1229.1075 455.1232 1477.8896 0.009136682
209.97098 2449.9956 205.53328 313.2917 0.00913493
21.454782 3069.4119 42.066658 884.58966 0.009124158
353.22504 345.56757 309.4592 412.49933 0.009123387
277.15143 2206.798 542.26465 1180.4949 0.009093447
610.1015 410.8964 228.7403 578.1178 0.009038016
556.8668 970.2587 383.08978 570.5899 0.009030592
315.91708 912.69324 604.67883 1458.2444 0.009000566
216.36276 1403.8633 421.37442 2730.4004 0.008996033
423.61197 2275.0095 827.01227 1353.1207 0.00899412
525.6612 1363.327 586.9592 1926.1847 0.008941558
525.3441 1386.8262 577.73096 1807.5858 0.00892479
533.2917 1807.8456 408.5699 840.73474 0.008921518
545.529 2320.633 647.5057 793.72076 0.008869795
450.7547 1952.776 542.23126 1106.2627 0.008868014
544.11725 934.3364 323.52866 475.33163 0.008825488
279.1779 317.319 547.66284 627.221 0.008800142
128.82779 131.96397 250.06737 262.36523 0.008776196
352.6711 640.58026 450.989 771.57947 0.008755778
497.95544 249.81297 295.28937 378.81042 0.008752178
799.84705 1079.3989 248.75352 2160.2612 0.008748283
463.32013 3219.025 916.485 582.37494 0.008682299
574.4161 1453.3009 502.18616 1702.8514 0.00866202
300.00452 2534.4478 397.03085 466.32574 0.008660649
525.92114 981.52374 311.034 539.73645 0.008647656
626.8108 1495.8574 200.20622 348.59528 0.008641661
169.69261 2929.5503 334.18045 1152.6357 0.008593696
69.697105 2839.346 137.87221 1334.359 0.008581407
195.6068 2510.3523 381.82248 534.51434 0.008541067
266.6007 2413.4277 509.44104 636.118 0.008533044
282.22418 798.1379 398.37592 585.40045 0.00852932
51.281292 2840.927 101.29797 1339.0664 0.008525161
287.9975 2848.8643 565.9032 1314.8427 0.008517954
203.92503 2655.7805 84.61947 116.294815 0.008512099
728.19794 1570.2214 216.26227 846.6875 0.008489625
631.9831 2149.5051 176.1944 259.14688 0.00846865
174.21066 3115.26 343.7065 786.32544 0.008452598
212.9724 3095.7766 418.7851 823.12585 0.0083822245
276.89304 3080.6538 547.14856 850.251 0.008351003
724.8925 1795.1995 246.40071 629.1786 0.008349894
215.689 2654.3005 109.39848 142.03989 0.008325516
370.70633 1225.4861 710.991 1118.2057 0.0083228005
572.1231 1110.221 620.3803 2215.4636 0.008314269
716.48334 1668.2382 237.98772 629.0287 0.008262966
304.0278 739.6922 591.7311 1227.7443 0.008254201
316.68167 724.92645 617.54596 1254.4397 0.008253671
6.22413 3130.1448 13.79434 757.447 0.00825264
617.7055 381.39615 243.83238 603.86115 0.008230872
274.2179 2878.8857 532.9961 1251.872 0.008223169
602.8115 2100.404 214.0682 188.00801 0.008222589
657.3766 1079.1715 209.66711 354.06564 0.008217411
713.4226 1073.1682 403.68668 2145.4136 0.008205226
327.70178 2311.0212 391.21436 591.8529 0.008166169
723.2133 1204.1963 68.99535 106.509636 0.008136614
224.19505 829.4727 345.91992 486.02472 0.008132821
582.53674 1837.7891 192.69862 345.65164 0.008127495
689.74304 1730.5542 290.12192 749.5639 0.008094821
279.20764 748.6795 539.46027 1161.6902 0.008092987
57.32592 2985.6597 113.835205 496.74612 0.008083049
315.97498 659.75964 269.7247 425.4056 0.008062568
746.40405 1964.4153 286.3291 423.88947 0.008059193
555.2561 1454.4779 568.1319 1357.0233 0.008058538
33.885838 2897.8608 66.87648 1225.2118 0.008036483
758.87244 60.11753 333.4816 119.186195 0.007991728
622.73596 1259.7147 303.65997 793.62695 0.007947391
549.4966 911.2116 240.81883 348.77878 0.00792265
269.56256 162.26724 240.96324 297.1253 0.007917952
303.218 511.30905 593.9006 705.27765 0.007911969
659.0973 2103.4248 120.058464 172.41406 0.007860513
446.0835 1702.1191 912.60425 2800.6262 0.007835548
19.461002 2896.5913 38.41258 398.4973 0.007829042
599.00574 1834.1943 241.20442 420.0332 0.0077521764
818.6284 2443.994 211.30261 1047.5195 0.00772393
815.89246 2708.254 219.66063 1604.7703 0.007699687
594.1706 1813.5426 405.40082 874.71716 0.0076974686
134.19655 2746.6611 263.33063 1515.3353 0.0076954355
352.92657 3060.031 700.6225 916.9164 0.0076772803
370.0426 599.30835 288.31226 426.53854 0.0076620127
403.70383 1325.6395 789.58136 1275.8036 0.007593437
516.0174 1738.4927 315.46475 676.7312 0.0075580534
181.5338 1199.9408 258.81787 287.9223 0.007531492
145.71031 1961.5953 283.97784 1662.8904 0.0075151785
382.94785 2305.8584 403.47433 644.506 0.0074930536
296.5149 1190.716 567.2139 2191.1912 0.0074883667
3.676899 3231.699 8.364436 549.0291 0.0074690026
461.44788 2389.0947 496.22897 781.63074 0.0074533415
647.1114 109.817375 271.56616 215.37923 0.0074492753
13.525153 3021.472 22.125301 65.33371 0.0074451305
95.02634 673.36414 187.24376 885.0442 0.0074224514
206.36848 1520.1191 263.06332 390.26782 0.0074211266
293.86426 730.6021 300.4887 417.95935 0.0073873997
563.54346 754.3442 550.74335 1500.3766 0.0073853615
630.5994 335.4794 154.4289 348.4428 0.0073853233
342.3722 1160.2737 533.73364 1178.445 0.007364048
423.04224 2317.344 835.0173 988.9254 0.007362103
393.09586 443.97906 308.3964 515.2985 0.0073614484
574.3892 374.01434 390.6362 738.5815 0.007317581
812.0241 2210.1704 216.70445 578.9263 0.0073172934
459.0015 2280.7178 520.4217 902.765 0.0073172003
620.7761 1017.9154 256.7547 397.10938 0.007298023
739.48816 2156.244 326.39313 472.86328 0.0072766356
128.47992 2768.8896 217.67892 313.06516 0.0072754957
282.68045 844.5432 543.25104 659.2061 0.007264803
614.9064 1174.4639 569.4815 2325.3267 0.0072627156
808.6286 2072.6753 199.3715 350.62744 0.0072604716
133.83177 364.26642 263.16702 700.6765 0.007254112
274.41156 2628.6506 225.03859 268.11105 0.0072506308
729.6038 1455.9398 321.81732 1381.4441 0.007232216
275.85416 532.7844 208.68404 385.33224 0.0072085834
199.09674 1027.9496 384.93893 1862.6477 0.0071711047
399.3673 148.10265 301.2892 288.85385 0.007166676
611.92816 390.15958 166.2414 465.10046 0.007145986
186.80045 2816.5686 368.79752 1375.4061 0.007138648
201.1704 2132.8975 264.8913 341.58066 0.007119278
658.0869 1706.3735 368.38736 1200.1422 0.0071052834
372.46664 1221.075 642.83984 1154.7 0.0071051526
814.1713 2356.36 219.89368 871.21185 0.007061023
800.26215 546.3937 251.91647 1099.048 0.007060371
620.1767 1246.42 307.0782 870.21106 0.007050904
116.579575 1691.4319 215.12202 479.8145 0.007026841
546.37683 1243.0386 417.92847 1116.132 0.0070139635
382.81924 526.79486 430.93146 852.1462 0.007012675
383.26114 161.60164 332.2126 319.5004 0.0070031057
485.66388 1449.0729 277.83835 490.29736 0.0070028165
622.12354 694.21 285.42984 1151.9893 0.006981307
675.83936 1698.8779 143.39986 364.60242 0.006951813
660.9741 1787.262 392.24124 1038.8125 0.0069396794
321.38742 1215.5663 518.12006 1294.918 0.006917307
255.99185 768.17017 500.07193 1518.9426 0.006879821
341.60794 772.15204 384.15417 667.7539 0.0068305153
619.55035 967.4022 556.66797 1944.4792 0.0068256804
13.582607 3016.9321 26.55233 53.568832 0.00680688
6.389401 3129.1687 14.808036 429.2692 0.006792135
846.7379 9.042386 158.91333 17.545671 0.006788466
561.155 481.33105 135.41449 397.23917 0.006780131
250.49266 2306.2073 469.12134 929.6328 0.006767452
393.3719 627.6144 377.25455 738.2282 0.006762316
650.81226 1650.8622 445.67276 1077.3538 0.0067531085
448.13498 183.60435 202.76366 272.4228 0.0067396853
555.934 546.97656 209.35942 431.95804 0.0067210025
741.74677 1805.8186 156.47893 300.64172 0.006705422
164.45076 1606.528 315.2103 1081.9144 0.006703565
328.26877 2156.9277 144.74196 182.81795 0.0067008217
298.6959 510.67285 578.05664 577.4761 0.006696472
517.3315 1234.9757 432.5512 1030.7556 0.006676567
364.6474 2466.0796 310.20212 458.19504 0.0066410904
23.349709 2886.74 46.251503 1248.6781 0.0066371504
604.9058 1524.2429 471.90787 1985.7872 0.0066102087
237.4893 2681.6836 472.2915 1660.9546 0.006607069
496.62225 1130.542 440.4968 815.02423 0.0066014254
86.31938 130.4079 166.13588 255.85239 0.0065950896
574.41223 2248.11 296.046 490.26297 0.0065776804
304.9958 989.8807 577.90686 984.36743 0.006562592
71.892975 2686.2893 140.66998 1641.2429 0.0065379455
796.30786 762.04083 258.96265 1532.9017 0.006503999
458.8151 2345.9873 581.6375 761.70306 0.0064891484
628.2298 245.79523 298.5651 495.51248 0.006457509
277.48938 2253.1758 391.79016 735.0736 0.006449783
579.86865 1407.8519 498.97873 1868.1233 0.0064490163
615.45557 1863.1538 455.47827 1700.647 0.006440458
396.3776 161.52841 179.34358 233.84206 0.0064292355
101.93233 2627.2046 198.80354 1748.6382 0.0064077727
725.2761 60.108265 402.16284 118.42886 0.006404498
620.95435 549.5984 300.25012 1099.9661 0.0063883723
142.76202 1654.6736 239.08353 410.8247 0.006368228
665.964 1608.4193 421.3099 1121.869 0.0063639116
674.7143 644.09546 465.62738 1294.4009 0.0063330433
240.21992 2310.8782 470.91385 976.3445 0.0063245576
2.4004805 3061.249 4.984075 204.20743 0.00630859
246.56642 172.25087 474.29495 340.6438 0.006272473
505.53415 581.0876 383.30545 825.00336 0.006271192
715.044 2710.086 412.15726 1557.6177 0.0062507153
636.6123 63.65623 573.05225 124.208565 0.006249969
295.93185 366.81903 157.61186 239.35822 0.0062138913
234.33159 413.8323 178.27766 310.58316 0.00621294
284.6246 1401.0225 290.8034 334.29904 0.0062054754
389.92847 1390.1891 214.20535 317.92447 0.0062051346
167.56989 650.2761 320.01468 898.645 0.0062000495
696.4512 1703.8975 359.3091 1237.4233 0.0061789285
510.96277 1131.2491 385.7415 775.7875 0.0061660605
420.4927 2479.3025 275.65912 359.6539 0.0061613284
269.1913 757.49304 252.01802 548.90906 0.0061540217
459.81784 57.624733 891.7356 112.82669 0.006147751
593.7912 1646.5382 580.2491 1327.3337 0.0061401343
228.01901 1372.0387 128.25186 143.0774 0.0061153164
600.195 1398.4092 444.92096 1442.074 0.006106735
450.2775 1198.3596 206.78871 300.25357 0.006105928
663.41156 1894.1665 303.17227 466.0187 0.0060852063
472.77322 1128.8859 512.31415 1154.4298 0.006069572
430.2654 2439.402 846.9692 1135.115 0.006061003
19.939259 3035.8633 40.057537 728.39764 0.006055602
634.0234 162.86739 568.12244 327.70865 0.0060262433
557.9359 813.8709 298.97668 805.99786 0.0059781307
74.20194 2453.479 143.2034 2111.3389 0.0059649325
638.4207 1497.1738 405.41492 1613.9849 0.0059623774
94.76511 2990.9504 186.5297 696.5891 0.005948757
485.51294 149.98636 771.16315 296.15796 0.005921642
628.68066 2315.84 341.0674 692.4436 0.005920676
620.80853 1490.5394 522.64087 1547.8562 0.005915638
288.56735 755.79675 243.86986 450.62717 0.0059116995
44.584263 2407.495 85.73107 2194.8523 0.0058925296
672.8514 1786.9484 381.56503 1451.7289 0.005872981
660.94037 1166.4452 262.4464 757.3991 0.0058722296
511.85272 530.5703 390.93408 926.00256 0.0058603743
523.2215 148.0129 232.2313 283.2447 0.0058584944
626.3043 880.2791 145.68358 299.26917 0.0058584246
764.55334 1806.7079 139.127 294.33728 0.0058448603
382.2015 1287.1024 374.29587 311.05573 0.0058205
738.6977 1711.651 280.85654 1146.8604 0.0057928516
381.0714 1098.9557 437.1807 662.9871 0.0057845726
2.5192478 3158.1782 5.0249405 410.5667 0.0057758717
647.9492 1840.4757 488.4334 1557.3136 0.0057584005
158.44052 437.84354 311.19894 876.9492 0.0057564187
584.2065 1627.8672 494.8824 2110.5427 0.0057529295
433.77188 595.58813 238.18982 402.62653 0.0057430076
242.84961 882.1964 190.64813 271.1158 0.005737401
719.2194 1861.927 275.5015 560.3658 0.0057324586
667.9569 448.24158 465.2371 900.4615 0.005718598
659.1258 355.87137 500.33762 715.35956 0.00570117
545.1633 1673.691 564.50323 2087.5144 0.0057007936
647.6808 967.409 224.18216 514.4522 0.0056975703
694.94617 3151.9722 426.60394 700.21564 0.0056838156
483.29102 920.3005 401.34747 869.3069 0.005669588
472.47046 2314.2617 468.16718 748.0786 0.005647363
706.3516 1187.6669 117.226 157.18689 0.005643878
203.70753 654.8463 399.76382 867.1065 0.0056255017
518.01044 189.99391 239.40176 339.18573 0.0056216675
588.6841 2332.0608 254.42554 541.70135 0.0056190644
349.30728 1224.0492 475.59384 646.8571 0.005585643
533.1727 280.55942 467.86243 563.5355 0.0055778907
783.932 3119.6255 292.34747 791.675 0.0055625667
22.273262 3432.1895 43.17714 157.7885 0.0055404166
499.5814 2388.8223 172.40831 280.8087 0.00553092
686.73694 1282.8138 455.38034 2585.3972 0.0055052442
490.36212 1243.1787 564.66095 1224.5674 0.0055012335
1.281566 3156.8591 2.9792979 707.0232 0.005497978
186.85872 519.7496 368.02228 557.4084 0.0054953303
615.7687 26.259676 368.1307 52.680233 0.00544943
319.78903 603.42377 248.0298 378.8893 0.005419104
108.05455 2476.9097 209.84015 2045.9941 0.0054125544
600.592 2711.4902 599.81287 1575.8539 0.0054067667
619.605 1336.7612 505.66254 1745.658 0.0053806715
438.29785 558.0834 452.44226 864.58 0.0053662425
426.96387 1513.356 279.8492 328.7055 0.005362523
356.74435 474.22833 167.98787 301.15994 0.0053573926
272.9672 1759.04 537.0734 1848.8113 0.005348263
727.2109 2709.5947 390.92593 1591.472 0.0053346157
565.674 363.54242 424.85117 726.337 0.005332044
803.3545 1958.5317 179.30782 389.3933 0.005314574
556.6093 1464.878 567.4298 2208.5544 0.0052973274
802.35834 566.9127 250.16138 1143.4055 0.005293738
506.29718 1011.01685 346.31885 845.9684 0.0052920813
746.78345 2300.1306 346.22433 763.44275 0.005282451
481.7913 891.537 214.6379 373.94644 0.0052803345
658.32513 1391.562 508.71603 2780.4932 0.005276554
63.82281 2858.0679 110.875946 275.41772 0.0052740593
841.3805 148.27652 175.7138 297.81018 0.005266225
549.1441 871.7964 134.87837 223.91718 0.005258844
134.84694 683.3774 261.71967 1016.11194 0.005257068
145.70128 736.1165 283.17474 1403.7017 0.005243424
862.1214 70.308685 141.00993 140.23244 0.0052404995
418.31433 574.8302 411.91678 978.8419 0.005238494
835.8778 168.22232 186.17741 337.30023 0.0052256873
38.929096 2974.8223 77.65486 509.09064 0.005217774
570.64935 1408.3744 346.67374 596.1943 0.005211926
84.61634 1807.2399 162.65305 3265.7466 0.0052115675
301.91806 794.60974 278.64703 691.8867 0.0052114143
784.5369 2037.0488 129.64478 214.20511 0.0051963218
731.0389 1925.3743 357.5957 1511.8813 0.005187298
13.638819 3053.7239 25.810476 136.6388 0.0051798923
473.67123 500.3965 241.99672 496.26907 0.0051504136
639.1833 1145.4736 445.41394 2052.1797 0.0051471624
641.59564 1298.271 114.55496 289.28088 0.005130544
111.717476 1738.3058 211.56241 841.5854 0.005128702
499.08667 2270.7302 718.412 1492.972 0.0051271985
410.86594 1955.7649 170.88382 203.8026 0.0051258123
93.45664 849.35614 182.12624 1335.8712 0.005124242
505.4786 2527.7263 712.40454 2729.6443 0.0051103486
519.4768 2037.8236 327.72513 529.0648 0.005108266
331.41034 692.2747 281.89365 773.18835 0.00510785
764.5949 1745.8358 117.836 425.15463 0.0051015215
384.81332 1209.5938 413.9225 440.08405 0.0050810007
10.543237 3381.937 22.115068 256.53745 0.0050768494
323.4205 127.30173 557.70337 251.97235 0.005062397
658.6879 3241.0217 501.063 530.47986 0.0050611217
648.67377 1732.848 523.72766 3469.1602 0.0050428533
336.68405 1185.6985 232.02692 236.93314 0.0050181253
420.54013 91.088806 257.63034 175.66171 0.0050084353
651.3769 1863.8195 407.83722 1638.4241 0.005004905
799.6603 2029.9163 195.22858 234.66713 0.004998626
611.77844 3053.6863 587.5251 897.5071 0.004976059
575.17914 2366.2698 305.70264 725.79047 0.0049639195
7.0089793 3354.5576 13.939405 308.25903 0.0049214247
604.95447 814.0667 161.5903 271.8551 0.004901455
380.70856 2324.2864 395.80582 651.0533 0.0049013714
461.84244 2052.6982 781.42725 878.13556 0.0048994273
4.7029686 3357.7732 9.06501 301.83688 0.00487406
466.0394 3340.252 915.30273 344.124 0.004869725
918.8979 48.07386 25.333923 93.7929 0.0048631094
921.11194 177.90504 19.749521 352.22525 0.004855518
719.6267 1853.7363 190.10362 270.04486 0.004851389
683.2223 1574.2719 166.42671 291.23352 0.004849608
33.67066 3375.2295 65.722984 269.58606 0.0048473896
665.9651 2797.1912 414.56784 1711.8241 0.0048384066
774.23047 2588.0715 295.82242 918.37585 0.00482894
7.1433134 2880.788 13.978794 1251.243 0.0048173936
759.8601 1821.9103 136.53877 271.15015 0.004784879
515.7833 2447.3037 336.08093 543.4831 0.0047824364
48.57009 2447.8772 89.45543 391.48633 0.0047624153
811.319 1077.8218 227.27246 2178.2214 0.0047567077
273.35345 121.820305 141.09816 199.07474 0.0047266306
780.825 1983.8889 247.9441 1094.1248 0.0047246926
325.66367 2691.0742 592.6104 1041.2816 0.0047040596
607.77496 602.90356 591.5515 1218.1213 0.00470397
756.9912 385.99933 343.44174 775.3816 0.004691427
904.9818 48.90556 53.304134 97.76513 0.0046895947
699.08514 3332.436 279.77734 348.73434 0.004679841
460.64294 575.4544 215.81248 363.52264 0.0046776715
688.69696 1375.5935 421.43875 1655.48 0.0046768035
176.22345 1565.719 347.0741 2508.7412 0.004670338
682.42017 1083.5974 166.63155 334.1391 0.0046596434
678.6545 98.92867 266.91757 198.59984 0.0046516513
635.1197 2292.2983 238.49953 568.76074 0.00462188
220.00896 3233.7324 440.05618 548.2192 0.004616491
566.12994 2077.6956 299.42874 464.39655 0.0046134638
622.78973 41.277805 292.39282 79.76109 0.0046093883
924.2816 3326.9297 11.342012 357.8011 0.004599054
899.91437 48.69238 63.594223 97.47568 0.0045972425
618.71045 1127.7421 144.21465 233.00874 0.004584889
307.754 1492.1322 378.60562 1631.2804 0.004554784
337.58447 1009.80084 335.7853 539.88293 0.0045543946
199.58633 1344.0884 141.75163 203.24094 0.004542481
395.34567 1139.5431 759.7462 755.5531 0.004540677
404.8671 2513.7244 184.19716 233.31125 0.004528836
523.7787 623.8559 201.26387 322.31558 0.0045282017
707.65515 3245.239 265.98056 486.94092 0.0045217066
366.0626 629.3149 405.9295 625.3865 0.004515936
405.0663 2921.1038 722.953 1009.8812 0.004511801
565.4178 2290.439 657.8806 740.52954 0.004509677
248.56883 2973.0127 446.196 1051.4984 0.0044974084
196.84166 1858.8865 150.0126 235.11647 0.0044971374
370.80453 1924.8308 168.81276 191.27676 0.0044866297
804.5969 796.99994 245.59143 528.03827 0.004483883
44.816303 2705.909 92.8709 1597.3523 0.0044712955
808.66547 24.7966 249.26753 49.475258 0.004452096
530.91327 169.65662 146.29018 201.91168 0.0044515757
772.1241 1834.3372 121.80487 251.22366 0.004446836
35.324406 3390.3997 67.05353 236.92996 0.0044457577
806.8187 2029.2712 176.34837 219.45477 0.004443673
467.2889 459.7003 890.53064 909.67334 0.0044306554
660.1051 30.84772 500.28662 60.92685 0.004425537
143.32552 1834.0933 269.95508 1636.4806 0.004425142
5.00133 728.2483 10.418622 753.7813 0.0043850983
816.8276 2301.7942 218.3075 1792.503 0.004384967
669.85547 1383.5387 470.5368 2806.6404 0.0043703197
333.72952 711.3692 392.13678 732.2117 0.0043657823
514.9519 857.2698 262.2096 334.60803 0.00436337
378.13928 1774.7722 150.8912 275.411 0.004362577
356.15436 2010.6605 290.29565 408.35745 0.0043397704
774.39795 1850.392 114.61134 223.98053 0.004334917
733.0644 1761.2256 352.08896 1445.5518 0.004330599
827.8887 2623.77 209.01605 1439.1514 0.0043184957
598.18976 632.12085 383.25024 1287.9299 0.0043072277
590.7017 881.1341 154.7965 258.1415 0.0043027024
63.387856 474.82574 128.81079 442.24545 0.0042897738
511.24103 1640.5667 157.89615 274.49255 0.004289442
612.116 487.20825 604.73846 982.17725 0.0042801243
209.27596 19.75281 427.3864 39.55721 0.0042790254
863.12463 3267.984 139.4834 494.10117 0.004275199
553.5997 2468.2346 635.70746 2048.647 0.0042710826
183.21964 454.82718 210.47662 343.4106 0.0042664576
662.7092 1690.7241 504.1395 3382.811 0.0042594783
515.205 1760.9979 150.24843 245.885 0.0042578285
921.8761 440.4201 17.260466 892.7216 0.004239648
643.77954 814.4224 307.631 1591.5596 0.004223524
399.04584 900.35706 182.60736 391.4324 0.0042125704
915.4772 1321.0573 28.926313 1043.7977 0.0042115366
824.16705 2728.0942 218.73422 721.37177 0.0042046728
308.71347 3310.7832 639.73413 550.9786 0.004169173
772.7432 2390.8489 275.6045 528.16833 0.0041671265
538.06995 458.7546 180.0936 522.0455 0.0041574812
554.0923 1341.8942 308.4639 421.22327 0.00415095
841.8064 3212.0598 181.49461 493.65784 0.004142062
4.23996 3423.5647 9.673016 178.69121 0.0041385326
602.3625 3111.615 524.89655 780.7724 0.004132718
514.6688 891.49976 358.32367 490.57718 0.0041265152
831.76654 860.5547 201.35823 555.1033 0.004124932
536.04126 1020.7357 162.469 334.2898 0.0041066636
635.11 1463.7826 176.71141 213.16855 0.0041047605
846.2859 1514.2377 164.1053 761.7411 0.004089625
198.52283 496.59506 366.89584 594.87286 0.0040809102
926.0792 250.80562 8.247876 508.4839 0.004075722
889.0086 2275.872 82.243004 738.6356 0.0040739127
30.829378 1752.959 60.33835 2885.3762 0.004072361
708.3589 2704.6584 424.63095 1601.3413 0.0040628244
779.40375 1373.5579 210.27553 1545.7871 0.004036097
287.85062 2832.5325 270.12872 415.26382 0.0040332633
848.7622 133.98897 167.77065 269.55432 0.004031057
274.4209 2849.4382 354.11652 444.5477 0.0040295604
258.012 793.4238 482.79422 958.15283 0.0040281443
263.71265 3123.297 483.57877 761.83905 0.0040075593
861.37616 852.2097 134.77707 1736.5425 0.004003878
685.45624 3087.6465 254.03421 432.86508 0.003999478
62.61352 621.443 127.82465 634.2405 0.0039949734
399.35593 1899.9269 777.0549 1724.5913 0.0039930237
641.3501 1617.6578 117.63137 166.4727 0.0039909626
418.75616 105.1816 806.25934 207.3952 0.0039738454
623.4308 1801.1769 555.5123 2007.4785 0.003961382
3.5798635 3107.9802 7.3982935 266.2953 0.003954316
207.87251 192.12904 409.0744 383.1065 0.0039387806
402.04337 945.875 137.82727 263.016 0.003936228
857.24945 2826.957 149.79868 727.22614 0.0039342092
316.11826 2626.7847 133.97032 176.90712 0.0039341194
155.6603 23.062471 291.82397 43.194427 0.0039303433
828.2621 2084.9185 147.24054 277.39362 0.0039226166
192.16725 290.30237 379.61426 570.29785 0.0039215605
560.44196 2522.944 633.1659 1978.1656 0.003920274
879.2952 692.2702 99.91637 559.8275 0.003913626
757.6905 1310.7618 304.22974 1679.2822 0.0039036681
721.5137 1729.9965 405.73065 3470.8716 0.0038935351
691.6822 2206.0847 222.92038 441.56537 0.0038885525
221.0128 3304.4934 453.3585 473.3999 0.0038821453
867.2628 2297.3328 128.41351 758.25287 0.0038767536
141.35132 342.70486 276.68268 607.0166 0.0038753098
135.44214 932.9967 213.94273 312.72067 0.0038742756
171.64598 2880.8508 269.25516 418.51996 0.0038721857
69.65473 1221.0846 132.13199 362.98895 0.003867513
248.70667 1791.1948 199.78403 354.25323 0.003865254
564.4701 3308.9084 399.6669 398.25174 0.0038640315
739.95605 2718.8584 351.04782 1862.546 0.0038599905
95.35143 1470.1901 177.06494 625.8242 0.003854902
565.1486 3358.604 535.7233 380.43552 0.0038349456
302.20288 688.38995 478.2139 828.2304 0.0038312278
107.48821 2115.757 158.33885 284.01913 0.0038310692
267.02972 661.86615 228.25046 310.9914 0.0038308818
660.3104 2151.4465 321.53592 561.37805 0.0038259916
833.0671 3119.5786 193.16197 467.7919 0.003814106
866.2212 2548.7456 131.88702 508.81247 0.0037947083
427.9151 1993.1477 180.13004 219.63487 0.0037919115
738.2998 2478.6072 326.5949 1141.2587 0.0037886868
282.37567 500.2225 529.96216 483.65262 0.0037830165
843.37866 2876.7244 182.65868 450.9506 0.00377703
96.20532 3344.783 188.20288 386.16882 0.003775471
7.8290644 3480.5432 15.881929 67.1676 0.0037726634
736.3886 2184.498 347.95523 933.50165 0.00376716
925.47736 79.14401 9.713312 156.02348 0.003764423
502.77707 3189.7793 655.6072 368.38132 0.0037330573
521.04333 652.38556 174.59518 278.53506 0.0037234717
451.73212 275.09955 893.36664 549.67474 0.0037189058
681.50604 934.80585 157.74435 435.78674 0.0037061153
426.60516 2980.037 646.7947 300.88672 0.003699594
626.93195 1994.9072 148.1794 172.24179 0.0036893897
311.8704 774.67914 168.90338 228.8993 0.00368724
858.63916 2688.561 140.77141 424.89417 0.0036871154
633.7905 1542.8961 133.80548 565.9172 0.0036851314
908.4055 2818.044 43.13537 457.8888 0.0036778608
761.8715 3059.752 242.82787 503.26782 0.0036753835
352.62534 3191.4321 256.45288 589.3668 0.003641102
751.86017 1207.786 196.9258 1540.0881 0.0036349143
911.8727 3299.1326 36.856045 420.83286 0.003623527
819.2566 2118.0583 204.90279 800.4786 0.0036219333
872.07495 1500.4932 116.5184 916.18646 0.0036202595
400.99612 3289.2688 155.88689 329.85556 0.0036094016
807.2225 1530.098 186.83429 791.216 0.0036087928
702.97125 1403.1313 421.1014 2828.4932 0.0036039643
647.3567 3452.1182 556.1469 126.017944 0.0035983077
774.48444 1834.6191 115.24349 255.68593 0.0035931997
853.52246 2814.39 167.72151 377.70016 0.0035859682
468.51453 3174.6484 435.5059 390.33197 0.0035629068
746.7769 2631.0752 246.83794 476.33478 0.0035533973
837.16656 1417.6925 178.01894 2865.0378 0.0035425911
417.07672 107.39389 789.68884 223.01006 0.0035388628
753.2112 2720.448 213.84193 360.92496 0.0035264615
424.88528 3278.3599 352.91672 416.2559 0.003525033
596.9985 1508.04 382.80832 1399.5459 0.003515689
676.30347 3170.0525 505.97702 668.27094 0.003512271
862.0225 1561.8105 138.77644 578.7684 0.003507781
771.17755 2170.8962 203.125 255.33069 0.0034990397
217.12534 2384.575 459.85144 1926.1268 0.003493959
246.51567 784.02405 454.14542 699.1428 0.0034922047
717.2057 1691.4697 352.30014 1136.4502 0.0034786751
672.41705 1937.5923 128.81407 181.4436 0.0034777462
874.52466 3357.5566 125.501915 321.4317 0.0034738057
760.0694 728.492 175.68843 345.77905 0.0034724227
93.64609 731.4323 183.66695 965.4715 0.0034696122
395.07657 150.3073 759.6501 319.01257 0.0034598047
811.66516 1045.3768 235.77129 689.1575 0.003449584
797.06433 2300.9973 218.86533 808.2328 0.0034397754
474.26428 897.45685 238.59088 422.76553 0.0034376038
775.0081 2469.2454 206.74309 354.79205 0.003436431
846.8532 1748.9686 165.0805 1693.6661 0.0034316985
56.17492 708.33777 113.38865 834.3159 0.0034302038
700.8092 2688.4387 295.23532 455.58316 0.0034162884
288.35507 3403.4236 598.1761 272.19006 0.0034154316
536.6698 2742.2039 244.93552 436.02493 0.003413309
520.10913 94.3633 183.20943 182.25159 0.0034117766
290.27267 795.0169 190.06648 275.89536 0.0034042413
436.35263 21.870811 830.9773 44.171074 0.003392955
362.08762 845.4848 700.04846 951.3757 0.0033910917
788.96893 2176.9412 276.31262 511.0219 0.003385295
267.4648 1406.6915 153.65738 158.90227 0.0033814523
516.8814 2735.9905 231.68231 316.91183 0.0033752006
843.8193 2404.1133 182.53185 406.70383 0.003373953
289.434 1539.5123 497.0054 1829.3522 0.003373459
743.0011 1341.9856 130.01535 392.72922 0.0033573904
744.2545 3092.6003 271.7657 287.988 0.0033474998
637.6061 2765.5737 297.3831 501.57742 0.0033448806
600.6428 3238.2761 249.03479 475.50153 0.0033435042
45.990364 3480.9045 86.53874 65.06421 0.0033397547
41.49389 129.71727 78.165825 253.91986 0.003333838
506.24277 3133.4426 449.16336 706.0149 0.003307788
455.43774 3481.4941 903.5539 69.232864 0.0033037786
544.41156 2802.5923 324.6628 571.46967 0.00330343
132.91225 562.9227 239.70914 371.60193 0.003302094
716.7809 2365.9495 210.40605 469.9306 0.003286552
685.4639 2933.093 273.27084 390.5285 0.003279563
487.51566 305.75735 104.83431 181.317 0.0032793588
727.1286 2713.9504 248.50392 410.33676 0.003275379
872.02893 1438.7195 127.079994 434.7697 0.0032641029
861.89813 3400.235 133.52745 221.43564 0.0032543486
47.35528 1242.5631 91.33091 328.83777 0.0032434328
385.09525 3375.942 225.52597 264.89532 0.0032381066
323.7079 3415.9495 668.7049 223.9805 0.0032280518
695.91223 2715.4895 317.22754 573.2948 0.0032164583
546.84033 2607.6594 192.54759 314.76947 0.0032066752
664.6345 783.9469 118.54009 295.18472 0.003204143
774.4301 1740.7759 305.6279 3499.0674 0.003201354
143.11562 2705.182 152.92232 241.51277 0.003194297
864.40814 1278.1769 139.85796 392.44116 0.0031910783
853.0287 3433.795 161.22726 146.20758 0.0031829223
568.6982 1468.3851 172.69272 256.27518 0.0031794219
745.1187 1800.744 141.79465 321.29077 0.0031741038
710.1234 3389.1082 424.2572 266.15372 0.003173867
641.6707 2574.212 241.86401 425.8715 0.003160425
687.4023 1154.5425 176.89 238.75633 0.0031570767
577.4428 2668.271 241.04051 377.12238 0.0031420009
840.1172 3398.8574 168.96028 222.13527 0.0031402095
355.72705 1911.0536 673.7149 1601.8923 0.0031359312
89.42684 1541.7728 158.48969 391.90366 0.0031180175
287.78125 2953.6174 283.8342 383.29993 0.0031102546
742.84326 2372.0017 204.7167 397.78836 0.0031023016
448.81018 1394.6624 887.31824 2768.6646 0.0031020022
763.243 2259.814 147.86084 289.20804 0.0030992387
466.28543 11.9380665 884.90485 22.873554 0.0030889767
580.45386 2871.145 328.01508 359.74423 0.0030861164
88.97089 570.0489 176.42212 1186.5504 0.0030649155
665.84424 789.20184 123.11094 303.01685 0.003063405
712.18616 477.57782 378.89294 822.8073 0.0030632713
140.37692 3411.5984 272.20233 202.95505 0.0030597914
688.45605 2893.474 190.74738 290.28473 0.0030533052
258.55484 3417.7837 537.2781 201.58353 0.0030514956
577.69794 472.97308 89.4753 240.31801 0.0030484407
515.3747 1543.9022 678.1653 1799.8114 0.003046107
795.161 2034.676 188.57034 287.40988 0.0030440832
788.69794 1913.6212 116.5245 230.11726 0.003023501
811.75525 1730.2206 104.25181 363.47272 0.0030203594
25.291788 1364.0779 49.264656 548.37225 0.0030178477
640.7826 3448.787 472.94995 145.6325 0.0030174789
754.54724 2442.7808 197.72383 362.66425 0.0030169482
793.90106 3325.4016 201.3764 361.32275 0.003016591
371.1206 578.5411 750.0849 1177.2626 0.0030130567
635.7791 2938.9905 233.4098 392.69098 0.002995733
87.995125 1475.0491 150.60057 317.66718 0.0029720326
322.61386 3415.872 509.5473 243.22131 0.0029707784
614.95667 2420.7388 241.69254 445.30493 0.0029613161
818.25085 3445.6958 231.83038 132.33817 0.0029527294
610.12964 1378.5227 524.86346 1602.5454 0.0029527068
239.49767 563.22986 493.47687 1151.1204 0.0029325623
741.70386 2548.178 202.6301 305.57306 0.0029289883
806.7701 208.54373 247.26947 416.72348 0.0029241238
97.785255 3471.6191 168.20912 85.750465 0.002917267
89.65898 40.712425 167.01796 78.30931 0.0029148739
797.97687 148.73921 277.6972 304.48376 0.0029131712
15.556242 3481.3496 29.779743 133.23863 0.0028966167
600.95337 1311.8191 440.73248 1450.6229 0.002892821
68.84853 3478.2903 131.90317 92.31727 0.0028852674
744.7617 725.3344 205.97533 854.09283 0.0028826583
599.5434 2496.6726 273.6222 533.2839 0.0028772259
307.56 3359.2925 240.77554 277.59634 0.002856579
910.63153 3407.714 35.979218 207.45201 0.002837802
109.80048 2345.069 204.77583 774.3609 0.0028196694
908.078 3208.7415 95.60758 149.99707 0.0027972187
579.1447 2645.9985 164.89456 250.44312 0.0027965154
708.1447 2332.9587 201.49237 380.79013 0.002792254
322.91016 302.01776 583.0585 573.80206 0.002790137
346.8311 782.4271 197.25165 280.50653 0.0027890892
822.1053 975.53815 210.11345 2000.2941 0.0027807292
228.53992 3399.1025 291.4152 226.95844 0.0027621367
549.3559 189.25758 164.42935 222.28949 0.0027586624
374.8104 1930.0686 740.1382 3012.262 0.002755407
537.9713 720.72217 177.50864 213.15038 0.0027412248
469.9755 10.312096 889.92706 19.877354 0.0027330804
416.94968 1752.8441 821.0013 3484.4526 0.0027259586
615.0597 2559.2732 184.92163 304.80527 0.002697891
69.950584 29.560434 137.32098 60.602947 0.0026958545
423.9732 1650.5504 828.115 1392.9928 0.0026956685
561.278 1419.0613 197.99945 371.8033 0.002677749
401.87344 793.3172 184.65776 277.28 0.0026774206
843.7965 3359.2317 212.62714 195.2305 0.0026513303
478.06357 3442.0107 304.44507 143.43967 0.0026503054
437.2652 102.09878 841.00305 206.06754 0.0026482416
261.08475 2949.7861 187.72592 279.08163 0.0026475918
166.08537 2579.2393 275.49802 938.8352 0.002637549
458.73468 1751.4702 916.22266 3481.3494 0.002633175
711.78357 2397.4016 171.5497 292.36172 0.0026062897
822.821 3420.4248 198.76942 471.1076 0.0025845573
527.69946 3463.1082 292.70914 113.53641 0.002570572
123.56661 3485.9521 225.50607 78.51549 0.0025652288
827.872 2245.7603 212.36191 630.7606 0.0025586938
293.89557 1959.4253 317.97455 1540.2938 0.0025532623
185.01999 3466.8076 223.10751 157.29904 0.0025384317
284.66006 3487.7346 372.941 58.88641 0.0025355478
131.50539 1940.3741 159.1257 820.73517 0.0025166615
502.19492 7.3067985 869.2127 14.915485 0.0025125197
687.18823 2542.585 173.36914 328.42752 0.002511184
410.29495 1396.8295 806.0829 2773.2136 0.0025021073
377.11078 840.1855 773.769 822.8398 0.002486538
16.454472 133.03069 30.21239 255.17871 0.002470285
926.5152 75.63992 9.364776 150.47476 0.0024640241
458.68863 1753.5712 914.19507 3480.9473 0.0024631629
230.65227 3212.566 301.49896 639.04315 0.0024434729
278.87863 3408.4377 142.89978 180.09819 0.002440143
926.4497 3345.9917 8.469393 328.38092 0.002437216
686.1923 2002.3203 159.88707 309.09558 0.0024147744
344.33356 3474.9375 309.37167 88.30287 0.0024017664
748.09467 1993.9183 215.69783 336.01535 0.0023963377
461.56274 232.35103 919.9165 455.9585 0.0023905856
242.17862 3151.4817 233.74872 372.25632 0.0023683773
433.15652 73.13946 815.0464 154.85162 0.0023609768
908.9605 3400.728 54.647312 202.80981 0.0023489639
230.08331 1689.3986 233.57768 1098.5657 0.002347324
673.9662 292.3042 248.48935 543.91754 0.0023348783
235.02132 3163.766 153.39282 416.9686 0.002322756
209.83487 3474.8538 284.28323 85.251656 0.0023213464
882.70575 3391.9326 78.99999 240.50941 0.002304227
855.2434 3392.5464 232.66463 286.47952 0.0022887068
912.0426 3091.8455 65.81471 224.54709 0.0022849382
240.79439 3359.9458 315.87988 251.56665 0.0022757873
825.15967 1753.0574 76.98656 258.9954 0.0022699027
387.99542 1138.7805 649.6121 2214.5862 0.002253901
832.70087 2037.2507 103.65711 218.25143 0.0022526917
633.15576 2055.8967 71.66599 184.90625 0.0022524924
776.895 2021.3341 236.47491 290.4091 0.0022465931
919.1115 3394.7344 29.099255 234.31265 0.0021943455
911.5329 3360.4282 52.443127 120.39788 0.0021549966
587.2768 549.4582 432.4744 1014.07495 0.00213464
446.75708 250.38661 872.76465 537.1043 0.0021269317
424.9351 2281.6453 838.31354 2442.148 0.0021232176
218.85042 765.0658 326.41885 716.4692 0.0021166247
609.28973 1306.1908 197.8745 408.48602 0.002084454
764.87805 1856.2253 131.59514 241.53455 0.0020653247
779.4891 1759.147 111.84636 189.504 0.0020474955
40.688995 3181.6777 78.05157 644.08466 0.001983203
317.8338 1547.214 425.91745 905.4423 0.0019159629
880.2618 3490.5544 77.38067 66.649605 0.0018964137
202.04251 1845.038 316.96515 821.4341 0.0018944137
470.30365 20.135891 918.5296 41.300297 0.0018807505
910.43787 3372.2573 41.24553 179.73347 0.0018762641
493.78485 1585.0468 707.6971 1432.287 0.0018676957
241.9867 653.0499 468.40012 961.8816 0.0018509228
101.35872 818.3735 231.56682 1192.6111 0.0018403856
345.4991 1685.519 819.1077 1542.5616 0.001832595
228.642 700.50525 461.90414 879.609 0.001811603
587.05475 1361.3207 103.20896 594.01855 0.0018054491
100.52386 1767.7385 236.78949 2141.3484 0.0017792027
609.3667 709.99896 433.19318 1318.67 0.0017636174
457.2561 2201.0266 894.9467 2607.4753 0.0016897595
456.82758 1747.9849 900.50037 3458.9097 0.0016837646
191.71332 3207.0747 138.54994 300.4413 0.0016742478
111.59874 2147.926 209.93712 1930.8066 0.0016731994
739.4389 701.62445 398.2548 1013.64014 0.0016504689
248.63275 1397.7948 392.72372 1416.107 0.0016202651
753.4776 1619.4329 369.91443 1074.664 0.0015392019
65.97111 1431.6318 122.9257 2417.0981 0.0015131868
164.20047 2078.7524 329.95383 3154.8071 0.0015074328
154.92134 1939.4868 335.70142 1740.0463 0.0014666553
428.77652 406.00693 847.23846 948.6902 0.001430045
415.09644 1665.7239 718.30426 1225.54 0.0013826973
183.8511 1614.0599 330.2754 2244.6384 0.0013112344
215.0741 1909.7913 454.4837 2501.4558 0.0013062528
512.42474 2076.7275 198.03844 413.5822 0.0012910229
290.53357 1611.0044 510.76392 1522.8022 0.0012849107
459.10593 251.50372 908.1518 496.2101 0.0012813538
444.32523 2630.2566 404.58502 251.7098 0.0012643231
351.68866 2731.9084 770.0718 1575.4364 0.0012304344
237.42345 2542.1643 261.76733 408.30298 0.0012139134
243.24043 1464.9967 343.19455 556.88885 0.0012087317
614.5066 1177.071 428.20395 2220.6033 0.001179874
413.98126 2137.416 378.9588 290.62 0.0011721379
57.417503 2839.813 85.70545 297.23282 0.0011686634
464.36383 1254.5117 464.75348 1389.8888 0.0011679478
440.62057 1974.3293 871.8694 2043.254 0.0011258938
168.50145 1738.0966 298.88205 1071.2194 0.0010819023
272.76062 1969.1909 349.7248 680.2404 0.0010787279
575.75934 1724.7202 574.16174 1530.7692 0.001059956
720.8056 1530.9984 361.94638 1176.3573 0.0010498046
469.75836 3507.3667 581.7772 21.60223 0.001031882
364.1131 1414.7738 819.7721 1270.6656 0.0010300458
346.77228 2928.688 686.2053 600.03156 0.001021803
207.8405 1249.9348 247.04913 659.34644 0.0009796027
579.65247 739.3104 547.83765 977.5218 0.0009791641
449.64053 286.9874 907.9691 641.5407 0.0009689448
596.8468 373.79913 619.1584 674.8611 0.0009390487
387.5198 1088.2998 371.9969 1013.1134 0.00089636946
519.22736 1406.0836 354.9034 1362.2611 0.000894862
573.05634 3366.2063 737.33075 373.0424 0.00088939245
798.4738 2490.3523 400.9184 950.0738 0.0008892217
754.8078 1752.3617 448.4434 1023.68005 0.0008869683
322.9589 1002.6284 321.83685 1020.55066 0.00087515666
432.7086 1361.1151 898.1404 2588.8677 0.0008043204
415.20496 1638.2136 844.6741 1330.5929 0.0006814211
369.5008 328.02014 766.6718 817.87177 0.00065869617
414.9988 1655.3314 819.82574 1311.2518 0.0006540003
457.0873 613.4905 896.159 1335.6394 0.0005801108
419.17398 271.23233 909.4967 581.0903 0.0005490201
