562.62427 1358.4296 1112.0358 2703.9026 0.76103705
523.3841 1645.2748 972.7296 1721.3973 0.16662064
567.09875 1616.7772 860.16376 1652.2458 0.105399765
547.60803 1702.3604 1062.1157 1883.7872 0.0734435
552.33624 1907.5961 886.8008 1155.8 0.044360925
539.3847 1892.9365 1028.7689 1452.3031 0.038159236
533.8879 1836.7261 939.2032 1382.2424 0.036976017
570.83 1804.0996 834.2837 1332.3728 0.035511803
610.4611 1531.722 751.35376 1472.1753 0.033983923
541.4457 1426.7844 878.3646 1602.6931 0.033086248
513.1688 2015.7208 983.12933 1200.1528 0.032573752
561.61414 1357.1064 1107.2472 2701.8757 0.029859118
548.78107 2054.9023 1065.0323 1240.8887 0.027485076
644.90594 2312.9663 67.98683 70.640594 0.02721625
525.4252 995.00653 913.21045 1726.6276 0.026836129
489.9333 2283.5999 575.40356 328.23172 0.026035106
536.6638 1419.3865 855.53 1363.996 0.0254212
591.5568 548.81244 48.501717 63.394806 0.025128651
361.5819 439.0588 705.65485 855.2707 0.024715068
562.3576 1989.8453 847.8708 932.107 0.024309121
560.58453 1519.663 775.7075 1261.0093 0.023881054
449.12802 2290.0454 455.23044 295.83215 0.023774534
559.53455 1394.2794 779.5322 1295.2849 0.022626512
506.51804 1168.5283 798.4894 1682.2816 0.019750122
692.7903 1543.3875 595.0519 1401.025 0.018698532
649.7128 2317.9263 103.477 126.21719 0.01778857
554.66284 1320.4647 625.4385 1138.155 0.017399697
588.16315 1940.2561 790.8463 997.5666 0.017189013
549.022 1346.7787 521.87103 953.84326 0.016809328
387.68784 1319.5576 741.8376 2556.0798 0.016473498
393.48065 125.60391 765.1696 249.3114 0.016444087
544.4058 123.86902 489.53214 244.19661 0.01609835
1023.88934 2143.2737 166.2622 180.67863 0.015525971
537.11633 1139.1172 923.1746 1876.3511 0.015389001
551.14343 2362.04 1084.6381 703.12213 0.015000438
539.15344 2128.4214 877.93286 871.91406 0.0147363655
515.3733 836.59576 979.1396 1619.4159 0.014732621
591.5478 548.0912 71.79746 90.464355 0.014434978
702.6384 1590.9924 592.67194 1643.0005 0.014365682
479.8882 2030.6125 656.9867 829.72076 0.014350818
360.3816 794.3983 701.2194 1569.3745 0.014203733
350.77136 417.91107 632.0676 712.4966 0.014037593
455.0512 1460.2191 768.24365 1946.9792 0.013167271
501.2912 1195.7983 168.86736 591.536 0.012800217
537.201 961.7399 1007.3187 1866.9999 0.012779536
798.5626 1540.0728 405.7175 1488.6975 0.012709502
556.59033 2164.1565 818.578 569.50885 0.012670246
462.51404 2344.7812 639.0649 475.4351 0.0126012135
422.64774 472.64502 827.02905 938.2306 0.012547343
598.9604 1516.8848 124.86207 144.83607 0.012543249
546.785 1244.7272 603.71643 1011.6768 0.01253444
377.51178 537.7813 735.95636 1072.6162 0.0123866545
458.79996 2246.3752 758.0794 671.28986 0.012244164
468.609 862.4008 886.9489 1664.4623 0.0121663585
405.4509 2360.8784 781.4499 490.08334 0.012163225
851.50385 1500.9275 489.99115 1468.2335 0.012072026
621.3069 1923.2413 865.7878 1168.4885 0.012037522
640.4605 1914.9192 685.4817 978.106 0.011785754
521.6834 1250.6638 287.80524 712.3103 0.011778026
557.1975 1168.0453 536.1527 812.34827 0.011732398
504.4538 979.2916 841.61285 1440.4083 0.0115978
563.6986 160.57645 380.495 165.49812 0.01144946
369.35144 633.71246 720.7479 1264.0391 0.011368642
795.62146 1561.4965 411.75027 1539.83 0.011231707
521.2324 1365.4026 336.58832 934.7551 0.010957774
526.61115 1663.8923 588.3098 1175.353 0.010924533
47.098755 702.20917 86.0274 141.60518 0.010890744
373.63263 1700.5938 686.3673 1702.954 0.01084983
413.34393 1960.8152 791.9531 1236.1057 0.010809788
480.36514 1198.4677 421.1603 913.81714 0.010771644
475.71118 1660.7552 491.8854 1565.3539 0.010771512
563.8737 1241.0187 546.90234 730.6375 0.010709867
512.4948 1254.8317 216.5355 714.5626 0.010593688
707.4369 1912.6244 569.1018 968.5608 0.0105168875
356.78806 2534.929 696.6833 337.59534 0.010462839
604.5685 1712.7233 678.827 935.9127 0.010361241
791.5133 1886.185 408.634 735.45374 0.010040688
800.29614 1384.3408 613.5442 1701.0153 0.010034296
706.85583 1681.4076 637.45355 1257.1346 0.009816248
66.95818 122.41636 124.38792 236.26445 0.00981116
269.29837 1492.9979 219.32802 314.77063 0.009779345
439.59546 774.4048 853.42255 1533.5952 0.009716938
444.53516 1903.389 676.0753 1207.63 0.009695521
559.7514 118.75191 294.96185 228.68985 0.009671417
517.71497 164.12277 441.73453 170.35037 0.00965659
510.874 1185.9285 303.81274 874.855 0.009653531
437.6675 2285.158 269.70673 234.41132 0.009436098
564.3926 1985.6462 836.5193 909.1957 0.009422304
841.2684 1888.8245 317.19543 701.2362 0.009412363
547.3785 792.00037 1074.1927 1584.7117 0.00930781
644.4619 1331.1678 721.98663 1231.2379 0.009212007
519.9132 1169.5781 675.6768 901.4448 0.009172504
870.65137 1872.9435 259.19077 674.8083 0.009125922
696.17395 1736.5087 562.1743 1150.6133 0.009064661
550.61304 2445.5945 1086.7976 549.22363 0.008913948
725.4037 997.3015 220.25594 376.75308 0.008870517
695.1028 1750.9209 678.17255 1210.3802 0.008849739
559.50854 610.33295 145.78311 215.86653 0.008839773
813.1351 1151.5092 617.7559 2193.8643 0.008806167
650.532 1921.8302 783.30585 1139.7982 0.00875815
500.8198 1102.1989 157.80098 409.84625 0.0087191705
487.81366 1319.0236 559.22687 1238.8495 0.008685382
727.7432 1053.1763 198.92776 246.61485 0.008653533
484.50256 1407.7732 438.29355 1094.2717 0.008636029
676.0177 2320.5117 153.07149 161.37099 0.008614734
364.45004 2015.1008 589.0836 852.09625 0.008548548
362.04544 1652.5734 678.0957 1862.3445 0.008524024
472.3064 873.54346 725.60065 1219.6263 0.008493572
797.6993 1543.3441 611.9206 1589.0378 0.008455596
496.8569 1149.0098 644.76306 1296.0878 0.008425374
610.87506 1350.3712 400.54657 930.9435 0.0084180785
569.3169 1621.128 250.37474 354.45755 0.008398737
587.29706 1754.1167 508.28546 853.3991 0.008307226
539.502 1212.2742 731.3589 958.56366 0.008303138
470.80988 1193.9404 838.88586 1039.83 0.008244164
652.606 2318.934 193.66653 213.43855 0.008195402
289.46262 1353.9052 555.17505 2508.5754 0.008113089
359.29694 508.10156 524.1752 542.8594 0.008069103
393.71884 1101.6053 755.2744 2131.3577 0.008041715
368.11496 1614.4906 564.25653 1432.544 0.008017426
393.648 861.10535 765.15106 1711.5466 0.008010107
364.6382 765.445 714.8995 1510.1837 0.008003036
671.08734 1401.1117 784.82227 1690.9879 0.00796569
1023.3689 1877.4473 198.43904 707.0777 0.007948782
769.6372 1945.3112 455.33685 916.48016 0.007857376
344.21002 706.5812 491.8893 407.81512 0.007830082
745.5108 1484.104 703.60284 1518.3936 0.0078058857
700.47656 1844.1969 593.1417 817.5903 0.007782384
777.8703 1645.061 600.53644 1499.5508 0.0077549974
492.13373 2028.3748 574.5684 793.5275 0.007741309
580.6351 1243.3695 374.00214 705.40173 0.007728796
488.66718 2491.9382 385.1288 215.83612 0.0077241166
662.1387 1677.6711 849.0011 1859.9042 0.0077214744
460.6441 1154.1011 819.96533 1036.1729 0.0076735835
200.68105 1631.0795 374.37375 597.4983 0.007626614
598.704 1621.0072 351.91983 412.59412 0.007600408
624.4511 1272.6113 464.1299 813.90405 0.007570016
790.36383 1486.8337 401.6825 1309.731 0.0075619277
642.0341 1253.4523 631.8843 1057.5972 0.0075617526
402.12198 500.51807 475.864 553.9003 0.007521956
777.4 1733.9578 572.2237 1313.7972 0.0074946242
876.24854 1210.0314 487.93314 2043.4612 0.0074766697
471.44482 771.1605 246.52072 285.31796 0.007475205
866.3831 1882.8751 282.5499 737.37177 0.007472411
819.0632 1252.6948 588.6771 1976.3579 0.00744512
602.5747 2017.2125 95.18782 133.73405 0.007434236
431.4956 1905.2909 329.90588 560.3545 0.0073644943
448.7586 1231.3069 374.52762 690.8429 0.0073066577
567.4709 1866.4288 400.74905 1111.339 0.007280905
649.9732 1910.6792 866.3007 1149.1394 0.0072575053
991.23444 1870.5602 257.3727 727.73987 0.0072519667
380.55582 2065.3203 723.1801 1026.5725 0.0072365724
717.0378 1790.72 490.23328 704.04755 0.0072137075
483.6149 1097.4514 901.0913 1230.8334 0.0072005135
562.4385 1202.5813 637.497 969.02893 0.0071995626
644.33655 1407.0172 439.3653 864.8009 0.0071824593
469.32974 2040.6046 598.0548 833.7025 0.007182191
855.4194 1614.3674 519.01953 1739.2898 0.0071693873
518.904 1649.8854 582.42474 1556.941 0.007163643
496.01562 2307.3247 189.32628 193.87387 0.007133712
431.60956 605.3536 744.3654 1094.4489 0.0071193893
683.133 1937.3473 242.68192 368.90884 0.007101914
752.0258 1149.7299 296.97778 706.4626 0.007086205
420.176 130.13188 828.438 257.92462 0.0070727603
668.0777 2257.8992 176.52972 240.1886 0.007067753
572.95856 2482.1965 233.09993 192.726 0.007046525
691.52985 1054.036 154.78416 218.5234 0.0070124227
623.18787 664.8833 260.54303 325.2318 0.0069428156
641.42786 2312.0005 45.71419 52.06595 0.0069073504
388.96518 2202.8826 458.51984 464.47568 0.006905754
269.40298 653.6667 284.00598 274.25397 0.006898639
325.26746 1899.8052 610.29926 1129.7335 0.0068779835
799.2177 1218.5206 644.7876 2232.5388 0.0068610255
609.7067 1103.4529 459.34943 684.55865 0.0068312236
642.90924 1987.4097 775.602 884.54956 0.0068041505
329.67035 660.37915 369.47476 294.86353 0.006743766
647.17395 2114.5107 342.09085 518.0119 0.0066903247
419.433 121.35752 633.1441 240.05556 0.006671411
543.36505 687.77905 1074.1521 1373.0554 0.0066565885
937.48236 1496.5422 369.99588 1464.9843 0.0066560176
602.62054 1071.8667 607.097 1174.3258 0.0066388575
491.3107 1319.259 418.43295 1171.5466 0.0066386973
540.134 1211.0615 784.3489 963.7893 0.006632996
620.65265 1244.3899 418.92303 713.7738 0.00658691
851.9562 1371.2175 524.3526 1725.0609 0.006586429
830.1106 1899.9452 447.4311 814.2886 0.006573569
337.72183 1442.3633 634.99225 1271.0664 0.0065662395
762.6185 1278.981 679.5947 1922.2007 0.006562247
868.71075 2023.3502 255.64632 429.92963 0.006558036
320.65536 658.48627 601.07086 661.4331 0.0065439786
375.10284 1476.5961 687.4815 2139.4944 0.0065100836
812.8938 1149.4506 619.9008 2204.2756 0.0064946045
872.7371 2071.4602 245.71944 331.7275 0.0064917533
681.6074 1675.9177 282.77438 372.08875 0.0064905873
609.4722 1197.5634 631.748 1720.7223 0.006472747
505.25272 2441.2883 999.307 605.0889 0.006457558
398.37387 691.1612 352.5192 332.7124 0.006448735
828.2434 1515.7397 331.60052 1406.9835 0.006434773
353.28824 2286.0513 678.05334 828.76654 0.0064215795
653.2461 1673.6495 866.9383 1913.8745 0.0064159352
250.50343 1679.2101 476.8642 1713.2106 0.0063623674
323.25964 1387.281 597.2406 1098.8407 0.0063502127
239.60033 1588.7878 300.92035 519.2227 0.006299656
728.18036 1811.6876 590.691 875.90063 0.006296176
342.3159 1438.1675 649.4546 1666.0652 0.006277575
505.93155 1646.1343 690.88434 705.2233 0.006271061
430.37094 723.4281 835.1271 1432.5582 0.0062568053
616.42303 2078.0916 253.09073 295.35477 0.0062546413
236.27882 1398.2913 446.51035 1051.3776 0.0062441463
167.78563 1736.7502 297.66846 381.3849 0.0062135793
811.71295 1853.9227 509.74634 1005.60425 0.006209517
930.84406 1608.0996 366.3102 1245.5326 0.006206319
608.89276 1630.8214 399.4642 428.3345 0.0061971
303.2972 2331.7102 192.23372 223.81912 0.0061834273
606.0259 1045.9775 412.29047 432.53668 0.006177408
879.3594 1146.8333 494.30923 2238.733 0.0061757513
668.633 727.6772 349.3892 445.93503 0.00615857
441.18265 1092.8905 387.3575 765.30316 0.006150199
380.85852 1259.9896 612.8748 1350.1125 0.0061421427
353.1072 513.8028 402.1172 390.42365 0.0061281547
1004.2035 1875.6257 192.03012 697.73987 0.006120362
1022.5364 2043.0336 196.28525 391.20316 0.0061146794
245.7022 1392.7405 457.91595 993.9229 0.0060985303
450.42398 425.7032 880.0962 843.6335 0.006084964
395.43936 226.04506 776.6109 447.3296 0.006075175
530.6198 1073.8671 627.51917 658.35254 0.0060624275
696.6685 411.63336 414.73987 789.60547 0.006062258
715.87897 1076.3452 767.13525 2009.0127 0.006039336
803.82764 1716.619 341.42505 709.5731 0.0060238275
591.1533 549.1797 34.08589 47.582836 0.0060105883
805.5838 1525.5813 376.28427 1428.5381 0.0059950138
557.1788 1804.0475 279.81873 674.83325 0.005986717
321.39716 653.5216 308.35864 272.48657 0.005985432
594.90515 1095.7203 384.09488 738.25275 0.0059854174
773.9089 1055.9491 124.02964 224.76016 0.005952587
340.14893 1466.6393 600.9979 1976.3406 0.005933879
764.94086 2298.681 358.90042 322.17252 0.005925935
487.14697 1354.8344 244.5043 923.6238 0.0059214197
363.98715 2034.6295 377.96133 1007.4121 0.0059128706
545.9173 1172.1147 522.91046 587.0199 0.0058936886
326.17715 948.76794 619.25305 1334.1097 0.0058922195
175.23045 1736.403 321.70288 403.2352 0.005887406
252.75284 1652.3367 481.04538 1677.8082 0.0058521573
236.05095 1173.4001 430.36008 693.82404 0.0058066817
948.84955 1551.7639 345.34564 1355.1997 0.0057984623
406.45517 2200.0261 355.096 736.9932 0.005760479
639.1769 1640.2808 512.16974 626.24115 0.005752878
429.2819 989.67755 805.4009 953.7319 0.0057246448
789.3297 1319.8035 359.79135 941.39984 0.005687905
504.3822 325.22952 381.5324 471.41843 0.0056858156
535.16516 1144.7991 931.7261 964.7446 0.00567638
434.37537 370.0479 856.647 733.45276 0.0056398814
626.7195 1549.9841 378.07718 739.2842 0.0056342282
436.42215 2320.019 426.18488 707.2169 0.005634196
450.41165 1044.136 842.09753 783.16455 0.005631528
642.0826 1857.3977 254.18864 473.28915 0.0056165094
900.549 1121.994 453.00525 2243.6611 0.0056123747
347.9711 1183.4545 250.31497 561.4988 0.0056076003
738.1027 360.80328 317.87045 629.52496 0.0055973167
528.1499 1646.8097 835.3726 775.60895 0.0055792932
477.0498 366.97354 337.05743 359.9173 0.0055509885
497.2505 1187.3258 121.55117 362.6794 0.005549685
556.1673 1573.0635 519.6515 1184.5511 0.0055471673
1005.49634 1679.0614 237.12941 1108.6371 0.0055408156
629.60846 1355.4584 463.29855 1669.1642 0.005524442
378.1129 2523.7466 284.96417 248.3276 0.0055238632
207.359 1973.7542 401.40356 1257.0417 0.005517298
717.5835 2377.2021 310.70416 360.51318 0.005513495
408.30936 733.5472 421.452 445.53183 0.005505994
656.8972 979.3943 523.93494 1137.2588 0.0054976163
535.0261 457.08627 385.90527 738.33527 0.005481931
781.0333 805.5393 630.5715 1560.0221 0.0054537575
720.29767 713.4738 229.75479 330.94107 0.0054404023
420.3152 259.3132 454.40015 381.88272 0.0054394403
426.5441 2326.4612 161.26811 222.95148 0.005432124
867.94806 1735.2189 205.06026 328.51102 0.005412675
942.04767 1745.639 344.78436 987.7811 0.005408806
235.9068 1041.6 321.06094 431.63284 0.0054074437
839.1887 1670.01 488.93384 1116.5243 0.005392807
391.03418 408.85422 284.80765 254.61482 0.0053865802
708.3516 836.8761 183.88878 202.34488 0.0053845374
648.7023 2317.9255 48.87901 57.679123 0.005362276
680.13354 1095.0562 828.158 1948.8478 0.0053514075
708.83264 1287.3373 774.1039 1930.4237 0.005340221
752.95496 1213.0724 742.4353 2338.7305 0.005311797
249.04854 1446.5864 474.55243 1207.4132 0.0053101573
663.92334 1552.4294 610.09674 1394.0844 0.0053050164
808.7005 1790.1547 339.11267 529.05304 0.005272571
333.52054 1191.3152 620.8588 937.7171 0.005243182
390.28317 1199.699 210.31987 440.49646 0.005241638
965.91284 1608.8853 308.48853 1252.1215 0.0052409866
888.5042 1704.9504 477.10803 1974.217 0.0052215075
992.2506 2152.5713 207.9227 199.14665 0.0052116765
251.69913 751.81805 462.34274 468.05984 0.0052020336
773.1963 1699.1765 524.3412 1794.6702 0.0051981024
528.4303 1651.5162 845.4186 644.85297 0.0051775533
381.77737 1629.9272 462.25757 611.3519 0.0051654517
604.89 2134.2996 285.32318 446.75693 0.0051576113
202.03223 1745.5175 387.896 1878.833 0.0051440895
782.02997 1488.4077 349.85132 710.8405 0.005140935
323.90802 1061.6771 599.6167 726.4082 0.00513633
478.1378 940.42053 713.7895 1294.973 0.0051347762
703.1629 1866.3792 623.35455 1625.3699 0.005119329
826.2182 1852.2849 178.05557 258.87378 0.005119125
815.1195 1911.5482 530.43317 851.0131 0.005081558
492.00436 768.4967 605.2965 574.9493 0.005076835
676.7898 2327.0095 549.2027 606.1093 0.0050701196
599.6972 1277.1885 322.6164 662.2712 0.005069932
681.869 2392.4978 815.79865 630.7142 0.005069884
273.08405 1088.196 525.26825 1084.0657 0.005063005
846.774 1356.4065 545.55817 2353.656 0.005047758
679.3582 1234.0365 229.72142 536.7959 0.0050439253
244.31189 1528.3849 467.86786 1412.0627 0.005038116
862.4686 1804.5138 478.42664 1390.2593 0.0050342693
551.8152 504.29025 1099.5148 1009.5701 0.0050336053
242.24359 1018.2836 457.76315 802.8524 0.0050333166
314.09018 2172.6562 340.1364 541.81586 0.005026136
667.9798 445.8969 451.58588 776.07245 0.005025373
826.968 2295.8838 287.557 263.185 0.004980242
647.2469 1338.0626 272.7298 516.4905 0.0049670786
806.4972 1901.2853 547.14056 836.0522 0.004965017
638.1403 130.85541 318.67163 200.92355 0.004947319
623.179 1132.2148 177.77493 352.80438 0.004944503
332.18106 2084.3206 605.41846 1039.3215 0.0049329903
829.6223 1411.3424 199.75441 319.54413 0.004923959
869.00024 1746.6389 472.97372 1470.0143 0.0049137785
1012.14777 567.34045 278.0041 1141.3691 0.004912058
554.06366 1489.4742 187.09856 272.27518 0.004894896
647.7881 2354.2258 236.43857 363.13446 0.004885304
303.8657 2462.777 587.85284 490.28302 0.004879769
590.98804 1156.5701 369.4751 476.35754 0.0048659923
768.48193 1121.4572 535.32733 1204.1686 0.004865752
751.5685 1873.5471 419.84772 810.47296 0.004854392
825.1051 1867.4299 370.9013 1054.0355 0.004849286
778.606 2229.467 356.2252 537.62286 0.004848977
804.08527 2399.4517 609.973 610.1241 0.0048296414
513.54877 2522.461 397.72052 343.6072 0.004828615
351.1259 2521.586 692.32495 373.22437 0.0048043462
541.2492 2592.4587 1078.9408 290.93295 0.0048019006
741.43555 1958.155 588.8156 1448.753 0.004790839
941.5099 1439.371 366.10886 1583.366 0.0047749076
735.54974 1850.272 664.0184 790.9384 0.0047640656
684.29846 2222.4138 191.88535 308.51215 0.004762709
798.1919 1670.0104 350.52286 490.34637 0.004761089
794.7248 897.2932 627.1957 1727.6473 0.0047580306
510.2821 2289.5308 143.91737 157.17914 0.0047533745
932.4143 2025.5902 350.98264 457.25967 0.0047494806
710.87683 1370.0123 275.94824 456.9133 0.004738525
653.27844 1853.7388 747.6 749.43176 0.0047354363
625.04364 2392.288 170.30275 195.72362 0.00471317
1036.3842 2155.1055 171.88937 257.88715 0.004711864
697.08026 1644.5387 385.96017 615.5235 0.0047064354
446.59567 931.1146 365.28726 482.58612 0.0046878746
792.8644 1285.7415 628.1523 1964.0974 0.0046777534
418.92975 1783.3024 258.86658 328.2998 0.0046614045
290.03363 1611.2673 323.47516 562.40106 0.0046433136
476.5042 2293.8008 169.36578 252.72035 0.0046397164
293.88812 2624.0103 341.07114 170.21286 0.004631701
629.0157 2475.5984 256.74707 242.07086 0.004631215
407.51205 163.88545 201.57755 149.25488 0.0046281363
624.4827 152.48294 243.02042 140.48984 0.0046135844
955.00555 1582.8978 331.5242 1311.7518 0.0046095895
303.29163 1759.8054 549.45795 453.4424 0.004604342
322.14758 1308.0339 329.13794 753.2345 0.004552897
562.3876 250.10144 493.2263 500.60928 0.0045420956
787.3708 1295.0099 682.4779 2471.3271 0.0045089303
286.31934 697.89185 527.29083 349.72012 0.004478231
410.00784 674.88385 471.0601 589.2944 0.00447751
561.17596 2299.7627 1064.3688 853.7778 0.00446908
812.78156 2099.5693 329.2493 613.7565 0.0044613644
132.24962 2309.7217 251.50395 540.97314 0.0044611106
526.85236 1219.7755 1027.1161 1173.969 0.004455216
676.6403 1012.5146 309.40213 484.37857 0.0044521466
612.35156 2249.6416 120.63398 223.67815 0.004442764
457.25443 1105.6301 867.1781 976.6678 0.004433237
719.12885 1741.8301 515.28625 1697.3722 0.0044160234
891.60474 1116.3425 474.79947 2241.8997 0.004411776
1008.4179 2170.4658 212.53537 261.88565 0.004408759
334.90573 1225.5002 621.67676 827.4808 0.0043983855
677.78467 2020.4427 185.91718 410.74844 0.004382759
467.421 1753.4398 390.0202 1714.8608 0.0043748617
581.84296 2470.3206 651.53467 440.23856 0.004373055
882.84235 1490.0383 422.4246 1488.6039 0.0043653757
523.2478 1365.0831 976.88824 1011.16266 0.0043652826
760.3912 581.35535 316.27286 724.5679 0.0043555074
424.2163 2541.2156 841.164 346.0647 0.004334913
979.4845 2062.251 161.306 326.1521 0.0043340735
340.95108 273.0676 245.6421 246.4606 0.0043306756
1013.98334 457.46255 278.0005 920.05457 0.004325777
932.58936 2188.0261 349.84924 453.91748 0.0042957827
673.8594 986.64294 839.62354 1785.7667 0.004287616
901.40356 1850.7164 278.26205 830.059 0.00428753
119.099785 125.44343 227.52231 240.93382 0.004273933
911.7536 2181.3433 369.7862 451.1367 0.004270211
450.21494 973.70685 863.6318 816.70087 0.0042700646
922.16296 1390.9628 400.1083 1689.1505 0.004269647
709.17163 1746.9846 586.2952 1744.6432 0.0042611454
303.70486 2319.9478 200.39954 228.12195 0.0042495457
835.9633 2157.122 292.64185 394.1132 0.0042473814
819.41064 1249.962 472.2063 1033.97 0.0042450605
872.6223 1665.6543 272.07275 1108.4862 0.0042450484
572.5275 120.34945 568.6907 238.53229 0.0042438516
266.73587 276.4039 320.84406 315.92108 0.0042382833
711.49176 2119.318 267.16986 451.36755 0.00422837
717.99225 713.9895 687.7776 1405.6665 0.0042261537
670.7597 433.95187 495.79993 859.7243 0.004217644
415.19363 382.9225 805.08875 763.7005 0.004197687
334.34937 2601.5955 651.72546 229.35347 0.0041888487
162.18399 2128.995 310.22086 950.1991 0.0041729324
446.39948 830.1279 844.17456 618.22015 0.004162171
700.8133 937.7368 232.88873 383.43954 0.0041613327
987.8004 2180.3064 247.07892 294.0773 0.0041476083
456.64478 2448.9688 171.10173 181.88483 0.00414041
398.25388 648.4892 204.02293 247.89157 0.0041320724
519.99347 917.21545 185.66513 265.553 0.004114716
669.67596 1034.4636 382.24652 1053.1544 0.0041143834
603.15594 525.42413 699.2343 1040.413 0.0041109445
417.14514 708.57574 768.0623 503.14392 0.004103055
296.17676 1302.0477 186.89227 269.53247 0.004081145
617.43896 290.70596 410.0471 558.83215 0.0040767905
499.5626 127.09605 719.3937 252.9403 0.004065169
628.24493 914.6627 383.98053 420.23544 0.004058605
557.01416 1895.2316 286.22412 1021.21545 0.0040466394
492.91266 920.09607 376.90512 1232.8318 0.0040334547
406.3147 1336.414 501.3976 1093.0734 0.004030816
350.1274 650.5595 198.2081 230.35423 0.0040217713
949.6769 1705.2681 183.95737 355.3227 0.004016898
132.18925 2357.1523 247.18388 433.4298 0.004002304
72.32354 1586.7916 112.6934 104.56864 0.003990301
233.40166 1483.8513 445.35892 1212.365 0.0039902576
1002.815 1328.7787 289.8743 2655.8577 0.003985159
633.6394 1186.2102 386.55618 551.1674 0.0039800406
739.3518 643.284 239.74295 267.45956 0.003975756
170.92546 1885.4324 326.1191 990.56885 0.0039592134
770.684 1703.4368 542.31915 1699.6656 0.003954913
322.87326 1156.5486 626.195 1193.8453 0.0039511602
378.60233 1204.6268 476.5718 692.6364 0.0039426233
616.48956 1667.0914 583.1193 757.6586 0.00394235
932.1681 2370.7493 375.4735 612.5559 0.003941859
790.2794 1599.9983 399.70636 1743.2887 0.0039360295
781.3932 1731.0948 530.8471 1761.4993 0.0039256993
658.7654 2600.5051 756.85657 377.58267 0.0039253808
459.9701 1672.7231 320.53928 486.68094 0.0039250543
838.58545 1871.2644 375.3863 1085.1587 0.0039237444
914.12317 1264.2971 327.52612 884.4544 0.0038969931
582.48987 1418.9861 289.87576 1152.8035 0.0038968986
841.329 1314.7584 550.38983 2000.9806 0.003888641
742.5472 1454.1315 670.30005 1458.995 0.0038728223
514.8188 1093.8313 214.33994 419.09048 0.0038675552
796.09656 2467.065 344.64572 435.66595 0.0038672981
881.61993 1260.1399 396.13235 1005.7011 0.003866828
866.5813 1469.7798 490.59692 1533.1349 0.0038652266
677.66003 2058.6274 144.33435 197.4891 0.0038633067
219.00998 1758.9662 193.42303 298.84015 0.003851774
865.0669 1405.4678 500.72168 1789.4331 0.0038363447
544.24927 1521.4075 993.0325 2187.5854 0.0038327365
840.65295 2404.3867 243.96335 279.2783 0.0038265407
552.5016 1349.3273 499.2777 842.2146 0.0038238405
895.3144 1344.1185 474.1009 2630.744 0.0038167867
806.8323 729.92566 642.9816 1473.4647 0.003810729
278.21817 2119.0356 286.75256 361.74426 0.0037924394
930.2969 1651.5513 394.09854 1821.7587 0.003791162
275.92722 1328.0608 532.7415 1228.2133 0.0037584568
614.93115 1516.1765 63.4048 115.57295 0.0037568877
310.59003 1589.8766 258.096 410.32672 0.003752149
900.4874 1928.6068 176.99081 277.7305 0.0037323039
485.8832 2527.6409 511.7399 378.50876 0.0037272521
771.6542 1028.7932 511.21777 1064.085 0.0037095079
454.97208 541.64874 918.0703 1092.2286 0.0037062105
357.88788 357.8676 587.27844 630.73444 0.0037036915
910.09863 862.7582 452.55038 1721.564 0.0037009951
675.54974 1619.5905 155.60437 214.15517 0.0036930987
835.13556 2214.692 205.54819 202.67783 0.0036592293
738.99176 2348.027 532.41266 495.26862 0.0036544898
527.1402 1169.2595 214.01485 924.22095 0.0036534898
941.05804 1693.9453 364.615 1468.7657 0.003646115
218.14946 2601.1458 423.1356 234.76526 0.0036454292
475.1182 2619.136 990.19257 229.437 0.003643663
923.6804 1839.5468 413.1217 1719.5137 0.0036395076
316.8033 888.6597 588.0851 914.61536 0.0036382556
290.8665 1614.4949 258.17227 439.68884 0.0036320952
596.16187 2326.9443 131.9784 204.55307 0.0036200772
940.1906 1276.923 296.9303 932.76416 0.0035917624
875.58673 1953.0504 457.7399 1112.6305 0.0035888164
651.4833 1347.5404 751.5015 1652.5 0.0035875312
598.33545 1794.238 566.9966 696.8727 0.0035779949
348.00177 2611.3086 247.72224 197.72658 0.0035740393
439.3126 118.91611 274.11517 242.68654 0.003573963
777.426 1388.1469 650.56445 2096.0557 0.0035693725
395.0021 1895.3815 325.24658 367.2892 0.0035670074
461.65753 2536.3013 931.8804 399.33566 0.0035628239
704.7794 1903.0201 310.6521 777.7769 0.0035463534
928.13116 2177.0732 352.0464 381.30148 0.0035452733
945.2678 1119.3972 374.86328 2261.951 0.0035287093
334.3439 2241.5754 284.30887 361.9243 0.003516364
943.995 1781.4757 355.1205 1259.3055 0.0034997647
476.22363 1642.3983 312.64133 416.0986 0.0034728418
1013.6095 1359.4689 269.0667 2710.6428 0.0034640487
877.91113 2337.8728 464.88736 558.0996 0.0034610394
874.0524 2042.9054 304.89487 803.74927 0.0034494004
959.0103 764.7024 379.71 1542.8462 0.0034474814
865.3078 896.0474 219.20703 380.01688 0.003444383
316.11575 1119.279 613.33215 1003.1521 0.0033966657
975.7987 1762.007 273.02048 947.94824 0.003396546
1013.92175 774.11847 280.03604 1565.5052 0.0033948258
986.8078 1861.1682 158.17854 722.1379 0.00338902
681.5894 2497.5127 317.1849 403.7052 0.0033889909
636.6055 1943.4557 639.0077 1460.4948 0.0033834227
612.1072 1285.4359 877.8421 640.67017 0.0033820563
1018.48865 2538.34 262.37186 399.2781 0.0033786623
165.24394 1049.6364 255.1422 365.74658 0.0033755503
534.3113 2314.622 379.7153 213.65475 0.0033672636
593.1542 2589.2312 174.93555 141.59947 0.0033620335
691.97205 806.6687 362.97476 737.236 0.0033614857
548.6955 1761.8782 528.3881 612.3407 0.0033519429
782.7126 1581.4661 316.41513 784.82306 0.0033442609
942.8373 2052.715 181.14339 355.24268 0.0033430674
816.63745 1960.0217 159.13655 272.7402 0.0033422983
413.60486 2614.7207 249.49545 155.29054 0.003329927
1013.3488 316.5277 284.32785 639.2541 0.0033191624
254.08685 2157.031 309.1236 552.50574 0.0033148366
426.54138 1473.7263 180.27364 264.13934 0.0032935145
253.34227 1249.3904 219.8597 347.5553 0.0032742226
220.95998 1617.9413 296.3387 556.07904 0.0032420612
450.9481 2306.1394 521.63135 582.12244 0.0032399923
907.52484 1350.0271 455.3853 2625.7139 0.0032385914
247.70963 830.6199 284.21027 265.66675 0.0032249175
802.11664 1609.8066 376.75598 1866.2269 0.003218422
824.5661 487.42856 400.76062 989.72107 0.0032147542
793.38 1321.4152 340.10025 711.4298 0.0032147388
716.6025 1919.7368 177.39117 294.58173 0.0032063902
239.512 1169.0697 463.88995 923.1408 0.0031776284
177.41267 2538.1533 316.86932 346.68573 0.00317344
695.3681 1991.5171 176.25316 281.44797 0.0031733147
918.47974 1739.5195 361.12546 1051.4358 0.0031534666
647.4266 2550.6204 583.5567 339.76553 0.0031501797
871.91254 1362.7809 515.15356 2672.2378 0.0031478566
910.3989 1618.7949 396.42825 1303.261 0.003145559
132.43922 2549.4297 214.02757 225.64894 0.003127928
743.1797 463.2435 281.96588 405.4738 0.0031229004
758.8206 1648.0697 424.8066 1751.8861 0.0031187406
981.30023 2509.4084 329.06763 454.89456 0.0031165401
215.45836 2498.2725 229.63211 197.51074 0.0031102546
577.46344 1804.063 638.922 654.3394 0.0031042444
809.2597 2523.0527 358.90717 357.1143 0.003101849
516.9766 2022.2938 260.07782 391.90384 0.003092578
434.17062 453.01947 265.85492 194.06493 0.0030774875
667.4991 106.24753 241.97778 205.38005 0.0030765822
719.54144 1223.1979 180.88387 438.7529 0.0030763245
923.1055 1790.2017 364.4795 1276.9844 0.003075522
935.6839 1282.0511 384.46786 1916.6045 0.0030663118
433.23593 681.1339 152.19476 176.48065 0.0030379854
917.81006 1265.8275 312.1165 903.1092 0.0030362746
833.907 723.5548 554.2632 1447.0872 0.0030344028
448.0534 1034.2999 823.979 652.60254 0.0030286126
560.9726 1360.175 1107.6545 2701.058 0.0030177056
168.14908 1715.3514 259.21082 1711.614 0.0030152176
616.6618 1714.8076 455.2893 587.39154 0.0030100388
1055.2412 2138.288 94.30577 162.7433 0.003008858
959.1774 2444.8904 363.95108 599.6204 0.0030074983
906.9626 533.36084 480.63397 1076.9329 0.0030024939
205.49316 2536.6458 385.6902 351.40048 0.003001829
163.96559 2518.8076 315.20703 388.4825 0.0029963593
205.76297 1091.6791 402.626 1066.8857 0.002975652
885.1523 1298.502 482.8652 2477.808 0.00296941
516.0406 2576.7988 746.227 290.27133 0.0029650594
998.44324 1895.4738 282.85867 1750.7961 0.002964697
193.73212 302.63037 187.15384 207.20589 0.0029613613
1025.8107 1619.4346 199.02306 1230.0151 0.0029586677
81.52458 2610.1938 162.19759 211.52191 0.0029554472
619.39886 1728.0405 423.3208 614.6562 0.0029408433
284.8849 1122.6344 565.0246 1055.7244 0.0029371728
1000.9615 1507.5255 167.09676 390.37448 0.0029213766
547.2531 1851.8746 368.54678 602.71124 0.002919208
603.0716 2263.6338 922.03174 648.7216 0.0029179938
575.1868 1349.5518 132.24068 355.9929 0.0029160439
153.5662 1326.2526 312.0115 2585.2263 0.002902461
899.1491 2302.52 211.2742 185.68234 0.002874874
214.29877 1646.8696 404.6407 660.8296 0.002865564
579.5129 2601.2148 363.5345 245.87067 0.0028637457
746.3457 59.040417 181.0288 113.55897 0.0028491737
290.88306 1092.6078 300.97684 379.1695 0.0028323235
603.58356 89.2978 166.18903 173.68053 0.002827993
540.0255 463.72134 1067.6024 926.74304 0.0028257833
666.88715 1776.252 205.79822 384.10022 0.0028012786
752.1445 1379.7083 564.73096 936.0804 0.002798005
550.96027 464.8347 1084.4043 929.48193 0.002789162
210.36491 140.71127 189.88434 193.98306 0.0027768088
554.69586 2526.4814 202.59338 133.6096 0.0027694178
777.4307 1856.8474 581.07074 725.8724 0.0027687792
1021.4155 1518.6769 214.12503 1440.1787 0.0027649426
1062.2545 2392.7432 193.16406 683.63153 0.002749487
946.4122 2138.345 371.96548 1186.64 0.0027450323
1009.783 2157.651 262.2696 1163.7131 0.0027428363
359.14673 1580.7079 284.42944 384.89514 0.00274138
108.746025 2452.0095 183.28188 522.92053 0.0027105901
667.2629 2590.6738 106.01357 154.47792 0.0027089822
986.3894 2131.8381 282.73026 625.8192 0.002702911
252.53859 892.04944 469.1804 632.365 0.0026943292
1015.2327 1111.7147 273.4376 2243.8342 0.0026895364
898.4976 1610.1989 352.56998 1353.83 0.0026863038
548.52155 2662.6292 1083.8087 157.42188 0.0026814241
888.2491 2345.0667 187.42761 189.53271 0.0026749528
856.961 2341.0527 142.11653 210.99336 0.0026637944
943.11005 2188.335 339.99188 676.543 0.0026442446
112.254265 2608.4365 218.64452 221.78108 0.0026389381
471.46173 2642.067 232.93056 141.88106 0.002615329
542.98346 2196.589 307.2246 401.93805 0.0025723062
713.06665 2560.0745 146.64633 154.06793 0.0025598016
883.3074 1780.2273 261.03006 844.3287 0.0025515084
298.24942 2074.265 299.00098 470.6366 0.0025346014
815.626 2516.371 119.05106 167.64693 0.0025088582
445.00543 2625.7158 857.74817 291.5319 0.0025032489
288.1758 2114.667 224.67444 246.12962 0.0024994048
1004.93243 1810.976 262.08533 1764.8325 0.0024967338
623.88654 1763.5632 695.23737 1840.4727 0.0024925678
489.74176 553.6721 216.51562 274.28354 0.0024857244
628.5301 1723.364 668.8007 1846.5859 0.0024848378
756.9453 2555.3374 169.70119 191.66978 0.0024808755
1014.6908 641.51 279.50104 1300.9674 0.0024807754
363.54968 877.4425 235.75409 211.57973 0.0024753192
558.9183 39.111286 439.6823 77.053696 0.0024659683
1041.7449 563.78406 230.26277 1139.326 0.0024659554
878.87915 2094.103 117.53958 166.69333 0.002454528
1081.757 1790.5264 153.79208 1062.1913 0.002449791
1026.1443 1917.2241 177.6004 308.5828 0.0024327186
919.491 2664.6575 259.9187 145.94124 0.0024288602
950.31866 2388.2505 221.89989 538.17896 0.0024215553
442.52075 2413.2358 528.66907 591.5164 0.0024148617
794.35913 640.6774 453.47684 1058.8844 0.0023949246
1098.6293 2530.8564 103.411095 421.2585 0.00238811
209.39777 2691.936 411.4938 84.81821 0.002384701
552.71906 56.534863 163.46977 112.55386 0.0023736232
751.44244 2032.4834 233.71716 379.69208 0.0023703363
218.29945 1565.0704 316.5646 1888.1528 0.0023685475
709.0756 423.0612 455.38055 850.4777 0.0023650774
807.1185 1611.9558 395.15347 1492.194 0.0023614417
994.8401 2285.924 219.6168 358.76028 0.0023591355
999.7137 1673.6136 236.59955 1110.9092 0.0023588256
855.6533 1723.1337 287.24146 1991.5558 0.0023587819
316.76505 130.01735 140.71625 172.72987 0.0023486074
615.4661 2611.6313 180.22945 237.11317 0.002340511
733.26776 131.89622 302.9458 255.13777 0.0023370252
631.96246 1463.8667 122.57851 148.39862 0.0023276408
866.42676 2459.4658 496.13187 507.10635 0.0023125801
748.1343 2526.7585 193.41469 247.20583 0.0023073119
440.5342 1087.1978 337.54993 1105.4977 0.0023024466
430.05527 2656.5889 265.83173 139.79594 0.0022916945
501.9848 2337.847 549.4951 710.14874 0.0022903255
1028.5175 611.1227 238.06331 429.1348 0.002261947
1034.7706 2586.8687 212.0295 352.49493 0.0022611164
839.8904 2532.8079 318.60153 483.49368 0.002256331
598.1663 1825.8004 281.02655 485.6931 0.0022511885
1060.4025 2641.4497 178.30063 202.22435 0.002249148
194.26357 1765.5898 258.04446 300.2587 0.0022371833
387.91718 2110.187 272.1461 591.91046 0.0022362343
663.0607 2145.9705 808.66394 1412.6173 0.0022314177
569.66766 387.1198 1145.1469 771.7087 0.00222508
909.7667 2546.189 256.13232 329.64157 0.002224516
467.06256 2624.5945 913.16974 296.21057 0.0022197478
1038.8722 2327.7073 235.63309 565.2253 0.0022188344
945.6091 1868.7549 247.13295 698.2716 0.0022164984
242.03706 742.21515 448.5064 1191.2355 0.0022149107
667.97424 918.75977 331.00577 761.6005 0.002212542
1101.0281 1763.5565 112.371056 954.1683 0.0022109887
1079.757 1784.7682 154.72682 1261.7867 0.0022004482
364.13043 2073.5122 199.91528 210.74168 0.002187197
887.95087 2649.2595 325.71097 179.86012 0.0021745265
657.3404 1457.9415 696.5218 1571.2711 0.0021721656
1053.0914 2549.065 205.87978 376.38354 0.0021714992
122.14986 2642.7236 233.22725 164.26752 0.0021713607
1070.0248 2632.0898 144.3215 215.8148 0.0021683471
1028.508 2248.2507 144.01494 150.50447 0.0021672433
1060.4769 2578.4985 167.5832 340.07483 0.0021662414
392.67072 2658.8025 829.0688 195.93945 0.0021633625
645.78033 2686.9004 137.81413 113.2566 0.002163346
1049.9961 2622.388 200.54321 239.01 0.002162956
860.089 2528.5105 201.77083 243.64401 0.002156249
972.072 1557.159 263.7599 1232.446 0.0021536702
988.557 27.087666 314.7708 52.5366 0.002149971
852.7421 2382.5647 570.5851 687.7971 0.0021492224
527.8188 2694.1848 1050.4226 109.741844 0.0021421115
777.56494 185.33223 195.81813 325.29224 0.0021366177
820.1441 2511.4731 184.98732 383.87238 0.0021182862
957.1938 977.01654 238.77185 559.9456 0.0021125767
343.08698 1349.7927 320.8602 1045.7467 0.002105626
916.3913 2694.0417 312.20694 89.889565 0.0021048968
969.0264 2578.663 201.66527 295.5029 0.0020980742
1062.6594 2651.6611 184.79843 181.13564 0.002093171
315.59167 2705.2886 500.0739 69.399284 0.0020866294
1025.9053 298.70346 261.4285 603.5773 0.0020691147
1078.8329 2636.86 131.3638 205.08723 0.0020672823
900.873 2562.9932 229.42912 277.41458 0.0020492617
825.1651 729.2359 576.6676 1015.67285 0.0020469343
336.79245 2723.9749 678.66724 37.37235 0.0020411934
1056.9497 799.50934 182.00896 581.67053 0.0020332597
955.057 1178.5044 330.05362 2137.7712 0.0020308045
640.9001 57.511765 189.65862 111.76784 0.0020263223
1025.8119 1078.4015 260.66882 527.8841 0.0020246357
858.0943 2680.0403 297.1381 128.74367 0.0020216252
792.4581 128.50809 190.33853 253.86676 0.00201789
915.4876 2029.8688 331.96478 1158.4888 0.002016761
489.69818 2627.2725 546.998 216.48209 0.0020160328
139.1533 2690.853 279.60922 98.136116 0.0020117862
877.3857 1129.9067 425.1045 1108.1398 0.0020057915
533.82935 1987.5024 257.9986 728.066 0.0020049957
957.5239 200.51096 338.79993 404.9465 0.0020048534
202.30994 1750.4341 349.96368 394.95398 0.0019983344
786.28046 2570.4526 384.3484 396.6289 0.0019965598
191.50836 2067.4434 259.95044 314.8571 0.0019943034
748.0527 2639.8225 302.74777 203.50023 0.001988549
1054.7843 1566.4573 189.20938 730.3195 0.0019853504
1016.01135 2682.2607 218.31607 169.22516 0.001978578
986.61584 2638.9814 267.62973 198.51344 0.0019733403
990.4574 2639.2517 287.9885 197.75984 0.001970269
964.6142 2581.799 267.06842 303.82355 0.0019657172
563.3347 1362.62 1112.9159 2691.9946 0.0019647595
318.01544 1462.4464 311.529 1711.6633 0.0019554864
1085.5482 1060.7124 150.56343 503.56012 0.0019523007
888.87885 1494.3435 206.46361 769.26514 0.0019403056
229.02046 869.93335 428.79553 1636.3202 0.0019347012
886.2044 1876.6641 378.00156 744.4668 0.0019305014
940.1449 2679.6458 404.31305 124.98795 0.0019303676
804.447 1191.8208 577.76025 2232.8901 0.0019258877
954.1177 2689.3503 385.0827 108.83706 0.0019233704
814.9484 1577.1636 362.06107 1566.7451 0.0019203977
1015.6629 2441.311 203.44547 304.67783 0.001914243
1092.6509 94.15662 135.1647 184.39357 0.0019030845
851.97314 2635.9968 433.7777 214.59297 0.0019012404
228.5105 2714.6467 241.26135 52.573795 0.0018948249
894.7932 355.89716 487.12048 713.9045 0.0018916235
879.27246 2563.5264 452.6031 355.48547 0.0018908934
1021.61536 428.54715 219.12083 397.7871 0.0018858623
931.8169 2685.368 327.34183 109.48902 0.0018790773
478.7516 2632.043 866.6081 228.2754 0.0018777453
1072.9022 2649.1523 138.19353 181.85408 0.0018758472
626.9625 2670.3516 219.76956 158.34604 0.0018734765
816.094 2670.5808 295.7506 139.25323 0.0018699255
748.852 2652.428 149.64897 152.8607 0.0018678157
508.59207 2731.9297 917.2503 24.321688 0.0018454696
884.781 2568.7415 224.29297 280.95285 0.0018452422
1018.5991 475.47647 218.65144 396.17575 0.0018407255
1089.7953 2220.6904 162.57391 320.80408 0.0018378113
299.1983 1325.5544 319.59442 430.8143 0.0018351226
1115.9255 2619.3518 71.27257 245.95985 0.0018295612
526.5792 1440.4988 898.8828 1959.3583 0.0018076848
563.3499 1363.3795 1106.2916 2688.7583 0.0018008102
386.6152 2732.5208 809.1286 32.582813 0.0017985874
1092.6378 2450.5894 149.25003 575.9728 0.00179648
202.38881 2725.342 167.14796 34.89948 0.0017949466
913.96594 2624.4404 390.98593 232.65065 0.0017877409
958.61194 2663.9805 386.92065 170.76672 0.0017846241
765.2027 2640.1953 613.17145 276.74918 0.0017824882
447.8154 19.537306 870.309 38.45154 0.0017820589
255.43414 2720.4944 338.826 41.301704 0.0017810413
526.03656 1995.866 279.6425 630.6627 0.0017771001
1093.9122 1370.0543 136.91144 610.8706 0.0017769631
1090.6228 1978.4857 142.74098 1545.49 0.0017726405
1007.2634 167.94781 285.67352 343.10492 0.0017718035
1078.8656 1380.0773 165.40115 651.1482 0.0017667522
443.16327 2707.9878 544.0962 81.497894 0.0017567705
463.4779 2676.7559 545.489 137.25061 0.0017560098
1024.2058 1385.6073 243.29898 2018.5796 0.001755887
1042.0507 2564.4805 206.47981 392.00684 0.0017371145
1001.3815 2719.8064 308.97046 46.523193 0.0017231051
1089.4059 2641.2236 111.268234 204.73578 0.0017198725
902.0614 2672.591 464.32584 142.72792 0.0017083236
1057.7805 720.61847 162.89175 832.82635 0.00170459
822.56665 227.65083 210.83112 401.44617 0.0017029
1044.6055 1888.1765 141.85414 262.49698 0.001701056
564.2721 2680.605 558.8646 120.7653 0.001695771
923.27216 2666.0051 405.7532 185.38069 0.001693683
529.06177 128.62029 1039.286 241.57697 0.0016835685
599.0614 1971.118 313.6655 480.8544 0.0016835098
1007.3406 125.85919 285.40887 256.33893 0.0016696563
401.16833 2726.3503 210.16441 33.855625 0.0016679245
1005.71533 2715.8433 302.2254 57.97742 0.0016589684
862.11884 2709.0632 301.88614 69.202194 0.001653658
578.72205 2706.2861 319.37204 69.678154 0.0016502197
1096.9607 2105.4866 123.868195 306.41718 0.0016436426
742.4702 1706.6552 356.50922 1585.6965 0.0016386838
1116.3492 2637.9976 69.07617 212.38544 0.0016270874
541.8795 2703.9226 1041.2632 120.093254 0.0016239153
1112.806 1882.9606 96.952286 394.5439 0.0016121715
477.22128 1178.1721 961.2461 1195.2902 0.0016111749
674.0738 2718.1885 126.57226 81.68106 0.0016072952
1041.4906 2463.0247 178.24374 277.34558 0.0016065777
517.48016 1830.7501 572.0994 694.66254 0.0016044528
1015.07715 2681.164 241.87752 186.9181 0.0015985736
461.17163 2709.1274 242.64409 105.52786 0.0015925386
1114.6207 2500.7148 108.164566 473.58484 0.0015806796
1085.7664 629.6018 130.49182 927.90607 0.001570597
812.4485 2718.7703 411.5571 52.6554 0.0015655489
1029.2548 2677.6575 213.05241 129.07956 0.0015403236
402.3119 2723.659 324.2941 40.74662 0.0015240432
982.47375 2679.8135 297.60254 125.51734 0.0015223599
716.9427 2722.695 283.32678 90.57777 0.001506617
660.6126 1962.7858 224.85625 594.4908 0.0015018334
566.44635 1569.2246 736.7433 1434.5195 0.0014989161
493.7269 2698.1333 224.83647 86.463425 0.0014771312
745.0591 2686.636 160.324 112.82403 0.001473724
709.9541 2719.473 196.94585 109.715256 0.0014665477
1117.8926 318.97885 77.4674 660.044 0.0014518864
1110.6238 2659.7578 83.617714 168.89015 0.001444958
427.3167 95.49333 795.3691 186.62312 0.0014422786
1119.2286 1630.5758 90.69951 331.10458 0.001435876
1107.4471 914.1527 83.665985 1070.994 0.0014347011
1044.2635 2496.606 187.01292 239.93652 0.0014321812
868.6031 2684.7573 567.27655 216.5376 0.0014319583
1122.9089 1718.4585 72.91619 551.79285 0.0014265961
1050.1882 165.1656 264.50137 340.93414 0.0014247802
872.7588 2724.4773 361.70123 41.81849 0.0014247313
1022.64264 51.460262 284.63516 104.04664 0.0014244566
57.611164 121.572044 83.02312 215.61407 0.0014227289
1109.6636 2029.2322 101.90918 427.25165 0.0014219797
119.81161 126.93869 219.8371 247.2118 0.0014124614
812.25885 1720.7855 404.67834 1316.0264 0.0014062291
242.45291 54.06139 166.53966 104.02437 0.001403612
1068.8796 2700.686 144.1848 176.49959 0.001400543
1077.4799 2337.3662 174.49219 267.17816 0.0013958645
1030.6652 2704.1956 190.58936 231.85924 0.001395816
1119.9097 1626.5845 84.90626 482.28 0.0013931924
467.1481 2218.6504 271.05463 864.33997 0.0013754574
426.44897 84.02175 788.11774 166.88799 0.0013602717
265.8236 61.126003 122.56714 119.2295 0.0013559607
1122.1094 2532.308 61.67664 435.88644 0.0013530633
315.38687 2363.4883 229.4959 429.7902 0.0013512546
943.54553 1023.11163 322.31265 945.5174 0.0013422205
1115.9642 2679.5146 71.76982 131.66219 0.0013402783
160.61536 40.56567 221.40182 75.502365 0.0013357188
1091.0826 1495.736 132.10497 809.83185 0.0013244093
777.59644 2735.9944 508.95004 23.372309 0.0013225456
744.6534 798.0062 488.94138 1178.6002 0.0013050946
628.2512 2085.177 562.49713 674.8988 0.0012929566
887.39764 1947.7009 503.42966 1153.464 0.0012882174
933.3692 1731.5709 305.06992 1199.383 0.0012780579
604.71313 37.39867 1113.5349 74.203514 0.001277307
243.92413 739.1845 509.94165 1463.0201 0.001271404
1119.7239 2645.31 62.96366 194.8688 0.0012694745
442.77692 1152.0642 126.634636 381.37207 0.0012691958
883.1005 1974.4578 266.89056 614.7619 0.0012670017
687.5161 2115.0933 247.07991 530.05444 0.0012506269
604.8715 1464.5709 471.47464 612.4467 0.0012193628
617.61945 1908.051 293.93073 518.9414 0.0012180117
927.12256 1189.9021 366.62262 1107.7878 0.0012171952
921.49884 2721.1326 372.7231 65.778206 0.0012095775
1078.0248 2717.3367 130.6456 66.929306 0.0012077056
1115.332 2705.9192 73.10293 76.9077 0.0012012653
565.4175 2081.8477 1014.1959 1146.242 0.001191659
595.63007 1263.2715 597.89606 957.4189 0.0011837877
970.94617 2737.2686 243.93256 27.62791 0.0011805159
979.8821 2169.7358 298.3831 1139.1514 0.0011705668
274.899 703.3469 537.00336 546.7851 0.0011596616
442.5807 42.55875 870.07495 83.1291 0.0011345645
585.8552 1987.6832 752.4949 1813.7374 0.0011231285
237.65761 1305.3112 434.2752 2562.331 0.0011179561
834.8887 678.7681 512.51324 1245.4028 0.0011129264
698.34576 1109.3665 493.73923 1217.3517 0.0011031996
603.40424 2745.5945 1067.169 8.45023 0.0010706342
585.3054 547.76013 48.918266 71.26851 0.0010705828
940.6814 1678.9264 245.69687 1090.9875 0.0010528048
1111.8553 2732.9922 71.92131 100.02726 0.0010291517
802.9683 1666.8969 260.57254 1162.5507 0.0010278662
541.83777 520.9612 575.32434 935.8145 0.0010001856
559.5003 1302.2283 435.4209 967.0514 0.0009994445
610.6171 1892.695 538.4034 872.17426 0.0009814912
596.6599 1749.9349 738.4344 818.46643 0.0009752259
1120.5692 2706.807 77.14743 123.78619 0.00097326
747.7987 1443.5457 605.85913 1591.8348 0.0009593561
885.0874 994.0651 519.1523 1019.7587 0.0009450966
734.9272 1571.7614 287.13205 734.0826 0.00094168505
880.5555 1166.7212 413.1241 968.6398 0.0009281381
362.95395 2350.5344 596.21094 680.7322 0.0009225287
876.8249 1497.3073 404.11465 1504.0455 0.00091824913
208.36876 1064.1641 335.47412 1286.4048 0.00088765775
881.5524 1813.6705 259.48563 584.4816 0.0008812753
1147.0897 2730.554 37.9383 55.334312 0.00085554796
540.69086 1971.1056 713.5943 541.80426 0.0008475367
1149.1643 275.52536 19.524895 330.05563 0.0008419509
215.49762 1603.211 285.86768 2004.356 0.00083095074
429.72012 1451.3976 364.9287 1491.5228 0.0008226709
1140.618 2716.582 54.289776 233.77388 0.00079777604
610.2544 1443.168 607.3421 1274.9279 0.00078342424
439.7272 1385.1381 373.38184 1222.877 0.0007659037
947.062 387.1723 583.4427 590.78046 0.00076430116
732.85736 1662.188 522.7806 1443.5985 0.00076223514
696.39465 2107.5957 469.91504 923.86273 0.000738407
616.6937 1922.1185 537.03687 1507.289 0.000725762
805.03186 1600.4863 374.3806 1270.0477 0.00071980286
580.2881 1337.9735 457.19995 1091.3251 0.0007136287
799.3679 479.16446 750.8815 722.3377 0.0007136273
612.9488 1151.3771 438.3891 807.6042 0.00071340095
545.04675 1662.527 433.09583 1427.6741 0.00066430075
901.18243 304.319 559.5408 661.3694 0.0006036731
366.82535 1286.2137 671.4199 738.3238 0.00059945526
604.8084 1025.3317 626.66864 834.369 0.00058313116
557.1956 1131.5205 694.8994 771.6484 0.0005617276
326.0041 1209.901 321.38654 1146.781 0.0005562129
768.11847 1326.921 578.83417 1060.0933 0.0005259033
432.1196 382.02936 991.9333 1003.7246 0.00049498363
