741.8813 1403.2826 1469.9492 2789.9316 0.6538305
740.1924 1973.8684 1421.7864 1627.2839 0.23230335
781.5658 1985.428 1259.0138 1536.1515 0.15624852
743.2508 1850.9723 1397.8555 1830.9944 0.14037417
822.6791 1992.9012 1142.4974 1469.0038 0.12781943
824.01605 2027.3739 1105.109 1380.221 0.115444206
283.27975 218.48688 559.5712 434.46646 0.10586764
1063.7236 2158.693 41.605656 45.163673 0.08560298
408.339 219.44296 809.38947 436.8275 0.07562495
786.0813 2046.9241 948.6516 1301.2343 0.053451356
741.1621 1569.9514 1446.7833 2452.3132 0.0425821
204.09787 206.4267 397.0921 408.89456 0.039210282
814.8751 2179.2136 899.91644 1060.7101 0.03840546
1065.2839 2158.8325 71.91087 76.42642 0.03605898
203.64717 206.95612 397.00085 408.00943 0.035567936
85.9901 2515.5107 166.19025 579.51324 0.034545146
737.23584 1585.8445 1238.4397 1771.6615 0.032128602
741.5213 1404.7861 1464.7556 2787.92 0.028391466
1464.3878 2216.419 114.74601 158.50778 0.026981339
728.8057 1367.4514 1303.3417 1760.7192 0.020036316
820.0698 2321.7832 811.5639 747.2283 0.01971675
965.5208 2033.3154 768.10223 1260.035 0.019546516
836.4631 1793.143 1136.0953 1788.3593 0.018860543
324.6954 1404.988 635.5456 2796.0532 0.018518757
801.1939 1978.9323 853.5315 1013.3041 0.018345097
738.56805 2211.4172 1376.0017 1170.6555 0.018259047
725.57587 1293.3306 1308.2781 1690.4486 0.018180037
887.13763 2530.2383 593.1281 325.662 0.01810794
93.280975 2670.4153 88.36959 83.93201 0.017619718
785.6355 1571.1061 1193.6064 1613.7372 0.017193977
697.59814 1586.233 1082.9886 1493.0173 0.016352136
671.358 111.46247 297.65005 218.09987 0.015580172
75.73777 2484.6077 141.67853 482.82672 0.015393914
665.26917 1452.112 1125.8582 1804.2954 0.015189363
1063.8047 2156.9949 33.936455 38.113323 0.015131077
706.2139 1799.0693 1000.0786 1306.4879 0.015120811
1202.4911 1758.5515 399.1394 703.34283 0.014429709
1208.883 1933.8131 415.545 1035.6876 0.014234933
204.12215 146.11914 382.95346 270.51788 0.013831662
791.659 1920.7051 868.68054 987.4146 0.013667547
734.961 828.4943 1444.244 1633.2645 0.013246273
739.42957 2443.467 1406.63 717.4482 0.013224627
736.0018 986.78015 1441.1799 1930.5217 0.012546923
859.00415 2350.914 928.78467 758.4159 0.012457822
440.68097 1406.6722 864.0983 2776.1162 0.012243732
1374.0256 1670.7544 69.01705 116.87937 0.01172891
639.7928 1314.79 1127.6632 1892.0991 0.01172392
410.03235 350.4205 810.408 695.46704 0.011226715
1073.6211 2012.805 638.50415 1236.7562 0.011192403
865.36865 2308.8958 1039.7744 939.44696 0.011117173
922.10876 1943.393 653.51416 1017.4176 0.010900702
409.90967 774.65497 805.5153 1546.9753 0.010895492
671.05347 1722.9384 1057.292 1821.8763 0.01074454
701.32635 1628.446 1180.923 1362.9999 0.010729843
644.05835 1859.7501 1079.9493 1726.198 0.010548866
432.9089 2052.1455 818.4497 1468.2524 0.010529583
937.97656 2594.4292 303.99777 148.78055 0.010461354
744.697 1597.0848 1303.4788 1244.0057 0.010369278
899.0186 2593.724 404.51578 170.35583 0.009898279
840.6212 2506.864 874.6585 522.84186 0.009865029
1259.1846 1866.4125 275.4627 473.4787 0.009857049
906.3832 2377.8296 602.02527 604.6396 0.009806664
1145.4238 1923.7424 567.4452 1104.3842 0.009628385
722.9894 1698.4447 977.47003 948.867 0.009568438
993.51587 1828.8219 918.57025 1720.4573 0.009500245
727.27844 1126.2255 1385.9276 1483.8201 0.009463442
630.73206 2026.522 852.81573 1403.792 0.009448175
1069.7692 1985.383 705.78265 1385.0667 0.009282495
1123.5173 1912.7639 617.8954 1254.6455 0.009247497
759.6743 1672.1113 1251.958 1079.4667 0.0092398375
411.9146 183.31664 299.79886 357.94287 0.009234539
1083.7512 2143.1199 151.18895 161.26727 0.009177112
481.93173 1593.1096 438.93292 342.83157 0.009100168
692.0859 1640.704 1155.6359 1144.6239 0.009003893
679.47766 2453.1726 1235.1139 687.6379 0.008997563
625.124 1736.5962 892.37646 1436.2412 0.008990029
758.8043 223.14764 1504.9819 439.03705 0.008869721
1233.7554 2062.706 463.0639 1340.8922 0.008859845
862.1572 2093.3682 570.4213 785.8956 0.00882704
1150.369 1903.7467 529.48987 1023.65515 0.008815874
612.7252 2167.5686 394.75372 389.45132 0.008808577
722.37915 1437.305 1060.9562 1289.5267 0.008785198
410.732 494.55084 808.2515 982.7204 0.008698789
1080.1534 2142.2356 232.14478 289.3373 0.00866216
86.99876 1401.7253 167.17537 2800.016 0.008604407
770.99164 245.88675 1532.5189 483.94443 0.008603481
968.11816 1665.8088 958.0484 1692.9218 0.008598081
943.1068 2042.3232 531.0406 1281.733 0.008593428
628.3254 1574.764 1067.3342 1975.2428 0.008578016
640.9275 1488.5934 1034.9081 957.04376 0.008476687
698.88336 1567.5756 1199.2103 1227.3701 0.00847653
574.3701 1640.5615 1030.0872 2217.048 0.008471117
417.2292 1610.949 798.8932 2356.0947 0.008437772
125.18591 205.53665 189.04918 162.29355 0.008416077
839.01074 2319.9626 643.96173 698.7576 0.00829747
751.18445 1591.4772 1266.9891 1089.3634 0.008282828
541.5715 1548.9996 616.7518 598.02466 0.008235868
441.96027 1681.7654 789.04034 2191.322 0.008141845
871.4988 2457.2136 903.7435 638.7287 0.00810954
1184.3677 1696.4618 119.78084 165.957 0.008081462
408.3139 524.0765 802.572 1042.4409 0.0080793565
697.67664 2060.226 797.20905 888.77686 0.008065047
741.544 1817.0596 911.15424 858.8222 0.008032948
1171.7716 1265.6708 38.380226 44.823277 0.008003233
84.72646 1606.7035 161.80412 2391.9702 0.007996077
381.57132 870.677 712.20337 1198.424 0.007987242
1062.9968 2157.6436 29.412971 34.447247 0.00793787
401.68237 2501.9836 696.2571 591.4967 0.007933294
726.31256 1124.3921 1346.194 1362.7986 0.007930998
998.97815 1703.08 896.97394 1580.7183 0.007928615
977.42145 2304.121 466.29523 707.02747 0.007928177
573.03094 1688.6859 866.8093 1424.1627 0.007925162
290.83923 934.93164 569.8112 1854.8926 0.007924877
769.24304 582.36414 1513.1509 1154.1498 0.007891182
696.6013 221.57014 1368.617 439.0535 0.007862157
656.73846 2442.7441 1177.428 704.97876 0.007828171
836.2229 2258.903 548.8258 784.6419 0.007802477
526.9285 1530.3888 624.5595 490.5573 0.0077995537
568.4096 2142.9592 311.96417 334.90552 0.007776852
361.39487 806.35596 537.61896 548.6907 0.00772332
900.304 2243.9653 232.47906 250.04588 0.00770655
285.1452 370.29538 559.55853 733.95215 0.007701257
55.38866 1004.85394 105.4134 1175.1265 0.0077009327
1221.2068 2045.01 483.8051 1313.2772 0.007675929
1055.4094 1660.6345 805.704 1505.0399 0.007667917
324.41275 2502.0627 552.42487 584.8096 0.0076650186
482.82834 1135.0228 308.46323 290.53705 0.0076588555
414.52017 2178.1477 788.04663 1232.8109 0.0076200706
517.4329 1242.6265 939.6987 1573.6866 0.0076112743
1003.57007 2246.9514 441.19202 767.20184 0.007604387
1285.6508 1914.867 336.25595 829.17456 0.007599613
426.72293 758.5338 711.06415 685.2053 0.007573893
1043.6703 1859.6178 734.9687 1080.1465 0.0075566624
723.54285 1122.9972 1361.5154 1348.1515 0.007530462
1170.806 1265.7329 55.27528 63.38963 0.007514215
421.69244 820.5592 731.347 873.9083 0.0074566477
766.27075 219.9618 1502.404 432.13348 0.007418349
354.44458 730.522 558.19147 656.4527 0.0074091554
1116.4766 1582.9056 246.50774 356.31418 0.0073674745
457.75443 1150.728 808.10004 1344.102 0.0073560462
661.31616 1558.3346 897.4416 692.2737 0.007337868
398.16736 1182.9937 543.21594 540.22943 0.0073274006
794.8564 1581.2543 1116.4376 1109.8365 0.0073116436
908.98895 2320.9211 337.54752 405.7138 0.007301717
640.5587 222.1852 1269.5093 437.71338 0.007294065
537.2074 1735.2023 570.5163 639.25726 0.0072914246
88.40318 2716.3079 165.96677 182.665 0.0072737974
639.816 2322.3435 461.08896 688.20636 0.007249444
617.46893 999.17694 1146.0958 1377.5577 0.0072074775
943.4284 2000.7751 541.4837 753.31195 0.007201714
386.63864 363.42102 757.5692 715.9891 0.007196094
506.63187 1724.5048 724.05804 945.8401 0.0071808724
969.8901 2173.7192 436.28668 979.68146 0.0071377927
1048.1194 1787.871 112.12362 120.36068 0.0071367486
229.06613 2511.2026 440.22528 584.1842 0.007133445
1106.8984 1536.5265 217.96404 267.4082 0.007106636
718.4353 1563.3492 1269.2516 1130.8071 0.0071029533
1005.93475 1583.3092 918.0691 1736.376 0.00707548
185.85068 2511.6296 356.10733 582.2549 0.0070672645
143.66924 205.27046 246.57793 189.63559 0.0070378794
550.8767 1775.275 902.35974 1081.7112 0.0070190434
617.5629 1542.0852 981.57623 1253.2808 0.007017106
410.62415 585.7243 806.9422 1166.5192 0.006978214
530.43604 1783.245 587.6575 721.18823 0.0069594146
286.86426 515.03485 563.11224 1021.78326 0.006943226
540.12463 1873.3611 584.9302 967.25287 0.0069155125
956.64075 1671.3827 894.65796 1129.6014 0.006906212
58.416687 1228.6243 110.52202 1636.484 0.006884667
828.38696 2281.17 557.8015 758.9052 0.0068785306
968.55304 1956.2565 398.1607 507.16672 0.00684783
1263.7874 1875.2546 263.93243 374.8617 0.006828704
1073.2225 1657.3428 660.8153 897.4517 0.0068234056
431.01392 1273.8474 648.23157 900.0772 0.0068220645
763.5124 1439.8673 447.07098 455.39993 0.006780208
564.7955 2147.6177 600.189 1107.4008 0.0067783976
627.09436 1102.5747 1161.536 1400.0099 0.0067448462
594.1912 1129.6343 1009.2471 1174.5077 0.0067408727
1077.8038 1805.832 791.34534 1848.2832 0.0067164833
1012.4141 2514.9414 316.27548 280.4586 0.0066857254
817.9411 2199.1038 781.9338 485.01263 0.0066799866
436.8555 991.80304 807.05164 1222.604 0.006677067
120.48755 207.62029 233.37738 394.9672 0.0066622724
723.21704 2596.3176 1320.9899 415.09024 0.0066459402
325.53717 746.2472 464.33344 426.2132 0.0066309595
289.62677 688.97766 568.26227 1375.5402 0.0066201636
601.9226 2034.1907 467.94122 637.49084 0.006603658
478.1683 1217.5144 353.68576 449.8299 0.0065888353
947.43524 1634.1887 770.3538 831.9784 0.006565058
601.8929 1642.0013 1011.9101 1001.0583 0.006561933
528.0537 1464.5518 762.5218 1184.2162 0.006548248
514.1824 1654.4321 253.51123 196.9753 0.0065435073
522.02466 1432.3796 922.84344 1863.1306 0.00651866
501.75122 1028.4644 859.9924 1083.9617 0.0065186108
1110.0037 2262.2212 202.02397 297.5962 0.0065162303
735.87213 1394.316 360.60498 352.09512 0.006437669
1288.2648 1963.1316 362.99042 1012.5498 0.0064355806
552.3119 2140.0898 628.99457 1186.3447 0.0064307437
785.0211 2183.8928 543.7031 963.9598 0.0064271432
413.49338 1181.3914 810.72363 2348.7615 0.0063932715
483.74863 1370.8877 788.0409 790.7167 0.0063703978
265.70187 2048.0269 509.8347 1502.9619 0.0063691842
693.8957 2545.3352 285.9709 298.5312 0.006360177
559.71436 1433.7769 925.4066 812.193 0.0063460916
705.7955 985.3699 1359.6472 1183.5461 0.0063322573
287.7601 541.98627 564.78723 1081.0712 0.006283006
582.527 1286.0652 644.67346 679.7886 0.0062819407
489.54 826.8062 578.49915 518.8979 0.006279227
243.20837 1591.3032 471.19537 2419.6768 0.0062693586
429.4608 1379.3574 810.85864 1934.0408 0.006259332
1007.56396 1451.3524 962.1696 2609.573 0.0062497733
941.071 1713.6552 110.98218 151.35512 0.0062429896
692.5907 1356.5825 1225.922 813.8765 0.0062317606
1298.8807 1873.3451 191.1731 343.48486 0.006218887
762.57245 2536.9893 325.26483 303.88556 0.006191602
1452.4557 2468.7725 183.46793 671.6265 0.006171679
549.7955 1894.9591 527.869 404.73334 0.0061584795
1049.9767 1564.5897 752.0189 1153.9783 0.006150468
1138.3394 1875.2222 674.54987 1782.4562 0.0061229817
515.2075 1117.3015 241.43182 238.10709 0.0060619107
730.42944 1477.1388 1368.2943 1091.486 0.00605671
1036.8213 1963.3107 325.32803 474.5237 0.006044531
556.39667 1999.1427 559.8759 619.5995 0.006000091
307.41772 2381.5386 580.9318 834.32117 0.0059985695
884.9337 1871.0109 194.94868 255.67998 0.00598468
518.717 1647.1251 290.37268 229.49768 0.005969857
468.75232 877.9534 869.2584 1016.8178 0.0059632165
731.0358 2021.7423 659.9856 629.53784 0.0059540938
411.66785 535.9073 808.6459 1068.3639 0.005951771
1009.63934 1484.6221 874.1139 1367.4685 0.0059430893
769.45953 409.9009 1528.1901 815.5173 0.0059410073
674.3266 1879.4401 280.45804 297.2383 0.0059394753
414.1884 411.60638 813.2832 820.6987 0.0059123747
732.1 2175.0183 215.26527 314.2234 0.0059028114
951.20135 1047.0052 1006.6645 1624.1838 0.005876264
557.01056 2069.9214 594.8188 763.9079 0.0058697527
616.5252 987.8679 1113.2147 1060.336 0.0058615976
288.0432 1109.169 562.4287 2198.1768 0.005845406
1026.6813 1230.9178 729.84937 820.2533 0.0058409106
901.25793 2558.6448 180.62985 162.442 0.005802367
218.35927 2120.5142 394.07043 307.36365 0.005726078
736.4919 1999.6847 1361.2571 1563.6329 0.00572131
925.191 1159.627 602.46545 684.3795 0.005719699
1003.8652 930.246 914.99365 1382.4994 0.005719547
609.6562 1027.3208 984.7614 1032.9628 0.005713915
682.623 1733.4678 598.8425 628.5983 0.005703235
612.7986 1449.9429 353.13507 434.86624 0.0056987507
1096.3389 2345.314 237.72662 447.441 0.00567268
674.203 1450.6758 680.78107 1261.666 0.0056590335
721.4177 1545.2281 1349.1447 971.9893 0.005607385
906.0792 2368.9612 523.4458 776.1346 0.005598785
348.97256 1142.2952 631.5647 1355.5886 0.0055905133
333.98566 1172.9626 653.2612 2338.5754 0.0055896547
421.35336 2504.82 763.44183 588.6449 0.0055753947
867.8455 1496.0105 386.55057 453.4885 0.0055721467
551.8147 768.6318 433.23288 507.4828 0.005560006
426.73776 890.7065 724.56274 889.7047 0.005544661
393.49774 717.1622 76.7944 75.28986 0.0055349967
1087.5762 1600.0741 733.84485 1428.7084 0.005520158
1032.735 1281.2915 799.43494 947.9404 0.005514894
807.24866 1497.8126 522.68787 581.61914 0.005501124
1137.074 2241.6057 199.74817 277.84033 0.0054610767
1336.3833 1981.402 275.1187 878.43933 0.005448975
763.54614 1305.7783 670.7446 752.0166 0.005448572
743.22327 1484.6064 938.74585 588.96594 0.0053808023
782.5825 2546.7017 168.0499 208.82855 0.0053570904
593.7945 2501.8352 1033.4027 587.9399 0.0053263237
493.5896 850.63135 411.4247 468.62875 0.005316311
401.45813 1124.8231 490.58835 303.01297 0.0053026136
414.64484 729.5502 325.35648 344.30066 0.0052896095
536.2825 514.135 274.8507 417.1059 0.0052766167
1178.7755 1720.6188 510.44675 962.55396 0.0052574296
892.28723 2233.872 182.42146 212.11801 0.0052561904
553.6577 1015.32117 487.5918 483.41727 0.0052184346
1383.3229 1728.6971 126.03461 250.54242 0.0052183555
1180.9983 2055.4443 559.3981 1450.4735 0.0052140006
1056.0796 1439.0502 866.3277 2662.477 0.0052081593
324.33585 890.46094 531.2237 811.12054 0.005199922
903.78894 1186.3497 638.1547 761.1103 0.005191813
987.9558 1127.5056 448.6708 530.40784 0.005191286
293.6593 631.37103 574.177 1282.8462 0.0051714364
454.5173 807.4218 661.6078 503.1027 0.005143082
109.40486 331.47763 202.91777 180.9393 0.005119409
593.76056 1772.3109 646.5436 1638.376 0.0050872313
491.44058 790.2919 968.4088 1569.9114 0.005076175
1011.8037 2328.1868 370.53268 395.3109 0.005071178
998.8371 2343.2527 445.62384 664.5258 0.0050676526
241.1861 1916.7338 465.17883 1770.283 0.005064648
986.2468 1584.9902 845.0927 1142.8582 0.005058059
906.74915 1501.787 697.2431 1009.3863 0.0050332015
549.6347 959.9846 404.65216 410.835 0.0050120815
773.1892 1632.9615 1203.1509 776.46924 0.005001117
1234.9524 624.0122 611.9174 1257.0109 0.0049703624
1201.7588 1688.2191 168.07549 256.03836 0.0049513723
502.9297 1933.1293 194.87175 203.29535 0.0049504987
256.40308 2394.0562 488.41122 811.0847 0.0049490873
735.1891 2663.9187 1401.1024 283.31363 0.0049372357
1111.8917 1271.7882 513.1967 673.714 0.0049335896
227.11208 2390.281 433.04227 819.77106 0.0049148044
1066.1904 1588.4269 769.2652 1455.5026 0.004898572
905.6189 1874.9948 537.44476 697.45435 0.0048765447
784.79663 1822.1133 470.97076 503.87888 0.004834757
1061.7465 551.7977 941.41 1109.8506 0.0048084497
438.20477 818.64325 815.7341 910.0858 0.0048058466
712.3119 2039.9196 1462.7618 1553.8177 0.004804462
1400.7135 1936.6068 155.43036 771.86285 0.004803439
221.21016 800.4252 429.41168 1595.3617 0.004801028
857.0431 2062.1338 317.0074 500.65567 0.004799709
566.45734 575.6889 1118.935 1140.8976 0.0047818418
287.1706 793.74066 561.6605 1595.3523 0.004763114
1166.9 2456.0427 331.29053 426.52582 0.0047610775
886.6443 1881.0872 215.54524 324.87726 0.0047587194
1175.4415 1878.2925 587.0294 1379.2651 0.0047356877
932.86346 2594.9373 816.4296 405.35287 0.004732453
885.279 1583.4443 1052.6499 1725.3912 0.0047229887
1188.7657 2229.3557 411.3306 559.37286 0.004708232
416.00644 494.76804 815.4255 999.1526 0.0047019394
764.5215 864.16534 138.96216 136.0802 0.0046888357
661.10645 1513.2288 1189.1884 1049.4321 0.0046796235
1087.6925 1536.9886 608.39984 643.2274 0.004670861
802.5729 1617.7063 468.35617 773.85126 0.0046708453
830.0842 2011.4908 302.15912 399.69162 0.0046663294
1039.9601 1649.0586 868.6068 2207.0898 0.0046645827
955.207 2559.6724 201.48328 157.58878 0.0046571144
640.95605 1462.591 851.3063 525.2307 0.004648555
1102.336 1252.1542 226.9855 207.66032 0.0046429434
228.35019 1987.1871 418.08084 557.4781 0.004639958
894.59033 1990.2177 261.78076 404.49335 0.0046320064
1145.6122 2521.0625 207.82101 244.60979 0.00463158
1043.5702 1775.2404 732.4951 1685.0946 0.004596372
836.96576 2628.521 400.344 214.10474 0.0045962934
1040.8539 1646.7474 768.15454 1587.8003 0.0045822323
133.86244 2400.9678 255.02045 800.2568 0.0045791776
516.4953 1413.5975 977.44336 2444.2214 0.0045769527
835.59314 2054.8145 333.22253 416.65118 0.0045714597
1072.2266 1480.3552 741.7738 1282.0052 0.0045655505
946.87335 2654.6045 191.5108 205.77046 0.0045215455
557.494 1216.4141 386.00052 427.2892 0.004510709
822.0831 1727.8523 740.2175 1760.06 0.0045014555
342.09 469.64056 573.32135 482.07904 0.00450077
249.11992 620.6278 485.80286 1242.4326 0.0044856584
954.83954 1536.9697 1019.86426 1544.2288 0.004473289
1140.114 2093.3955 651.91626 1086.0791 0.0044616186
732.7753 1627.425 875.8202 746.81683 0.0044441707
1243.2264 309.84644 591.88995 615.9402 0.004442397
93.3018 2269.6082 178.82451 1069.7897 0.0044234004
577.29877 1219.6743 584.12067 552.8266 0.0044106324
792.7785 1649.2527 405.41553 724.511 0.004407428
824.2544 2493.2366 218.23872 263.35803 0.004331218
459.3311 976.2682 892.8153 1522.6537 0.0043269494
954.7269 1769.5271 747.8122 1669.5826 0.0043136617
649.84845 743.05695 1285.1265 1488.6924 0.004310296
315.0998 2246.9492 523.0817 490.8602 0.00430532
529.114 396.7047 1063.8274 786.349 0.004302171
650.281 2581.2551 918.0193 431.4722 0.0042953175
1257.6807 2396.1953 283.7549 394.26282 0.0042919028
769.46326 213.73126 1490.6539 419.69724 0.0042893607
543.15955 1444.3751 945.7685 1122.948 0.0042874627
501.3219 1368.8813 309.94235 334.61035 0.004283227
92.073784 2141.186 175.80772 1317.5883 0.004279708
981.61707 2078.8179 311.35852 650.93097 0.004274661
1306.3059 2321.6863 271.87955 383.8701 0.0042687347
1100.1649 2024.0137 509.55707 1222.638 0.0042664735
258.7875 2508.7847 313.82016 474.97144 0.004253801
96.50922 2625.9497 87.551674 175.22198 0.0042505246
680.3155 185.1337 299.29935 371.64722 0.004228398
1253.8638 2260.754 190.62292 318.39203 0.004227864
1215.5756 1982.8585 520.65485 1622.8892 0.004226939
371.34622 2056.004 706.5771 1252.7539 0.0042074933
743.8222 2611.0496 914.47296 379.65927 0.004204481
1047.0568 1756.6722 845.3962 2019.7687 0.004187037
1078.0651 1370.8252 488.01904 730.8554 0.004181033
611.8031 915.1239 547.8553 641.2199 0.0041788532
600.6518 108.86591 166.90244 205.26315 0.004177871
1249.564 1457.3312 299.52707 463.5689 0.00417155
916.3719 1786.658 300.60153 345.2031 0.0041698404
1440.6987 2254.6572 192.26889 270.96146 0.004154673
888.1398 1928.63 334.1245 386.7454 0.0041464623
1270.7609 396.04105 546.0556 796.89606 0.004142776
1396.1626 1827.5327 146.47958 494.32104 0.0041371733
1477.5021 2360.7249 149.98547 499.88962 0.00413679
811.60925 2672.593 313.69763 196.74121 0.004111011
149.83276 2008.9131 285.1916 1598.0895 0.0040962123
405.85522 2208.744 771.91974 1170.4297 0.004095401
1207.3295 2412.4976 393.13757 537.65796 0.004084767
572.8816 2000.697 495.51523 1567.0833 0.0040789824
1149.9045 1535.1224 530.77637 664.0011 0.0040691015
803.1189 1209.0764 747.2655 841.8662 0.0040648547
994.46277 1133.2031 439.61096 537.24384 0.0040481198
641.8363 2607.9692 882.18005 384.29858 0.004030977
1057.9755 646.449 884.2487 1164.9459 0.0040027355
891.6976 2350.51 153.18294 195.65205 0.003985269
1081.4794 1427.7938 819.8022 2610.9998 0.0039694845
911.433 1408.6611 368.8472 408.87054 0.0039638854
424.11188 2634.096 588.74854 330.54413 0.0039622625
978.7347 1195.8201 895.35596 1143.5223 0.0039593806
758.02563 2567.3203 647.2881 450.71332 0.003923811
185.99934 2733.3574 357.05347 150.26079 0.003922691
301.0338 254.08714 172.5653 142.114 0.0039106403
230.26128 481.90274 450.6816 972.7709 0.0039103893
539.5377 1517.734 953.5171 721.85736 0.0039026092
1475.0663 2310.8022 156.96844 372.19632 0.0039024353
956.10175 2653.2139 216.00365 268.25 0.0038918713
473.53244 2507.7676 286.40097 354.13107 0.003883781
953.3491 2686.5088 137.27852 105.10872 0.0038760777
836.9202 1034.867 809.4024 958.99567 0.0038619102
595.89984 1533.2028 1062.4823 837.04974 0.0038606764
892.543 1530.4608 458.17926 573.50214 0.003857208
791.1777 1536.5944 536.0832 605.3484 0.0038459182
957.2307 1025.5956 989.63885 1639.4369 0.003837506
938.4397 2558.532 227.39236 171.56303 0.0038355158
1178.4459 2351.749 443.20566 625.1403 0.003830949
506.26526 2552.1768 430.09637 483.40277 0.003819538
912.6124 2150.0112 225.3894 328.1608 0.0038192535
282.49133 217.40184 556.6891 431.67657 0.003817485
1009.95013 2663.0776 372.97375 255.0052 0.0038129957
852.9525 1622.3467 554.2021 502.74432 0.0038011272
407.44412 218.84244 808.5201 434.42163 0.003791063
685.86383 714.40063 312.47552 494.48624 0.0037894426
949.86664 1984.7397 301.4356 447.29102 0.0037880715
785.4398 1945.8767 315.63147 372.19376 0.0037776094
1135.6726 2658.926 329.1809 285.198 0.0037625385
1473.0586 2180.6238 101.99691 249.18677 0.0037610554
1089.9495 1521.2928 675.2843 1084.0752 0.0037248693
1049.1501 2038.9476 521.02985 1239.2272 0.0037173794
1338.7476 2142.6633 260.7188 601.3276 0.0037120888
1242.6849 1645.6627 423.2347 863.338 0.0036908956
282.13287 2062.8071 251.56529 209.6503 0.0036761852
139.90956 1010.62964 270.9258 2091.9155 0.0036364496
499.1422 587.54376 1003.5148 1188.4131 0.0036301683
565.7224 2429.064 274.3951 368.98926 0.0036287508
498.1046 2636.4043 628.8515 323.66208 0.003627537
887.85724 1715.9772 239.3737 321.9294 0.003627456
564.8868 1329.5309 393.2645 583.15204 0.0036194252
627.48865 873.9885 478.47552 646.74054 0.0036163155
395.55722 1588.7056 691.22833 792.08026 0.003612342
1128.8328 1418.3264 587.2497 703.3333 0.0036058123
691.92487 1811.3364 1072.192 1733.588 0.0036009809
431.95132 156.30734 196.35616 224.92465 0.003600057
742.83496 1405.4475 1471.4708 2789.1345 0.0035924437
660.1628 2545.6719 1158.229 506.39227 0.0035896164
928.01794 1903.8629 194.9362 226.43507 0.0035895873
1427.8688 2276.8374 206.60825 329.1624 0.0035789793
1333.2468 2170.0764 238.62637 428.18497 0.0035723094
1367.6134 1800.7219 207.05264 554.66394 0.0035719515
1066.431 1421.7225 840.6993 2722.682 0.0035635533
953.61346 2598.61 120.25452 119.000175 0.003561644
1111.7501 2587.1853 552.75726 426.39886 0.003553907
596.67944 1077.9691 1134.5546 1467.0808 0.003552391
657.17236 2681.4944 1180.1455 249.03706 0.00353739
1056.6776 1470.8 743.0441 1007.8996 0.0035251903
1007.392 2500.4734 159.6147 146.60683 0.0035222918
727.74347 2626.7822 887.10034 387.88742 0.0035203877
319.20798 318.28857 642.9874 635.94324 0.0035168533
686.5735 2634.0847 650.29065 422.59616 0.0035113813
298.92877 700.46655 575.77625 1373.9323 0.0035088647
443.56558 600.19305 887.387 1225.2126 0.0035050255
423.7122 2016.6371 794.2139 1548.2797 0.0034934743
1387.3978 1941.423 153.7038 296.15356 0.0034782619
809.17596 838.53467 503.106 739.2424 0.0034729424
486.7948 2383.524 914.4472 833.5338 0.003472634
782.7874 2715.6365 495.39328 180.90492 0.0034583255
708.6479 2665.8582 208.83127 186.43864 0.0034555935
210.37346 755.83624 305.60718 438.3779 0.0034522503
575.83856 2190.817 239.88701 235.32681 0.0034443685
585.91406 1979.41 469.47003 662.537 0.0034431329
539.48425 1361.9358 912.8751 1008.50586 0.0034364788
813.10815 1276.3867 287.93317 258.3581 0.0034180342
661.6844 929.7085 364.6811 426.12662 0.003411861
528.6582 891.0937 261.19308 206.01042 0.0033992943
1480.8225 2222.159 87.59522 153.37564 0.0033984643
500.87964 448.945 996.6285 891.552 0.0033975067
1094.2024 1411.3324 398.02432 415.31912 0.003386185
197.13394 1389.1927 322.83795 496.0874 0.0033809366
1027.25 1522.3057 786.43134 985.5069 0.0033764087
1178.9109 1409.6713 665.9762 2739.1538 0.0033711095
758.39996 1317.9878 607.9877 922.30786 0.0033659358
560.27386 1120.5587 340.97708 315.99042 0.0033639178
975.86115 1733.7031 694.09985 1493.3103 0.0033619711
820.60455 2723.3408 558.81805 166.83168 0.003354558
695.02075 1733.7827 368.35165 432.12778 0.0033498982
374.1251 1395.7054 650.01404 736.4758 0.0033484956
1117.8861 1249.3348 467.85275 500.32788 0.0033426369
83.058205 2136.9045 160.70964 1354.5619 0.0033238572
189.77524 480.60742 377.39618 977.59784 0.003318877
541.17975 1825.7578 578.5973 1918.4418 0.003301156
619.7221 2715.1084 254.83 172.50897 0.0032998994
734.36743 2642.9685 1142.7892 323.13058 0.0032857445
689.777 620.8804 428.15222 728.9216 0.0032769297
79.08607 2763.7937 134.25537 93.94333 0.0032690647
95.60571 2666.1396 65.014175 74.31971 0.0032648973
271.5286 416.46017 539.4864 846.10175 0.0032623191
648.488 913.09265 326.9222 314.8127 0.0032610404
1292.0939 249.73335 485.54147 472.44754 0.0032606127
1286.6422 1845.602 335.13818 883.1234 0.0032579235
1046.5388 1120.5668 300.27347 340.47916 0.0032474683
819.8641 2735.445 240.99406 132.39258 0.0032284572
425.1381 2562.209 439.71313 435.44525 0.0032168208
399.3392 1841.5703 374.26468 365.81982 0.0032114112
778.2063 2578.2036 200.38754 304.8979 0.0032109683
197.36377 1163.4012 341.77527 698.1195 0.0031988218
373.59155 721.6421 749.48975 1459.5636 0.0031958916
1300.471 1929.5239 143.85176 228.91473 0.0031768265
432.58157 1458.2622 682.9998 1881.064 0.003171567
787.54944 2182.641 760.1129 989.09424 0.003168299
771.4865 1735.5326 369.32394 398.122 0.0031607826
187.5457 1562.144 343.319 790.7175 0.003160344
696.28577 1110.0055 257.26846 286.4043 0.0031441867
980.14764 1419.699 903.25037 1147.3871 0.0031272022
723.79156 2644.3047 681.044 311.01425 0.0031238447
1110.476 1415.1252 761.62305 2705.0571 0.00311566
1197.1257 1314.0681 523.6223 808.9527 0.0031085783
812.64667 2395.493 204.54942 384.84952 0.0031059198
733.5651 2701.9673 1435.9448 213.76967 0.0031024728
544.2649 2641.738 307.69998 309.23886 0.0031014376
1261.3966 2075.569 190.15251 362.82483 0.0031002893
818.41675 1724.5985 394.23996 442.0706 0.0030930147
937.2726 2707.0964 223.42415 182.95424 0.0030916638
468.89548 2661.6267 656.1687 281.55002 0.0030856938
926.6481 1177.3531 618.8462 1052.6586 0.0030682846
1237.312 1989.833 454.5085 1217.1833 0.0030529378
650.67456 2594.7676 972.1113 409.56403 0.0030515247
382.20682 1028.9462 743.06793 1636.8606 0.0030358906
614.68994 1184.9011 402.5388 413.57828 0.0030302443
204.32254 76.25349 391.38483 149.14189 0.0030269586
848.9106 313.90573 583.26013 625.9295 0.003019251
140.18994 771.13025 272.91052 1588.8049 0.003019175
728.3692 2756.0012 466.4666 100.157646 0.0030132327
408.55704 2631.839 516.19354 330.22903 0.003008841
404.1461 132.045 217.05212 242.91277 0.0029971646
874.82446 2191.29 291.0749 440.21643 0.002993489
264.48218 984.99506 377.71576 443.45822 0.002990263
1192.5558 2600.2058 490.22958 409.50137 0.0029867438
877.8762 1068.1892 515.76117 542.10223 0.0029777691
552.1801 2555.0198 883.71094 484.43896 0.0029656487
1018.42676 2673.4133 471.79474 255.12077 0.0029575625
1302.4952 2402.0447 411.3571 793.58356 0.002935934
706.4932 2739.5422 742.777 131.71913 0.0029343783
1257.4027 813.64795 578.7765 1659.7346 0.0029342556
1379.6334 1389.2566 332.75027 2788.8345 0.0029269087
375.233 2697.7458 493.96863 213.37883 0.0029169037
1155.4247 2631.7344 197.41238 225.83015 0.00291574
717.8497 1164.4944 1425.9447 1095.4617 0.0029137933
1214.0559 1616.7667 567.7809 1648.3726 0.0029108785
1154.5304 2643.395 202.24637 198.67592 0.0029063108
829.52783 2102.284 306.61725 462.17438 0.0029012454
692.3775 2287.3164 279.0995 368.6444 0.0028962726
468.99368 134.39236 188.41524 265.7116 0.0028950348
630.2044 2439.9756 242.08823 524.3247 0.0028949606
597.77094 1324.1494 285.79233 305.51993 0.0028922143
552.4716 478.10474 1148.8031 972.3771 0.0028880069
1161.9767 2626.9785 176.04282 216.59096 0.0028833598
465.4152 1377.0502 669.5896 431.8192 0.0028642495
863.3396 2706.0466 595.3513 229.76598 0.0028607107
340.1344 899.19385 662.68536 1388.0272 0.002851364
805.3991 2755.937 587.5527 100.41253 0.0028461192
516.44385 2658.2585 277.3323 261.61313 0.0028344681
1050.1437 2015.0953 140.23181 151.85956 0.0028254406
165.70535 374.1828 336.24615 693.1875 0.0028242937
601.8239 1895.7797 359.69534 559.66437 0.0028177008
453.2801 1740.3787 640.2628 992.9605 0.002799549
678.0062 2716.4778 774.68066 187.94872 0.0027979254
997.7878 2705.0562 175.70113 180.18033 0.0027814433
745.3732 2737.4084 430.02457 141.4351 0.002780244
850.3447 2030.913 299.4777 618.6918 0.0027792156
714.1803 1351.517 1258.4874 786.37134 0.0027668958
430.344 103.60821 839.21326 202.60715 0.0027462465
1480.7307 2048.5747 136.01651 1424.5953 0.002745723
790.8506 2783.4456 417.0926 47.08209 0.002744744
942.59454 2133.1821 206.01764 631.90076 0.002736989
638.3016 1572.9231 212.26846 285.8778 0.0027262243
1032.9163 2703.1792 272.35565 189.62527 0.002718638
983.36804 2699.2815 339.2787 206.35599 0.0027060774
1192.0565 1266.985 557.38806 636.8596 0.002697315
382.04456 116.12686 230.2088 200.01599 0.0026794139
305.75195 52.682713 197.61719 99.07454 0.0026786395
1073.954 2042.5618 710.51685 1486.8431 0.0026741668
855.5181 1953.4598 887.1442 575.97363 0.0026737002
877.87195 526.0635 651.20844 948.21063 0.0026732718
802.91626 1331.238 936.9831 827.3731 0.0026717961
966.7894 46.605152 454.7511 90.69649 0.002668549
1232.9988 1808.6929 535.0672 1958.8748 0.002656092
355.77585 1273.4293 618.9746 935.4771 0.002653394
270.63785 1048.825 513.25494 1004.9692 0.002644671
737.1092 2685.6777 1549.3412 399.15308 0.0026389656
677.8278 2757.6426 1332.1813 102.49638 0.0026336533
730.91003 1023.2484 1447.8479 1291.3475 0.0026283392
521.46906 2556.76 377.71884 469.59088 0.002624431
385.84387 2646.1829 451.37955 313.89975 0.00262299
903.48914 2576.7053 1260.8984 472.3796 0.0026179673
1418.9521 2641.026 232.58304 326.76938 0.0026121296
479.9886 2211.7263 436.60538 390.3477 0.0026059304
939.38416 1234.5393 713.9954 746.3711 0.0026039716
703.0283 945.1087 825.4327 1048.846 0.0026008128
1137.6488 2711.6626 273.58807 177.99394 0.0025920318
553.0939 2201.9663 195.6101 232.45412 0.0025749
1029.0178 1129.9001 537.67505 692.32684 0.0025747567
1444.6268 2633.2935 188.59726 342.27325 0.0025713327
1451.9229 1398.1063 189.6777 2784.5046 0.0025605552
1055.9768 98.938835 924.93774 196.8653 0.0025510227
1312.8639 2044.7323 169.37247 239.02583 0.0025501954
742.5106 2782.298 479.98886 56.809494 0.0025475903
63.30328 1517.7756 119.456024 626.3861 0.0025441635
1454.4215 2603.2324 179.5594 402.98288 0.0025436806
1478.3105 1862.396 140.0817 1823.9197 0.002534523
704.7437 1543.887 574.87506 763.9976 0.002521928
1351.2635 2563.3792 297.54285 464.60617 0.0025195794
1143.2711 1075.2452 718.02637 749.25134 0.0025193323
729.17377 2141.6426 205.53339 305.1096 0.0025110492
1379.9927 1840.4452 189.97014 472.58542 0.0025059222
568.2717 2715.1145 402.79428 168.56075 0.0025052666
1324.337 2460.3972 264.22058 673.77576 0.002502938
1216.6079 2085.6907 435.03336 1438.1935 0.002496628
55.787495 1326.3367 104.93093 607.1247 0.0024932174
714.816 63.19955 333.77243 123.07281 0.0024646923
694.7368 684.55536 312.05972 491.90125 0.0024645706
1313.0178 1898.2716 419.3328 1517.7722 0.0024621463
137.50725 2756.2837 80.04915 118.05121 0.0024533593
657.3631 2736.251 1205.7113 149.16122 0.0024499204
1107.4094 2008.6777 494.9834 1293.4829 0.0024469784
1207.993 2628.83 199.71364 218.5568 0.002444804
478.886 125.551 215.35632 230.89311 0.0024274762
149.5354 2742.834 98.93813 113.57989 0.0024263496
1507.4509 2483.024 107.58032 710.01245 0.0024241854
1290.6562 47.94044 502.8665 94.27608 0.0024214655
1354.4542 371.17142 368.88937 752.5975 0.0024203623
1015.8073 2020.2794 175.29462 281.3623 0.0023792903
1219.8536 2604.5293 198.37726 217.7849 0.0023708674
1264.0752 577.9698 498.76395 844.35956 0.0023689296
1218.6681 2263.77 284.44232 661.5724 0.002365954
1031.6412 1725.029 732.342 1483.1237 0.0023505623
1003.5195 211.3183 431.86646 365.68732 0.0023440209
1369.3467 907.41974 390.98535 861.3755 0.0023344639
1101.7451 2711.325 526.8016 185.99825 0.0023309118
1042.3966 2617.537 234.65892 281.44504 0.0023289875
1246.9581 2484.526 179.28612 221.21616 0.002323463
324.4153 2748.2146 374.31012 114.99576 0.002319304
408.10876 50.048084 832.5709 95.784195 0.0023154148
1331.873 216.38513 374.4419 431.29724 0.0023138523
658.16425 2757.09 1164.9718 95.31107 0.0023077764
863.2838 1313.0251 979.15845 643.717 0.0022946368
1447.3346 2158.839 220.37881 349.15533 0.002289674
455.52405 2774.6494 668.7634 67.94665 0.002281725
749.21185 1410.1482 1477.5216 2777.219 0.002279312
251.10725 39.539337 181.09892 74.51303 0.0022766623
569.2213 2742.8196 233.92279 123.19985 0.002275773
1259.4746 1313.3773 447.79758 550.85443 0.0022700345
1427.6371 2316.2993 175.87271 218.4318 0.0022664205
608.4688 2719.4224 1108.0879 176.78676 0.0022639397
1486.8064 2379.301 160.06195 277.86063 0.002263045
1465.6681 2714.158 182.53427 205.97572 0.0022570235
1411.266 2236.445 128.94435 218.8371 0.0022555764
49.659966 889.66626 86.49939 965.71497 0.0022434134
199.82124 2720.881 353.3371 168.74854 0.0022419281
869.7831 2772.3052 419.1236 70.7918 0.0022339819
518.8259 1751.4296 425.00342 331.96173 0.0022331956
1419.3906 2667.4512 268.13144 283.76495 0.0022224584
849.3356 1360.1039 736.2514 944.11346 0.0022157223
62.302498 966.3969 106.39163 368.20053 0.002214367
1140.6084 2723.5725 312.36005 162.4969 0.0022100003
764.95886 2532.162 469.7861 522.00354 0.0022091833
1182.5634 2134.7551 451.07294 1425.7272 0.002208616
485.09875 17.180378 633.0059 32.883984 0.0022080757
1015.05334 1752.573 722.8926 2077.279 0.0021992696
519.8411 1924.2174 480.15793 544.135 0.0021935136
1475.7241 2506.9104 167.754 347.49063 0.0021881494
1437.3243 910.05225 229.0205 1778.918 0.002180661
1488.0037 1722.7219 133.507 1136.8431 0.0021707779
219.0929 1830.355 403.34482 1933.8439 0.0021707388
1324.9686 2165.0408 325.89932 426.24194 0.0021645247
602.144 108.466385 382.77713 203.89717 0.0021579023
1324.2952 2356.1453 300.3613 432.48203 0.0021565936
1480.5518 2655.8247 144.91345 303.32144 0.0021524646
221.90564 1072.9158 279.6196 194.0985 0.0021511693
1420.2848 2737.8713 273.28564 159.62236 0.0021417313
1259.8691 2760.7327 230.63402 57.764725 0.002136454
736.471 2098.3896 1439.4302 1516.5742 0.0021292688
1018.6607 797.2712 341.01956 324.3899 0.0021267768
88.34561 129.47307 167.01097 251.80595 0.0021250118
1288.3007 2722.8303 289.05545 165.21269 0.0021231873
1315.4795 2419.5227 347.8892 760.5143 0.0021206753
370.39716 1589.4159 632.91943 2387.53 0.0021090042
1100.297 2186.4104 283.5886 530.8502 0.0021051744
781.8882 23.51015 1519.5957 46.841927 0.0020935116
1470.3623 1621.518 168.41602 1036.4044 0.0020897505
675.15625 2776.782 977.6786 65.47424 0.0020867547
1442.9434 2727.4568 215.40045 172.15602 0.0020862145
717.59534 67.22333 291.77448 135.08878 0.0020782868
721.608 2777.1602 344.53082 79.871216 0.0020779634
1184.4203 2096.439 404.17746 1306.4543 0.0020756875
1044.5122 2299.9446 544.18555 640.6285 0.0020672951
1147.2244 2732.0525 318.1052 141.02087 0.0020670365
671.9617 2660.1353 374.26987 295.81845 0.0020667503
1442.6819 2723.6472 186.14864 176.21194 0.0020663098
1367.2406 1089.2284 354.49118 634.3127 0.0020477518
1420.8954 452.0885 224.35663 761.8161 0.002041012
1066.0499 1255.9642 778.4928 923.232 0.0020389305
1009.8127 1393.0906 842.8812 956.3288 0.002037983
1322.5432 2595.548 245.85876 426.82864 0.002034396
1439.0873 1956.9211 84.311966 233.89185 0.0020322015
1424.8594 293.11465 200.70244 601.14136 0.002032157
1406.9438 521.5095 228.94354 583.5612 0.0020291922
403.27582 108.91033 795.3675 219.1092 0.0020258327
1399.5905 455.36655 227.75008 564.3724 0.002024921
1493.7516 1880.4178 114.899315 550.718 0.0020237581
1475.8997 1615.7932 143.75658 2352.0886 0.0020171423
943.1037 2786.723 303.18283 42.35792 0.0020154899
1301.6187 2254.4553 280.38217 644.5481 0.0020135352
710.2046 896.41736 1407.2557 1114.9872 0.0020123858
1088.3231 2666.713 426.87033 308.75073 0.0020105583
1329.8185 1466.1067 318.1654 491.3723 0.0020048097
1433.1385 372.67712 200.70074 536.0137 0.0019996224
1324.3058 2145.5566 364.52795 810.48584 0.0019994208
1238.6116 1824.5087 238.58011 488.8243 0.0019989384
999.5589 1983.6785 684.8092 1560.107 0.0019897958
1433.8206 2427.391 217.30666 494.79446 0.001988073
1413.9656 2745.2537 221.75162 167.03865 0.001986045
1341.1499 1041.5713 401.27097 825.25977 0.0019850582
860.0561 1165.7827 804.3022 733.6318 0.0019837099
272.55988 58.086216 314.94495 111.24417 0.0019823555
698.942 2791.4055 458.4649 35.081566 0.0019732174
413.61923 18.94871 823.2524 36.02048 0.0019675686
1224.317 1815.4958 499.50687 1975.7472 0.0019580845
1497.2294 2656.6792 87.57584 292.18716 0.0019555115
472.68723 85.06129 641.10913 166.6147 0.0019537879
1473.8341 2690.0913 129.98784 237.90633 0.0019481167
1401.0935 2594.7505 294.02985 403.32486 0.001943311
883.8243 1738.7518 987.13226 666.32806 0.0019392789
1319.2312 113.8622 491.27292 227.42915 0.0019385352
1357.2904 1250.9132 349.9604 548.618 0.0019335726
1460.6294 2620.976 197.55095 350.50443 0.0019323906
1328.2218 2548.0364 434.34784 538.3853 0.0019317967
403.59537 212.60374 809.66534 425.87408 0.001931631
274.61246 332.2352 522.7765 216.63768 0.0019226667
412.35446 20.574533 804.7042 39.041225 0.0019226639
686.06775 2627.9043 336.52106 339.43277 0.0019219769
1472.6395 2709.832 134.4258 213.23866 0.0019217636
226.88104 341.37476 316.69052 181.40916 0.0019152627
1345.0682 2579.8508 251.1033 386.47556 0.001911329
1390.7793 2174.9756 196.54988 327.03394 0.0019099422
653.3034 1460.3309 584.0419 569.9289 0.0019017471
872.6901 2677.8704 578.8895 248.14587 0.0019007816
873.1784 1912.2045 351.34308 442.42493 0.0018966836
748.6256 1474.7224 1380.8307 2724.7273 0.0018939972
1430.0569 1247.3699 215.10133 531.59283 0.00189189
1121.5564 2770.364 336.45895 75.02618 0.0018836923
1114.7192 2707.838 324.68704 192.80336 0.0018803611
1230.7408 2753.5002 237.98709 114.174126 0.0018754882
1435.8472 915.7827 205.56143 635.3464 0.0018707784
711.7629 1650.1234 521.30273 842.59656 0.0018639624
1184.8546 1203.6033 701.63416 1097.913 0.001855105
255.68942 1618.1453 388.0859 2317.8987 0.0018511968
680.78687 37.0718 321.9844 71.26645 0.0018413118
1229.1191 2152.103 341.04437 1297.6912 0.0018385813
490.87402 114.58368 188.42857 221.45795 0.0018381402
1267.655 2781.0637 543.20807 61.968075 0.0018316007
1423.7782 2777.195 250.23047 69.12557 0.0018303894
1490.5667 1636.6248 125.46939 1547.245 0.0018205531
40.389786 2469.331 78.57887 656.3806 0.0018115297
1176.6763 2722.3564 333.49625 170.67792 0.0018031613
1355.4086 846.4719 346.08752 667.8391 0.0018001521
122.99987 17.272501 274.99146 35.01365 0.0017943787
1437.6799 1225.3851 312.5198 430.60486 0.0017871939
1139.3171 1328.8766 554.1801 516.3176 0.0017860178
1063.1877 1592.7056 735.0155 1709.409 0.0017732827
46.763763 1558.7128 92.73616 2489.0642 0.0017721596
484.77512 2712.7324 476.45206 190.73964 0.001769298
991.1367 2795.9434 123.04456 25.800894 0.0017585402
655.5215 1856.8824 463.24088 1164.2955 0.001758392
1340.5009 2696.953 305.57483 237.77007 0.0017539422
1328.4395 1205.491 390.22638 522.30927 0.0017514611
457.88953 115.314255 189.80121 221.3749 0.0017498302
57.436607 218.21155 112.721886 429.25696 0.001745782
1363.2732 2261.8525 311.57214 350.0179 0.0017340158
1430.9364 1386.4414 234.95192 1007.6571 0.0017295148
649.28577 1648.4087 508.4469 760.52075 0.0017292489
349.99368 33.107685 289.14395 63.362377 0.00171335
1444.8219 1375.5332 210.16838 427.39102 0.0016981266
1265.7954 1842.6627 524.75977 920.3812 0.0016860956
794.8623 45.054703 1490.8456 91.31185 0.0016811194
1386.1703 1371.1914 283.43402 527.60016 0.0016758043
1466.3462 730.6968 139.45398 800.95447 0.0016693335
750.1352 2776.013 726.7765 78.829185 0.0016679396
131.55424 204.0709 127.19067 123.5396 0.0016625236
870.83435 1978.8165 385.7208 555.7877 0.0016558085
95.782005 368.6055 160.46172 134.70755 0.0016511101
1410.0198 2314.439 270.8036 1084.3702 0.0016495066
1462.4196 1071.3971 166.28345 1158.6024 0.0016421503
561.65717 2784.2498 410.96793 90.258896 0.0016401275
1506.8723 2692.857 75.31685 232.36566 0.0016353918
1354.476 2517.447 187.30234 268.2619 0.0016287636
110.7023 575.79626 185.38417 243.45197 0.001625125
348.91595 1286.4321 445.88922 784.0075 0.0016219004
396.82727 50.858055 765.9923 97.06716 0.001621675
827.9327 1970.6486 1158.8859 1555.8082 0.0016094821
1188.3066 2145.5044 514.74524 1293.942 0.0016082489
392.13947 34.05486 757.3011 64.78462 0.0016066824
1429.7711 1378.3646 251.21736 373.12994 0.0016031793
1342.3715 2791.471 397.7709 38.120518 0.0015881005
1451.7961 2777.3079 176.34297 60.145584 0.0015821854
558.9657 2086.203 582.31964 1425.1053 0.0015707765
1326.0927 2795.6772 466.723 34.91968 0.0015682321
1028.9242 2772.0442 596.94617 82.28696 0.001554114
1463.9955 2776.4026 135.5928 59.711872 0.0015509541
486.0498 1433.811 723.21173 1674.7141 0.0015491283
995.4911 2738.663 448.34094 166.49907 0.0015343941
163.47644 2779.1401 280.68906 68.46736 0.0015303341
1452.658 1787.6873 199.6586 431.48416 0.0015147872
1501.7821 2755.861 77.671776 105.51454 0.0015053233
1490.3015 1503.4197 126.87257 489.65417 0.0014937373
981.108 2789.5945 251.09373 201.8066 0.001485568
587.188 2780.2065 432.24435 110.917755 0.0014835225
269.7859 52.781696 544.2413 102.2783 0.0014768969
1417.6011 1339.815 253.48253 946.3962 0.0014678611
1277.8214 2797.8457 222.30923 42.373226 0.0014660702
274.39322 213.42691 552.6214 429.6883 0.0014420829
1404.7249 2796.358 301.24255 29.207005 0.0014409963
503.42084 60.937325 164.63795 111.96182 0.0014404188
1506.3994 2704.0347 78.19271 207.43573 0.0014346199
1504.561 1754.3458 115.76517 607.0568 0.0014300953
1127.8696 1910.312 409.61362 682.4482 0.0014142104
1510.1057 1073.7527 73.27822 623.9873 0.001412224
1123.4213 2780.68 281.4952 66.79683 0.0014108925
1455.8528 2782.4714 150.07825 63.335167 0.0014034703
671.35895 1685.5721 1155.999 1955.6093 0.0013954624
1523.2316 1513.2887 58.073074 2456.2935 0.0013864975
60.877285 93.63907 117.256935 183.2346 0.0013796989
26.040134 1569.0283 58.947746 2455.2278 0.0013786743
1502.7822 1727.5294 94.78429 511.77997 0.0013738752
1415.2267 2799.9685 253.08177 31.740807 0.0013710454
719.0816 1150.7773 1325.4233 923.3464 0.0013628049
765.12305 2670.8906 1402.9795 288.1231 0.0013594772
1239.6548 2212.5835 598.2238 1158.3473 0.0013541004
706.11414 759.5506 1382.6217 1260.4547 0.0013396752
902.4463 2774.5713 316.8602 84.25458 0.0013356189
1459.9321 2784.156 221.5027 72.64145 0.0013346658
1523.734 2427.384 51.04971 465.72098 0.0013326807
1523.2979 2649.3064 51.228874 318.01663 0.0013141505
737.95 1016.0976 1415.4288 1142.6678 0.0012827843
167.74495 365.67816 168.24373 114.19068 0.001269761
570.7122 1702.0704 610.84045 1294.6298 0.0012667677
127.82505 332.58176 142.4648 157.26926 0.001258315
112.38277 2545.1484 192.04144 509.71127 0.0012578359
568.3255 2588.642 843.9895 426.81833 0.0012512816
1400.046 1683.3588 155.48128 231.66483 0.0012469206
1411.2313 1489.1323 289.96045 501.63608 0.001240731
275.25836 1907.3063 344.74442 1346.7151 0.0012366894
152.47458 1644.0869 297.35736 2287.162 0.0012148567
62.068844 1592.4567 121.592896 2411.2612 0.0011868168
779.3236 1403.821 1148.4197 929.8006 0.00117053
756.8993 2809.2842 491.6485 3.7949488 0.0011043051
1443.1663 2678.8213 295.65277 243.84874 0.0010887033
528.7031 1625.6119 512.8412 649.79895 0.0010765309
94.92116 371.6152 116.1506 135.18742 0.0010661595
1537.8605 1538.6462 24.060421 1389.954 0.0010643302
363.72794 1399.723 712.51056 2775.3699 0.0010579837
313.76517 1402.6375 622.37866 2782.191 0.0010497055
1302.6024 1593.1256 532.89417 815.74335 0.001045007
1530.7555 2760.0417 33.659706 111.287346 0.0010444864
427.87903 1850.4911 540.92096 856.0069 0.0010224393
550.86346 1741.717 501.10767 1094.4261 0.0010093839
253.78099 1403.6405 496.88992 2792.3345 0.0010075888
913.9774 1889.495 523.59393 803.7383 0.0009695192
773.7312 1559.6805 632.13184 762.20435 0.0009592935
1110.0768 1593.3354 685.3223 1447.0581 0.0009495658
624.1743 1097.7498 881.32214 868.6869 0.00094288634
289.95996 1479.6543 389.53812 1772.4058 0.0009398642
1376.1412 2538.8018 512.0107 576.8594 0.000926237
1314.7538 1074.9977 623.36505 922.3058 0.00092528266
1295.1509 2315.8518 210.18452 1028.3077 0.0009182522
520.8457 1831.8534 358.57602 1693.243 0.0009002031
1095.185 2216.1873 500.32028 1163.8004 0.0008910253
970.48773 1490.4095 683.6701 923.8359 0.0008726103
1529.075 2785.3179 35.71617 49.726746 0.0008709315
703.6231 1802.0702 453.8255 1398.1417 0.0008552876
643.0264 1714.1451 744.80115 774.1163 0.0008474281
1545.5645 1595.991 8.313113 1043.427 0.0008338304
733.2854 403.70227 1410.6422 795.15564 0.000825687
721.8878 1847.5038 579.6817 871.15625 0.00082476693
740.44055 939.1647 1341.6245 1054.4596 0.0008024303
958.7093 1280.305 931.1179 907.5418 0.00079898495
811.4736 1571.4779 647.81464 763.37213 0.000797409
1107.639 1925.4094 654.58307 876.9141 0.0007192083
1535.2892 2594.6882 71.74099 295.5368 0.00068895565
1083.1417 1726.6407 802.37933 1981.6968 0.0006722695
765.71857 406.6389 1337.0646 853.778 0.0006698533
862.88074 1890.7633 961.38043 825.0058 0.00066327746
1329.8474 2449.4475 566.042 739.437 0.0006571052
746.7948 1574.1981 826.82635 697.1994 0.00064056873
1269.2657 2488.845 770.3045 700.4519 0.0005943023
1223.019 2336.7053 584.2094 229.53291 0.0005775845
987.7213 1707.1938 578.4251 716.8253 0.0005668854
989.14606 1802.8578 670.6765 833.8002 0.0005601686
1192.7592 2706.969 615.55145 248.12413 0.0005418283
1128.3555 1511.0698 724.16986 1018.9095 0.00052966044
1342.574 1824.7559 637.4517 747.1044 0.0004992704
1106.1305 1788.1263 634.7336 652.44366 0.000491566
1040.8871 1741.899 553.044 596.504 0.00047699167
1264.748 1695.3314 615.56976 654.9077 0.00047270078
679.19507 1462.5582 1363.613 849.1846 0.00045778678
758.27167 1607.3512 1278.4839 734.82336 0.00042808254
