496.67203 1468.3398 984.64496 2927.0422 0.7532003
498.7088 1747.5265 987.8862 3489.037 0.10859596
462.15375 1975.221 914.2616 1831.8134 0.108026445
470.72153 1733.3046 864.69104 2047.7262 0.05790936
455.17438 1989.3987 867.37616 1589.3121 0.05598238
459.00204 1861.032 908.44415 2046.9283 0.051187012
480.65155 1695.8844 813.1778 1766.5366 0.049857333
499.67548 1366.1799 787.21893 2144.2292 0.032303687
526.0583 1288.6836 766.3186 2042.2567 0.032089565
466.3042 2441.525 921.7613 943.54785 0.032056008
496.08398 1463.3123 980.45593 2918.05 0.03162604
457.25275 1923.1414 814.75183 1401.6484 0.030992817
435.53897 2444.2583 852.043 927.6047 0.03022086
505.46985 1480.5643 749.8489 2216.3508 0.030093767
521.5765 1581.2833 729.1718 2009.3391 0.026189318
264.3264 1458.9995 524.10815 2923.388 0.026063746
491.24557 1328.899 797.74646 1798.1875 0.026017535
306.6107 1451.4498 602.28076 2910.4753 0.025936196
474.72757 1103.7174 862.9959 2019.0171 0.025648544
263.8065 879.44214 520.4438 1759.8901 0.024045236
463.62766 1784.4275 849.7649 1406.0931 0.023929564
58.355923 2707.7722 116.41322 448.47916 0.023662945
463.29254 2306.4631 915.9615 1225.4846 0.02272286
530.7989 1897.6786 670.7793 1366.3955 0.022688085
538.87683 1215.6943 748.34973 1859.557 0.022170689
22.61989 3194.6492 44.691143 621.24506 0.021778287
470.52322 1590.6903 870.9768 1587.9746 0.021359915
511.64597 1483.129 750.04095 1367.9594 0.020615427
532.84845 1171.9111 687.02264 1739.1632 0.020153312
423.7106 2340.9807 835.9464 1133.3698 0.020059774
431.3092 2528.6216 830.16895 766.24963 0.019875126
25.688341 2847.036 51.62186 162.48723 0.019513791
482.8903 2299.4468 951.8396 2199.6917 0.019306177
381.36658 1310.1398 697.21924 1969.5923 0.018541487
473.56998 1064.6522 904.7918 2052.606 0.017967118
455.81363 1064.0006 779.6448 1741.8013 0.017748514
391.0458 1496.148 724.2532 2225.3123 0.017605947
479.55835 1067.1003 923.1841 2064.4849 0.017410366
469.87973 1715.6503 824.07965 1113.4497 0.017280212
925.76 2111.646 146.7015 233.7694 0.017246293
22.611261 3020.06 45.37628 258.85898 0.017245581
54.940807 2786.2976 109.024025 284.36078 0.017173514
361.48306 1198.2551 700.7317 2293.4001 0.016955996
712.7773 1677.4727 371.28894 724.80066 0.016841006
397.87946 1039.0691 761.98566 1984.4865 0.015725931
468.32315 1252.3132 667.052 1951.6492 0.015599917
468.34857 909.779 903.44275 1772.1234 0.01553302
338.83322 1042.1791 661.2227 2068.8445 0.015165372
541.1548 1142.5627 703.4436 1691.4796 0.015008558
263.8276 635.92883 523.3233 1273.34 0.014926067
422.63675 2207.5837 835.72266 1405.1559 0.014914377
467.70312 1539.7671 864.84064 1380.6606 0.014703385
540.41504 1106.6226 664.44434 1593.3391 0.014466685
303.30606 880.1938 598.0381 1763.0273 0.014031894
267.02142 1228.7278 526.5524 2448.3252 0.013829185
463.50436 880.3079 843.16656 1687.5387 0.013644169
496.1577 2724.3137 979.26324 1527.5271 0.013539541
490.94553 2104.7263 966.71906 2725.1777 0.01351772
534.3452 1860.8418 737.9958 1604.8583 0.013470069
257.0863 1069.5813 506.60797 2144.6492 0.013300863
263.04547 524.54425 521.0918 1049.1136 0.013225635
682.7809 1562.8511 317.93198 468.1473 0.013099819
474.21664 1525.141 820.60596 1132.3827 0.01303396
497.52005 593.3028 264.51804 565.9918 0.012461853
330.43182 1003.65015 648.80316 2013.2743 0.012339308
707.933 1765.0697 395.9759 939.11346 0.012290965
418.88727 2253.2124 771.56226 965.4827 0.012279994
501.1282 2761.22 988.33984 1479.9287 0.012247515
457.71027 1524.0914 778.8837 1109.5118 0.012228251
485.81277 939.9849 952.30084 1850.9287 0.012177568
550.27234 1529.1033 735.40924 1571.5563 0.0121297985
432.414 2259.3655 708.23883 744.89716 0.012111084
259.16953 1249.8207 508.78506 2502.784 0.01188786
567.39 1524.1311 663.6191 1420.5742 0.011874535
520.4733 1013.5185 747.2583 1629.198 0.011792537
556.74664 1412.3837 641.53687 1226.6356 0.011768167
627.4793 1273.912 577.09015 1710.0697 0.011579933
505.26627 1517.9711 723.04596 981.10626 0.011440223
624.023 1894.1525 511.76938 1210.7452 0.011339299
573.24316 1225.348 778.34436 2195.3835 0.011296842
599.3793 2271.2915 384.08508 573.3457 0.011266913
563.69696 1586.0599 672.5688 1294.8679 0.011221416
472.73694 952.08466 789.40906 1515.3944 0.011199492
464.12698 1722.4147 771.3623 865.9841 0.0111930305
455.59186 2028.7626 645.6534 1060.6029 0.011100468
546.80023 2304.9773 512.61725 671.7084 0.011037441
530.74097 1661.5557 687.92737 977.4074 0.011014008
54.647736 2840.745 109.59871 603.4974 0.01094975
612.0366 1739.8368 567.8036 1090.9598 0.010656461
675.1302 2059.6829 106.29651 144.71864 0.010633777
538.7525 757.8828 364.66763 879.5543 0.0103894565
417.799 2010.3757 662.9432 955.57794 0.010307162
684.1377 2097.6313 145.95204 228.76425 0.010234556
449.87012 1639.8053 643.42786 877.5584 0.0102027925
472.46442 1466.7897 791.34845 927.5946 0.010129431
518.7958 851.88666 514.4796 1085.631 0.010128299
862.31323 2016.4542 46.92217 67.51785 0.010089749
57.86073 2974.6309 113.75052 1060.8112 0.010078386
373.98697 2040.7169 734.6664 1596.6936 0.01000584
555.89575 1043.5776 786.89197 2038.0958 0.009937081
59.63305 2535.1897 118.900375 796.9796 0.009903645
608.1562 1471.5292 613.9537 1479.7505 0.009888703
342.9102 827.5754 673.0835 1656.5928 0.009862109
60.299976 2397.3218 120.37052 1073.6837 0.009844998
513.7654 754.3367 385.54642 890.4371 0.009725081
548.5774 1375.5092 616.5195 1112.0327 0.00972066
350.44452 748.656 684.5123 1495.9116 0.009710274
375.37604 1088.277 572.57434 1647.2864 0.009702029
210.07253 332.376 388.68683 560.67725 0.009535839
636.89795 1515.0546 527.745 1077.5095 0.009519954
529.3577 1355.4808 698.10236 1226.9458 0.009486126
266.70648 453.82083 528.4743 911.02466 0.00946459
501.32022 862.6016 567.16425 1455.4847 0.00945857
414.7006 1376.0688 695.83606 1331.7109 0.009429677
476.79974 1288.8829 740.47363 1045.8328 0.009340391
790.0442 1696.7877 234.41609 689.47626 0.0092995735
505.64343 1500.1571 823.0644 1443.1912 0.00928289
599.11444 1177.1313 694.0754 1790.6555 0.009233951
681.09875 2126.343 210.0357 288.5657 0.009223561
359.7853 1645.7269 615.09674 1628.246 0.009117634
534.7288 1871.3687 556.5783 957.97656 0.009104516
720.75397 1750.2693 368.11215 880.21136 0.0090425685
557.5052 1996.6914 703.3589 1579.6095 0.00900596
55.74821 2905.744 111.35108 774.02167 0.008972924
11.658724 3022.1453 24.399115 299.95694 0.008969842
476.76672 991.06256 584.7735 1331.7821 0.008958553
665.06976 1273.2661 565.4398 1868.9465 0.008951393
568.5635 1053.2397 761.4461 2067.1785 0.008946204
584.3744 1619.5433 720.4387 1730.9146 0.00890026
36.673225 3063.616 71.5695 891.2622 0.008864775
540.46326 1304.7617 757.85046 1279.0948 0.008842932
384.1526 958.1403 488.87573 1334.2418 0.008833738
481.18814 2845.6487 947.6614 1308.0566 0.008804702
484.87582 2739.8633 956.8652 1517.4883 0.008803133
525.02466 1213.7662 634.3313 906.36096 0.008792805
512.78284 835.00024 849.83295 1643.8234 0.008673607
637.34094 1649.449 506.5301 814.99347 0.008613435
628.5705 1704.1802 504.75204 842.9393 0.008594561
522.061 827.1117 476.10425 1024.2736 0.008562806
31.230604 1896.3678 63.135612 113.340416 0.008556118
563.87634 955.83856 781.6212 1852.9573 0.008438103
581.51843 1165.6136 304.07526 419.00348 0.008380738
480.43192 1877.5869 503.39294 731.4487 0.0083613675
404.5269 1614.8289 583.67834 898.36615 0.00835549
545.11273 1798.1729 299.96866 449.81116 0.008322659
549.16034 1446.54 562.5624 1448.9033 0.008273042
489.25854 613.0165 355.57736 641.7228 0.00818808
424.5827 668.5435 829.671 1336.873 0.0081676245
214.098 315.60748 365.17792 533.7833 0.0081008
449.56448 1344.0642 525.93964 694.0413 0.008092456
255.8292 299.8377 510.29846 600.24146 0.008058671
295.28204 2367.1633 581.8064 970.5098 0.008036566
33.28301 1926.3378 66.9607 186.69778 0.007995843
487.94778 490.69345 418.74954 972.7805 0.007891425
600.6202 1921.3019 647.754 1509.7747 0.007877888
24.678595 2836.1301 49.173573 590.65924 0.007863899
530.22925 1800.133 436.8153 675.36127 0.007838986
521.38916 739.8484 783.4822 1455.9219 0.007829667
511.87494 3207.9539 1009.552 602.039 0.007785592
623.70416 1393.851 668.29675 2228.926 0.007751795
564.4453 657.8628 250.70851 576.84216 0.007745742
693.1991 1517.0377 253.82594 327.05182 0.007682404
437.3423 1361.954 564.83777 1275.3157 0.0076567535
750.0948 1544.3025 132.90735 208.01613 0.007649406
493.79297 795.8354 579.7046 1093.6089 0.0075878445
20.238302 3028.3174 39.44543 960.1065 0.0075709615
342.42947 1475.6265 361.15244 515.57556 0.007568469
495.5559 1089.6313 478.8219 591.8406 0.007567097
656.81726 1360.4105 412.87726 746.3127 0.0075498843
648.9042 1140.532 647.7253 2135.3508 0.007528014
586.6078 1241.6638 510.42523 758.1322 0.0075180274
579.7019 883.41583 466.17114 1123.4961 0.007490635
430.8404 899.2576 573.16614 1750.4147 0.007461459
497.32297 541.8686 321.6607 493.6545 0.0074453065
61.39646 2775.8025 121.98774 822.9123 0.0074407975
563.2434 1075.3534 579.6121 1580.7356 0.007406298
265.35498 2242.2747 487.85095 713.4384 0.00740059
620.1945 1363.799 661.2898 1896.8893 0.007396433
650.37555 1766.9856 570.60046 1527.0988 0.007365477
191.55132 2367.2854 380.5302 1040.1243 0.0073530064
342.96838 550.4404 678.9265 1101.86 0.0073312796
538.7854 1393.049 715.1444 1149.052 0.0073073525
6.471435 3185.1147 13.132082 634.98096 0.007288674
452.03027 2487.6145 597.6435 625.4027 0.0072768596
377.007 1330.2681 627.06934 926.086 0.007264793
637.99115 1442.8829 639.09564 2300.928 0.0072533023
641.4235 1484.1841 613.5713 1469.7365 0.0072350204
397.83002 1439.6372 765.2511 2446.9219 0.007232668
185.81155 815.2802 366.9407 1609.3483 0.0072067133
250.8286 2256.4478 496.75906 1206.6768 0.0071787443
480.93457 931.2459 658.21967 1768.0662 0.0071722353
69.5368 2788.4106 137.29695 674.89795 0.0071718586
260.8061 2081.2148 516.3422 1532.0912 0.007169313
543.8559 1916.6592 534.30334 1237.6676 0.0071398956
740.2799 1707.5073 416.1312 1025.1205 0.007120566
289.28488 2717.1882 526.28937 386.35422 0.0070271143
370.18677 1480.4336 448.7321 565.02795 0.0070012226
210.93896 439.99527 416.1063 799.77795 0.006995668
418.1714 1363.6569 660.5973 1091.303 0.006985037
76.82843 2379.5776 152.23923 1114.4037 0.0069433083
398.8477 640.45026 779.4003 1284.3455 0.006937465
582.8491 864.7216 339.78586 670.2797 0.0069284206
482.41046 1446.4633 519.4137 1401.9131 0.006926262
261.37708 2155.6868 257.73807 387.12067 0.006903276
665.17914 1935.1471 508.9921 1496.8773 0.006881636
125.95488 2354.962 250.17897 1129.4868 0.00687845
610.2081 1390.9402 663.16376 2313.9614 0.0068761534
260.3871 2663.4358 514.886 498.86063 0.006818883
656.2272 1259.8907 622.92944 1988.458 0.0068105496
544.86816 1042.3583 440.98184 1307.2965 0.006803709
590.3952 861.816 538.6588 1101.2566 0.0067765513
284.5227 2720.1724 543.74646 393.09012 0.006759444
597.0777 2167.9456 333.73126 381.36002 0.006744526
197.5153 638.2927 386.2938 887.7107 0.0066961264
58.924187 2671.9055 116.20631 1657.4333 0.0066959835
454.08142 930.7786 531.0961 1335.191 0.006680844
203.15944 392.41394 262.49097 463.56622 0.0066520153
638.1776 1357.7013 486.6642 1157.3629 0.0066375686
418.90283 1764.1715 510.43082 930.6485 0.006634881
254.69461 1895.3783 500.0987 1590.8055 0.006606008
33.28591 2844.1833 66.419075 821.3325 0.006559826
27.000551 2837.5618 53.494377 859.7105 0.00652772
245.14545 2627.8894 482.04535 544.5447 0.0065191262
571.5737 1483.7533 485.8223 968.9443 0.0065149455
610.38055 1147.6588 218.056 334.23962 0.0064921556
276.7391 1433.0125 529.0843 969.20123 0.0064901575
548.0339 1072.4297 575.49084 714.5718 0.0064705275
667.8859 1000.0173 353.5769 677.1709 0.0064688018
430.3964 1786.9194 483.03217 790.2042 0.006415507
609.9981 1025.35 750.51587 2066.8848 0.006415437
29.034666 2901.7217 57.002483 1219.1868 0.006395574
542.9449 743.2967 484.68683 889.99274 0.0063843178
628.0283 1839.5953 638.4926 1676.8025 0.0063769743
695.02795 1153.6388 449.7537 1152.4678 0.006372212
256.43414 2282.4233 507.0073 876.19745 0.00636579
618.53143 1980.0065 630.9351 1557.434 0.006318638
484.21387 578.2333 576.7239 1153.014 0.006286175
351.5267 670.47546 690.0201 1344.1315 0.0062188553
58.52508 3193.9187 112.779854 635.2109 0.006195573
60.339222 2140.5535 119.28525 1623.1959 0.0061873607
746.61285 1216.2426 201.8143 354.73587 0.0061682495
355.3794 2234.3809 336.04398 495.9176 0.0061677587
207.49593 1511.569 397.70956 735.60657 0.006146691
138.08585 2716.6572 275.212 417.37793 0.0061352565
606.8755 1948.1003 673.6198 1742.3496 0.006126778
159.86307 1421.1057 313.69202 2816.974 0.006121731
145.62807 2569.7603 289.2712 700.5597 0.0061209504
184.2563 2117.3125 354.3235 521.9948 0.006108904
387.37378 838.37634 602.9273 1150.0126 0.0060652154
621.81915 1656.0006 414.99338 677.4681 0.006064002
488.10483 1161.441 551.70087 790.6699 0.0060524656
809.557 1751.9005 304.9457 914.77106 0.0060405843
495.82883 1511.7775 602.20557 621.4307 0.0060313237
401.95712 1945.3654 744.7288 3006.7864 0.0060253753
487.3138 726.26904 414.34476 864.5761 0.006023128
517.7886 773.71277 670.6131 1153.8102 0.006022177
701.4973 1647.1069 186.16177 311.4703 0.006002347
646.35425 1503.356 529.00995 1923.1044 0.0059963386
427.53906 2241.0632 807.90015 2476.6362 0.005996023
493.65933 755.60913 977.1742 1518.935 0.0059887944
574.8988 2088.4338 459.1531 1038.099 0.0059736273
627.8469 1167.686 321.72412 443.0231 0.005959108
732.3182 2220.8481 311.97876 481.10263 0.005945802
453.1896 508.58597 272.63007 482.76758 0.005924907
843.18335 1812.0944 145.92361 431.90637 0.0059187626
488.66373 69.680916 243.1221 137.78806 0.005905655
392.55072 1252.9991 346.28156 503.30234 0.005901102
506.90915 3074.495 998.42053 868.7158 0.0058582337
329.98816 2183.3735 287.3315 413.3956 0.005827027
857.15295 1714.4001 260.81662 984.9273 0.0058229263
448.7763 2855.2656 891.12946 1091.3901 0.0058228686
630.266 856.6895 292.88043 555.6325 0.005815922
841.37213 2097.114 127.54289 247.21335 0.0058075734
421.8043 1218.1514 525.9239 939.6472 0.0057783998
598.75226 2049.1377 582.5546 1595.7106 0.0057749026
589.22003 2085.848 459.73163 1022.8933 0.00573291
643.2993 913.635 593.5322 1302.2239 0.005727145
169.33664 676.79474 295.10718 518.0437 0.005651386
30.260883 2403.5986 60.338356 1054.449 0.0056473524
25.89323 2835.036 51.25208 1342.3528 0.005642144
739.6123 2233.7183 317.5726 509.394 0.0056251395
520.48444 724.38464 418.3643 846.39044 0.005623459
484.8175 1355.8896 395.07993 996.23364 0.00561908
343.8289 2144.5918 620.88776 2088.0852 0.005611348
202.06056 1670.3042 193.76178 302.27625 0.0055895406
565.04553 2358.9644 257.1045 376.06647 0.005581976
348.97015 2105.3464 435.69183 561.6442 0.0055660065
156.2946 1468.5988 299.49136 588.1503 0.005528064
183.71439 1062.6814 358.9269 1232.281 0.0055193077
480.27844 711.3112 950.50146 1435.2484 0.005486159
194.47986 1447.923 234.7784 431.9746 0.0054673064
676.8502 1567.8285 565.5687 1315.7335 0.005462812
762.42804 1408.5463 442.82175 1443.332 0.0054517635
615.2934 1574.0659 239.30954 477.24835 0.0054323534
262.1871 831.114 518.96075 1670.8782 0.0054275068
456.01868 1410.7306 205.94218 362.2903 0.005422832
845.94543 1703.5995 287.6615 1031.4053 0.005422683
824.86554 533.1921 407.44516 1075.8125 0.005410263
566.6227 2429.751 289.32767 436.85648 0.005393664
601.09326 1910.1603 401.5273 716.0136 0.0053858673
328.41385 1924.5267 647.1233 1697.0875 0.0053837965
551.68555 1448.7822 578.47046 811.1744 0.0053823693
119.638725 2723.213 181.22624 365.92853 0.0053724535
170.23651 757.2064 333.418 695.762 0.0053723743
131.63367 2673.6968 260.3397 497.0341 0.0053708535
752.7074 1865.6843 364.78156 1164.6191 0.005368279
651.6498 2031.2031 522.0116 1689.1111 0.005323742
600.14594 1173.2394 480.11246 1536.9218 0.00531848
762.23303 1521.9149 117.91938 180.1389 0.0053129583
345.03253 552.6973 680.4949 1108.7983 0.0053085126
806.1244 1859.6296 222.44878 621.1382 0.005307377
48.99589 2593.947 96.53496 1824.3685 0.005303764
287.06848 366.22067 313.29843 640.058 0.0052864137
575.8435 2457.4204 281.41196 439.1115 0.0052799564
59.53867 1940.001 118.34011 209.27661 0.0052730683
478.55496 2429.7976 315.6516 452.877 0.0052495026
393.31888 800.61584 758.85986 1598.5579 0.0052462346
148.24837 3002.6519 291.4106 1013.3257 0.005242103
206.40686 2897.3723 409.03052 1218.0938 0.005236278
335.74652 1487.5785 555.7456 786.08154 0.0052258563
177.19937 1641.3086 346.8215 761.4486 0.005216061
612.35645 785.58026 736.38324 1587.5795 0.0052155885
513.97675 631.8437 471.30798 1275.3588 0.0051943827
596.38324 711.42725 743.39294 1433.5365 0.0051877857
306.13858 2754.9502 608.7131 864.84344 0.005179484
174.36688 2778.2996 346.26947 763.87195 0.00517634
577.39966 749.23553 580.52795 1490.166 0.0051751053
328.6708 2119.5022 418.44736 962.9147 0.0051735197
673.08765 1947.816 254.50688 549.43286 0.0051659807
538.3845 1811.3033 301.12558 457.6735 0.0051588276
607.55493 2142.2905 263.10486 324.45288 0.005153674
474.45242 2481.5864 279.19467 426.70947 0.0051445314
578.55206 1104.73 391.22772 1228.3302 0.0051441356
636.12573 2155.6133 170.57803 251.71637 0.005141162
334.98697 474.37488 664.61566 951.43646 0.005107864
662.8707 1333.9047 334.5638 823.7166 0.0051011587
483.52686 1472.2351 350.94485 1249.4502 0.0051001254
629.63055 2488.1355 451.51498 807.11523 0.0050967247
729.51855 1774.9712 462.47125 1095.3419 0.0050744945
659.31903 1346.8275 544.2191 1982.45 0.005061823
787.94385 1672.0176 372.92477 1106.9728 0.0050616334
21.825987 2705.1216 44.228058 839.8414 0.0050604185
922.1004 2107.0847 147.96654 294.9556 0.005053538
779.2259 1138.3988 429.8826 2155.1243 0.005053216
656.0253 1436.3835 484.00424 2037.5276 0.00502262
43.24929 2372.3054 87.54666 1124.4492 0.005006753
666.3185 1620.4603 578.9278 1197.4469 0.005006316
789.1835 1613.4052 301.12323 843.66455 0.005006235
492.30685 2281.3591 303.8732 544.3744 0.0049785576
647.3346 1661.065 333.2673 1074.2661 0.0049745883
89.54014 2350.1138 179.31215 1151.2947 0.0049629468
478.35498 2236.4004 580.75323 501.81354 0.0049525565
498.82022 682.19214 995.15735 1371.4078 0.0049341256
139.16501 687.0104 269.39685 539.8426 0.0048970175
247.12317 2472.9644 494.95044 830.7342 0.004874504
385.77972 1964.6881 218.85873 358.02112 0.0048542493
32.75124 2485.2861 67.88811 892.01245 0.0048179515
401.2376 887.06335 365.9459 693.18115 0.004812919
454.9072 513.88696 521.04144 1034.2642 0.004807083
174.85912 1798.1454 338.43466 545.7386 0.004764511
337.56274 1558.5996 447.23837 1098.1576 0.0047532776
821.3087 1716.4126 328.8054 1044.208 0.004746078
485.66965 1323.4281 321.3257 609.8545 0.0046841097
212.65022 1944.8414 422.92682 1922.2872 0.0046835025
907.9195 35.98988 200.48608 71.33841 0.0046817716
670.4235 1289.0347 298.7039 597.8149 0.004679703
549.4493 2207.7878 295.96555 404.475 0.0046717455
769.3712 1540.7686 123.619 189.50148 0.004663781
305.93665 2748.3035 229.05557 203.75511 0.0046445085
696.1054 2403.922 417.73898 823.02386 0.004635985
613.70764 1376.5522 361.95844 931.9885 0.004602882
651.10486 780.1435 682.9587 1571.6791 0.004593271
404.21365 1535.1816 309.16232 469.98734 0.0045855003
801.41473 1677.173 351.9391 1121.071 0.0045593698
399.47168 2354.979 299.86972 472.87964 0.0045586163
747.91077 1422.8407 376.62454 1434.9905 0.004558586
621.7182 2323.8286 494.42365 1069.8853 0.004557613
593.7148 2490.4053 354.6084 516.6466 0.0045346892
20.498571 2697.27 41.112816 1623.5675 0.0045299176
583.3326 1613.2882 369.50128 560.06976 0.004526816
877.1034 2115.795 80.618095 202.53775 0.0045092576
539.82635 1709.1827 365.08548 1170.7057 0.0045079114
115.77017 2021.3507 228.12294 1802.377 0.0045013684
93.89011 2298.9849 189.61044 1251.7498 0.004489825
190.29965 1767.8944 370.90527 1243.0671 0.004485109
148.88293 1877.8331 293.23267 2086.4268 0.0044766837
14.816646 2615.2793 31.886322 649.3526 0.004449683
522.8003 2577.1572 322.20923 473.97818 0.0044484893
728.49414 2293.7832 176.33128 277.47668 0.004445796
140.63159 2001.7214 274.53284 346.377 0.0044335295
640.7881 1012.1499 445.5433 1452.4371 0.0044161766
769.016 2116.5955 198.69229 287.97427 0.0043960162
104.341324 1569.7372 204.22139 2707.3923 0.0043892823
621.08563 1135.0856 175.00172 261.45892 0.0043797805
446.84015 2257.9536 359.48862 738.59973 0.0043737628
324.86316 427.13037 646.4211 857.8151 0.004365144
355.2257 2656.6182 190.56854 213.11452 0.0043551396
284.83554 2218.172 568.2201 1363.8439 0.0043499423
487.47925 2600.6465 234.69621 326.23688 0.004343337
614.51056 2270.221 439.60217 782.261 0.0043421905
180.23962 539.1937 205.5153 342.83646 0.004341143
929.55664 2121.9917 161.87126 259.30682 0.0043401127
7.3868265 2831.1826 15.097426 550.821 0.004331399
55.677204 2042.8855 110.8708 409.8256 0.004328353
50.94702 2101.8796 101.02387 1687.442 0.004327436
212.92934 1374.7935 416.9426 1834.3715 0.004324218
688.0824 1890.6504 572.2897 1970.4392 0.0043107728
771.0421 1942.5145 379.0196 1302.4442 0.0042952215
11.245236 2395.3435 23.010168 1074.2776 0.0042927465
624.39355 1363.5167 384.6987 1183.0214 0.0042904275
737.45807 1013.04736 269.90036 553.94977 0.0042821774
557.4773 2202.687 271.86044 384.74515 0.004274619
595.8396 2492.8745 220.08781 350.209 0.004266948
672.14044 1260.1404 345.51376 900.89545 0.004263446
904.4558 1662.0881 179.16269 996.3583 0.004239874
489.26672 3254.438 943.68 613.3675 0.004214277
817.40466 658.35126 416.93866 1328.7927 0.004205947
56.625572 2179.6226 111.067444 2611.473 0.004197904
658.3513 1110.8777 332.7739 965.50494 0.004196549
599.5997 1788.9822 190.92607 292.75473 0.004176235
580.0845 1938.557 404.9655 1237.935 0.004173529
7.0363197 2530.1387 14.709661 1036.5859 0.0041537774
76.897026 1666.1113 150.77222 2530.478 0.004146094
30.677397 2574.2163 61.0282 1920.0603 0.0041429666
44.166363 2314.896 88.712364 1476.1174 0.004134011
706.807 2396.7615 555.25916 2199.532 0.0041181096
39.31195 2081.5317 78.712036 511.03534 0.00411312
592.36365 1870.1986 443.4541 1528.9502 0.0040928153
463.94052 2620.3955 223.32112 316.3354 0.0040791063
808.309 1032.3352 389.85095 2063.755 0.004077869
661.7797 681.9273 677.3671 1374.1792 0.004077323
461.0722 1378.0133 331.64163 514.2251 0.0040702266
902.7133 41.1547 266.76782 81.66982 0.004061356
596.67914 2195.0706 177.82637 273.79794 0.004059945
768.97235 1534.4581 116.32102 173.54688 0.004049779
69.5595 2324.3442 136.5633 2315.6294 0.004047022
511.2695 1757.0419 362.53854 400.88123 0.004001753
791.7844 2137.5305 305.42416 354.92868 0.0039840806
10.111268 2681.1833 20.881395 1665.2771 0.0039766207
704.4782 1503.8903 377.06552 1085.6735 0.0039720265
631.0443 2473.6165 247.8606 375.00748 0.0039652917
49.952816 1911.933 97.56056 2052.501 0.0039536473
891.2723 1718.5344 201.90976 910.2534 0.0039446275
556.1288 2262.4917 209.44356 279.28397 0.0039269603
654.1956 1953.004 324.7794 553.9434 0.003924924
512.3568 3376.219 999.80994 269.6735 0.0039217076
428.05093 2749.3306 873.6733 855.585 0.0039087515
140.27437 1597.5112 276.247 1054.0594 0.0039082877
145.04976 1121.7152 275.68027 509.34647 0.003878551
11.46122 2695.384 24.605658 453.34085 0.0038739664
669.31067 1377.8975 562.7132 1852.625 0.0038640704
238.14915 2040.1005 453.63657 466.30063 0.0038578787
663.0151 2387.737 338.50967 731.9918 0.0038372597
226.1908 769.7859 447.1086 933.69226 0.0038245127
180.57594 2711.099 222.59767 343.8544 0.0038167667
606.0066 1030.0496 218.18376 365.79153 0.0038164624
491.7927 3244.596 912.11163 703.8296 0.0038163445
646.4131 2109.761 265.14688 325.79413 0.003815083
913.32874 2142.6812 191.66173 349.48062 0.003809355
744.42645 1318.6073 496.8767 2518.1362 0.0037941854
275.30396 220.62689 551.1894 438.7676 0.0037877278
635.1484 1253.2646 181.56065 218.10867 0.0037865727
562.75464 1051.4086 495.9303 1841.5481 0.0037783543
981.2492 63.334568 119.26866 126.24619 0.0037766062
765.6019 2040.8512 451.22552 1671.6338 0.0037715167
826.3781 52.32391 417.08252 103.62383 0.0037707137
318.25934 890.8621 285.379 644.66675 0.0037685488
69.73052 2451.0767 152.29677 932.70874 0.0037674461
879.4337 2199.8074 253.75874 454.16156 0.003766641
116.9346 461.70355 229.14822 738.13226 0.0037642103
356.415 2316.9072 273.07993 511.38153 0.0037627497
367.66922 1582.1018 424.60577 1393.6755 0.0037533003
2.3659372 2967.8413 4.9972496 344.37787 0.0037438301
557.59717 801.7273 170.27838 283.9217 0.003740655
430.6561 2713.297 167.6189 260.00763 0.003739026
5.259096 2638.64 11.715345 582.6217 0.0037338748
76.197014 2545.32 150.76422 715.21313 0.0037302352
248.91747 1591.6349 208.61241 325.09662 0.0037240486
183.90247 1538.6156 354.3603 1032.7485 0.0037176337
318.89667 1459.9011 513.47943 885.92847 0.0037124997
836.7536 1288.3386 252.26385 393.7105 0.0037033574
684.9213 2549.6016 454.74002 753.62885 0.0037012063
604.91864 1895.0765 558.4898 1211.0911 0.003689113
899.1273 1883.8445 117.172485 292.18353 0.0036870278
182.3705 1993.8048 356.69684 551.9661 0.0036637015
725.7555 1611.5648 141.59828 222.41646 0.0036625827
145.92949 2355.8792 314.49286 923.09424 0.003658122
319.38055 2620.073 373.11948 549.0301 0.0036565617
219.55371 2655.6313 436.55203 1114.6411 0.0036449493
527.1401 1445.1227 771.72955 1665.6649 0.0036394242
398.4399 2422.406 152.73071 280.0816 0.0036193444
701.1316 1964.3383 403.52402 1296.5627 0.0036038153
819.86554 17.108435 372.109 33.56727 0.0035849973
749.86444 1421.1975 501.03552 2837.9841 0.0035820298
727.84454 1978.0155 373.36847 1673.2358 0.0035720125
171.86678 2633.0234 229.65201 370.54657 0.0035480522
958.39966 88.45239 163.16429 177.63412 0.00354683
146.4987 1214.9502 285.02972 785.84406 0.003543197
170.8708 3096.635 337.91815 824.1717 0.0035205684
2.633338 3173.4597 5.2735567 654.0714 0.0035073943
620.8685 937.2073 255.35962 443.05786 0.00350366
503.57175 1377.9833 531.97845 961.513 0.003486902
40.346004 1908.2322 80.30339 2077.3525 0.0034837553
241.03227 261.06238 395.4417 528.4614 0.0034766032
573.28796 1337.7844 408.4134 1505.2335 0.0034683677
194.33871 2803.546 253.55974 226.65616 0.0034650513
756.014 1039.3728 309.08435 668.0247 0.0034645344
100.00867 286.13525 198.29108 492.8858 0.0034431855
999.25616 108.25368 79.98763 217.5699 0.003440433
417.97156 3136.7932 508.5743 724.0415 0.0034363382
742.3365 1784.866 478.71783 1613.8566 0.0034311037
67.52215 1642.6486 134.35422 2584.815 0.0034235269
726.5839 1732.1045 384.49597 1710.3374 0.003408108
588.1273 2609.982 180.16437 264.34125 0.0034050434
820.84045 1588.6472 307.3699 1270.7218 0.003404013
350.68198 1518.2588 321.84467 961.1015 0.0033884593
423.12573 344.1603 473.2639 698.4359 0.0033710664
799.1469 1793.619 175.90016 340.8654 0.003370946
919.558 1889.8876 169.94753 664.91644 0.0033547396
933.9398 2162.1096 167.7336 392.53854 0.0033429305
123.12133 2347.2915 240.78488 584.2113 0.003336003
733.8888 2295.4207 180.68718 299.8357 0.003330557
62.763615 3036.3225 118.66084 256.38867 0.0033283369
836.69495 2092.0789 137.97878 276.85474 0.0033241415
15.239418 2950.8936 30.432047 560.5928 0.0033241396
679.6614 1651.6534 414.2904 1727.193 0.0033228036
607.90466 2136.2927 425.0137 1374.0575 0.0033197019
730.19196 790.77203 243.4004 515.9223 0.003310487
526.22375 2742.2073 262.32727 346.5565 0.0033076608
228.30457 2657.299 210.65271 301.29056 0.0033065511
563.02985 2428.3696 166.32451 272.11972 0.003303493
918.7966 1669.487 148.22018 697.2251 0.0032859675
138.87244 770.98474 271.34232 655.29346 0.003284197
463.32285 2606.7676 356.31906 343.234 0.00327302
494.08142 1468.5074 980.20746 2925.022 0.0032705585
265.34787 651.77716 244.44234 453.19098 0.0032666512
677.66376 1526.285 504.1168 1566.5215 0.0032613068
779.7212 3349.6846 336.6395 323.1538 0.0032523258
17.664284 2219.462 35.825134 1452.727 0.0032419888
344.47775 2668.543 472.75702 463.74353 0.003215425
312.06805 2482.0015 274.47632 388.42953 0.0032131807
59.00614 2229.6897 114.59941 506.75696 0.0032056193
496.67648 1750.0526 985.05066 3478.5352 0.0032027164
21.982246 1937.2783 45.59757 433.81873 0.0031975128
682.9993 1690.1632 406.6459 1744.7002 0.0031891083
359.5483 522.46185 178.7506 437.2188 0.0031826894
895.85046 1548.9718 193.95512 935.8742 0.0031801746
518.26776 3428.032 911.27966 482.14294 0.003178085
590.14813 2741.0605 313.49628 624.9385 0.0031739967
552.94916 2636.628 204.93686 353.68835 0.003169323
246.22966 1511.573 519.144 2961.2834 0.0031557474
746.79016 2257.1787 424.90952 995.91815 0.003155536
104.671326 2180.3499 208.90297 876.17883 0.0031538308
605.63965 3486.5457 807.23846 317.46054 0.0031479688
584.40576 2560.5903 172.38911 292.26035 0.0031417217
689.8664 2538.1292 217.12787 315.2221 0.0031263565
6.662612 2079.8733 14.271283 517.43005 0.0031191527
466.55945 3182.7153 644.2213 645.7305 0.0031169874
151.8387 39.73195 299.88586 78.88434 0.0031094016
522.05426 2667.5374 178.53833 282.9228 0.003109053
358.79672 2735.259 648.8197 361.1736 0.0031026378
59.396614 2049.5752 119.47928 1774.0428 0.003097268
687.3431 2646.11 455.1548 812.60846 0.0030950073
426.94858 1490.3253 331.9039 376.94232 0.0030939924
321.7673 74.555115 613.7221 147.57187 0.0030909202
481.25192 2142.8926 898.2946 2678.5615 0.0030822472
2.2890077 2697.049 4.9680996 436.66153 0.003064792
936.5626 2332.7239 183.13898 732.8833 0.003063344
492.77643 1850.8492 293.58398 411.47296 0.0030586817
136.22124 37.139362 267.05197 73.09219 0.0030535213
503.35117 2699.1025 187.96208 341.68124 0.0030534924
207.20804 2259.4001 417.74356 1320.1699 0.00304621
756.76624 503.63913 535.14215 1015.61395 0.0030373933
429.69147 448.4847 876.9872 902.1152 0.0030346527
320.3969 369.1059 642.1693 735.8744 0.0030315842
10.515119 649.78076 21.33851 1089.2343 0.003019416
877.81323 587.27844 311.513 1183.885 0.0030162612
886.59247 3398.8618 241.67401 230.59906 0.0030054944
932.82336 2335.6157 197.44319 719.5649 0.003005383
2.776138 2396.591 5.882296 1049.0286 0.002995999
288.4293 2117.0964 327.60333 350.3274 0.00298099
584.22406 3304.9314 509.12875 417.24197 0.0029807875
522.759 1469.8713 370.47562 2077.2593 0.0029778895
10.035433 485.1378 20.59896 730.1461 0.002971034
205.57207 1205.7008 247.90788 398.99326 0.0029674214
945.2637 2419.241 174.6856 889.7086 0.0029639504
855.6859 1904.3777 276.35477 1273.7294 0.0029587285
825.6806 3181.6577 263.79312 431.9857 0.0029475552
832.3812 1872.3949 138.96599 321.56793 0.0029430015
488.1905 1929.8121 982.7352 1967.7598 0.0029398396
6.1781273 2155.7673 13.109966 1571.1754 0.002938192
586.6336 2360.4043 159.98221 273.96564 0.0029267652
658.81433 3346.9197 205.1457 322.50906 0.0029230288
443.80618 3282.6108 774.9401 462.89175 0.0029209962
2.1181052 3029.4622 4.942383 331.6044 0.0029151551
911.9766 2095.2498 138.45819 270.26578 0.0029117074
676.139 1411.4784 515.76013 2015.699 0.00290192
28.409962 3283.233 53.273262 636.123 0.002895759
682.0033 1123.8365 558.47516 1746.8473 0.0028925075
467.7279 2220.5146 269.73386 429.3986 0.002880996
481.35397 1501.8075 283.1393 834.4201 0.0028715283
824.32465 1393.7313 345.26993 1640.1058 0.00287069
936.6032 1870.7098 159.76802 688.63586 0.0028686915
914.81665 1807.1418 156.37216 457.37762 0.0028655669
867.4567 1621.8289 272.61136 1052.5968 0.002857326
445.27762 528.92017 908.12854 1071.2329 0.002852198
210.74725 492.5798 392.05856 1044.7603 0.0028429083
405.6449 3080.5469 760.8093 382.57437 0.0028377196
912.8767 3254.5852 212.70119 514.17883 0.0028356535
706.1396 1678.2427 402.8764 802.27637 0.002808992
121.801575 3245.8257 227.00357 545.6074 0.002808371
855.01715 367.53613 358.74066 739.2391 0.0028061685
178.5489 3135.7656 342.04196 611.4118 0.002794827
841.31775 247.3751 383.36166 496.91754 0.002792116
70.793884 1757.175 138.54625 485.20258 0.0027888836
26.506073 2256.2178 55.331276 1456.6997 0.002785042
719.72534 1523.3948 483.15665 1441.3163 0.0027731312
896.4572 443.6724 275.96295 895.3117 0.0027679445
368.20685 3065.361 418.37238 1125.3958 0.002765161
871.9939 2373.2754 301.07828 794.71515 0.0027551136
167.5949 1482.0741 299.37106 819.335 0.002749385
746.86066 1052.8419 444.946 1583.7064 0.0027367156
617.50165 3492.892 746.6094 207.14629 0.0027275055
14.08471 3191.7812 28.055426 636.9588 0.0027223832
208.83588 470.6984 184.80443 308.2454 0.0027154128
802.3106 49.944332 483.31125 99.282425 0.0027098106
860.6934 2169.0469 120.95029 227.78694 0.0026941448
953.0339 2317.7073 173.78584 676.8229 0.0026903101
889.79016 3064.1694 248.84238 513.3403 0.0026896284
49.099518 2504.0664 102.34659 837.975 0.0026799263
642.42865 3116.9688 365.86856 463.18768 0.002678899
676.65283 1479.8264 235.41112 336.9874 0.002671711
133.39355 3082.107 254.46323 498.11597 0.0026709144
76.485016 3013.525 144.56657 349.64474 0.0026637574
283.8487 148.00201 541.9095 304.29617 0.0026421705
322.86526 95.755295 624.9108 199.05911 0.0026181343
734.5091 3363.5303 424.52603 291.07504 0.0026086497
326.78812 3425.9097 614.90454 168.155 0.002604394
665.3814 2684.3271 294.36682 413.14282 0.0026017088
936.69464 3232.6238 159.06813 553.6213 0.0026002466
936.2961 2734.6099 175.67204 508.24213 0.002596054
746.5791 1698.5914 428.59406 1630.6351 0.0025878006
824.49835 3034.1995 391.14114 951.77136 0.0025819822
3.8222091 631.4884 8.024885 528.27856 0.0025740822
541.56445 1319.7778 351.09818 1202.5548 0.0025738203
9.101617 2158.4055 18.374485 1547.2894 0.0025714403
734.5017 2678.7617 254.63545 373.11487 0.0025522278
444.9383 3436.583 614.50574 154.38039 0.0025458036
340.57526 1888.2557 383.38855 926.05096 0.0025393313
732.5968 2770.099 517.3264 1215.0426 0.0025338684
114.614204 3083.7563 222.2864 514.30206 0.0025314663
615.3793 3199.8381 417.46732 463.5775 0.0025309452
506.61823 3397.6423 911.1223 224.07866 0.0025298994
781.6229 3357.0278 188.39867 288.63098 0.002525517
306.83353 2588.2 489.85956 1026.4591 0.0025244986
557.1179 1401.5885 351.429 1519.2803 0.002523854
447.54318 3340.9976 298.93552 350.97305 0.0025193887
864.96454 2573.4126 331.9961 1156.5997 0.0025096103
840.0265 3104.9956 325.97803 819.7259 0.0025066375
827.8574 70.33508 428.05878 140.25867 0.0025055134
667.6466 1505.3501 181.67566 244.09871 0.0025043304
568.9223 2795.6248 180.7688 254.43167 0.002500481
853.9802 1139.876 164.29173 286.58566 0.0024990018
498.2378 3242.926 969.05035 247.31096 0.002493373
339.45624 3218.0176 582.67725 562.74396 0.002486221
918.6094 2824.047 371.26224 784.5646 0.0024843721
849.5081 1791.5106 301.261 891.1828 0.002479789
4.9537387 1786.3953 9.772379 2299.5662 0.0024715813
870.09766 2441.361 210.14647 533.3614 0.0024604264
574.83954 2959.3914 523.0632 645.0571 0.002458972
569.70703 1611.933 400.52817 509.98495 0.0024566362
13.692182 2077.3994 28.41745 1244.6423 0.0024542792
319.45474 3240.999 648.31604 541.54266 0.0024533023
531.8554 3278.905 370.06378 415.05 0.002443554
895.23376 2722.8308 263.09216 799.7654 0.002438196
462.0872 537.68304 935.1958 1076.4692 0.0024304457
742.1464 2981.044 271.8264 365.77826 0.002427676
914.4224 189.13286 244.09026 379.35095 0.0024143565
966.80994 2257.849 128.69353 511.78085 0.00241306
905.92957 570.2842 254.12811 841.2469 0.0024064207
930.948 3280.234 162.24919 471.10236 0.002402132
938.98676 2874.5679 152.48819 347.84198 0.0023937216
564.05743 2974.5652 343.29526 404.2072 0.0023890862
909.18024 3436.197 230.24867 141.71457 0.0023884259
929.6889 2257.018 192.68918 411.7566 0.0023853714
493.19507 1469.6306 979.5015 2916.0269 0.0023703463
166.67828 748.5222 241.53851 478.61252 0.0023696532
324.73444 598.17236 666.5602 1237.9504 0.002357225
488.72437 2685.6313 800.5141 1198.6516 0.0023544244
375.2674 2439.7808 674.38116 849.40656 0.0023438805
20.735565 777.9433 42.36908 478.84848 0.0023408784
925.8961 1899.1616 186.56453 967.1111 0.0023387636
671.27673 2983.2412 604.2621 869.67126 0.0023340199
860.47046 2341.4646 321.43228 734.57153 0.0023330618
486.0459 3070.668 509.47394 350.8975 0.0023326324
446.42896 3414.8423 887.17676 217.54663 0.0023324713
445.8682 2971.0903 481.452 774.18945 0.0023302033
646.04486 3488.6233 676.289 290.9179 0.0023247413
703.6141 3015.6318 274.8638 389.00146 0.0023186377
105.37615 1007.5644 239.48929 1908.5587 0.0023183655
749.86 1564.7627 83.0005 118.72146 0.0023152
963.7257 3265.6077 115.215065 506.0168 0.0023095873
40.308495 682.80194 80.3662 469.06537 0.0023000762
617.8814 2898.2563 428.10788 657.2667 0.002297208
271.39148 1788.7908 158.02634 1414.9414 0.0022922114
520.28485 2911.938 793.08997 640.95905 0.002292041
226.92789 3125.351 424.77347 767.04785 0.0022877892
803.01935 609.613 463.95633 1234.1879 0.002283481
585.5261 2813.9285 238.80542 363.35727 0.002283167
876.95825 2709.191 222.59479 377.9604 0.0022803415
342.88855 2972.5547 368.26007 403.36066 0.0022782886
556.196 3303.502 286.6616 378.45078 0.0022765181
970.7388 3073.7532 104.73248 507.8717 0.0022734962
695.17505 2219.925 117.32267 216.87567 0.0022706166
263.55966 1656.7079 393.39398 1624.2007 0.002265559
770.8676 3391.1846 461.4755 249.44363 0.002264892
837.50946 2528.0686 228.72836 616.0877 0.002259344
156.61761 1243.5447 200.93527 331.0758 0.0022422173
373.42764 3106.857 302.1131 261.68106 0.0022410941
816.5518 2035.1094 389.43903 1960.4312 0.0022397062
690.0449 1805.1138 311.35107 925.33594 0.002237623
585.60223 292.13232 146.19543 602.8941 0.002222619
728.3107 3313.6213 224.6489 372.91406 0.002222178
853.3761 2933.9875 246.38216 361.19376 0.0022210092
562.35486 3098.3608 226.75534 290.9138 0.002217147
721.9336 619.5576 173.20134 338.32593 0.0022170888
918.4506 2434.265 227.67758 920.2984 0.002215485
558.545 3140.1057 230.78662 504.92108 0.0022053344
961.8658 3326.5344 114.93448 376.11002 0.0022033374
233.73471 3134.6313 317.44547 441.39633 0.0022033197
38.331158 1805.6869 75.77687 1415.7056 0.002202563
596.08295 3163.2476 237.6765 361.77414 0.0021986952
954.15826 3329.4163 122.00822 373.29306 0.0021954484
843.66315 2974.9292 299.74536 362.1301 0.0021898262
354.36728 3127.6353 283.08905 274.39536 0.0021882516
659.9933 3296.8003 231.3006 330.39038 0.0021857272
46.354656 146.99841 92.45235 289.05023 0.002175313
340.68848 1877.0149 381.1582 968.456 0.0021737455
475.62018 3436.8135 866.08295 257.5436 0.0021673806
542.436 1078.7179 422.25635 1432.8356 0.0021629331
835.62164 928.28314 385.96338 815.7631 0.0021602951
307.09225 3296.3752 611.2716 461.55325 0.0021556786
975.5229 2684.876 107.684746 435.80405 0.0021535123
665.7819 2105.0986 100.64972 237.27115 0.002145785
103.94993 3413.9468 197.3821 194.38307 0.0021455032
816.5963 606.32654 439.5364 1238.9843 0.00214129
592.67535 1425.2749 537.3505 2258.8296 0.0021402135
237.23882 525.04596 487.0369 1070.9417 0.002137423
741.5315 2119.5723 513.52234 1680.3246 0.0021164394
978.01056 2415.3716 114.615814 878.0993 0.002112961
141.62015 3420.5513 277.785 181.66833 0.0021102168
733.0751 1850.3142 485.19125 1028.8882 0.0021047436
694.62646 2758.2383 176.20393 295.6752 0.0020961233
32.65156 3318.0796 64.006874 388.67172 0.0020921314
280.9806 1198.897 579.3584 2127.429 0.0020916904
862.5276 3356.833 294.8063 313.93402 0.002086994
722.0954 2257.5784 155.19112 256.69305 0.0020862373
750.736 2891.5305 352.68298 572.0326 0.0020836468
987.87524 1662.3875 91.06687 1021.8026 0.0020777618
772.4986 2826.237 229.93138 305.89545 0.0020776668
890.4475 2038.0894 261.2423 874.2045 0.00207387
664.1157 2350.9932 253.92558 395.60886 0.002073117
516.62164 3448.5474 898.04193 252.86607 0.0020653482
895.46277 1375.7902 247.22864 1433.811 0.002048318
744.1761 2598.072 496.631 1199.583 0.0020446545
825.90784 1071.4764 291.04965 606.5781 0.0020370085
536.84814 2841.624 291.98257 420.41443 0.002028776
196.49162 3163.034 266.434 442.11298 0.0020196433
926.39374 883.0214 219.29433 624.828 0.0020112044
208.36942 3466.746 395.10382 187.0675 0.0020103077
62.93569 3256.3162 115.84782 506.09015 0.0020095482
862.5385 3444.9468 305.86066 139.02307 0.0020074407
219.5099 3087.351 390.45712 438.91165 0.0020074178
914.7555 563.41797 224.90942 1104.461 0.0020027442
915.0536 593.43585 237.08304 666.8977 0.0019990962
244.3643 3307.8489 474.13425 463.30862 0.0019989698
479.5832 1922.3143 576.82947 1151.5177 0.0019984
766.8563 2898.2812 214.77632 336.46512 0.001996063
984.8395 3370.0374 94.543365 283.12723 0.0019818302
17.727303 3387.12 33.32757 253.14174 0.001979616
832.47144 2201.832 382.838 815.5121 0.001975149
607.7438 3486.6572 272.0794 85.97009 0.0019693868
126.3295 3476.4407 233.51321 77.53682 0.0019560887
10.078992 3312.8503 18.1903 391.9881 0.001955786
602.1708 3492.003 487.82516 134.47894 0.0019502465
442.32327 1998.0024 862.6296 1788.515 0.0019395642
339.2714 2998.8684 187.42534 266.3637 0.0019348687
895.2143 3397.7998 221.59955 219.10464 0.0019251013
980.02386 2402.267 138.37604 341.93063 0.0019238282
181.67485 1601.0635 271.47116 1367.5055 0.0019212206
31.253222 3461.9575 64.05281 116.33007 0.001910806
841.77185 2699.727 164.56277 265.74863 0.0019080153
67.191345 3445.26 121.858955 129.51846 0.0019075122
504.57513 1485.3424 990.84314 2906.4233 0.0018807477
790.31287 3453.5356 168.50336 137.81183 0.0018743094
854.25 2215.8948 142.67288 269.27448 0.001873447
48.4964 3417.1536 88.3438 192.26671 0.0018734266
990.29285 2550.9104 104.18076 543.59534 0.0018545523
428.94623 1831.181 897.1855 2504.7864 0.0018491757
464.42432 1584.2156 941.9942 2791.6616 0.0018447934
438.60507 1679.4294 799.5019 2421.7312 0.0018366667
944.60535 1261.1837 195.6783 437.102 0.0018186503
979.17993 3283.2283 93.9284 422.1139 0.0018176577
643.2546 2047.3303 556.58057 1533.7083 0.0018146995
497.31354 1815.692 532.1729 940.5449 0.0018129926
702.1553 222.0414 191.48639 450.64062 0.001812846
901.5523 633.11646 251.72298 637.9593 0.0017965921
253.22922 1832.3387 410.28595 613.1554 0.0017929529
994.20795 1971.7278 82.51896 449.35873 0.0017871105
955.70575 902.8706 158.04825 500.26077 0.0017852103
7.947177 3351.5078 15.566769 314.9912 0.0017638534
975.4642 3378.5493 96.92068 266.77478 0.0017576154
37.509453 3413.9753 70.22769 195.34042 0.001757473
946.1495 1403.3793 176.27274 1023.34393 0.001747968
873.87427 2420.73 403.08755 1886.5912 0.0017428419
427.44553 1018.5428 482.2577 1788.9167 0.0017319155
157.52293 1182.4377 379.57867 2392.2004 0.0017261031
932.0908 752.06537 182.20316 493.15347 0.0017223778
958.44586 3428.451 123.076004 174.65393 0.0017062789
1012.76874 1867.6888 49.14442 614.9903 0.0017015769
990.05206 3153.9485 71.9162 261.1167 0.0016979381
970.5558 2478.8145 138.29323 323.27753 0.0016459516
832.8436 205.48009 436.52872 408.59207 0.0016436644
978.0727 1354.1187 118.64176 1161.8152 0.0016381588
967.9119 1060.1409 137.83894 582.0099 0.0016256457
995.61005 3347.5342 66.325775 333.77173 0.0015515581
208.6471 1591.9088 226.17377 1833.615 0.0015439235
891.4052 3470.1445 272.3436 284.07355 0.0015431533
462.09348 2110.1802 333.1257 428.0019 0.0015292133
996.7729 2190.3474 74.03779 416.2493 0.0015291033
234.88419 1360.3209 187.81491 1525.8639 0.0015227406
16.090527 3376.0044 30.087292 265.70822 0.001499066
39.331482 3461.5464 71.31704 107.607346 0.0014935035
1028.0021 1687.5109 22.924757 907.72455 0.0014693113
531.44775 1689.9875 329.10095 747.37604 0.0014680875
41.293663 3470.6638 75.64498 113.05074 0.0014422513
991.5421 1801.0693 77.80556 791.5211 0.0014278663
996.0437 1509.8911 80.70186 400.7699 0.0014221558
1025.382 1680.8046 25.667835 497.44098 0.0014219026
340.77917 229.07802 659.0213 510.29453 0.0014127796
397.34113 2704.932 627.78107 1478.4883 0.0014037276
990.9193 1233.8518 86.02194 1480.2102 0.0013954205
583.8691 2144.5305 360.97302 387.96817 0.0013949369
283.37375 1327.2509 258.58633 1958.662 0.0013875344
30.555403 3442.908 55.376305 136.98662 0.0013761038
282.8368 2537.3513 522.485 711.642 0.0013649182
792.5265 3135.945 503.1818 795.8419 0.001362884
998.97375 3456.9456 64.78928 114.75642 0.0013581067
763.40533 1681.1803 182.3829 656.4088 0.0013518237
194.41365 1348.8723 217.726 1194.9852 0.0013430389
791.58923 1520.9482 403.9612 1835.1923 0.0013424512
1027.4858 2333.3547 19.280771 336.07166 0.0013419847
21.979092 2795.1377 37.680416 256.101 0.001268063
452.06232 1584.6726 659.43634 1199.7455 0.0012653302
347.00726 2006.8574 635.27515 443.3574 0.0012583667
1022.2267 2288.5874 26.063324 897.497 0.0012458332
1017.3816 3103.6133 34.084637 460.7096 0.0012309273
337.43463 1525.4941 564.20636 933.8015 0.0012150239
9.633122 3419.1323 17.593304 182.14937 0.001192718
25.507181 3476.3916 44.49367 130.31668 0.0011800914
1028.9515 3259.2864 13.979116 476.5655 0.0011530827
518.3558 1700.7023 269.97504 767.6871 0.0011407238
379.89734 2320.5898 594.38135 428.94977 0.0011241866
197.28088 2384.356 487.29013 1058.5262 0.0011105303
1027.2498 3331.0022 17.116297 350.6104 0.0011047492
396.88577 2824.493 719.5851 684.892 0.0010800271
539.965 2104.6277 294.30283 735.07666 0.0010549477
410.85303 1501.7482 352.91153 537.70013 0.0010477598
916.41205 1928.4076 334.70074 1389.7734 0.0010412495
687.3861 970.0075 555.4371 1220.5862 0.0010409877
578.02527 1677.1268 333.0775 1140.3405 0.001036296
528.2578 1701.7799 267.67087 999.2235 0.0010348004
514.4861 3476.9966 765.0318 112.498955 0.0010284671
473.83487 1577.737 223.22804 470.79837 0.0010066964
508.50555 489.35757 915.13367 995.0515 0.0009991765
422.0503 2001.6737 867.88947 1786.7476 0.000990004
274.82208 1729.7299 248.3396 1842.0673 0.0009839437
1027.9177 3067.6072 20.854641 317.71835 0.00097408
424.01013 1588.9264 202.26726 672.01996 0.0009628664
682.10376 2067.6628 373.1898 1000.02094 0.0009621214
792.9942 2759.3896 488.35715 728.5467 0.0009522534
754.3807 2973.9854 599.70685 766.37604 0.0009335931
369.69846 2011.6544 698.3962 3307.0479 0.0009323952
805.8637 2399.07 436.44003 788.419 0.0009029314
539.1961 1297.8344 429.98447 2079.1338 0.00089874014
554.4519 1501.1758 358.43878 1258.6252 0.0008921517
1030.0576 3382.0217 17.614388 212.31772 0.00089008507
487.7533 2370.466 979.4491 1191.378 0.00087019533
495.86926 1601.0692 247.1789 684.98206 0.0008684091
1030.9376 3269.158 15.024403 247.47273 0.0008384722
843.9862 2394.4104 460.09833 736.9379 0.0008237848
717.5359 1521.6637 398.79263 890.75116 0.0008163028
665.568 1271.917 497.00745 1775.1666 0.00079173106
691.131 2550.9387 683.2908 842.9091 0.00072714797
461.75714 1868.913 950.15344 2081.1199 0.00071471627
408.92065 1881.992 941.6485 1857.0668 0.0006884506
643.60425 1203.4255 606.82385 1984.4502 0.00068828167
643.80566 2647.1528 769.1416 628.96246 0.00065019715
430.58765 2030.1373 944.5558 1732.7443 0.000641215
531.9405 3218.2498 871.7061 420.5214 0.00060004723
