434.6431 1751.0894 862.9731 3490.6758 0.46002883
433.40646 1464.81 860.11945 2918.4563 0.39059803
372.5854 2011.7377 700.7126 1056.9531 0.13241193
197.25058 472.75784 339.6823 601.1485 0.1318193
389.17114 2151.5312 768.17334 1465.9557 0.13010901
168.08449 351.95755 218.00914 354.9179 0.115095936
163.2207 252.48674 159.70413 148.9789 0.09782882
341.7879 970.5792 678.0796 1943.1108 0.07683831
347.23413 1256.3619 685.932 2496.0044 0.07603708
395.4389 2029.2969 779.35596 1663.3849 0.07120919
349.9188 1375.7733 690.43097 2752.5073 0.070819214
204.83807 478.3785 404.54404 620.02264 0.069108784
179.00293 471.3138 272.23364 597.0208 0.06360582
339.511 815.1608 673.9492 1632.898 0.06122713
347.04822 1144.7568 689.1985 2289.469 0.059760097
64.26426 3189.805 127.25247 644.7843 0.059277054
337.4116 2057.8613 598.5372 906.519 0.04733864
405.21085 1943.9125 799.06 1878.992 0.04725872
171.2866 401.81042 233.75052 451.12088 0.04573578
394.33975 910.40546 776.70264 1817.0742 0.045289036
349.0349 1159.1361 693.66235 2323.6074 0.045170315
328.04248 1402.2682 648.33154 2790.3328 0.04514484
63.93666 3116.7244 127.22582 792.968 0.043436356
400.17236 1080.2296 790.2794 2143.291 0.039656334
416.03616 2031.0944 593.57416 910.70135 0.037609637
28.337612 2827.5112 56.256752 190.80014 0.03681073
264.80545 2198.3157 469.53302 623.47626 0.036648326
409.58514 2449.3438 812.7019 2091.1492 0.03646949
393.2549 1903.8162 755.4612 1410.7579 0.034015216
410.7463 900.46313 811.16473 1801.9741 0.033858452
394.4973 1794.6838 774.286 2133.412 0.03358217
296.42807 1246.6359 585.3168 2453.7317 0.032413382
362.4129 647.70544 75.778915 81.6278 0.031750858
347.24026 744.31104 690.10565 1492.3156 0.031477507
211.47142 833.03217 419.22476 1354.0156 0.030678255
402.1557 1732.9009 787.663 2212.309 0.029939126
269.9046 852.59534 536.14703 1581.3761 0.028342897
308.21973 2060.1277 490.78714 862.6918 0.027610768
275.2458 776.3496 545.7513 1545.1708 0.027534228
401.33347 757.36304 795.5607 1515.084 0.02614866
208.11552 596.0292 411.556 947.4853 0.026086658
64.84085 2981.994 129.28346 1063.3926 0.025617337
318.85947 2130.8132 416.0636 689.6736 0.024839181
248.25403 2357.5486 430.74747 289.60614 0.024567956
207.96661 724.7413 410.9614 1150.1708 0.024390256
298.59784 1402.5903 590.0386 2750.1663 0.02361581
250.61566 689.97205 118.3928 154.99052 0.023421548
56.886017 2715.0164 112.94944 418.79916 0.022589685
289.83588 2171.7732 570.7579 1271.5781 0.021718081
345.6487 651.0918 686.1347 1307.3916 0.02140394
423.13495 809.419 840.95245 1620.3748 0.021212816
243.01721 1381.618 480.02985 2580.5823 0.020734945
209.89447 1029.8022 417.31927 1811.0052 0.020722942
433.84137 1460.2166 860.49426 2912.1833 0.019837243
435.90274 1753.5208 863.4768 3496.1514 0.0198078
262.74115 1047.4979 519.7059 2057.9016 0.019567363
387.61703 1716.9928 748.6676 1833.8102 0.019473981
211.72081 404.61517 419.15616 794.2593 0.018639814
285.44174 590.06244 563.52655 1176.6058 0.018305458
337.35828 564.2023 669.71313 1130.5034 0.018227063
167.47162 1143.0839 331.1906 600.14484 0.018076953
271.9925 637.72974 537.2012 1261.3773 0.017808635
375.0067 1732.6559 726.4485 1765.8694 0.017678805
177.55685 488.03198 100.53959 106.51238 0.01740954
296.0198 400.728 582.76166 796.7941 0.01679796
250.05219 716.56506 106.275734 97.560135 0.01672541
335.7997 1553.2482 658.3413 1894.8951 0.016661508
326.42627 405.58124 646.0323 810.1523 0.016656477
282.6476 1990.822 540.7565 1045.5582 0.016609838
263.76843 2265.4731 521.91394 1006.2762 0.016579714
227.48277 522.25604 447.95074 989.53754 0.016484572
270.2025 802.96454 536.8615 1339.906 0.015601045
484.3191 1986.6017 473.41443 808.98846 0.015329628
43.559925 2801.982 86.38502 244.5892 0.015234659
159.7333 806.73486 315.0107 1280.2561 0.015185939
64.49733 2809.6943 128.6759 1402.9619 0.0151049765
347.75378 560.2365 691.55865 1121.1716 0.015090662
31.642405 2665.1826 63.186108 524.2179 0.0149978325
255.86305 2357.7979 295.61566 233.40437 0.0148577085
346.10098 1771.8152 679.1521 2189.18 0.014633213
194.52995 1016.4469 386.37952 1996.6998 0.014317241
290.16183 681.0301 215.50323 181.3025 0.014054393
351.88553 2119.626 698.3656 2697.9019 0.014051334
348.635 1898.6641 689.4008 1954.7277 0.013926024
361.5964 2072.8088 341.03784 577.24976 0.013641845
201.15086 1245.0375 399.27414 2283.661 0.013620707
289.44397 1135.5841 573.90424 1409.7014 0.013558335
258.65482 448.45786 497.09134 759.6257 0.013514986
290.44666 1742.611 575.4766 1792.4247 0.013225305
226.38144 1115.5696 448.17404 823.8141 0.013152669
266.6961 697.42487 528.7533 1323.9026 0.012870064
49.336834 693.2136 94.5611 122.348755 0.012839889
384.4294 2450.1748 764.4024 907.3098 0.012743197
63.858124 2791.9866 127.33999 1435.647 0.012735641
216.96344 1263.3387 432.41074 2471.3965 0.012447742
53.17582 2540.3901 106.25088 762.4152 0.012177655
247.04327 2317.7793 489.20972 973.71375 0.012143995
203.0619 664.25323 390.96442 225.47963 0.012141969
276.24008 484.96652 522.9079 670.0859 0.012030078
288.3895 1831.828 572.77277 1760.7507 0.011946226
257.51718 1016.37335 485.829 770.70245 0.011854322
216.19572 597.6427 187.9654 331.53583 0.011564955
161.00604 1466.2146 318.4199 2875.993 0.011540735
172.99904 661.95074 343.3234 1020.5961 0.011443195
173.2861 420.1376 197.05794 190.88217 0.011383995
64.55666 2528.0803 128.3143 1961.0481 0.011377725
212.30804 475.32544 419.48123 943.8925 0.011325628
330.57092 2491.2476 656.2063 2014.0929 0.011223803
262.12103 1694.9252 519.3825 3273.1138 0.011206728
381.5531 1302.5875 746.0788 2225.896 0.011203021
421.98566 633.36096 844.95715 1277.1508 0.011194017
265.93973 1042.7258 527.54285 917.4534 0.01100296
263.661 1289.6476 523.98224 1212.3073 0.010903551
269.0503 1178.8164 535.1864 1146.5443 0.010882297
167.27037 602.19934 319.8436 337.82693 0.010835914
207.5647 2362.1836 212.42607 225.25429 0.01077727
342.2693 1780.9014 682.59973 3403.6973 0.010759751
54.304264 2787.1387 107.953926 270.2096 0.010736055
563.9626 1954.9424 326.01187 703.6411 0.010627744
388.4386 1297.8975 648.9893 1679.1016 0.01058244
466.90024 274.40518 426.07474 547.23627 0.010526161
411.0408 2844.6797 818.30756 1327.228 0.010489556
330.54178 2487.2708 671.9713 2038.6228 0.010462612
266.9191 1754.3668 529.75146 1527.7075 0.010451249
412.45847 1874.5953 808.1876 1350.4801 0.01032593
398.88455 415.43185 789.7041 829.40234 0.010313545
320.38498 2034.7417 356.4478 899.2915 0.010313094
261.17737 977.28046 523.34045 1945.1641 0.010302119
402.0039 2013.1808 265.47336 447.35867 0.0102099795
223.35939 2230.0698 280.01215 480.07858 0.010131665
314.86063 1675.3234 620.4105 1949.3895 0.010072641
714.2727 210.88852 177.06949 423.88333 0.009985772
123.87522 94.39938 246.35872 186.05037 0.009959444
122.20621 1210.0118 243.71576 453.4296 0.009919569
31.74037 2444.9685 63.54516 962.9987 0.009879935
218.75383 1196.8282 435.67874 1056.0715 0.009871496
162.7989 1014.5133 326.24622 1986.2672 0.00975563
393.36865 1408.2537 722.7989 1649.1031 0.009639819
591.1036 1934.5903 383.92798 836.11194 0.0095782215
56.85587 2430.6545 113.74654 982.88513 0.009562465
413.42032 1577.9692 641.6838 1440.601 0.009450045
566.37726 1824.153 266.15158 456.58264 0.009378262
53.50895 1765.5807 104.78327 3475.8604 0.009285425
182.60909 567.5136 120.15304 267.62894 0.009278882
26.888105 2638.9573 53.628544 566.5992 0.009264524
246.6916 1031.9026 358.52084 545.40643 0.009225033
412.76807 486.64246 828.54254 974.4441 0.009217823
79.9093 2652.7249 158.13286 538.181 0.009205556
264.84372 495.18713 511.808 740.8495 0.009173119
259.75064 562.6993 274.14905 421.05325 0.009028386
391.45123 1299.3243 770.4219 1552.3964 0.00902146
335.9209 1377.5596 537.21454 1639.978 0.009007412
275.19058 1127.6976 550.1171 2250.2534 0.008849977
341.233 288.09378 675.7355 576.31866 0.008782989
395.88135 432.78772 785.9285 866.4798 0.008742136
654.11414 2072.5032 161.81477 278.86234 0.008642813
539.51215 1033.4503 617.94244 2084.8972 0.008619014
204.89528 944.71875 407.95215 1038.3823 0.008603203
447.23526 1971.9299 236.8751 415.05728 0.008597625
165.89384 250.5509 147.08003 144.09706 0.008587426
374.1389 2112.1975 456.06836 670.67725 0.008504107
281.3236 2085.3315 352.95578 799.26385 0.008494178
185.40338 570.33777 264.04776 394.33765 0.008460502
165.78452 334.08365 203.81099 315.42853 0.008386059
449.6895 281.63153 255.25107 365.27176 0.008375672
418.94727 433.57025 832.02966 870.8918 0.008367652
359.34674 1460.7002 709.76465 1461.4061 0.008308436
652.16 2114.5244 240.51486 389.33353 0.008289246
334.72058 1624.762 657.8106 1568.0931 0.008280948
384.62784 1489.0092 760.70215 1194.15 0.008272533
158.79335 1309.9608 317.41815 2415.243 0.008233792
267.7681 530.40125 526.41296 787.0937 0.008232971
354.47968 676.912 101.13392 149.02351 0.008227273
523.14996 1748.605 382.95102 609.5995 0.008220054
227.45877 2572.1387 453.5423 664.43866 0.008194681
425.55273 1655.5875 650.63947 925.6031 0.0081746
341.91653 539.204 680.2285 1082.8472 0.008091273
445.85248 1686.5917 667.9485 1696.908 0.008039045
426.00586 1721.7197 889.7545 3209.0234 0.007937213
608.38184 2129.6646 274.17386 393.77753 0.007931208
444.9818 3198.3467 880.0238 624.2492 0.007927592
35.899128 3035.2424 72.0367 948.6101 0.007925091
146.91373 1296.8773 293.78384 830.82733 0.007914724
379.02438 1627.5981 738.36896 839.6387 0.007896814
38.45019 2283.253 76.865105 1285.9833 0.007847958
24.806202 2477.6768 49.65321 887.11835 0.007841378
138.32765 1038.6299 277.96042 1788.345 0.007840325
202.94167 870.3816 403.13513 572.01245 0.0077633304
232.33743 18.90021 442.1301 38.955772 0.007746611
65.24239 2522.7622 129.7224 1960.458 0.0077313012
559.1782 1204.8182 582.25037 2416.0657 0.007687087
349.84885 2765.8474 698.78864 1487.0615 0.0076656747
616.6558 1733.5192 155.7327 268.38144 0.0075558466
733.82935 2279.3643 130.42377 200.27657 0.007546159
301.8662 15.820651 598.864 32.738117 0.0075189318
272.02795 474.18384 523.0094 630.74115 0.0075076246
63.72859 2211.594 126.29047 2587.9136 0.0074829673
88.52447 2506.147 175.4553 824.64557 0.0074664047
349.80615 10.4082365 291.5299 21.13451 0.0074152104
19.514397 2538.0957 39.29177 750.2171 0.007388239
62.450665 2331.2437 123.836754 2354.5066 0.007385001
63.000957 2315.2249 125.33035 1210.8776 0.007361549
176.35196 2683.6848 350.84662 1644.243 0.007353055
81.51039 2496.8186 161.2791 849.51514 0.007317259
153.16493 1222.1722 305.89636 948.2939 0.007304555
359.09607 24.987076 271.24283 50.70632 0.0072505795
8.357762 2518.038 17.294313 803.7259 0.0072414936
289.84943 1532.7845 573.9766 1463.2806 0.0072224
367.11295 1637.6024 503.1121 1744.31 0.007204558
314.24805 2589.8694 624.982 630.6511 0.0071457387
56.342796 2604.8745 111.73059 1799.9636 0.0071443887
32.51956 3130.048 65.06829 768.43365 0.0071269707
145.21979 2213.7542 290.6588 1384.044 0.0071064173
176.98683 2565.1506 351.82877 670.03064 0.0071021994
585.5704 1799.415 221.53618 397.96225 0.007102038
391.5844 1560.6309 774.36816 903.04456 0.0070431065
339.1968 632.88934 127.4709 119.84258 0.0070418455
703.623 220.55133 208.24669 439.85526 0.007022571
378.21936 1476.1038 746.63043 1283.1788 0.0069458964
314.5056 2870.4478 630.32965 1275.063 0.0069420133
386.3123 1327.2914 766.884 1307.9266 0.0069326935
199.88528 998.6415 398.85974 2042.8682 0.006915441
545.40906 735.0256 610.65546 1486.8868 0.0068945005
449.1004 1428.3855 582.75336 1409.0801 0.0068269055
75.116165 2426.8447 149.3991 983.7109 0.0068134824
31.623625 3188.329 62.43741 641.67993 0.0068040276
393.72665 259.3526 321.36218 508.8012 0.0067744274
631.5912 773.8305 456.90875 1546.2996 0.0067594983
175.52603 1105.6223 208.95439 319.6879 0.0067532687
21.58321 3190.0115 43.133232 641.41364 0.0067481687
138.99245 1435.2753 277.93423 1059.3281 0.006744105
97.7631 2665.2324 193.74033 501.83078 0.0067423834
564.6244 1903.9004 385.04645 918.4739 0.006730463
131.96977 3016.276 258.89307 982.6637 0.0066413735
94.7704 790.78436 189.052 1278.0266 0.0066161323
209.81773 93.23604 416.21628 184.8808 0.006614735
450.71136 1445.7661 559.2589 1705.5829 0.00647429
340.75095 913.021 309.0751 399.0434 0.0064650825
21.48072 2364.8967 42.86317 1120.4812 0.0064360467
543.9199 930.7989 643.849 1890.1327 0.0064305793
460.93152 1710.8163 551.01526 863.8675 0.00641224
389.0979 88.90866 236.2957 176.07188 0.0064120702
228.35178 1894.2483 440.24045 768.2206 0.006402177
612.5963 1729.5067 162.02124 264.78073 0.006397474
339.64246 957.06683 365.668 617.7756 0.006364225
352.92215 72.09091 147.16907 143.8794 0.006354234
348.85995 914.5186 236.45709 355.8617 0.0063405316
531.9274 17.446928 287.79437 34.87163 0.0063308985
59.336628 1805.8447 117.41628 3374.9465 0.0062743127
95.64222 2499.5408 188.3143 1999.0221 0.00625964
149.57376 95.721146 296.4155 190.30493 0.0062428033
592.5457 2218.3208 240.27722 234.03827 0.006220573
336.49103 67.87276 662.9623 134.77524 0.006217485
132.16446 2760.207 262.25082 1481.2515 0.0062145097
456.62128 16.111504 158.79018 32.5968 0.0062079607
512.1209 276.27167 535.5838 556.24426 0.0062068226
369.4953 1549.7332 662.94385 782.51324 0.0061766854
675.6629 235.8423 267.07764 469.20996 0.0061430945
19.896578 2894.7993 42.61098 423.7864 0.006130022
638.6881 967.2573 457.04944 1949.3304 0.0061147516
2.308846 2632.7031 6.4685564 552.5054 0.0061044293
229.09625 1928.3666 434.95093 755.8313 0.0060973885
322.74393 916.5085 191.17932 288.12396 0.0060969326
451.1995 895.44666 336.30832 963.824 0.0060947393
163.0695 1405.3064 347.84167 2801.8376 0.0060826633
123.33915 1472.3667 243.8732 2878.4417 0.006051921
6.6014085 2443.4883 13.837912 955.9991 0.0060364855
201.05315 2120.389 282.8295 711.73285 0.0060222773
289.94986 395.93387 539.0761 774.0119 0.0060168793
23.751265 2939.874 47.902576 1136.9438 0.006014461
30.538752 2099.8625 60.80954 1657.1038 0.0060005547
342.02365 106.29813 680.1781 211.75487 0.0059963726
153.7272 1014.65967 306.2564 829.8906 0.0059815715
222.45044 1715.5116 427.7877 543.72034 0.005981359
363.76965 1570.8491 726.2867 1147.9559 0.005961402
101.10608 2519.2747 198.60007 1940.2739 0.005957035
640.40344 1163.0856 461.2919 2336.3108 0.0059541874
132.1808 22.92967 261.84335 46.585217 0.005941216
204.17705 1688.9929 408.3461 1793.0089 0.0059253704
635.6623 2116.4194 188.40599 358.96408 0.0059189703
510.65353 9.693311 253.85942 19.362076 0.0058733183
161.29994 913.39185 320.53976 336.5602 0.005832474
142.20517 183.24028 280.0993 362.3546 0.0058116303
397.10037 245.95677 265.3074 449.84067 0.005803456
103.29674 2814.3215 202.93497 1379.0624 0.0058013545
321.424 1652.7189 369.24283 450.54984 0.0057879356
620.0303 1098.1901 388.88867 699.44183 0.005742643
508.27716 1685.6527 602.4022 1589.9796 0.0057403753
183.74768 1908.5947 367.32062 1983.1847 0.0057312655
136.48027 1726.6984 280.2978 3438.423 0.005716457
65.07337 1804.5896 128.11223 3372.4766 0.005715519
155.2372 245.57243 305.65433 495.11868 0.005713422
6.736317 310.87073 13.803125 253.63367 0.005673638
3.966814 2427.4978 11.096164 488.4232 0.00567214
163.36008 87.623985 325.1005 170.71185 0.00565084
381.18448 1576.9553 770.31476 1267.1696 0.0056444346
496.9949 1621.5116 588.9849 1794.1483 0.0056355963
602.7253 2134.8542 327.28177 467.01132 0.0055973884
630.67535 1228.8302 490.15073 2484.573 0.0055953935
24.719936 1396.9484 49.949924 152.22942 0.005594138
5.0282936 440.9043 10.115766 683.1496 0.005591112
303.56885 115.8061 298.25034 230.76903 0.0055867084
387.03735 869.6787 186.57433 276.24045 0.0055662896
140.04991 3121.7268 275.78955 769.5515 0.005546802
309.72055 1624.1079 264.04956 365.00732 0.005522855
716.3801 22.409733 190.2443 44.738873 0.005512661
640.2986 1090.3528 297.13394 501.52805 0.0054967403
99.10178 600.971 193.26466 319.62762 0.005495038
180.02344 488.5002 62.57053 81.408035 0.005480852
488.44354 3210.6228 771.2151 601.1546 0.005480483
64.67727 2059.981 127.86117 2891.1934 0.005479373
118.95076 1742.4031 236.20166 514.32916 0.0054736906
6.1950946 2425.9004 12.978603 1006.4667 0.0054572243
47.938683 108.396164 96.21406 212.69489 0.005448435
67.11956 2026.9634 133.20917 1794.3198 0.0054298677
33.043148 915.56726 65.86769 384.98892 0.005429008
595.06165 1812.7188 201.5293 408.9096 0.0054254844
463.0993 108.47167 414.7522 216.85698 0.005425438
75.65046 2584.4841 154.21826 682.83905 0.005424738
97.1731 6.5851054 199.44626 13.039018 0.0054185647
24.024248 2149.6912 47.80524 1542.4188 0.0054111867
206.0296 1173.1136 188.41663 298.93076 0.0054040826
392.9391 849.931 275.0629 459.32065 0.0053489585
87.10024 868.30194 175.27495 1421.5338 0.005338952
12.155738 2222.7688 24.45568 1410.8805 0.005324305
266.49005 1643.9385 506.0803 1132.7644 0.005323396
593.89703 1341.571 547.53937 2691.8472 0.0053199437
425.58572 209.64955 698.8264 425.9619 0.0053137476
91.06537 2489.1763 180.095 2021.2085 0.0053095855
126.653275 3197.291 248.98615 625.88824 0.005307629
1.77733 367.8319 5.0978723 429.80765 0.0053009116
167.88885 352.61136 214.218 356.16794 0.0052952
56.498745 3394.2737 109.775475 231.5107 0.005295165
5.0974565 219.58832 11.210509 426.8252 0.0052737365
135.00296 6.752096 266.8028 13.418018 0.0052713933
357.38736 675.7446 99.758514 147.47717 0.0052685663
178.7117 1173.0687 224.85773 537.6143 0.0052610044
383.42886 1572.784 758.4468 843.78503 0.0052398182
342.74985 1208.419 676.1552 1375.3579 0.005217754
462.17557 205.8902 575.86993 416.129 0.0052085454
684.5939 1101.8314 384.52762 2221.9211 0.005203663
469.45245 1449.5404 526.27374 1328.7838 0.005189398
472.34116 1212.691 535.33563 1402.5521 0.0051874677
256.122 825.6976 508.647 1263.1813 0.005183788
483.7358 65.13408 391.69006 130.26376 0.0051723905
19.036432 2835.6208 35.700306 157.8257 0.00517215
585.2655 1421.9188 452.22864 480.18982 0.00514602
609.19476 1143.4785 420.5103 801.15283 0.005136104
61.77723 2309.2097 123.55646 1214.6489 0.0051323115
28.411234 2995.464 49.74433 257.38474 0.005116134
906.4487 100.56546 10.567104 202.04077 0.0051151826
1.6914587 2625.9048 3.5266898 548.73224 0.005084608
101.358215 25.310347 201.70573 51.48993 0.0050750845
219.83221 8.080527 415.7245 16.322235 0.005062731
4.971678 2568.299 10.33546 706.2859 0.0050263554
384.23688 1612.6554 244.31274 342.4439 0.0050064083
52.819748 2804.7415 109.724174 237.49557 0.0049955486
220.87033 614.7 446.91174 1209.6302 0.004992459
494.05652 98.148094 338.12796 196.12302 0.004991126
145.60233 1622.3511 290.51782 1314.328 0.0049911137
51.774143 593.25476 104.120384 331.8277 0.0049887463
120.35051 1879.6992 238.98784 2084.606 0.0049860105
363.82285 646.7518 69.104065 75.29026 0.0049843504
649.55804 894.86694 329.8477 854.33154 0.004980866
606.5443 1647.3821 230.1418 425.97723 0.0049551306
145.38034 2225.518 153.01025 433.1773 0.0049498035
20.208216 2006.6041 40.082222 1833.6344 0.004949322
18.676764 1987.1573 37.63896 1898.8815 0.0049407883
4.699195 3049.9019 9.466934 909.338 0.00494046
231.51776 1246.6997 178.64041 353.99945 0.0049265856
138.61113 3188.9688 271.584 641.402 0.0049173958
73.450874 472.87872 145.87762 583.6351 0.004914543
651.20703 1080.1495 231.335 442.2909 0.0049144053
649.93335 1405.6443 456.04327 2846.3586 0.0049073123
109.52661 2992.3943 218.71959 1034.2819 0.0049003502
254.26387 2622.7258 517.19946 584.10834 0.004894311
33.428226 1396.4897 66.9402 203.25864 0.0048891534
156.90149 678.99176 288.59436 177.364 0.0048854914
157.14862 2694.3596 308.45346 440.726 0.0048709987
522.63245 1355.0696 563.0678 788.8442 0.0048671723
66.8281 2461.6882 133.81255 915.14716 0.004860032
62.37573 1331.4098 130.25003 567.2656 0.004847093
683.477 1205.9822 388.36835 2445.6304 0.0048445933
1.6591111 326.7507 4.3815427 446.22736 0.004844003
228.69585 21.400805 452.58453 41.11267 0.004843336
518.06104 180.55032 220.30923 349.1145 0.00482248
5.72816 3193.1694 11.642288 634.6371 0.0048152246
159.63152 890.05396 315.94293 345.71942 0.0048113004
511.4094 670.75555 448.05338 1342.7197 0.004809326
87.62517 2411.202 167.85153 290.2166 0.0048032477
7.036061 942.68646 15.445531 346.11954 0.004795816
87.94044 1134.7566 177.52554 647.3325 0.0047912844
285.8022 2608.3933 187.92897 255.0725 0.004773745
398.0852 237.95789 787.3867 492.81613 0.0047727823
37.587833 2424.5947 77.05832 2126.78 0.0047682407
122.91969 2085.357 269.0479 1653.5586 0.0047653457
127.303406 3158.6504 249.12672 699.8346 0.0047591957
161.20354 1835.6458 322.26077 1342.2932 0.004757568
153.01413 238.15056 308.64612 499.75946 0.0047562653
227.3238 496.5143 474.07364 1005.0713 0.004734041
156.30643 2376.5457 218.5291 358.93515 0.0047309147
203.90701 156.43147 403.42767 312.40048 0.0047282414
897.5848 132.79956 29.615732 266.5798 0.0047255
307.5167 687.154 82.5505 140.66716 0.0047003417
230.82806 1200.3528 145.16118 249.78322 0.0046881195
598.27606 1379.618 368.57083 395.57205 0.0046862597
325.67026 2695.2869 298.28802 369.17072 0.004677354
661.44305 1181.2742 430.65704 2389.99 0.004634216
73.61035 2484.0635 147.07681 864.76276 0.004630505
629.5679 1707.4924 383.89005 1031.9601 0.004615737
618.875 999.57104 429.00546 1103.5034 0.0046065426
433.8876 837.39685 130.35757 243.17296 0.0045897923
43.111927 3218.0642 73.599304 593.27844 0.0045731827
446.834 34.78291 287.29263 69.969986 0.0045681624
113.87648 470.2688 230.60132 953.09814 0.004559638
719.9174 765.9826 310.4059 1541.4464 0.0045540556
2.505294 2328.1365 5.2648034 1174.4719 0.004535098
720.8051 3286.7354 261.62167 445.08182 0.004534898
559.4427 1195.3212 500.15326 1025.5765 0.004532789
612.1037 685.86066 494.37723 1384.7745 0.0045311456
109.84125 1311.7211 236.93773 2359.6765 0.0045152097
609.2673 1087.6007 391.16403 606.578 0.004483074
6.1637506 2556.4688 13.928346 918.01434 0.0044783456
377.62714 2005.3694 692.31934 1023.34937 0.004478248
538.12054 164.57237 191.51721 272.1318 0.0044660983
166.27716 3192.8572 328.93552 632.7675 0.004461576
35.08682 697.869 57.449505 89.94363 0.004442473
722.10675 636.38715 182.77924 368.93515 0.0044306153
4.710055 965.9643 11.166182 718.4531 0.004427775
139.69559 97.89496 276.81232 194.19626 0.0044112983
97.92369 1339.198 173.14748 492.4854 0.004411127
405.38333 349.84518 182.51135 295.55157 0.004397014
638.07404 225.59084 356.92706 450.0484 0.004379828
350.09027 898.08514 394.2508 657.93646 0.004371191
241.48143 1951.3256 356.01007 662.24 0.0043674405
16.760147 1075.7709 33.799534 889.8515 0.004365324
876.86426 112.174644 72.5407 226.67879 0.0043598684
3.7207296 957.3427 9.207955 278.44592 0.0043303114
147.50284 910.2173 288.2686 277.42422 0.0043240413
264.83685 1115.842 151.90495 293.2152 0.0043194126
58.959957 3473.4905 113.90129 135.18655 0.00431695
148.73593 2458.2673 250.07556 311.43365 0.004311287
872.47754 84.126 80.10085 171.8393 0.0043097455
2.34469 406.98364 5.697176 207.0091 0.00430754
65.594894 15.445023 130.88808 30.010477 0.004305424
17.348196 763.8863 34.497185 1412.511 0.0043045697
639.5213 1330.6622 329.8282 372.80035 0.004299529
633.2262 230.1045 334.63388 461.7427 0.0042899754
211.30481 590.8718 165.08867 329.02188 0.0042786654
37.780926 70.732025 75.76028 137.04433 0.004270951
457.38562 1.7281016 525.2051 3.322855 0.0042702327
405.9792 235.84164 815.6626 471.17838 0.0042490857
233.84415 158.93636 464.97125 313.8596 0.0042371745
565.1565 207.70125 239.23363 417.60574 0.004233965
275.15988 2364.4807 214.4127 242.22697 0.0042092833
709.87274 604.21643 191.80438 424.42896 0.004199994
843.14075 3112.3203 133.09074 797.738 0.0041980734
410.6609 1980.7975 128.65363 227.42123 0.004192476
236.7293 1043.374 377.2169 705.04663 0.0041846572
63.987534 2886.7102 128.21928 1246.5077 0.0041776015
125.8559 2260.1365 225.03433 425.26868 0.00417586
636.9444 1912.1022 262.73422 699.4226 0.0041750115
452.3324 997.913 528.7554 1216.2783 0.004168801
4.1907086 1950.2401 8.454707 1915.1857 0.004162821
241.43752 1668.1838 459.38797 592.2467 0.0041625504
55.110527 688.42175 97.142334 157.36365 0.0041541224
24.664028 460.2229 49.465405 594.80786 0.004153239
51.22388 1511.1086 101.89021 381.16003 0.004149984
80.63984 2726.5142 163.07524 1531.6342 0.00413812
418.7159 2515.5457 319.9841 462.78027 0.0041362187
2.467874 2359.481 5.1998315 1109.4042 0.004133666
70.45362 1218.3618 131.93102 412.2218 0.0041335323
165.54266 6.7607236 330.359 12.877297 0.004120768
304.39127 1093.3444 217.3705 434.8141 0.0041145654
656.5842 3171.8027 469.40564 676.9696 0.004113102
427.0063 1534.6221 431.3742 810.9068 0.0040856106
175.19324 2362.4185 142.90028 203.53795 0.0040746843
8.25367 908.50543 16.85372 1480.4031 0.004071924
530.1299 667.9436 422.89948 1290.3588 0.004065409
130.96898 2726.3228 257.2801 404.5748 0.0040596267
5.116135 2152.3428 10.586465 787.64825 0.0040538837
620.1434 1407.657 513.9499 2841.148 0.0040477104
475.38638 464.69183 404.15393 945.7996 0.004040886
447.44006 3328.403 883.4253 371.8276 0.0040366435
10.128742 688.3849 20.823797 154.56316 0.004030806
494.0842 3378.6921 741.04926 268.24872 0.0040238006
735.8425 2292.9104 161.83444 292.29773 0.0040126536
371.62543 846.64594 133.19792 194.8075 0.0040082866
49.54991 1522.1587 99.31036 1088.5753 0.0040061167
478.99667 1461.1924 506.38025 1493.7095 0.0040044407
263.09918 682.9198 86.050865 145.80151 0.0039948425
170.37352 566.30206 67.435 135.56334 0.003990883
554.1265 566.2014 583.5132 1158.0863 0.0039797476
250.74788 465.0207 537.03546 937.96576 0.0039781113
729.9322 467.65256 270.38916 943.8065 0.003971332
17.788862 1116.4825 35.938892 441.60974 0.003965732
907.7124 136.0998 7.524771 274.84473 0.0039647287
417.05402 600.7841 804.9535 1210.703 0.003964527
126.56118 164.00049 254.7798 322.07086 0.0039531705
65.06266 3106.4197 113.147446 446.20312 0.003943861
515.0943 1488.8885 483.89587 1581.8488 0.0039429097
604.2743 1556.7496 448.8646 1852.4341 0.0039385916
1.4331945 2512.9873 3.8565383 817.43 0.003920875
159.20993 929.2266 319.739 349.607 0.0039168806
382.1228 335.06622 209.40321 355.46823 0.0039156717
659.20905 1808.9706 189.72636 405.94498 0.003907816
16.64844 1676.0851 33.699795 627.0521 0.0039067212
130.98866 2823.4175 274.44833 1355.4161 0.0038996246
218.22467 2041.713 467.01535 1645.787 0.0038976264
259.977 1088.8348 524.73804 690.1751 0.00389753
3.229987 1831.5919 7.5164456 2552.9768 0.0038952203
813.3596 3033.8567 191.44711 954.22284 0.0038843988
27.276628 1165.7195 54.753723 536.4741 0.0038840706
121.95502 2621.902 184.3651 247.89117 0.0038786947
282.13867 1620.6597 534.8528 924.1555 0.0038745
366.1436 39.288322 679.6215 80.61466 0.0038719317
51.08581 2960.7869 107.72522 587.9458 0.0038679524
4.7124367 2262.6719 9.703175 545.3485 0.0038547814
3.6269364 436.97134 7.5517745 878.24805 0.00382975
2.8178205 780.2297 7.027949 758.84686 0.0038245127
628.31055 1739.4806 381.2827 1520.9504 0.0038197597
244.47696 1567.1288 461.31998 1064.2339 0.0038081359
801.35535 3283.095 192.93977 460.8927 0.0038017808
86.787926 212.2623 174.7155 422.84003 0.0037966499
369.5536 792.8437 348.10254 527.3258 0.00379467
230.9656 985.7796 380.87482 603.6456 0.003790696
30.417276 222.63309 60.973354 439.37018 0.0037765885
44.00669 398.13638 87.66558 763.0862 0.0037754527
424.05386 338.01053 168.41733 294.52338 0.003774273
610.9217 180.91139 373.37106 366.7033 0.0037716348
45.720306 2663.4805 94.69726 1705.9885 0.0037689446
751.0623 229.49593 268.37152 459.84085 0.0037683072
873.95685 1381.5558 78.055435 773.3404 0.003768155
716.04047 124.62435 196.85533 244.87915 0.0037646843
27.76157 2170.7559 55.767853 1946.06 0.0037623544
37.21796 1480.2139 74.10798 344.8098 0.0037612342
739.0437 2295.5242 149.18568 268.8558 0.003761052
1.8021244 2094.8013 3.8461237 1627.0565 0.0037576158
311.55594 1601.3107 168.60504 285.0863 0.0037555224
80.6203 1440.253 168.26842 871.3772 0.0037362152
12.544804 1696.8826 25.358873 704.88416 0.0037314775
643.41345 1192.96 351.2679 624.98615 0.003731476
590.8547 2408.277 368.46515 500.38828 0.0037265245
28.400692 116.57551 57.268272 226.30928 0.0037238505
24.172426 1355.0676 47.967697 952.49207 0.003708123
186.97667 1745.6613 356.60614 466.85526 0.0037044326
704.82635 2125.5894 248.43205 491.88223 0.0037043074
869.16626 2808.6204 80.54347 578.422 0.0037019625
5.5776453 3289.1948 10.995777 436.4843 0.0036854185
536.6434 257.8956 573.33 518.22485 0.0036829768
908.0539 156.5416 6.947688 314.1141 0.00367264
4.995768 2135.4824 10.384156 944.946 0.003667573
278.31696 2370.772 221.6459 191.04893 0.0036601473
514.50635 1495.6127 537.96826 1528.9331 0.0036596188
560.85504 1603.4579 509.951 1435.9043 0.0036507621
124.71391 1589.895 204.10341 403.26266 0.0036396214
23.64062 1159.7413 47.44929 609.0581 0.00362762
354.8506 1581.0823 168.76073 268.21906 0.0036183265
510.03674 1622.6434 489.93417 1541.5449 0.003614143
675.49286 499.78354 364.0168 1015.4206 0.0036116797
477.059 1460.4838 480.99518 517.7304 0.0036033362
448.49567 3245.469 873.9525 566.38403 0.003601975
539.5887 467.53595 578.7959 957.15515 0.0035982328
198.09804 3186.124 396.8403 676.995 0.0035927882
271.6882 2430.9187 127.77621 165.42024 0.0035769173
533.8582 309.47546 574.51404 622.62054 0.0035721636
15.3973465 1256.727 30.690882 362.59384 0.0035709704
7.3623133 1710.078 15.268242 467.90738 0.003555878
638.2564 1272.6573 463.7183 2602.7742 0.0035509462
654.5801 1099.6421 205.71158 338.0468 0.0035459946
371.50458 867.32794 121.5794 207.24239 0.003538789
515.4369 1609.2651 449.06665 1411.2888 0.0035335282
6.426961 1915.8252 13.165537 1510.2332 0.0035323885
719.2189 355.27957 301.59348 717.9847 0.0035278962
408.0031 2752.381 603.7866 1447.9364 0.0035224156
67.1835 3378.4697 125.41974 259.18704 0.003522034
143.53915 3081.4167 287.12198 867.63226 0.00351619
463.62332 2599.405 168.3418 229.5067 0.0035128735
743.9041 373.98862 220.62003 787.0526 0.0035083478
108.36735 1726.6212 202.2605 396.65854 0.0034842272
2.7026565 1119.1799 6.989635 418.43268 0.0034759124
59.51924 3485.8381 112.00289 138.0649 0.0034715564
662.6958 434.47025 394.65225 880.3659 0.0034665419
447.17688 1752.6266 904.7204 3488.7854 0.003455211
83.13915 1483.9484 169.78714 957.51294 0.0034469983
325.719 417.6573 651.8935 843.6318 0.0034443783
623.8494 2070.9785 394.4216 1200.4974 0.0034442276
348.39615 1259.2885 324.47488 647.06213 0.0034426732
436.97473 3193.0784 629.1066 881.4002 0.0034342958
322.54565 1009.5682 258.14383 522.9921 0.0034329728
360.77332 3209.347 628.1874 606.44305 0.0034327833
341.6043 833.6244 301.21368 429.18307 0.003431674
258.0042 2024.7653 210.02382 344.8779 0.0034251218
421.50986 5.712042 804.6124 11.081952 0.0034161443
124.501396 1745.077 249.7456 561.3529 0.0034153569
215.63466 1368.4261 384.47092 973.22296 0.0034145943
3.6644008 869.7073 7.5878525 1162.8639 0.0034103699
7.902773 1439.3229 16.79803 372.0836 0.0034089114
381.26727 1471.835 305.49835 491.7228 0.0033962973
757.06696 2979.927 251.19656 416.83362 0.003395452
110.557434 2776.045 206.01498 362.0886 0.0033842206
1.088031 2340.897 2.5323074 672.5506 0.003379677
238.38147 2530.0554 438.38223 1106.2341 0.0033789978
560.3265 1547.2032 476.7956 1591.5791 0.0033767456
723.14923 1956.424 241.14548 596.5675 0.0033750434
541.4887 2482.8672 183.41974 275.2774 0.0033732923
750.2583 2369.146 184.262 426.75922 0.0033687379
42.536686 2647.5984 88.13569 1737.631 0.0033682112
333.68466 1769.6622 408.55862 816.1038 0.0033655774
439.87732 3409.4028 879.24506 215.86243 0.0033549564
645.17664 1156.1819 437.40836 2365.8713 0.0033470239
44.6883 590.32654 89.63056 335.70273 0.003345343
280.28516 909.4091 616.43427 1835.2922 0.0033318708
558.85876 53.20067 501.98892 106.94854 0.003328943
612.02106 1099.8234 394.7962 733.53845 0.0033276267
877.99023 593.9767 68.70597 1283.4036 0.0033190616
795.5623 2425.2656 237.52791 582.8969 0.003302113
218.61531 1093.0994 325.175 514.6556 0.003297615
68.097374 1722.0103 131.17087 606.46387 0.0032640672
95.52995 385.70193 194.82028 755.46765 0.0032552723
732.6271 154.45201 136.93993 311.35095 0.0032532646
486.98544 564.8208 374.54672 995.9484 0.0032444396
42.113914 2745.7917 75.201836 338.9585 0.0032336584
502.6517 3339.701 293.7755 341.47983 0.003221146
391.6648 761.5919 139.39917 208.12177 0.003217174
716.4665 1176.8981 232.01561 446.15082 0.00321467
410.5025 3348.1572 798.84924 341.48483 0.0032127898
0.8032668 330.81708 1.8707414 262.22537 0.0032116035
497.1629 3491.3882 775.7102 63.18891 0.003207506
369.91055 1026.7549 351.68466 649.0769 0.0032070668
177.58105 1811.0626 269.71542 378.41168 0.003205092
3.0239038 1023.8042 6.598181 270.13974 0.003201194
237.40176 667.1979 491.56036 1352.0724 0.0031979794
836.4424 3368.3335 123.44996 284.00302 0.0031958127
142.39417 3033.0012 269.08163 559.8157 0.0031952504
103.62125 2831.3662 203.91531 252.32413 0.0031900092
688.79596 480.946 354.61496 984.57263 0.0031871614
198.87265 2384.7058 120.98275 168.77437 0.0031821418
681.11444 629.0141 142.80444 216.51523 0.0031771031
1.2417281 979.8878 3.1876252 309.5653 0.0031698402
722.27673 788.4441 226.95995 538.71704 0.003167019
22.765394 92.400696 47.757668 178.0703 0.0031663643
537.11725 3330.5945 266.71133 353.32498 0.0031616148
703.9479 3421.1208 205.76527 186.34691 0.0031614976
801.2838 2803.7124 208.29309 383.97168 0.0031584755
649.8781 2425.0713 320.0967 558.64856 0.0031575898
633.6865 1334.3351 407.50638 2558.698 0.0031544922
703.3878 1415.8099 256.39426 509.84598 0.003151273
55.55896 3451.301 88.190125 123.003006 0.0031454081
846.74036 3301.0012 105.20576 416.39615 0.003140905
576.26807 1628.5205 483.80103 851.0317 0.0031378085
655.0957 1664.8971 459.81326 3339.7957 0.0031301975
811.2748 2494.214 248.75523 1021.24335 0.0031278445
119.74974 1340.0607 254.82129 1269.883 0.0031236324
665.84106 3313.3389 270.65305 382.89133 0.0031141187
677.50665 3261.057 196.51602 343.90826 0.0031091785
132.32704 2799.0322 273.22925 312.8793 0.0031059654
230.0067 3251.413 481.803 599.89056 0.003101442
307.67505 502.76614 185.81227 515.1428 0.0030940792
374.01508 1550.0271 761.43304 894.65906 0.0030930748
361.66998 675.7319 102.29624 147.61641 0.0030908335
786.5275 359.41656 190.20891 793.806 0.0030776968
554.093 1625.4606 410.18472 1190.8654 0.0030668103
538.6444 267.9681 504.2796 541.1413 0.0030662317
1.8488175 648.472 4.0322514 256.98407 0.0030655174
658.96906 968.6698 196.36432 300.46936 0.003061386
462.7765 823.8557 430.31128 1280.842 0.0030444365
399.1686 2723.2869 197.64256 337.97833 0.0030419973
748.8613 619.6129 230.59381 885.9212 0.003032436
429.20215 3390.2878 303.75632 247.18486 0.0030057973
503.29358 314.51328 170.79596 193.73141 0.0030038804
612.55023 100.25295 303.50674 198.76842 0.0029980722
55.428017 3443.1929 91.61826 135.30562 0.00299524
111.50004 2053.8545 273.90802 2869.9858 0.0029808243
388.53708 1384.0704 313.60785 438.4748 0.0029717938
228.971 3201.635 455.16217 660.41046 0.002948239
808.8285 3119.136 226.20094 693.14124 0.0029347006
230.67451 468.16928 329.16776 598.9765 0.002934123
669.4913 3353.7258 266.39786 282.80826 0.0029259692
833.7841 3369.688 117.74368 287.86243 0.002917253
443.68506 3329.4417 879.6487 375.51324 0.0029073956
742.37024 453.1419 245.56444 937.95233 0.0028977864
767.61035 53.31717 247.60028 116.89542 0.0028951576
642.5942 1523.7997 338.54492 662.7303 0.002888537
190.17252 2479.121 318.43472 1008.6615 0.002884656
759.77045 3351.0132 275.29688 331.4936 0.0028815207
694.60754 1781.6235 164.70811 340.88947 0.002879198
594.6592 3160.8555 514.3527 705.0812 0.0028780235
236.3578 3171.1094 470.92978 715.40576 0.0028733897
598.36346 1314.5292 352.05743 376.86685 0.0028664349
77.5331 3348.5288 147.73332 327.50284 0.0028648651
111.13027 825.1455 237.80579 1353.4902 0.0028535365
166.0437 2062.6838 226.01343 324.84384 0.002847118
626.30927 1708.9617 376.28256 1326.8171 0.0028359822
129.76004 3292.8167 207.566 466.80295 0.002818852
108.519875 3173.1387 219.5791 678.16425 0.0028097136
395.17667 153.76361 773.0436 314.07623 0.0028018353
604.0778 1399.2678 345.46634 592.0872 0.0027995715
358.66284 2467.7166 714.3107 1618.1643 0.0027960727
862.4827 2266.9014 104.73247 637.1125 0.0027827674
479.9346 852.9767 154.78398 238.94072 0.0027772724
720.4701 991.3605 226.00533 603.4441 0.0027758558
0.46688363 385.52127 1.3191726 754.4226 0.0027687382
703.64716 2983.5815 223.57524 343.20966 0.0027609472
474.2242 3315.5044 208.04654 287.61624 0.0027592096
621.7614 292.36572 452.1654 583.88257 0.002758766
369.2675 3432.5488 735.1459 166.68886 0.0027582308
859.6728 3304.1484 98.175766 416.4383 0.0027549851
226.00594 877.1849 144.20876 179.98631 0.0027503634
832.9672 3428.1472 124.32255 156.17949 0.0027446277
104.493355 1612.3717 232.92735 3137.625 0.0027389377
746.83545 2759.678 281.43524 438.40854 0.002737214
448.95743 128.50125 797.9757 315.30173 0.0027292324
268.47495 96.75622 550.24414 192.84254 0.0027261204
22.435635 1838.5878 42.42465 121.43274 0.0027207406
1.2222134 1081.2222 3.2859268 356.79117 0.0027151261
561.7155 3325.4192 192.38583 258.18103 0.0027079568
190.19464 953.93805 363.03354 646.84705 0.0026938154
625.53827 2622.8757 306.89142 496.86026 0.00268375
95.9384 3407.0886 185.15312 217.51414 0.0026806924
796.26013 2681.5195 177.56985 293.74408 0.0026708243
353.6504 1419.3901 246.00824 397.64127 0.0026702618
867.38165 1989.5754 95.10659 676.73145 0.0026622023
840.32587 3238.0264 138.4758 567.67236 0.0026549061
708.59326 1313.8232 332.96567 2640.5786 0.002647967
671.37946 676.1112 387.087 1391.143 0.002642002
248.03511 1152.2944 649.2191 1809.4564 0.002640781
366.9112 215.01697 709.321 445.47708 0.0026361647
735.5787 1277.7207 320.57516 2651.575 0.0026355544
229.46576 3244.032 253.25107 533.0916 0.0026333102
364.9965 1744.9282 151.61337 288.8823 0.0026263627
758.8148 2573.0046 307.48416 1329.1163 0.0026213536
440.40192 384.1578 186.68286 351.48236 0.0026104231
481.7872 2920.6277 379.8406 308.07217 0.0026037188
369.98608 1505.9982 285.09872 436.241 0.0026004987
686.54205 1366.1969 367.7162 2801.9429 0.0025984836
857.01917 411.25 98.93122 869.0244 0.0025965145
258.6331 2960.8264 359.812 415.4095 0.002579952
342.54062 3442.2698 357.13626 143.52385 0.0025599147
304.9304 1925.943 341.59933 909.01984 0.0025549887
748.57367 657.1425 253.87935 1340.8394 0.0025540981
246.13644 850.5236 492.46075 1595.2074 0.0025449416
75.023575 3380.0903 141.8008 261.0098 0.0025398436
357.74042 2043.3029 135.63135 105.87148 0.0025292845
610.0996 2434.9707 222.19148 447.09845 0.0025272702
732.93866 3357.8186 188.1843 228.4604 0.0025269876
519.65924 1102.1354 163.90195 263.4777 0.002525468
413.96417 911.0838 135.23315 220.88809 0.0025192413
348.746 3345.663 479.3799 361.78986 0.0025156084
150.50993 3371.148 297.03143 339.4438 0.002501191
392.2608 2180.3162 791.99304 2654.8137 0.0024944453
906.1353 3194.4504 8.770659 599.8375 0.0024907899
219.77705 2088.6138 472.02036 840.38995 0.0024869281
419.0829 1222.2242 254.6917 452.77805 0.0024788587
314.21262 1313.2976 193.45418 318.25317 0.0024771718
844.6041 2260.1206 142.24196 365.40384 0.002466685
108.64857 2929.5488 149.1385 268.6624 0.0024653948
769.7779 2397.8418 287.88962 1527.6765 0.0024564785
21.114014 3462.284 37.542168 137.75255 0.0024473558
165.18973 3007.1858 213.78348 199.13611 0.002439479
476.2122 1832.6659 430.4932 994.26025 0.0024388083
372.9966 2283.2014 185.01038 348.22302 0.0024375825
737.8564 2797.2969 179.06007 285.05838 0.0024356875
384.16223 2240.5376 652.1534 632.9198 0.0024193688
359.237 3042.8308 291.80334 379.718 0.0024089485
425.01947 2145.1086 147.78679 240.04736 0.002407323
334.7037 662.5855 163.66267 203.10155 0.0023992837
707.4799 1617.2358 246.76303 540.1961 0.0023917526
497.54767 2873.7825 378.19107 1109.632 0.0023894792
277.9519 3407.6655 420.21478 278.39462 0.0023829388
119.937225 3421.214 222.11339 193.01111 0.0023798053
506.14584 42.290802 782.44073 84.299416 0.002367608
91.89674 405.9944 194.78008 760.9498 0.0023632273
750.42596 2071.105 153.28822 298.51746 0.0023465601
903.36694 3233.5273 13.718002 540.02344 0.0023460635
869.7794 695.6967 92.0778 666.3566 0.002341627
875.8985 3349.8997 106.3693 281.70212 0.0023397862
254.20457 3443.1924 365.10754 151.4772 0.0023256936
217.5052 3352.1455 211.6879 321.24564 0.0023159976
649.215 1527.9866 142.74124 209.28468 0.002309917
122.2405 1557.2018 307.1252 1830.3118 0.0023085712
833.253 287.4242 159.15843 579.1937 0.0022936699
370.0228 3272.7842 392.73334 323.67252 0.0022901837
379.90698 1204.1 201.02167 328.97467 0.0022803457
82.076035 3064.1873 144.66153 384.2085 0.002279672
725.1186 2224.8816 223.05264 418.1231 0.0022772115
362.06967 2854.5806 212.74796 231.03157 0.002274655
884.1973 3274.6477 43.884037 488.2155 0.0022715363
179.20972 1286.4742 356.94098 1023.75104 0.0022704666
754.8577 1222.1831 165.42989 312.14896 0.0022700853
27.083803 3115.2432 58.641743 839.7411 0.0022538193
719.6844 2870.0806 407.3221 1278.7748 0.0022467533
413.8603 893.91016 163.80186 260.74295 0.0022407467
812.4396 246.76698 173.70952 500.25293 0.0022360745
449.06473 1126.2169 182.61435 279.5041 0.0022253636
336.16437 687.90594 194.15294 216.51172 0.00221913
0.7067818 1273.8126 2.1029034 342.98398 0.0022044007
786.592 611.0134 220.40233 1237.2115 0.0021709795
602.6447 3456.051 230.59021 125.89729 0.0021658568
445.46085 1756.2223 856.2188 3469.9731 0.0021643816
836.158 2225.2832 183.29826 754.00653 0.0021602735
363.01443 1931.2083 235.59184 283.33966 0.002126188
116.55064 3460.6746 207.4514 134.88658 0.0021250409
538.09235 2830.385 181.6891 155.45953 0.0021075476
433.38 3014.7415 809.05334 1501.7108 0.0020774156
491.03784 3313.3875 905.7634 196.17514 0.0020624627
61.34649 3103.7969 132.86272 114.21327 0.002036953
813.4492 2172.897 213.46852 473.12628 0.0020309929
431.1106 146.57973 836.5026 293.05902 0.0019450317
219.14206 3480.883 132.9068 68.57416 0.0019391518
341.4453 2034.7327 492.88434 885.94104 0.0019277252
92.82404 2138.4177 118.4653 1106.0461 0.001926069
252.7488 1433.7966 469.6224 2898.4932 0.0019244051
382.29745 1137.518 167.8252 295.8912 0.0018792957
765.46594 1536.4886 198.97049 857.86383 0.001861231
417.87927 1143.2266 841.8543 2268.5784 0.0018332282
185.90356 1427.9688 287.05362 593.25793 0.0018247049
698.28076 3489.5413 182.64536 69.48419 0.0018224005
447.9836 687.16504 886.97675 1301.5958 0.0018116463
100.87401 827.8695 201.81662 1076.7899 0.0018113583
201.60597 635.26544 445.65567 1307.1924 0.0018110641
185.54587 474.9273 216.93506 565.57 0.00180172
225.28433 1160.5244 635.9736 2348.0325 0.0017697073
178.5563 465.92047 220.26642 573.4824 0.0017688938
860.8117 3457.244 76.59864 117.836815 0.0017609113
368.06125 1662.6492 424.31256 1363.2164 0.0017564511
254.0303 1336.4438 100.273384 112.95693 0.0017496746
815.60815 1990.0288 98.155495 334.74268 0.0017162706
363.4738 2297.975 672.8448 2426.9053 0.0017088774
400.5353 1453.0039 545.3545 1087.6144 0.0017063754
778.31274 2186.737 177.65536 381.81906 0.0016949364
123.92497 1135.9917 266.82346 1521.046 0.0016909955
229.77515 734.7661 72.13024 125.181114 0.001656645
253.33102 2285.9636 276.4381 319.21887 0.0016148408
320.8558 1803.9622 635.0338 1622.7393 0.0016069387
454.46664 1755.6604 836.223 3425.9666 0.0015958088
56.130386 816.4003 123.862 1319.8813 0.0015650376
504.52502 2712.9563 581.1305 1066.7603 0.0015351307
157.95541 296.01172 151.6273 211.61858 0.0015016325
364.88684 1730.007 360.7881 1248.9012 0.0014791348
193.3079 2377.8213 327.64798 1012.22766 0.0014695954
435.0257 126.85401 847.0632 279.8859 0.0014689196
79.065765 1652.3682 170.96802 2523.7607 0.0014415783
104.40384 834.22766 222.88162 1369.4506 0.0014089255
405.46475 3461.399 641.10565 390.45697 0.001403719
470.02527 353.80594 892.7636 710.32416 0.0014029237
151.24121 463.64255 186.2465 578.04034 0.0013730786
185.67326 1031.4391 373.01352 996.5083 0.0013635975
638.44257 3220.6995 469.9953 740.0658 0.001354268
251.29305 1798.6063 573.9546 2107.942 0.0013427607
891.6474 3472.4666 32.01979 83.39632 0.0013290744
905.6795 3410.9402 8.3741255 190.47911 0.0013040103
121.12576 999.646 262.83112 1748.207 0.0013005245
306.4032 697.23773 140.56824 180.9776 0.0012976149
449.18747 413.6323 795.21954 971.9145 0.0012645093
910.16077 207.01534 2.9700637 428.61154 0.0012519242
476.88028 84.7126 877.62665 176.87251 0.0012497022
180.13185 786.79694 163.83286 140.53381 0.0012205447
277.8459 2158.1865 463.18277 2164.719 0.001220461
70.928215 487.68134 149.70792 687.46106 0.0012201112
502.29126 2058.9993 395.7897 930.1008 0.001209516
561.2387 1812.281 407.85226 932.8466 0.001207402
133.13492 232.88947 277.639 472.0741 0.001206923
205.21361 1051.6084 423.96933 786.0842 0.001205022
334.90244 1598.4475 409.5951 1240.2208 0.00118748
135.56534 3423.3274 255.99452 185.0748 0.0011704877
109.666306 1472.5072 213.1456 2922.8572 0.0011667585
282.6559 176.07309 538.8946 373.69348 0.0011341787
118.49599 1964.5717 196.00198 1068.4689 0.0011075337
363.73724 1638.4233 292.9139 900.6999 0.0011007305
454.75415 3409.2366 543.0191 381.69183 0.0010672585
362.961 3047.565 697.49524 1051.7103 0.0010603579
163.10335 846.8186 359.2924 1722.7148 0.0010517861
465.1642 45.6211 879.8723 96.079735 0.0010498826
33.67338 3137.4695 64.3092 764.94354 0.0010472554
573.4514 2601.8403 557.0611 1065.003 0.0010453968
482.11978 2111.2493 720.26276 2530.3865 0.0010263533
395.17114 2087.2625 696.7179 1444.3024 0.0009968816
364.40402 1990.1152 407.9585 987.18555 0.000984703
398.60696 1374.3732 622.8524 1320.0625 0.00095377845
125.374756 384.0143 128.09369 197.2678 0.000947078
318.25415 439.02127 541.335 904.0621 0.0009258532
312.939 1801.6721 706.46967 1221.9275 0.0008421996
157.35336 329.58887 209.57487 349.93518 0.00083320646
458.0211 158.47981 884.0769 303.9014 0.0008304236
552.82117 1893.4193 416.7537 959.53394 0.0008089407
513.4256 3487.6218 824.79816 83.04219 0.0007994827
568.39734 3510.4026 712.9842 41.053738 0.00076239416
361.43536 570.96497 732.31573 1176.4381 0.00076038943
523.25354 3387.5488 658.01276 276.5389 0.0007559389
411.3751 673.6305 773.3943 1084.4907 0.00075398345
889.96924 3487.2888 103.72553 57.07606 0.00074804365
575.9062 1612.1426 455.01883 1206.3246 0.0007369638
401.28378 2371.4612 607.4362 1230.8541 0.0007357631
433.52545 271.17438 870.5162 576.97174 0.00069307716
459.08807 2511.9949 677.46576 1226.764 0.0006485231
423.91495 230.65933 865.3112 501.48154 0.0006217936
776.89215 3397.669 288.56177 326.1829 0.00061170344
451.78494 240.4702 822.9355 555.16327 0.0005988406
471.88177 2477.4348 693.7458 1096.7667 0.00058484555
