609.65204 1636.2673 1025.3864 3258.5295 0.46722823
609.70215 1443.6642 1025.087 2875.8215 0.3765405
619.50616 1913.207 996.0276 1761.1962 0.14587773
621.7047 2025.1122 988.65686 1477.6127 0.14448649
634.0108 1948.5868 926.55695 1205.7998 0.13221832
597.44037 1941.7178 813.06647 1150.9382 0.05414984
614.56506 1726.1226 983.3468 2136.7285 0.05306319
622.8917 1677.1312 946.88324 1960.4828 0.051148847
613.5354 2210.2937 1014.6612 2065.8296 0.04874635
617.34125 2093.84 1000.1632 1504.9968 0.04428218
640.1174 1402.511 893.90594 2213.957 0.043864883
662.9501 1769.0071 883.6141 1494.4911 0.040682692
740.55835 1290.6533 741.318 2440.997 0.04017571
1009.9073 366.88666 167.20398 469.45462 0.03892865
617.65234 2431.2097 1002.41486 845.19934 0.03763018
996.02203 366.3352 135.03223 461.66937 0.03429676
969.20856 366.38046 79.009186 454.2394 0.03156707
774.1797 529.3238 697.5575 1051.8553 0.031067673
1008.7394 250.21863 149.83548 232.0124 0.030533675
92.308136 2169.2952 162.68863 237.4594 0.029874688
770.0775 664.6016 702.2589 1319.5093 0.027541444
614.23303 2316.9697 1013.33514 1922.4688 0.027201533
687.1951 1018.1884 847.30286 1904.7734 0.026548184
630.10156 2246.6619 773.8418 535.6711 0.02585524
641.12805 2228.8403 886.6496 636.5621 0.025713438
614.25574 2648.946 1011.11615 1243.9624 0.02513198
769.34686 882.6609 700.9752 1730.2471 0.022644354
610.7667 2125.3816 1014.90564 2307.4658 0.021716198
763.9138 994.16656 709.6087 1945.6613 0.021027554
855.6761 548.39606 529.87665 1050.6117 0.020583829
672.5542 2250.1829 600.0365 516.4337 0.020031601
610.7724 1436.6075 1018.63666 2870.555 0.019692462
997.08594 247.8229 121.21845 223.99797 0.018883044
632.4903 908.5449 965.8411 1798.5508 0.018682078
777.6922 1342.8484 674.4913 2596.463 0.018354481
604.0019 1648.0546 821.7229 1811.1396 0.018065766
572.86646 1821.2001 556.049 787.9866 0.017320625
662.56213 1244.9536 799.1501 1551.3179 0.017271195
153.52794 2165.9692 127.68484 240.52179 0.017042227
609.8706 1654.5477 1021.1259 3299.8818 0.016905075
497.2299 1706.7764 566.5492 660.68024 0.016843248
870.6986 2439.5881 162.00484 139.9786 0.01651324
596.25085 1817.978 632.5742 778.5072 0.015978357
520.0953 1621.242 378.47458 461.37537 0.015971985
662.1541 2252.8713 546.90515 497.80573 0.015950175
528.9491 1481.4717 803.37225 1994.981 0.015932014
617.02356 1941.7822 574.34064 985.5722 0.015584818
490.72217 1633.6714 489.1294 505.3446 0.015406373
776.2681 351.75827 694.38354 697.53973 0.015402466
504.02115 1939.9825 652.8957 1120.9471 0.015360537
646.011 1522.4316 927.9355 1065.3992 0.014872492
645.69885 1558.5104 922.40704 1174.5896 0.014761561
723.3296 830.4669 776.3542 1638.2908 0.014701084
637.2352 1582.2562 938.4228 1234.2094 0.014354176
637.4123 1561.4563 940.0993 1164.3572 0.014271814
549.94116 1206.3715 811.24524 1872.3643 0.014188425
474.96606 1643.9303 499.57623 527.56354 0.014162177
636.5734 2093.1355 206.82195 150.87451 0.013871362
469.89957 1757.2295 539.9559 752.0178 0.013816166
563.8065 1301.5536 741.3751 1758.361 0.013815405
860.5134 326.56223 520.7099 641.91376 0.013768921
590.815 1941.4004 717.91583 1115.2136 0.013655056
603.1937 2735.8984 1029.8649 1425.7477 0.013577398
672.5853 993.2756 868.48254 1902.2572 0.013340936
643.4053 808.14764 941.7411 1608.6948 0.013325775
899.4324 567.77045 438.6808 932.7413 0.013232538
853.6707 683.6506 531.59827 1302.7439 0.013065083
637.6199 1245.613 861.0505 1579.8044 0.012965358
620.8514 207.48584 371.9839 373.84122 0.01274793
842.5864 786.87103 552.77386 1497.5558 0.012350226
665.48016 741.91644 891.6218 1444.5074 0.012264556
1016.1335 572.96594 212.09666 897.0518 0.012230079
727.463 1750.6517 743.8678 1481.1185 0.012024401
966.09283 539.55865 64.65415 122.419075 0.011663989
526.5078 63.03061 212.945 121.611694 0.011378149
691.10046 2150.4275 635.5178 734.8852 0.011342244
780.02045 430.2425 678.0942 862.72345 0.011212711
658.25995 2342.0125 478.2134 329.44034 0.01110905
864.157 308.13327 499.47574 598.5766 0.011031332
776.2419 194.10054 695.5719 383.8087 0.01099435
850.85443 482.22427 540.4694 947.4595 0.01096362
602.8377 914.9617 526.0342 778.58606 0.010919819
527.744 961.85443 791.52045 1753.569 0.010903263
617.2422 1528.9069 999.31665 1101.618 0.010794644
527.1403 979.392 755.9794 1451.6411 0.010757584
685.5592 2368.949 818.2921 838.78625 0.010747557
496.32898 1356.9327 743.00836 1724.9385 0.010733324
692.25543 944.42444 763.9419 1325.0519 0.010636075
954.6088 1163.4706 326.8934 417.98135 0.010591395
671.37604 1042.9065 752.41614 1822.4634 0.0105809225
643.07367 1731.8529 449.70007 550.508 0.01048877
140.2556 2209.9807 266.09485 346.40143 0.010482788
948.87067 330.1016 346.61658 594.51276 0.010432187
1086.2286 3032.7954 76.13489 515.3604 0.010401602
767.6857 1146.623 702.0138 2195.085 0.0103545
507.67944 1457.3442 772.96655 2164.797 0.010348834
542.00305 1190.3671 704.6988 1348.9108 0.010178653
705.1137 207.08412 210.70149 324.00305 0.010105978
283.98325 1932.7908 149.50934 147.89183 0.010088882
990.2868 788.0091 223.34886 464.91776 0.010073488
556.2138 2261.9778 610.58057 479.01868 0.010056218
585.9212 951.9727 592.3658 923.81195 0.009992033
433.0934 1733.4806 555.7424 711.6906 0.009979933
694.1625 2344.6296 558.5093 346.18802 0.009904463
772.03107 304.76456 705.0566 605.8566 0.009813078
674.6659 1560.176 725.6283 1225.4309 0.009811624
224.01794 2245.135 241.08029 402.02765 0.009754437
681.0378 668.58777 868.8958 1328.024 0.009751287
553.1643 1620.5664 262.64767 329.8694 0.009624871
781.1331 2221.238 600.0778 582.58734 0.009597833
612.0581 1531.8973 1009.8222 1135.6101 0.009441983
857.69543 1045.9304 522.5587 1982.3795 0.00932822
456.64917 1374.6824 693.46216 2339.2683 0.009304903
949.075 486.79135 334.68817 755.57947 0.009303005
641.9805 2221.0493 677.8385 853.1924 0.00928728
638.7055 1446.7134 944.4136 931.17456 0.009224106
861.56476 192.16 523.4577 381.49945 0.009178174
568.6504 2209.5906 570.273 577.3538 0.009087129
381.636 2038.8444 110.04347 122.215225 0.0090236
661.52527 2586.988 883.3308 500.73605 0.009016734
980.84595 312.7398 286.61194 608.65753 0.009005475
856.1464 974.58527 526.7864 1908.5582 0.008966765
318.94858 2269.1523 385.71118 459.00314 0.008924457
673.0291 2111.7505 336.60275 267.38123 0.008910702
609.5741 784.6328 586.85614 1267.2996 0.00888445
734.3423 192.66628 276.854 365.95676 0.008816129
624.8861 2250.0054 351.10306 479.08954 0.0088144615
973.2637 377.84152 294.839 570.29865 0.008790178
661.373 1963.0717 501.0398 871.05634 0.008764357
457.6972 1442.8844 187.44835 139.46083 0.008723049
569.7255 2359.8064 873.0549 706.4767 0.008707947
711.0804 204.6197 223.60043 341.02884 0.008692875
610.23004 778.39575 1014.46484 1560.783 0.008643169
544.36835 833.2125 707.24744 1389.1135 0.008573035
764.67163 2236.5803 363.62015 469.0686 0.008524557
198.60214 2178.5886 187.4158 284.17374 0.008509114
1018.4722 546.2549 210.18999 887.50366 0.008508116
650.3225 941.36566 846.21094 1659.5088 0.00848193
745.72455 1069.6704 694.2456 1200.1594 0.008481754
668.91437 899.69495 830.7949 1087.0104 0.008347987
896.71045 772.5246 400.87524 517.28766 0.008333099
902.43976 750.195 432.64407 1331.5458 0.008235579
617.57 2360.47 324.9169 272.1568 0.008200066
387.5185 2065.98 166.57355 197.03386 0.008185111
888.34174 675.51373 430.15472 692.2753 0.00817043
706.3842 2344.3486 278.04166 278.23547 0.008150148
687.6077 1030.1477 803.79315 1039.6879 0.008146075
994.843 1135.6194 242.58803 333.11066 0.008141865
676.81305 1228.8867 796.6749 1243.325 0.008038512
474.63898 2271.4565 639.6847 477.31552 0.008000628
854.54016 1153.971 531.0457 2239.4165 0.007977942
659.7475 1762.6719 438.04465 680.86676 0.00789829
574.6729 1990.7129 474.6966 1002.4349 0.007873696
631.0379 706.75836 962.2283 1414.7135 0.0078713875
876.80634 2558.3298 410.61554 267.05566 0.007846132
904.1909 1182.1537 425.86227 455.17242 0.007833165
527.7188 2174.296 685.67145 670.6042 0.0078088697
1003.9891 550.95526 237.95598 904.9555 0.00779308
591.52795 1604.8213 168.9176 212.55377 0.0077608223
725.6847 1363.7903 757.1479 821.55035 0.0077414624
706.029 1267.6862 793.2018 622.1965 0.0077154413
521.2577 1561.3912 733.83057 1027.1504 0.007655095
573.6501 744.8974 399.8261 477.91986 0.0076133166
900.2532 1329.6417 441.86594 2575.4565 0.007591763
765.0787 419.44434 714.735 838.2598 0.007577937
481.79742 1459.6403 254.66647 184.18239 0.0075725275
773.9456 1399.443 691.5193 2784.7078 0.0075534903
728.55383 1704.6208 623.6866 838.04944 0.0075383247
617.2948 1662.4843 901.00726 738.1152 0.0075258203
773.9454 76.80376 704.2659 150.36226 0.0075089573
359.2898 2095.18 296.0097 384.3673 0.0074958517
803.2401 489.15518 627.5719 985.61316 0.0074583804
428.6102 1008.94324 638.51 1923.2458 0.007423829
535.4258 692.5806 316.66953 328.70538 0.0074121403
882.64465 908.9614 457.0685 847.71094 0.0073919147
772.80756 576.1903 338.58496 705.35815 0.007379358
534.50256 769.83 743.5608 1491.304 0.0073130312
626.3664 1943.2812 965.5941 1173.646 0.0072709303
633.3343 2002.2189 416.27072 900.89374 0.007222619
801.34973 182.05965 250.05289 349.56223 0.0071842144
396.15848 2077.8936 181.8955 223.3899 0.0071792947
739.66174 1884.2413 92.05622 114.74048 0.0071583036
175.43372 2309.021 340.5308 553.44403 0.0071497685
585.41095 940.9418 580.67017 906.2191 0.007141065
785.0801 2536.8406 647.2834 638.7875 0.0071371947
880.41614 1389.6384 472.1493 826.49225 0.0071330164
563.8766 1428.9658 749.7845 901.04193 0.0070716087
634.05927 2362.3445 361.64114 269.36215 0.0070615546
239.91296 1163.2797 442.18857 2286.6582 0.0070449873
972.1795 243.16415 72.22649 209.06587 0.0070305783
606.50867 1555.5956 1021.019 1166.9143 0.0070303557
852.77814 2595.0178 512.14105 414.75226 0.006980715
524.0843 1362.4165 790.099 1233.1431 0.0069790296
489.45566 1064.0215 795.2421 2136.6626 0.00695697
893.85504 972.622 449.02765 1819.139 0.006955458
624.2649 1114.9545 459.2227 372.95877 0.006943667
871.27545 912.3737 480.34006 868.40576 0.006942237
365.8158 2142.7678 413.14935 705.0283 0.006933895
743.4548 424.21185 241.37315 377.43958 0.0069204103
746.4985 774.29706 295.005 474.02652 0.0069172815
478.77145 1890.9838 716.014 1240.9877 0.0068901987
1076.4492 2823.0986 87.14952 115.51563 0.006888558
623.3488 722.36237 480.95093 1049.1171 0.006862588
740.33875 724.1739 720.6641 780.0484 0.006846355
587.67957 3165.4092 1027.525 590.775 0.0067973705
745.5059 1579.1313 647.6208 1100.7557 0.0067877905
724.4783 935.5947 735.5789 845.79755 0.006783307
606.1534 772.0759 612.3822 1319.3208 0.006758599
912.9235 15.497868 405.60257 31.257607 0.006756877
615.13947 777.8659 985.4251 1557.5497 0.006751957
897.64087 1386.7638 441.2384 825.3186 0.006747361
854.7971 1064.1555 514.4894 1455.987 0.0067399316
929.76917 1395.186 385.7996 2709.3801 0.0066745565
863.91864 1257.5172 504.9403 593.36597 0.006631949
370.21738 1599.5925 332.46194 441.08746 0.006602232
618.1924 1842.0365 407.73233 866.3858 0.0065822154
609.30255 903.87177 433.50943 549.2638 0.006574599
869.1501 1143.3123 209.91805 289.85202 0.006552515
183.72478 1610.5702 53.046368 88.03344 0.0065255556
207.73839 620.0479 412.4708 1242.0024 0.0064926483
883.57654 545.1153 466.42145 884.3067 0.006473434
657.60693 1275.8029 889.3042 623.82874 0.0064655542
821.7673 728.3375 256.23828 414.3548 0.006427631
1004.2927 583.17206 190.82863 250.25218 0.0064066374
408.04895 1895.7299 419.50842 768.56415 0.00639064
779.60754 1830.9066 172.79001 226.37874 0.006378972
621.3624 1967.999 370.10492 500.54926 0.0063710404
1015.4103 762.8075 215.4678 1336.471 0.0063706934
866.14703 2357.2542 290.58307 323.28693 0.006368478
414.08554 2266.6768 422.13876 459.71597 0.0063618976
497.84616 2295.4111 315.4243 358.58936 0.0063326927
552.0485 3165.527 1101.3507 590.232 0.006319998
1036.9895 3025.978 174.13142 540.596 0.0063140774
594.73645 2966.5442 1018.52405 737.30804 0.0062952153
684.5957 2516.909 669.68896 508.7247 0.006279021
462.71234 1139.972 202.44499 228.61922 0.0062239966
972.1895 3022.2322 294.03226 549.3631 0.0061974674
373.38257 2278.0276 506.43655 485.2196 0.0061805123
802.5058 2575.1697 286.25656 218.6398 0.0061788694
726.6723 2576.5398 719.0707 446.07214 0.006142067
554.76917 1257.2869 690.16254 605.1113 0.0061150733
868.66644 2524.3665 362.95056 445.12222 0.0061081396
440.16913 2378.7727 647.38885 708.885 0.00610521
558.5286 1227.0062 631.45764 567.61896 0.006104597
317.3113 1955.1642 226.88564 217.66266 0.006084549
773.34064 362.54095 290.44232 457.43512 0.0060743177
284.20026 2349.6472 55.37337 70.044716 0.0060612727
767.9883 1638.1803 610.20074 861.0664 0.006051734
662.03406 1767.797 194.07436 245.86966 0.0060304888
450.38278 1142.2838 228.9335 251.83958 0.006011056
638.1396 1295.5333 573.5442 1653.9576 0.0060100756
614.9621 1472.1388 571.7755 2077.1794 0.0060027163
212.43793 835.98816 416.63043 1684.3221 0.0059836674
853.24646 138.94737 192.99019 235.25517 0.0059731114
634.1156 1121.0239 855.963 1356.6093 0.0059720846
857.539 2140.2773 453.4152 748.5193 0.0059628575
995.4491 573.561 156.86342 223.34781 0.0059303213
631.81494 1884.9518 345.93762 424.40594 0.005925188
647.0729 314.5165 443.203 616.2313 0.005911243
951.1943 879.3342 329.0454 945.6819 0.005908548
852.9284 1354.0422 418.8079 688.0224 0.005908181
950.5051 346.3436 348.38254 683.6937 0.0058795437
477.8812 2405.6199 712.40533 748.5543 0.0058544353
829.86804 1352.6459 403.82343 628.03326 0.0057951403
892.2722 2108.439 407.56808 802.39526 0.0057873316
854.51306 19.844425 511.6045 40.32317 0.005777367
442.14124 1159.2678 314.2867 395.11313 0.005742983
915.6785 1150.0221 219.26474 327.0123 0.0057076686
922.5645 2434.27 375.80945 565.5388 0.0056894394
862.6061 1488.8495 492.86737 2080.6873 0.005669846
1004.09717 910.7184 226.44441 740.5119 0.0056633335
924.49194 1301.1091 387.56342 681.304 0.0056507993
1043.0426 555.458 163.38617 901.52606 0.005636812
861.9647 491.7028 523.34235 993.93427 0.005625398
799.466 1744.1106 382.48798 670.44104 0.0056087174
896.1668 778.9109 448.0816 1405.7683 0.00558891
613.5324 1200.3446 598.37695 551.5323 0.0055875904
592.8162 2081.2095 378.14963 781.7938 0.005564049
382.03687 1708.0543 227.72762 243.44092 0.0055569774
571.0802 1333.6519 456.91464 2105.6365 0.0055562262
841.5646 2318.663 558.45966 1896.5221 0.0055434573
500.919 781.5941 741.4887 1518.2705 0.0055394317
713.043 2143.8132 360.30612 599.48676 0.0055345744
769.79565 816.13666 219.46971 335.8771 0.005522656
760.5116 2629.541 594.55884 388.25854 0.0055118925
742.9315 2376.349 500.41446 799.126 0.0055054636
816.3307 2355.187 267.5104 291.3481 0.0055018202
323.9672 1134.5082 455.6471 1913.5548 0.0054515232
784.43933 2564.3105 163.42728 171.227 0.0054496937
560.40576 2373.2966 179.96127 244.26309 0.0054362887
560.11304 2628.8574 897.41125 1170.994 0.005435876
1026.0039 332.88547 197.74663 434.08267 0.0053984877
809.5639 2916.2256 595.97614 724.0499 0.00535562
970.88104 935.657 304.10068 1697.9491 0.005347604
891.39844 216.65129 99.915695 197.93456 0.0053316792
601.2152 510.3529 481.55893 914.788 0.0053258836
639.8922 558.03516 944.6423 1116.4948 0.0053189364
794.94824 2345.837 191.45685 277.329 0.0053167297
516.34033 890.74274 361.41595 635.4197 0.005289298
619.1992 1427.6364 973.8985 915.33594 0.0052650515
1029.0845 187.83086 200.68604 371.64285 0.0052585765
776.96875 2349.478 169.39288 257.74423 0.0052374774
545.97565 2207.9316 256.03897 370.53424 0.005214713
713.8555 1617.6749 428.07526 451.64203 0.005183734
867.46106 166.85693 515.32574 333.9877 0.0051642074
606.89325 1203.3191 495.49533 1950.5365 0.0051401304
623.9392 859.2169 377.4343 422.83563 0.005130863
938.8606 2200.9336 320.71448 557.37695 0.005114474
529.9897 1506.232 757.4105 1282.7817 0.005112681
843.387 1561.0221 302.4222 406.24442 0.0050951894
890.9528 1286.8003 462.20804 2487.8552 0.005089464
842.7319 2575.676 476.25247 621.7477 0.0050885635
922.94104 36.237007 399.08154 73.10338 0.005087615
747.0717 2704.6873 710.03156 933.9443 0.0050816517
859.27185 37.5949 160.98807 73.93619 0.0050801095
776.8401 18.208117 703.13696 34.670475 0.005079936
931.6872 1620.0049 120.43433 183.43132 0.0050776396
853.97687 113.66701 208.40804 217.7788 0.0050332136
766.0894 1782.5304 270.04065 322.77545 0.0050231684
407.69092 2065.3906 261.56653 343.77875 0.0050165188
618.7152 840.91364 500.9249 804.78564 0.0050115776
1027.356 249.5865 197.95592 266.7337 0.0049982658
673.5792 1740.2085 144.64745 169.44566 0.00499235
366.0421 2221.863 437.334 774.2885 0.0049502426
615.8923 1988.9214 281.6319 290.97733 0.0049495497
977.1238 170.21234 305.94992 337.92856 0.0049490235
853.17944 1523.4851 512.7158 1970.8557 0.004939811
186.67784 1633.4287 106.614044 243.81367 0.004936306
862.32513 3011.8235 484.16925 535.6095 0.0049316683
227.45569 1118.0239 436.58972 2216.167 0.004921574
565.87396 1551.0543 446.47974 380.77972 0.0049091824
586.0736 1071.7075 591.5466 663.0052 0.0048990785
465.55188 1334.014 729.5698 2487.144 0.0048509976
413.7557 776.3353 74.82152 102.99527 0.0048462814
749.8956 1349.3513 477.52707 676.2468 0.0048232814
1018.84534 1407.5735 211.20064 2841.121 0.004812506
776.8157 16.56261 707.5341 30.618755 0.004793802
535.5842 1393.3464 763.2957 829.4467 0.004772372
676.6022 620.8957 196.85393 259.6925 0.0047721956
513.91046 773.5833 801.3855 1530.1188 0.0047566853
561.695 3341.9514 1082.1244 239.89388 0.0047349147
682.4724 279.7883 510.23898 553.5793 0.004732498
617.31805 1966.9349 298.2358 376.92294 0.0047258004
207.36552 3143.4817 332.58093 604.66003 0.0047256504
487.01608 2358.6208 160.84917 239.18597 0.0046868133
755.0613 1468.3634 672.889 995.08966 0.0046730447
618.27435 1426.4683 438.56024 508.90997 0.004661641
957.76465 2747.6758 329.24725 1097.9747 0.0046610767
982.75745 1091.4685 248.725 292.3385 0.0046394696
1105.2108 293.0002 50.730392 591.2564 0.0046360246
544.6903 1593.0914 174.26709 192.16418 0.004609599
910.2203 1942.302 396.63788 1180.0953 0.0046056574
612.3247 2091.3804 108.857834 102.2167 0.0045932117
518.5682 2395.4966 139.53322 214.0452 0.004587989
423.07953 1182.2323 355.6087 508.11237 0.0045312033
624.4216 1381.33 958.9457 844.79834 0.0045279376
877.4741 2467.9265 132.73546 169.96758 0.004525597
631.80585 2010.8595 271.8304 340.98172 0.004504647
873.9769 3009.488 472.85504 574.5486 0.0045040227
1017.7291 1149.6841 212.49644 2374.838 0.004495086
763.4309 2198.0093 654.2752 589.2824 0.004485224
625.92883 1416.1187 959.6463 878.8621 0.004476439
777.72754 18.228668 706.49615 33.584953 0.0044708434
899.7766 25.21161 422.37244 49.67617 0.0044691097
719.9274 1464.4937 447.48596 880.96594 0.0044679684
499.53998 903.7734 809.1144 1821.7614 0.004465541
903.8509 2312.162 223.20616 370.5869 0.004449351
523.52716 680.0558 717.5372 1348.4572 0.0044455384
892.95575 1116.6997 444.41656 1251.2324 0.004435776
806.9881 2345.631 151.214 235.87308 0.0044340873
617.48895 634.20215 1000.1887 1287.9734 0.004429198
898.348 2071.356 392.6167 489.83282 0.004419836
636.6216 408.12622 415.2381 699.46747 0.004399231
594.308 571.2921 403.30823 961.47217 0.004397371
773.5853 2817.3027 497.2131 677.73584 0.00439471
550.25183 1271.0824 673.8021 648.8885 0.004389285
1022.2917 595.19714 180.86465 208.35599 0.004387901
899.5786 1789.2164 360.03522 526.9929 0.0043875077
931.9049 56.783703 380.18854 112.59986 0.004377901
750.6482 2400.3345 121.113304 192.03835 0.0043511814
598.7804 1066.194 355.42487 347.9351 0.0043340796
1007.30884 1154.18 232.9347 2368.643 0.004330137
296.3639 2335.2515 101.812256 128.81703 0.0043064547
734.5538 1318.06 191.28802 258.11572 0.004306424
247.88756 3126.9822 490.89273 695.3649 0.0042996616
645.2314 1953.7269 135.4702 185.89143 0.004289503
583.2571 694.0835 365.20032 348.22647 0.0042847563
802.0964 2051.027 235.38667 300.31235 0.0042776074
925.191 2682.36 398.3211 1177.3059 0.0042737685
589.6432 2264.703 165.64906 270.7791 0.0042553586
813.5641 1501.8716 344.4035 541.737 0.004251174
920.84 1910.5652 410.58237 1194.5347 0.0042499737
681.088 1101.5255 511.94006 1210.8478 0.0042352783
1015.5584 1297.6201 215.88461 659.72156 0.004231511
1003.70197 1619.9199 245.4049 3221.25 0.0042307638
802.6179 1335.8514 613.52405 766.48694 0.004214053
957.5344 1173.2695 211.5668 279.3417 0.0042109587
953.0498 1776.6926 334.04407 1536.9388 0.0042097913
855.801 3086.7424 443.26447 436.12704 0.0042063543
1002.24567 88.24405 267.24863 171.11674 0.0041843536
797.40497 1471.3628 272.86432 362.6596 0.0041699256
1092.7249 345.06305 73.871666 485.3924 0.004155498
907.3271 1541.1969 192.88524 310.25336 0.004152423
1025.1378 2616.1367 186.58603 365.69656 0.004150887
583.3714 1405.0579 629.12714 1056.5524 0.004127244
1047.782 22.886837 171.23026 46.257465 0.0041231383
779.88666 2988.2925 610.5812 894.4384 0.0041143075
1035.7489 572.8993 151.44864 177.38539 0.0041117547
434.77032 1446.453 485.61447 786.14636 0.004090118
863.43243 338.1574 529.5939 682.47345 0.0040864414
661.22455 2190.658 166.64848 200.33337 0.00408371
250.20987 3256.9502 340.39233 388.9572 0.004077853
592.8742 1111.5701 301.55548 343.14517 0.0040734867
973.9594 2602.1697 202.00636 232.1423 0.0040731756
1011.8513 269.43835 155.47893 284.09006 0.0040729353
883.5483 1520.2454 452.87952 1114.9417 0.004070791
586.5681 2535.681 281.87534 272.02435 0.004067089
853.6411 2562.164 274.2382 213.45467 0.0040656985
1028.2367 598.83777 168.36438 175.80548 0.004043833
998.4475 764.4851 131.99232 194.62189 0.0040144245
822.8779 2506.852 301.82904 349.6096 0.004011394
705.1009 1622.0867 594.29224 1345.0442 0.0039589894
964.4891 365.60947 49.473557 441.62393 0.003951042
105.18748 959.36957 204.033 1990.409 0.003935753
986.3663 1072.0592 235.96649 282.68073 0.0039308807
604.9789 279.69296 419.01678 555.7521 0.0039195493
860.83936 1434.7587 374.08444 901.953 0.0038990781
1031.54 792.93805 183.8958 480.3636 0.003896884
870.4234 2566.6328 391.0134 254.95973 0.003893215
666.8428 1429.9113 529.82983 2119.2546 0.0038917179
792.3885 1794.7905 116.256226 161.5421 0.0038488824
848.2782 3089.133 443.14792 425.39618 0.0038273842
572.5492 3382.1404 1023.874 167.68765 0.003817155
757.29407 1756.1196 515.82306 1511.6204 0.0038146225
858.1041 2372.6555 333.76486 289.88022 0.0038128346
523.91705 868.37933 238.4958 271.26703 0.0038115778
965.0087 1775.2119 288.27737 480.64563 0.0038104572
896.74225 1513.81 276.68613 645.04596 0.0038049242
453.25235 2430.8618 578.17053 708.804 0.0037908219
825.2213 3278.1487 449.6425 368.82797 0.0037831063
975.1569 2822.6384 237.98395 189.36375 0.0037731922
934.85803 1620.5928 381.24164 3224.9902 0.0037683772
692.30133 2167.7522 561.5318 831.4084 0.0037541292
590.4237 1170.0902 609.07996 1961.3015 0.0037443854
542.5727 2224.3704 257.6551 458.34882 0.0037362543
307.86023 1164.3004 387.6092 1213.6785 0.0037228456
192.86241 2188.7622 169.27747 280.76355 0.0037115158
1079.5382 88.84089 109.48652 171.43033 0.0037003781
891.75977 1164.1497 455.9681 456.1927 0.0036993728
1002.2094 2772.7195 245.06342 1020.44604 0.003693681
954.80975 2632.3755 341.208 1288.1598 0.00369092
625.24274 2991.4807 633.1621 570.4448 0.003690312
952.5697 930.8335 302.45663 677.907 0.0036898542
632.74274 2674.3528 165.73337 365.38248 0.0036752545
647.97925 992.571 903.89526 921.92566 0.0036720815
757.7825 2290.454 238.0949 370.43756 0.0036610065
1025.9021 2386.3665 189.82616 462.5625 0.0036588102
991.31433 124.2827 275.18304 244.58577 0.0036577242
644.57324 1783.3132 249.38115 577.3578 0.0036388899
574.94617 1203.1708 510.74612 383.22632 0.0036346398
632.7107 1381.7996 943.18146 799.4353 0.0036277613
798.86096 3282.6875 501.5436 357.44363 0.0036247014
618.16895 1075.7809 242.44357 302.23657 0.0036025671
1013.5774 2300.0981 224.40479 1926.572 0.003588849
1021.2336 1486.7021 205.68364 726.5455 0.0035681704
1054.6891 2852.6853 144.43059 886.01025 0.0035578944
609.3506 1151.6183 276.19595 330.54214 0.0035552836
517.355 3309.286 204.9191 299.7776 0.0035392395
447.79367 2079.7178 224.27913 286.5081 0.0035378758
771.1996 2176.0632 703.2781 694.64 0.0035364374
208.55731 516.18256 414.27744 1039.3829 0.0035346835
726.3419 1555.2335 170.46709 273.05618 0.0035253628
456.25293 1995.0087 150.87881 218.78857 0.003522854
605.77374 857.2235 258.33652 309.1642 0.0035159478
932.09863 974.8836 380.45877 1728.0443 0.003513977
559.74866 1436.5548 145.98128 128.01578 0.0035129902
197.7318 21.592066 396.75293 43.106155 0.0035070376
691.8515 2736.513 213.26321 230.69801 0.0035021568
447.86313 1524.7229 462.04694 827.5044 0.0034909786
821.2991 2352.405 167.49402 256.53067 0.00348842
685.2847 3074.3247 722.6063 523.2265 0.0034876359
643.6465 2260.7935 174.49002 344.25095 0.003486042
948.17554 3327.3062 313.227 274.74176 0.0034825471
578.3543 1143.793 212.8282 236.56642 0.0034794505
1073.9639 178.58432 113.34881 361.52078 0.0034781445
1031.3733 2577.2656 166.76614 241.27708 0.00347352
980.62915 2325.2354 256.8479 403.064 0.0034589942
995.19763 2235.5156 228.62726 518.9681 0.0034559448
917.95416 1607.8098 219.34526 463.05283 0.003433299
509.02734 1467.7721 725.403 1824.0769 0.003432609
1027.4546 1462.5393 183.75832 351.66364 0.003413178
200.37775 404.20972 395.37344 826.26685 0.0034070052
1076.4784 2903.6248 90.69294 283.0419 0.0033991279
689.354 2816.3486 360.01047 381.73184 0.0033932517
266.02753 3160.9663 519.8753 594.78955 0.0033810681
592.8885 1248.1895 624.2226 425.4766 0.0033778115
838.0886 1102.678 337.40283 404.13702 0.0033763654
826.95764 3294.1707 354.3466 307.97202 0.003375114
356.6701 2379.7346 179.44716 262.42587 0.0033735938
77.45252 1242.8981 147.75809 2436.4526 0.0033669306
884.24243 3311.235 282.13852 304.10742 0.0033635227
608.00665 1702.4988 1033.4027 3285.5154 0.0033447598
643.4088 1259.5983 622.7408 859.8101 0.0033429626
763.9135 2363.5906 114.671326 200.79536 0.0033366168
635.94476 725.2538 321.59573 368.1113 0.0033321416
1043.6118 633.8943 156.40076 264.2999 0.0033303227
1069.8319 1594.6077 103.29173 192.5804 0.0033267855
613.9573 1876.1664 224.83876 222.1208 0.0033201263
656.9805 400.0411 233.09 339.76172 0.0033181796
73.08753 904.60144 143.7885 637.86346 0.003313369
368.63834 2315.0151 276.58633 254.587 0.0033045746
971.3469 299.57654 309.73056 598.20355 0.0033040599
556.2585 2471.3462 505.28793 751.15454 0.0032936665
497.02612 2069.9417 671.9117 1379.5665 0.0032929059
689.45435 2638.9072 270.21094 366.31973 0.0032898274
93.01643 1166.5662 180.36032 727.4771 0.0032859896
687.5187 2055.297 229.78821 228.43172 0.0032834497
868.9028 987.5169 165.97858 187.67027 0.0032795693
605.8908 2449.038 110.97665 143.5985 0.003277785
789.4255 3319.9214 387.87024 287.60623 0.003275432
909.84595 2622.3792 187.59541 209.78964 0.0032703874
464.61697 2613.9094 649.3517 1010.67896 0.0032683301
800.48535 2163.62 161.36092 243.64682 0.0032582502
832.7053 2815.0798 479.15964 929.6485 0.0032394351
570.828 2280.189 146.91443 187.32767 0.0032266118
1007.0858 2659.521 172.57391 252.74777 0.003217339
742.2364 3194.8152 1059.7964 382.0007 0.0032052838
141.50592 1259.9746 265.78036 1285.657 0.0031929186
608.91113 1335.5101 999.85205 705.0989 0.0031895074
994.56 1466.3771 249.92773 504.35016 0.0031821344
539.86774 20.163437 227.52686 39.103184 0.003180643
479.3041 3257.973 423.25385 411.41122 0.0031683699
828.13165 2990.642 520.50684 394.1102 0.003167352
601.81335 3355.8457 909.65826 297.3709 0.0031419145
865.7757 3000.9915 183.70618 315.1183 0.003141498
516.7599 3193.4124 431.23984 519.68854 0.0031324301
853.3687 3202.4346 458.7515 512.6632 0.0031147655
613.717 1745.1548 426.8396 900.4171 0.0031141571
853.64636 3368.5208 488.05392 192.54797 0.0031048746
710.33765 3231.4106 478.127 481.11795 0.0031037827
674.3194 1402.3418 842.93024 862.062 0.0031011766
334.33572 3364.9019 315.34354 193.31291 0.0030982473
705.6363 2765.3477 315.773 318.8957 0.0030954594
614.4576 1435.074 1007.93066 2815.8784 0.00309164
1088.7001 564.6922 81.16515 1004.24744 0.0030864934
475.8345 3299.2192 419.89996 327.03894 0.0030854358
1048.7963 1233.9846 154.99706 475.2326 0.00308389
649.4815 2185.926 454.4698 668.22266 0.0030795084
338.25952 3386.2058 599.9865 134.7407 0.0030775315
661.0495 2759.0884 149.73537 189.98601 0.0030770751
1025.757 2567.975 180.38805 275.62604 0.0030765426
1047.4614 1349.4445 157.13844 642.20966 0.0030765045
677.10535 2304.5225 134.45274 213.86679 0.0030548237
1022.59033 2631.2324 212.04959 359.44116 0.0030543054
2.8596458 769.2078 5.7773547 620.2882 0.003052311
900.77155 3344.7625 308.48535 238.38829 0.0030495569
571.49146 1667.4562 1097.6986 3327.2273 0.0030489236
469.4729 2640.431 209.11143 248.80525 0.0030474511
648.3169 152.78876 442.84265 298.71204 0.0030420478
1042.2076 1657.9724 165.93413 294.0175 0.0030402897
914.62146 1063.4083 227.35226 234.84288 0.003035726
1054.335 682.9821 144.93112 1257.0638 0.0030346452
975.1192 1721.0428 289.32047 880.2599 0.0030233245
653.8644 3273.7966 617.7571 619.618 0.0030195022
556.35394 2594.209 292.89496 460.97995 0.0030111722
44.639957 432.30307 88.07585 607.4688 0.0029966359
62.884506 1075.0193 119.86475 1433.5171 0.0029959322
709.40625 1936.4802 131.27478 171.34615 0.0029874214
1122.1191 373.24084 18.603655 523.9505 0.002987218
994.23816 1079.4443 240.88255 302.75034 0.0029832614
951.566 3365.8948 293.28354 195.185 0.0029572153
1053.6979 873.1751 125.70402 355.90057 0.0029543387
859.08685 2279.676 200.30305 387.54443 0.0029491857
107.65797 25.343971 229.29488 50.085857 0.00294187
554.2704 2663.0713 574.49384 488.74673 0.0029416976
635.3939 2703.057 344.74814 342.6126 0.0029364089
705.9641 1127.6713 262.46286 309.18927 0.0029362107
1081.9976 2945.1604 81.488434 351.49554 0.0029341285
505.1968 3036.4153 585.104 600.49805 0.002933526
1042.7227 2874.2478 143.86269 250.76347 0.00292101
946.5544 1280.5276 335.86932 2278.7483 0.0029139747
650.40344 1092.3035 288.02258 324.5372 0.0029137474
703.12317 2894.7773 185.42995 245.61555 0.0029127721
576.99774 2895.7761 254.5495 363.89572 0.002912602
977.4986 411.22964 180.0186 551.2299 0.0029121325
933.2536 2112.7053 285.38913 402.7458 0.0029113228
551.5321 2048.4058 154.70808 215.61508 0.0029107637
897.36505 2953.1882 325.27634 493.39474 0.002897676
641.07477 2873.7166 231.74277 378.01566 0.0028968772
782.53906 1899.2598 204.45639 290.71112 0.0028937152
979.42334 1875.3865 246.75974 281.79446 0.00289069
485.4057 2026.483 585.503 1634.2295 0.002890129
647.13477 2973.6423 206.61949 320.54196 0.0028892814
210.3741 37.925865 423.0324 73.145256 0.0028830431
237.36783 3030.0715 333.8742 484.08435 0.002881418
893.16406 2773.0366 319.63242 248.57065 0.0028725415
100.66097 3368.6074 188.65323 187.42664 0.0028664253
947.86206 3235.1367 358.09784 453.61356 0.0028594106
613.6825 1108.269 261.3415 261.48962 0.0028574714
838.8065 1735.991 482.2923 719.7517 0.0028567363
615.53986 3170.802 303.68018 450.8302 0.0028536695
388.74353 3188.0984 277.11963 404.52588 0.0028473076
1056.5083 719.4161 138.11508 1135.841 0.002839639
748.43677 1785.2411 177.82782 241.78035 0.0028358165
640.60864 2394.8572 124.03333 183.65393 0.00283437
797.7659 2656.211 147.80913 238.94987 0.002827876
622.04095 1281.0859 367.51703 386.03067 0.0028268357
940.53644 3030.3777 158.68242 317.35892 0.002815748
713.2679 2867.5083 158.88652 196.30522 0.002815535
645.40576 2987.118 195.82776 267.6147 0.0028145835
479.5283 2701.7195 178.72902 209.16267 0.002812427
604.795 3139.7148 472.27826 525.36053 0.0028122263
446.94354 2332.2231 434.93958 1201.7753 0.0028112328
521.92694 2937.0164 272.8709 482.47632 0.0028097455
863.2906 2324.091 445.61627 738.0054 0.0028078184
933.53015 1049.3765 198.5858 215.8357 0.0028068665
622.0458 1326.4769 549.4084 2318.7275 0.0028061166
629.83307 1061.9076 311.24088 410.61206 0.0028028095
956.2699 1626.3021 501.3363 1859.156 0.0027907197
483.06964 65.870285 299.7049 127.22024 0.0027906585
820.0729 2842.8071 167.40762 207.91272 0.0027851888
929.66376 1561.4552 342.87378 1756.3231 0.0027753105
859.1734 2913.433 193.17871 267.13626 0.0027715468
1067.023 833.6025 119.51255 1679.2203 0.00277139
1039.9152 1616.2972 169.06107 594.1108 0.0027676944
1003.81165 1164.0713 238.19861 2121.315 0.0027660038
912.4598 2515.2524 189.15564 273.00467 0.0027642734
937.9904 1881.8896 191.88298 248.2195 0.0027630026
749.5712 2786.415 169.20253 199.23274 0.002757734
984.09735 1678.5103 276.9542 2358.781 0.0027572014
607.24585 1719.3596 1045.8314 3372.954 0.002752835
960.22925 1841.9911 215.1523 279.43433 0.002744933
952.67145 1850.3627 336.87082 1743.6064 0.0027447217
923.96375 2023.0504 294.53125 286.50943 0.002743289
583.48737 926.4324 801.05334 879.4382 0.002738589
680.4306 3089.6824 278.23907 402.05377 0.002735344
1010.1339 2040.6664 204.43398 312.4742 0.0027339607
455.61606 3249.3125 361.67667 340.92966 0.002730703
829.19025 2226.714 159.44127 222.48608 0.0027265083
568.02075 1096.2509 537.70825 1199.696 0.0027229309
1081.8304 3035.3396 89.260185 522.6805 0.0027158144
792.0522 2695.9202 129.74126 175.00865 0.0027090604
17.67744 518.75684 36.059937 601.6601 0.0027085454
750.5493 290.59668 760.4469 584.5614 0.0027008115
448.8363 2663.172 427.4772 384.91486 0.0027004571
584.6642 2672.9768 184.06229 309.04272 0.0027003721
1040.9277 1241.093 171.62418 344.2786 0.002699191
144.53604 3413.1677 250.9281 95.24824 0.0026975204
745.2187 3012.0867 244.5566 249.84657 0.002685527
852.822 1603.9508 443.71957 1035.9635 0.0026745305
568.69385 3057.0793 182.6832 241.33748 0.0026698147
946.14014 1623.1758 322.48547 1127.1641 0.0026634955
941.36255 3350.288 292.40863 211.02849 0.0026617632
595.38416 1706.1393 1065.1989 3372.0352 0.0026599865
895.48016 3202.9614 241.4121 297.8532 0.002659836
19.351622 257.78766 39.159122 490.48016 0.002647607
1077.5073 2634.3853 94.68169 382.5526 0.0026471675
636.7166 3393.829 857.7374 143.86203 0.002645636
5.3956885 286.75177 11.21932 508.1833 0.0026423992
965.7998 2959.0225 208.12334 274.3498 0.0026295558
259.83362 3064.709 220.61446 344.69968 0.0026286568
970.94836 2647.1677 197.53514 324.7302 0.0026149037
750.0725 2527.4468 268.32614 344.11694 0.0026083656
11.249816 892.93475 22.663313 457.43518 0.0026062885
730.92804 1437.6659 701.48737 648.0853 0.0025984142
1081.7483 768.33466 90.73982 481.464 0.002593651
1006.2978 1352.0503 217.54428 490.40375 0.0025912628
610.0691 3096.8723 351.91287 424.83417 0.0025871228
642.8728 1323.3352 198.72894 202.13608 0.002578903
465.42044 2868.977 149.1824 245.4222 0.002572063
560.1507 2216.0188 671.7263 585.3046 0.0025711372
73.14193 1414.349 144.3766 500.5064 0.0025659585
1048.8712 3114.2715 221.55371 363.24695 0.002558212
431.8649 2796.8342 472.57654 434.44034 0.002542465
1026.0094 1761.1484 198.52817 1626.305 0.00254176
1000.8481 2263.7654 176.56488 249.31662 0.0025365634
204.71916 3348.191 207.49373 208.46738 0.0025346663
583.71484 3121.4692 221.44022 329.83426 0.0025313725
622.7302 1874.435 538.6738 1092.2922 0.0025230928
1007.4877 1713.5385 227.38434 3076.658 0.002517423
935.8441 2909.014 178.62401 267.18945 0.002510483
555.31604 2781.9905 350.1743 308.69876 0.0025101725
818.5757 3300.794 268.22504 235.33768 0.0025070368
542.01044 1325.8535 246.59648 261.85016 0.0025067746
816.65765 3323.6626 183.45154 219.05121 0.0025052081
792.07623 3178.472 274.24744 266.48615 0.002501303
1022.7958 561.1608 147.87376 1143.8818 0.0024934844
991.2427 383.4835 84.51181 409.62207 0.0024907591
147.69998 3383.108 281.41068 154.54216 0.0024877423
662.74066 3400.1794 498.0495 124.166214 0.0024849558
670.3407 2021.074 122.69158 167.83746 0.0024841796
992.83685 1381.2867 252.27266 2400.6855 0.0024840909
1066.6302 764.2472 121.56651 1337.0511 0.0024769257
971.6696 1357.187 293.79517 2385.7603 0.0024757406
1036.6783 1856.0844 178.99063 694.302 0.002474242
483.72592 3294.8682 187.10167 233.77592 0.0024741844
786.24066 1.846372 732.09607 3.5699697 0.0024684349
942.75903 1371.2058 343.5508 1352.1433 0.0024635133
692.28217 2898.9102 170.04199 284.63535 0.0024614083
1075.4585 697.9184 108.89567 1411.849 0.0024557307
475.35596 2632.6667 397.67816 542.2614 0.0024484037
1033.1503 2004.3773 173.50246 258.9281 0.0024483965
1048.2136 1524.1608 149.30673 1036.4438 0.0024329938
782.7796 5.85959 742.8606 11.159127 0.0024327312
1042.524 2565.614 159.2453 307.41428 0.0024309766
341.1771 2210.9905 189.24915 285.3902 0.0024177858
906.024 1405.2705 439.14856 2836.5151 0.0023963044
882.28357 3390.7837 440.41995 140.47952 0.0023962967
965.53986 3065.5647 283.46826 450.76495 0.002393995
1049.2501 2668.933 177.10698 346.2294 0.0023891907
948.186 1428.9006 565.87573 1515.763 0.0023714371
954.10974 3365.349 267.79095 181.41014 0.0023679212
924.044 3372.787 178.98613 191.62231 0.0023678942
1048.0051 2045.4225 157.74901 1508.4005 0.0023642394
914.0989 2605.9333 119.60582 128.49261 0.0023491
752.7651 3287.1326 662.85284 701.47156 0.0023436865
333.03958 3414.2314 555.321 154.04051 0.0023326369
810.6765 2163.3784 353.0632 510.9077 0.0023286508
854.0419 3274.9653 209.24483 283.69366 0.002325061
1070.8312 1033.6072 114.78254 2151.0554 0.0023218798
209.60255 69.27039 418.02618 131.13069 0.0023215772
1018.09485 3311.5022 180.3703 309.1519 0.0023202477
210.45927 394.15494 412.99588 802.3837 0.0023172693
749.7569 2285.2192 150.7115 245.83469 0.00229956
778.21936 2701.607 553.43146 336.24164 0.0022950831
888.8712 3016.1924 462.17514 487.8462 0.0022745696
772.3243 2989.533 166.03214 196.7781 0.0022736208
1087.2119 2334.1611 80.52605 1046.7297 0.002265641
153.247 2150.2632 111.17211 213.62715 0.0022631632
922.6816 3326.643 214.2423 242.81102 0.0022538998
967.99005 2450.255 219.41005 225.95926 0.0022487317
358.0734 3252.1433 244.05731 207.66545 0.0022481808
1044.0802 1446.0236 162.75215 2794.8992 0.0022399055
1037.9297 1371.648 163.14172 877.32446 0.0022306142
655.87134 24.02929 921.0945 48.149693 0.0022281066
608.84827 1343.9263 1007.61835 662.2725 0.0022268454
974.31213 2759.532 259.13376 269.2746 0.0022250537
678.2696 1497.7772 665.60095 951.0129 0.0021994924
1038.5211 1679.996 167.49135 423.87213 0.002191495
1094.6663 2811.1975 64.504326 966.01886 0.0021829884
1021.7289 2396.0203 186.10808 290.5924 0.0021720303
565.4821 2847.6956 415.93433 704.36005 0.002165355
767.3801 957.5059 670.6804 1870.2706 0.002147026
589.257 2711.8887 409.62457 894.8497 0.0021402338
1098.2144 2998.8196 54.32967 305.4507 0.0021339527
1073.2024 1641.0424 106.88622 377.6657 0.0021327892
706.12305 2361.4915 396.86145 268.112 0.0021162934
213.8299 2202.523 461.36853 323.55643 0.0021143185
1109.8591 537.878 40.797462 943.2391 0.0021135884
445.94815 2254.2422 379.64642 476.36606 0.0021108978
1067.688 593.25104 103.35339 165.21286 0.0020958988
25.684834 1464.6237 48.901455 804.217 0.0020888417
625.9165 832.7579 234.82591 309.55444 0.0020855404
555.7347 3393.6316 234.49538 145.18484 0.0020843758
837.22003 2304.3586 387.91516 384.91397 0.0020839958
285.16962 2348.958 39.26928 55.181732 0.002071765
1020.5049 2855.5369 180.03436 214.78291 0.0020691238
140.09708 3426.5256 266.02322 58.06415 0.0020647654
544.3693 1779.7002 377.345 846.4441 0.002058534
1044.4113 1911.2175 162.05608 329.61783 0.0020527723
1088.8962 3058.3823 77.506065 412.60016 0.0020506578
882.4817 3457.1235 456.49677 33.59287 0.002040543
1028.3125 2637.295 189.6539 366.65762 0.0020397787
1069.6056 2158.8335 118.13817 554.32 0.0020218906
648.1412 1616.2645 511.74933 1324.499 0.0020213085
638.553 3238.9404 570.34644 837.4436 0.0020135688
1082.9656 3109.0217 102.18449 378.8985 0.0020053037
1076.2246 1988.062 103.43033 247.51022 0.0020020828
108.13867 59.122074 213.00183 113.247696 0.0019994483
486.0653 1420.9746 108.158554 166.55101 0.0019941498
1083.5592 2510.2896 82.76443 581.64856 0.0019925248
1079.1891 1740.4442 99.31474 430.24695 0.0019839061
941.12213 965.4271 496.36972 831.0035 0.0019793664
981.37665 3423.3433 234.35228 103.80684 0.001971431
918.7278 2903.242 172.94757 126.24293 0.0019666194
520.60864 2281.1057 829.5413 503.85886 0.001961472
1050.542 1818.9061 151.63089 538.66656 0.0019518167
1102.638 2907.6956 53.059647 750.37244 0.0019301479
1006.8525 2110.4807 207.90593 2285.5815 0.0019277747
717.8154 182.38702 823.36554 357.6804 0.0019130673
1063.3585 3268.9924 119.26093 394.48544 0.001908614
1058.652 898.2092 116.60739 266.16898 0.00190664
658.78326 1078.9714 332.54706 897.64087 0.0018927772
1018.4183 3394.3313 161.63809 130.22134 0.0018833948
617.4797 1726.2388 1014.86194 3327.319 0.0018669482
1059.1906 3420.5771 116.69178 67.26201 0.0018593045
363.0071 2155.1548 408.0001 1297.5719 0.0018543615
1089.3312 3385.3943 69.678085 160.52187 0.0018515202
1083.2656 3145.917 85.01529 295.0045 0.0018471843
1061.4469 1885.4209 130.22084 350.46487 0.0018469469
1027.5159 2731.2222 153.68323 306.65515 0.0018435146
788.17426 1718.7776 377.2386 923.9714 0.0018116737
1082.9447 2654.1003 85.45636 361.47128 0.0018043332
1057.0527 2260.778 143.09566 337.56934 0.0017807167
1052.0171 3148.279 118.40795 290.97678 0.0017742637
410.91638 2726.3022 565.7046 528.92194 0.0017672209
654.71277 1223.1885 871.68286 1222.1998 0.0017593631
1069.6442 1085.6365 106.340126 242.30232 0.0017589175
613.54443 1768.6512 998.61096 1519.2815 0.0017413062
573.6552 1064.7563 295.27377 412.79102 0.0017397857
1090.1578 872.3428 76.83058 795.44556 0.0017309231
666.245 781.5081 858.8184 1316.246 0.0017266802
994.6652 3448.078 227.65431 45.2525 0.0017110899
661.3431 3412.3813 840.62317 172.33052 0.0016961988
1107.3256 911.5771 48.64183 420.90515 0.0016885205
410.8987 2297.1533 270.1269 378.69806 0.0016767946
1089.4369 2882.6445 86.90847 229.3612 0.001669196
490.5703 1464.077 714.1045 1018.29285 0.0016627705
606.3469 2475.0994 1064.4344 2208.0928 0.0016497815
552.56635 484.3952 1127.4307 976.5124 0.0016446867
680.83575 2522.2603 367.986 562.8584 0.0016354892
617.9261 1690.7885 1014.341 3232.0085 0.0016348385
989.1535 3397.1663 224.25418 153.67738 0.001627866
1091.0957 935.488 68.502495 1287.4615 0.0016108067
1031.8418 3232.425 172.11983 468.41818 0.0016043184
795.6817 6.394003 751.1315 12.148044 0.0015897366
978.3025 916.05023 288.55734 1604.97 0.0015834091
1088.984 3212.473 86.9509 206.9232 0.0015767532
740.50397 2599.2227 244.86777 421.6805 0.0015602754
1100.5803 3373.2668 88.77113 177.72842 0.001546874
1103.3019 3358.5017 45.821182 467.56357 0.001525811
1074.0986 2400.1707 95.80919 500.64432 0.0015255554
684.21423 452.05078 749.58136 926.8617 0.0015218173
1100.8267 3129.051 47.709732 274.97287 0.001519384
506.22452 2206.768 563.0966 481.4484 0.001518349
475.8746 2983.874 786.0309 899.03937 0.0015060231
1086.8218 1394.5793 81.61919 398.25336 0.0015051916
668.103 216.35458 896.8188 445.1917 0.0014982604
491.10678 1575.486 550.4852 888.1936 0.0014922218
1079.3751 3404.2615 71.905106 121.75413 0.0014865784
651.38464 497.92532 949.24774 1067.7119 0.0014807216
1093.5035 2569.37 69.02374 302.06146 0.0014651058
693.9205 335.81882 793.99744 674.577 0.0014528794
977.57306 1408.6036 225.02467 2804.4846 0.0014347218
346.82864 1812.3793 429.36804 840.97034 0.0014265229
567.1167 2146.6345 229.51552 434.29263 0.0014236185
968.426 309.5225 335.4872 623.8091 0.0014190098
1077.2959 2091.2988 90.972694 488.1843 0.0014117749
1079.236 3426.4097 71.02748 93.12575 0.0014044698
1096.5023 2463.4592 57.379673 639.7934 0.0014036702
1004.5761 1776.8925 312.42374 1266.5547 0.0013975818
1122.5408 908.22314 16.644766 655.67773 0.0013768354
1111.6069 3224.7969 38.742607 302.50058 0.0013720355
1110.1924 3093.312 35.945663 381.07822 0.0013640124
510.61075 1756.3845 682.1718 1470.2163 0.0013613105
513.31055 2276.8372 389.74136 540.58704 0.0013412366
627.2699 3045.4663 780.7408 184.01273 0.0013375952
635.2392 775.6989 811.536 1085.1373 0.0013178624
1120.5765 2684.5767 22.438257 1120.602 0.001315196
1105.3385 1554.5181 45.16076 291.44232 0.0013135918
850.33246 3441.1243 931.3724 115.22809 0.0013003554
811.753 1675.934 584.86 2968.281 0.0012861859
1092.0084 2484.8743 69.302795 380.63437 0.0012788312
1115.425 3219.9746 29.925842 438.74933 0.0012727093
808.64514 1139.6215 505.0168 1038.9952 0.0012334231
1115.8661 2421.0273 31.53285 573.0182 0.0012294843
1104.389 1914.1787 54.171677 382.48944 0.0012286514
1122.9565 2635.9438 43.888813 387.4171 0.0012259096
1036.303 708.56555 156.27417 1003.1208 0.0012038151
1115.1648 3129.758 27.436106 327.85364 0.0011991234
989.6263 917.5999 408.98016 1034.0254 0.001195191
1093.2549 2535.8445 119.11316 382.74753 0.0011932026
1100.6477 2004.7179 54.885727 232.4084 0.0011917731
482.7337 1954.9293 281.01968 502.13116 0.0011620788
618.83734 2123.7751 961.99445 2091.5867 0.0011493592
712.0922 3293.0466 624.91833 640.09485 0.0011412927
854.7689 1807.9395 465.5038 749.6387 0.0011280333
601.1516 1456.0697 997.9745 1042.7256 0.0011228824
363.83115 1301.046 495.21982 1716.2548 0.0011131348
612.059 3348.0688 781.9039 253.67722 0.0010694951
1107.822 3239.9956 44.47535 215.5332 0.0010672499
306.9928 2274.1472 344.92627 498.6693 0.0010360122
358.24872 1984.0864 301.46725 1077.1954 0.0010276223
1118.959 1735.3018 28.14711 225.90176 0.0010163481
828.2448 370.79456 567.717 634.85486 0.0009984381
1124.1385 3342.1936 11.876291 222.54391 0.000987758
313.08185 2270.742 326.1018 482.3715 0.00097554515
524.83057 1468.3937 453.8605 1068.8307 0.00097243045
1104.3774 3448.156 37.669926 41.258614 0.00096508674
423.73828 2409.268 274.8927 378.0492 0.0009605103
1121.2706 3336.799 18.086796 223.0588 0.0009249433
701.39417 1583.951 417.4318 1009.4361 0.00090948393
406.74988 2293.4722 322.32535 411.86575 0.00090700417
938.0346 3337.815 283.79135 242.8489 0.0009031072
575.3776 2094.0618 208.36674 683.99023 0.00090246863
964.4702 342.43744 106.93026 511.46307 0.0008958751
451.4138 1794.2507 421.00885 1395.5024 0.00081048236
653.35095 1460.1586 890.37836 704.95026 0.0008102152
415.24408 2287.3408 464.9156 438.76535 0.0008095662
122.45054 2184.784 230.43977 294.88965 0.0007834156
900.5108 3460.8142 621.715 21.425522 0.0007699292
1051.1609 2402.1553 324.8472 1092.7439 0.0006786831
1063.2678 1940.1561 276.9442 811.2771 0.0006767075
759.7861 1514.2977 619.56146 1067.6139 0.0006730404
1041.8822 3207.9053 519.31726 200.76305 0.0006622501
493.8032 508.66617 782.26306 1083.4641 0.000638914
868.967 3448.0127 648.8898 41.81369 0.00058148307
1125.395 2912.4136 35.929867 138.57376 0.000563067
970.2739 3044.9854 465.34155 761.0143 0.00051826815
989.6442 1911.194 523.41534 744.5526 0.0005127684
