341.97913 894.32324 676.834 1744.0459 0.80990195
593.40564 886.40594 186.31621 185.08994 0.21610285
283.13483 781.70215 521.3022 1046.9023 0.043108784
286.29788 858.9158 527.6758 1245.5032 0.03680391
564.55554 886.6128 128.54721 177.06773 0.032080725
280.41248 964.63104 519.2986 1158.8796 0.030488256
342.47992 893.95734 674.0965 1738.3993 0.02820092
271.92017 964.41907 511.1292 1273.0414 0.02771186
274.21704 880.27124 514.03516 946.04956 0.027649643
272.85477 699.74414 509.40005 954.8634 0.02666272
272.11862 848.7952 489.46094 867.37714 0.025529567
233.49535 893.15356 441.491 1302.2405 0.021235889
281.2397 748.938 527.81964 1058.1112 0.021092175
336.7905 1270.3989 663.3057 963.831 0.019205945
271.20593 798.37933 477.25818 716.0287 0.017992234
593.3673 885.5056 183.96591 181.79164 0.016960893
287.2093 1372.7747 561.6431 763.60016 0.01690345
275.30817 392.9982 197.71442 165.47984 0.01663708
236.86472 936.03485 452.2988 1415.4625 0.016512845
293.37067 1360.5044 575.55597 792.43195 0.015678035
288.39398 1219.3898 558.4368 838.8539 0.015297087
173.71878 1200.875 212.01595 197.95363 0.015213683
256.46768 919.933 489.185 1500.4597 0.015127062
279.16138 1193.903 537.44104 737.3082 0.0147347255
307.05084 1282.6282 602.0123 947.78296 0.014647073
318.8655 694.91223 606.56274 992.9476 0.0141834505
352.41025 701.55646 541.8075 843.2683 0.013897249
152.27774 1031.8431 262.6382 217.16197 0.01375174
277.13943 760.9825 519.59344 865.5254 0.013224545
280.91748 633.7735 467.64777 675.41534 0.013165599
269.42993 624.59503 509.58807 758.1412 0.013155523
358.92023 1201.0634 45.95534 49.09858 0.013067574
272.07266 1357.2568 527.1252 620.71014 0.012904761
228.78178 977.02997 430.37558 1095.1893 0.012825222
289.46167 1175.3445 554.1873 994.27985 0.0125210555
325.9868 869.3125 624.6748 876.8444 0.012300514
306.3689 550.14075 586.4184 901.9716 0.012253568
273.15033 1062.4789 520.8434 512.2955 0.012087037
317.1946 1137.9092 610.3368 1138.794 0.011817464
335.87213 597.5423 650.0525 1090.1696 0.011441966
209.42477 870.1284 388.87717 955.7855 0.011334463
259.9042 739.2045 491.51404 495.0478 0.011307787
345.2908 726.55975 545.4968 971.58734 0.011180772
290.47632 772.814 414.6906 555.9939 0.011016594
307.42117 1248.1583 594.14575 993.3919 0.011014983
391.5539 1259.8428 82.597946 60.1903 0.011011001
340.35425 978.3161 656.24963 388.54663 0.010990021
311.68207 448.80203 611.52625 837.732 0.010946879
225.14903 735.7291 415.15576 955.72906 0.010744475
320.2136 918.0262 434.89935 937.76184 0.010668544
316.159 723.62585 609.5755 1233.2738 0.010649336
307.2663 682.1683 579.9154 1061.7178 0.010632057
322.88275 724.1595 458.03625 839.69995 0.0103022745
319.48267 539.9542 618.0958 901.65955 0.010281807
275.6251 518.3284 499.66602 616.80536 0.010277737
172.02686 911.25 330.545 1359.9312 0.010219805
296.4702 859.4199 403.1381 651.9063 0.0101951435
203.17973 771.7297 387.5435 1055.4808 0.010156706
347.2648 881.4267 562.23694 786.2493 0.009936142
336.06296 487.9347 336.1156 379.38763 0.0099167125
208.3135 1204.4536 284.2887 215.61743 0.009702312
315.9942 904.2615 416.64536 846.35046 0.009636596
259.84482 457.44095 491.67984 495.87527 0.00953592
359.80838 763.25635 519.26764 1031.7708 0.009527327
273.04047 393.33337 527.0492 692.4705 0.009526192
412.08743 628.7214 506.7412 703.49304 0.0094826985
160.25917 117.705956 34.349724 33.33678 0.009468592
174.88762 872.1854 335.28665 1279.0619 0.009462833
151.37724 962.97784 291.39325 1494.7395 0.009415262
265.8848 1057.5596 497.88443 401.6487 0.009401476
275.6327 575.4375 527.1945 1051.5768 0.009401294
118.23225 721.0169 225.22833 403.02634 0.009347113
290.5556 719.8702 290.6451 307.89264 0.009336747
332.0372 1028.8582 643.22986 707.27783 0.009311697
321.9038 893.31 430.17233 941.41223 0.009173358
285.85968 636.40204 394.66656 478.35568 0.009170905
270.996 642.1635 511.22217 812.8765 0.009148699
356.4657 838.8739 461.4798 897.4012 0.009142996
220.5974 717.96606 416.90308 943.1515 0.009131387
346.5347 809.80566 476.51532 1041.573 0.009131266
358.76227 596.0586 552.8928 778.9466 0.009045749
279.59964 452.1277 450.9006 473.6922 0.008994116
286.35263 754.24066 419.4145 445.5029 0.008935484
262.91772 1014.02203 499.52634 314.51398 0.008797589
325.34402 862.06433 388.41724 974.633 0.008709873
406.5977 549.45734 183.97394 224.64308 0.008683203
230.14735 1332.5305 436.2372 454.50214 0.008672185
156.74461 1446.8206 149.63158 170.42935 0.00849034
359.81384 1195.4146 62.113605 80.12761 0.008443016
336.20276 1059.0818 658.45917 557.7394 0.00830644
271.0462 1012.5712 362.66824 890.09204 0.008253046
357.33002 915.8047 425.12283 738.32367 0.008176355
332.46848 826.50244 647.4448 693.73566 0.008155751
337.9255 904.786 343.3156 588.85876 0.008147747
364.46252 884.18506 500.65497 1095.2263 0.0081189815
389.98102 629.03436 446.05185 688.8621 0.008114098
208.37274 564.3064 389.3865 644.90607 0.008084353
260.22675 840.72644 494.04593 689.3746 0.007993755
194.73271 1442.8335 367.9465 359.9946 0.0079550715
340.99963 632.3127 372.54272 632.67035 0.007839665
343.7157 849.8637 472.63535 1048.3164 0.007829698
328.36618 505.45184 640.7534 959.2218 0.007815796
119.47863 722.0599 211.67825 325.16672 0.0077561233
353.2136 856.48456 405.51437 865.90875 0.0077179647
233.04076 1229.2063 445.64838 757.7977 0.007709938
339.96512 843.0583 369.4906 790.6568 0.00761869
298.6506 528.7218 576.76495 662.57745 0.0076092104
345.44366 898.0989 664.0816 217.85568 0.0075976676
276.77518 1051.8835 518.1642 508.28983 0.0075007556
206.38481 449.1182 384.87015 454.8544 0.0073848506
166.71104 760.5627 318.24292 1047.7532 0.0073262425
241.56575 495.86786 287.9897 322.7213 0.0072513176
334.83063 1306.3761 404.16602 579.0031 0.0072264154
550.1422 1075.9586 39.49535 63.72255 0.007139635
201.67557 720.73785 371.9289 418.57724 0.007071927
247.34328 1080.523 453.41306 436.84232 0.0070503196
530.84094 838.04126 297.91742 416.88675 0.0069707595
337.88104 602.6121 637.52625 810.20526 0.0068713943
359.06653 954.7785 259.63702 197.44485 0.006848518
351.2393 1049.8126 304.655 383.1435 0.006844578
214.7465 1424.7584 168.94238 182.78145 0.0067827357
427.11884 1217.5558 165.31287 162.12715 0.0067778253
263.73157 709.91394 189.67896 216.18398 0.006654016
374.45847 1047.4683 317.0104 449.18085 0.006649728
330.22397 970.6133 647.14166 786.97235 0.006610556
358.6932 868.2874 304.03195 440.2965 0.0065979767
404.77664 737.377 506.0007 970.4564 0.0065392987
304.53098 834.8197 331.537 585.6567 0.006528335
397.7933 791.9444 514.8011 937.01886 0.0064848154
447.57013 783.2413 444.73883 483.0635 0.006433514
207.26826 1209.4562 136.7699 154.64247 0.006427877
336.1673 949.6616 658.10876 462.8186 0.006420171
219.91504 356.38235 332.8034 282.17093 0.006410123
336.13962 945.1342 352.60812 668.4959 0.0063869166
259.10687 857.78345 467.57263 1181.5286 0.0063541103
205.27654 1456.8666 395.89484 441.34576 0.006326934
316.85538 739.7757 222.51913 216.31458 0.0063182106
334.49063 636.57886 425.16608 704.0898 0.0062739477
281.68524 1207.2952 467.32114 292.17825 0.00624309
507.09106 1048.0712 352.71704 517.4492 0.00622433
244.42384 1543.607 197.6511 179.48076 0.0062112804
550.1276 895.40594 269.94806 250.70984 0.006196639
338.41385 483.04138 320.44077 353.00092 0.0061929286
281.339 1327.7864 407.17233 394.47272 0.006160715
643.8562 882.6287 89.672264 170.76509 0.006132419
204.25076 1358.9028 393.6228 527.5314 0.006114688
157.78392 1014.16864 301.66553 1061.2479 0.006107905
462.79007 909.40393 436.638 245.75717 0.006101893
156.29916 1110.3774 285.19705 388.21423 0.0060993945
527.8757 832.32336 308.78076 318.74573 0.006080769
333.41412 717.423 334.1893 364.00098 0.0060325814
333.87662 803.398 410.15793 686.902 0.0059826807
532.50214 858.4649 296.02487 353.09332 0.005971091
323.80362 660.04565 630.17865 918.30365 0.0059448243
273.311 948.5834 510.05783 277.5734 0.005940157
291.05258 469.65048 249.59114 320.50073 0.005915865
199.08516 1422.7657 387.10785 649.7334 0.005900493
379.53516 1286.6974 132.63744 133.91331 0.005880166
246.1872 1489.707 267.43872 289.62924 0.005879212
424.49893 1188.4869 251.14705 343.32562 0.005877688
310.78104 1120.029 609.63403 673.8651 0.0058682305
272.5153 1239.1652 520.4607 818.43 0.0058531063
234.72238 1173.6549 349.7273 599.8827 0.005818553
350.30194 1013.1422 318.74457 323.92526 0.005810344
151.86884 804.7365 291.17267 613.1606 0.005772488
365.2401 893.5499 537.4311 614.3629 0.0057211197
418.78506 592.51886 499.80417 778.0023 0.0057205963
157.40958 116.88682 53.25095 51.427418 0.0057103704
459.82343 1173.0535 212.81932 327.25327 0.0057071163
81.06722 1370.5533 148.59396 222.57951 0.005690948
157.37329 963.2683 306.45428 1523.7987 0.005670341
539.46423 830.9586 282.9781 341.98343 0.005661519
369.91452 979.4306 264.18277 254.04027 0.005637427
519.7053 922.7838 326.26102 278.5829 0.00562995
126.619576 797.2102 211.89212 239.56601 0.0056114225
261.02902 1405.5876 189.929 193.92186 0.00560507
328.50903 961.7332 374.96695 493.4473 0.0055957325
282.95184 1224.3766 486.2608 1039.526 0.0055880514
327.67255 886.8289 297.57877 592.80725 0.005579343
383.61758 507.23755 420.01553 579.04443 0.005575466
251.95815 1000.1619 291.4771 537.86786 0.0055622812
106.81585 676.65875 182.06361 217.19345 0.0055607436
293.3871 1431.522 310.63547 392.37405 0.005544698
369.76773 739.74615 569.74084 737.3513 0.005534419
356.66843 919.6308 382.99844 786.9587 0.0055317353
355.43198 752.34534 299.4319 307.53668 0.005521703
167.4785 1022.95734 299.29843 934.075 0.0055143815
263.30096 1371.0039 320.9798 549.6975 0.00550994
358.73282 893.08325 287.95737 79.129745 0.0054971054
348.57077 828.31085 318.50385 421.0232 0.005486201
489.86926 1083.2152 162.60097 212.22473 0.00548159
401.92163 1294.2158 323.7379 602.5873 0.00546017
170.76337 1098.6805 316.184 379.76108 0.005455297
518.0148 986.48157 331.9572 395.64008 0.0054353066
289.60953 342.0278 245.94873 275.98587 0.005430862
251.11227 893.0849 326.71524 1000.21075 0.005428776
237.86633 1384.0936 170.19342 183.30324 0.0053953296
499.26352 808.1413 364.099 363.61218 0.005389836
331.81204 868.96454 308.65704 515.0288 0.0053879675
376.9742 541.2767 392.43533 502.32355 0.0053385086
435.0443 1105.678 188.7393 261.3442 0.005320738
355.20502 770.96136 263.4635 268.96915 0.005302237
396.0685 1237.2368 197.93478 207.46162 0.0053007533
102.07509 321.5632 194.86487 230.05873 0.005288927
488.08783 639.76404 383.80557 685.6465 0.0052774674
221.63228 258.11984 426.0122 469.6102 0.005268091
254.32846 1082.558 371.51718 415.04517 0.0052507706
455.99603 1025.0524 435.50812 487.26553 0.005249152
293.8445 921.8802 435.75906 215.68117 0.0052413843
140.60095 1244.767 250.57417 298.56064 0.0052342713
100.418495 359.63092 192.71364 303.81375 0.0052207373
541.2704 955.41565 288.2409 335.1162 0.0052164374
274.3478 1255.2255 373.31305 353.48544 0.005199377
466.66266 707.81055 417.17377 694.93665 0.0051965415
513.55 1031.5294 344.758 485.07635 0.0051511833
440.4123 929.91296 431.1199 626.8659 0.0051415814
307.5132 1468.1221 408.65393 481.5773 0.005137729
274.90536 336.30524 534.31665 620.3438 0.0051288744
479.78738 1031.3938 107.73907 132.62642 0.0051217237
169.81105 1420.0435 302.1181 293.26407 0.005114554
567.96875 989.90106 236.67612 407.04257 0.0051083416
405.56097 604.71747 253.05704 355.66595 0.005066825
276.38687 1350.1351 535.3229 782.4059 0.0050539766
336.60327 889.91327 652.28174 635.95703 0.0050403206
358.09167 793.2555 550.4941 976.5375 0.005027522
179.9088 1218.6932 264.4013 397.67398 0.0050065224
341.89203 832.60706 339.02557 940.0648 0.0050025242
390.16556 1047.4802 262.57983 372.38126 0.0049258145
470.9134 695.249 308.25967 564.31616 0.004915471
379.36456 1409.1597 207.98004 361.26697 0.004907154
416.48563 763.9999 195.85316 258.57483 0.0048919288
363.6254 813.0523 565.54785 679.53827 0.004888374
263.85715 505.85843 488.38562 574.7585 0.004874432
422.42227 818.4075 446.71124 828.2217 0.004871586
327.83582 924.6161 271.47845 471.83218 0.0048573343
224.8544 697.00354 337.20602 496.76474 0.004840958
253.24677 1474.1432 491.66843 397.72104 0.0048321267
419.96912 1069.9637 489.97284 589.87415 0.0048300656
266.95514 1203.6394 345.10797 212.54935 0.004821796
260.82602 604.3578 501.15012 784.7662 0.0047863075
431.46646 641.4812 485.47464 673.8147 0.004781188
297.66684 1138.7177 581.7252 720.1859 0.0047720578
429.745 612.345 246.30377 380.2778 0.0047658407
365.72705 1317.5209 287.09653 382.61142 0.0047422755
368.85153 1255.3883 368.9601 805.50586 0.0047320845
293.80646 976.61774 379.92358 236.38358 0.004722081
264.00955 642.2863 511.4458 875.55115 0.004709586
340.98215 737.9216 175.46747 182.24632 0.0047045103
434.35806 982.4534 466.06296 442.76028 0.004700792
103.664055 280.91843 196.8669 151.3136 0.0047007767
477.11407 1227.7999 416.1543 874.24347 0.004700014
261.684 761.30634 458.43732 585.2161 0.0046841186
453.3034 1288.2109 201.43196 422.90552 0.004653411
578.6219 1001.8392 218.11089 429.23007 0.004638774
371.8494 513.8606 113.81246 155.90282 0.00463329
138.38226 1395.4677 267.7501 584.21893 0.004624625
264.53928 1240.3256 387.9342 947.5253 0.0045999796
271.0019 681.27356 308.45618 290.84647 0.0045971135
335.95993 1300.341 280.2015 363.69238 0.0045928215
136.2143 1467.6409 259.45172 443.44116 0.004591006
438.5394 890.87244 487.70325 198.00351 0.004582822
498.96628 1179.7981 372.36542 782.4729 0.0045777652
227.87012 1464.5356 316.75293 308.28867 0.0045761075
298.2445 1503.2509 298.17737 317.59146 0.0045751715
154.51384 1069.4443 284.15894 515.31256 0.00455063
313.56378 1107.226 177.96005 249.08626 0.0045434106
291.896 993.5719 403.3309 897.33887 0.004533049
558.01105 715.40515 250.11467 537.3116 0.00453033
205.44812 1100.3744 318.97662 426.73236 0.004484977
334.84814 1478.8708 200.98872 271.67862 0.0044646
305.08636 1095.6302 467.44955 591.4189 0.004440234
329.54724 1129.0342 298.90906 659.9332 0.004436433
278.88806 642.6722 379.72006 355.8466 0.0044305963
263.05145 1203.4941 220.89032 210.544 0.0044289855
309.1833 1337.0035 268.99554 294.80157 0.0044122725
526.63275 1096.3401 98.953224 182.07507 0.0044029863
339.18915 870.65906 320.97888 451.43948 0.0043933312
119.27755 843.686 230.85942 679.87866 0.004391215
434.67603 741.74475 150.40663 190.58757 0.0043836227
524.66376 1012.4007 321.9632 455.0964 0.004375065
264.9289 620.079 516.3591 829.45935 0.0043478548
69.33373 1641.7229 132.56157 250.20923 0.0043449267
358.41873 854.50525 312.6179 857.08527 0.0043436666
288.4607 318.32492 270.81342 312.9977 0.004327274
409.66306 1309.6238 274.08536 557.44147 0.004316167
136.76996 1037.0199 241.41792 272.47504 0.0043152575
410.3112 798.44135 494.21317 466.3211 0.004313916
101.47431 978.5476 195.43707 1553.1508 0.004309801
283.8895 1212.7699 541.4844 760.9112 0.004309277
349.89676 1518.2463 186.54312 242.73543 0.004307158
153.98466 1480.4525 157.76752 197.18652 0.004281104
329.89633 442.80087 316.5638 300.2792 0.004278296
270.95834 1568.6674 542.4383 403.68814 0.004256927
588.34106 775.0489 197.91222 417.712 0.0042355033
420.34326 579.6935 509.43497 827.49677 0.004227097
240.53023 1544.5935 204.55954 174.10918 0.004219493
182.87137 707.13745 338.77307 570.9923 0.0042171977
516.3245 704.6962 238.017 547.28485 0.0041965568
332.75626 937.5601 305.45245 312.95837 0.004196242
521.1342 814.74304 317.3799 593.6536 0.004189314
212.38098 1140.4752 294.0541 719.9087 0.004175515
393.99417 1473.4268 185.52351 276.20972 0.004163687
284.87537 1323.0483 253.88908 304.35135 0.004162967
216.0594 1412.9951 227.80157 185.72824 0.004148073
269.5815 665.4283 529.4472 925.77997 0.0041306047
560.2907 775.01483 169.69698 411.34692 0.004108602
276.21857 1074.9922 432.29553 774.9956 0.004091375
270.34692 524.5369 192.67383 178.16335 0.0040556975
305.95676 474.2733 371.42426 359.8164 0.0040501542
235.9609 1097.7936 336.90646 696.342 0.0040380564
381.81293 1483.8687 187.89638 257.2307 0.0040278803
288.38892 678.73413 292.29453 338.65118 0.004018558
353.08447 1301.8552 203.0422 231.74481 0.003999691
599.114 1097.4749 195.76897 618.3636 0.0039863894
324.84702 862.5328 386.82388 845.4016 0.0039839614
201.27888 978.30096 294.50015 611.7696 0.003977767
310.58804 857.9544 366.97324 419.51343 0.0039657154
461.34314 882.5253 423.9527 1219.5172 0.0039619617
270.36514 619.7518 197.68832 206.61995 0.0039540045
450.7599 840.5973 452.4989 324.54846 0.003938294
337.10663 960.70795 170.03497 198.18634 0.0039378568
185.38896 1629.6057 360.02365 274.00443 0.003921078
179.24321 1484.4584 334.12732 458.76755 0.003908841
476.46274 1165.0951 408.88486 757.5937 0.0039021128
333.33582 919.1678 279.30637 430.7881 0.0038986595
424.9599 1212.43 506.07315 854.03815 0.0038983596
507.09323 796.0346 346.15912 384.21793 0.0038914368
453.4448 1022.4849 222.4694 326.65167 0.0038810978
240.6316 615.40125 260.6853 270.0651 0.0038804305
354.89932 914.93445 295.47293 128.00288 0.0038758402
375.81903 1098.6525 542.10364 810.7395 0.0038752141
104.542366 1031.604 162.1236 190.05719 0.0038704865
380.14844 1027.3735 320.6267 1191.676 0.0038486668
319.09372 1267.0624 329.07544 725.0492 0.0038468922
367.21896 1231.3081 387.78564 825.4849 0.0038440626
338.26392 902.17596 268.9334 635.6961 0.0038420784
512.22485 627.9265 343.04175 713.7894 0.0038144905
419.30972 1425.919 204.32759 336.7064 0.0038119927
489.49924 806.59607 368.81882 864.5192 0.0038069545
215.41197 663.53516 287.32922 574.1855 0.003803674
442.98474 1115.3872 459.50772 667.83496 0.0038022809
252.54294 568.87 191.89757 162.63853 0.0037985207
340.3397 771.9844 313.9066 474.2045 0.003794706
266.68408 1059.8718 369.3679 526.3188 0.003783624
461.10202 881.37415 396.57278 799.35815 0.0037542828
346.26495 953.1336 216.00981 192.25685 0.0037523538
161.59634 1128.1525 154.47736 76.622856 0.003742452
154.43358 1025.9863 232.69576 205.948 0.0037368368
333.70627 1128.6036 110.10488 181.89162 0.003730802
127.27551 1295.281 242.59862 747.1314 0.0037203599
80.61982 361.61942 148.78363 272.70917 0.003712117
430.01773 1263.058 147.60481 164.19 0.003710874
146.33022 146.89153 274.03284 207.46172 0.0037075204
98.94311 1606.8959 186.94641 279.20798 0.0037053127
460.12088 1047.2379 439.97885 527.1262 0.0037037586
119.804794 800.7674 218.142 1031.8427 0.0037034296
197.56485 1433.8789 265.6607 613.8071 0.003697684
403.7832 693.73914 267.71432 518.8199 0.0036805698
157.97702 1026.5131 216.97264 193.21056 0.003674708
396.9462 610.4748 476.17862 742.8109 0.003658181
292.1684 983.6541 566.96564 284.08466 0.0036539342
280.62213 1085.1023 518.5525 449.1882 0.0036462103
432.3595 504.72784 183.0461 297.35822 0.0036397823
488.03043 709.21313 381.61838 589.12537 0.0036254127
67.58834 1683.8291 129.68022 169.0935 0.0036208339
194.45755 146.24377 122.48392 124.07102 0.0036122168
337.1039 947.4729 283.60406 239.66933 0.003609952
240.40068 1572.2684 128.15497 139.16197 0.0035989403
394.629 1401.2438 197.35503 371.69092 0.0035862052
300.67862 416.22668 589.01917 734.6555 0.0035850073
419.6131 1179.1906 321.8871 745.3315 0.0035842173
483.56448 589.4567 400.09363 797.88513 0.0035683045
291.01358 1614.0453 120.84992 143.9883 0.0035667128
187.30814 1028.5021 281.3587 251.9486 0.0035659773
427.80167 1185.7477 505.36346 997.9664 0.003549175
350.8966 1629.5715 690.262 306.81857 0.0035485597
375.13953 1208.7412 105.0788 135.27412 0.003542352
534.76776 744.88654 297.9508 478.6496 0.0035398249
348.19446 369.20468 692.3052 709.8612 0.0035364153
280.1135 1259.9872 434.27042 520.7808 0.0035361936
81.730545 1121.5012 155.10107 1281.9259 0.003535609
518.8192 1000.5604 330.59027 426.39798 0.0035251584
343.289 896.709 677.3717 1735.4989 0.0035244247
526.17535 805.26514 173.99588 339.75012 0.0035054649
649.99603 875.8512 78.73728 155.65878 0.0034912326
203.585 1571.8755 335.50937 378.33344 0.003487767
422.8067 813.0651 467.5327 458.12375 0.0034761883
328.45566 1562.0314 120.506165 142.62737 0.003460775
500.16733 832.39087 352.2911 968.63477 0.003460763
432.6453 555.80023 132.55643 201.2479 0.0034492312
235.34184 1498.6846 100.756714 103.54045 0.0034490512
342.70013 1578.561 176.43535 186.34357 0.003448735
321.2874 1508.4489 380.7666 476.86456 0.0034479105
359.14822 955.1064 271.5601 588.8376 0.0034393112
531.32495 1031.8195 309.56046 486.5763 0.0034015211
294.82736 644.4159 251.5136 265.8147 0.003399393
395.90317 890.1033 159.46584 201.5403 0.0033942547
394.48032 1405.0287 218.82593 515.1105 0.003389685
405.2428 884.3904 300.0246 964.97186 0.0033813897
509.2978 693.3089 265.77954 572.9852 0.0033761007
158.1413 1677.5267 302.66357 178.51617 0.0033748397
347.772 1144.9279 612.67255 721.5494 0.0033652624
347.55545 849.8116 242.0729 289.46887 0.00335039
302.8935 1541.8306 612.3626 461.5929 0.0033392487
432.03998 929.2673 445.07196 512.0488 0.0033388995
285.2825 1422.0062 114.5392 127.74315 0.0033241748
294.2032 1608.6217 196.97234 165.1278 0.0033144273
348.5135 1136.4271 374.80655 636.06287 0.0033141861
233.40324 1620.1068 470.60672 295.2937 0.0032921734
163.63634 1080.8002 247.08362 1075.6312 0.0032875733
519.263 1197.7368 334.3081 822.2213 0.0032858506
180.19675 1012.6405 230.34247 210.21658 0.0032843922
432.4727 933.4943 119.013466 135.11838 0.0032792592
251.27588 1522.2565 337.8202 238.45036 0.0032747064
147.38542 1685.6461 245.6658 161.24025 0.0032681157
474.93362 707.19324 396.37247 548.8102 0.0032593855
308.62836 645.728 306.48746 236.89117 0.0032560518
555.2324 802.5738 137.16814 364.32578 0.0032509614
374.68994 775.30945 402.04196 857.76263 0.0032145493
604.4056 1672.8025 221.29102 220.03177 0.0032112661
380.40857 1012.19415 172.80016 271.7214 0.0032070668
472.92352 1338.7601 105.40946 151.93971 0.0032029722
430.8928 832.99805 442.76364 385.4019 0.0031901742
79.230255 1352.5237 150.71284 479.27933 0.003188566
244.51994 1280.9017 246.25047 298.91812 0.0031537232
448.33118 1012.67834 125.68022 171.30551 0.0031535043
267.3317 1268.577 376.94168 280.61728 0.0031527218
136.19708 1674.8206 264.7854 186.51056 0.0031525088
451.72632 1018.63806 441.43637 474.22467 0.0031523968
71.7134 1654.4767 107.85098 177.71039 0.0031483849
426.89792 1336.2505 136.08492 178.47786 0.003138956
548.6276 1112.2091 280.946 650.03894 0.0031382232
170.57384 697.001 254.74629 362.05463 0.0031281405
455.63556 1035.1205 406.7946 592.6445 0.0031279917
489.4212 1146.9998 381.80493 721.9552 0.0031257847
470.89398 552.1727 126.11641 218.5915 0.003107308
637.1047 1584.518 155.75026 369.43896 0.0031070907
518.2152 589.91266 336.3683 782.57007 0.0031044437
266.75677 533.7677 495.39148 1006.52045 0.0030962317
406.5918 958.11304 268.0502 722.654 0.0030859064
426.75046 479.1217 190.17746 340.67453 0.0030837934
517.258 1018.37 330.97073 461.4 0.0030736204
389.7553 1082.8103 126.80746 192.4414 0.003066398
485.62756 721.74457 304.02057 516.15845 0.0030573618
452.53983 1209.7621 110.24526 145.12265 0.0030515522
557.1117 1191.4603 272.8809 813.2436 0.0030341577
202.97902 1497.4048 122.36411 112.32058 0.0030317078
500.5899 824.09454 219.32646 320.97934 0.0030311977
216.6051 1223.3699 273.78674 218.5055 0.003029433
530.7184 1256.9985 325.50897 937.2283 0.0030280869
333.68796 1406.1602 270.1642 402.20877 0.003021995
344.02878 966.5798 295.4838 615.9707 0.0030211865
278.7681 789.5377 307.67502 247.48642 0.0030114714
307.75366 1164.5594 140.27737 166.25919 0.0029908945
320.56558 655.7018 213.1007 300.19116 0.002983209
351.78433 1692.7809 693.1164 181.6867 0.0029798595
254.11351 1667.1561 186.84608 184.07619 0.002975341
301.37827 757.4215 167.92757 201.57799 0.0029734022
265.28268 1239.4808 499.48395 289.27054 0.00297255
503.0719 829.8773 197.70306 306.67694 0.0029643928
337.0505 695.8228 518.094 860.10547 0.0029614794
509.35733 922.06915 330.08636 1094.8998 0.0029554344
454.40878 825.7516 268.7212 649.64685 0.0029442303
382.34836 1072.8623 142.8088 208.30756 0.0029376405
281.7856 1624.3041 381.63507 295.0437 0.0029355183
642.3011 1625.3289 156.04219 272.49734 0.0029202255
483.94272 896.13434 304.1925 757.98785 0.0029180923
426.21143 1450.8782 179.0779 260.28226 0.0029159884
297.8596 583.1791 155.04953 153.05827 0.0029079432
86.46325 1069.1393 149.17464 168.3647 0.002903913
393.64447 800.894 224.92595 558.98895 0.0029026265
656.5152 1618.5035 122.66683 325.29172 0.002898299
638.804 1607.8585 154.04587 190.4265 0.002894805
376.9242 1046.4407 425.46167 748.8888 0.002891934
314.77844 1389.9012 618.4455 739.4329 0.0028897652
448.4794 1134.7704 251.8027 324.2688 0.002889482
210.74677 1474.0023 225.42723 242.49564 0.0028856888
129.97691 697.0301 121.955536 132.41402 0.0028837314
301.21658 1365.3973 247.84929 536.5021 0.0028826224
522.8159 1283.0894 338.42316 962.45807 0.002882407
575.41516 500.44122 245.67242 962.6609 0.0028822673
148.88986 910.08545 276.90887 1634.1151 0.0028812878
465.57516 1022.7286 274.72348 982.9288 0.0028787996
420.99417 449.8939 167.3978 326.61624 0.0028710493
192.43025 598.3184 372.83847 789.8578 0.002870192
361.08154 958.78217 180.45554 216.7515 0.0028576846
396.57666 396.7533 171.14287 279.76013 0.0028327005
458.7572 878.40894 302.91486 912.87305 0.0028247314
274.72174 1570.0043 389.79193 374.1098 0.0028236355
469.8197 961.13904 192.55919 314.51746 0.0028235416
478.5207 1394.5741 223.1654 640.4851 0.002817374
259.36124 1192.1241 313.80103 591.8688 0.002816653
239.63576 1678.1775 164.80634 160.46321 0.0028137953
344.96594 482.5818 291.9619 310.8509 0.0028079853
551.17456 690.6707 236.79515 579.40967 0.0027953468
292.4314 1242.0807 393.9735 372.36676 0.00279348
259.60858 1399.1178 329.5908 481.7893 0.0027854748
498.3676 1117.499 119.830284 197.95023 0.0027838012
323.31625 1053.0033 129.40872 161.37817 0.0027736772
662.38617 1680.4148 108.824394 205.86247 0.002767784
84.22545 1523.2606 154.3036 477.30783 0.0027591293
527.42114 598.1917 314.37485 762.497 0.0027576734
597.2269 1364.6301 241.45535 838.07117 0.0027571556
174.66537 1660.8964 242.23097 218.83531 0.0027536217
486.03604 1127.9532 383.34927 1146.8806 0.0027517134
322.78177 1017.5294 178.18658 208.57632 0.0027493576
373.13458 1428.1765 122.79513 158.85788 0.0027428728
395.8767 1248.4839 70.97025 76.79363 0.0027357475
300.8792 489.21564 571.1675 605.1635 0.0027272939
269.37042 653.0525 500.75015 655.50793 0.0027211793
504.0583 702.69855 344.95767 548.49316 0.0027168375
194.1844 410.91946 374.44034 417.63882 0.0027098078
179.45062 1222.4761 255.69499 756.3208 0.0027069037
400.35205 1317.1364 51.82366 61.515644 0.0027048036
71.35245 1712.023 123.54624 115.98493 0.0026991975
578.278 1677.6053 270.3123 211.36458 0.0026941882
114.32963 1584.8627 153.52914 167.61787 0.0026907516
408.41293 1448.8466 117.81552 164.69736 0.0026854249
298.52267 1124.7919 544.81854 373.05435 0.002684577
550.793 1052.9774 194.33392 531.9594 0.0026814728
291.02365 500.99738 123.63275 107.362114 0.0026753994
593.00464 1715.5884 177.47389 130.8586 0.0026687395
441.48038 609.4533 416.61606 954.1031 0.0026635535
490.3559 1018.93353 368.81406 475.59122 0.0026572428
609.9377 1134.6583 216.00021 699.4878 0.0026544614
273.13605 399.00525 190.28491 139.19084 0.0026472053
319.43515 1661.8629 170.11678 164.14777 0.0026441389
159.89653 117.625114 24.017233 23.977137 0.0026436725
196.76596 1714.2856 133.35255 93.926254 0.0026332366
529.53186 945.3633 316.82462 1360.6333 0.0026294508
522.189 1141.0693 153.27928 333.49457 0.0026185988
589.29913 1545.3877 252.1396 467.96112 0.002614144
240.9264 1595.133 317.5427 357.09634 0.002612511
620.1774 1691.2375 170.10248 187.98422 0.002607785
595.8553 1655.0155 136.04288 179.83618 0.002607713
243.56651 1236.3351 250.38127 662.0193 0.0026068985
334.0248 1636.7354 642.94275 285.356 0.002604851
658.14685 1498.9967 116.48122 204.40631 0.0026002019
598.58496 1716.8202 173.0766 128.40408 0.0025995085
447.168 936.4635 210.92928 409.04498 0.0025944258
214.99994 1682.5199 442.69916 184.24635 0.0025911753
604.88574 1472.0107 221.75252 359.187 0.002586467
326.1387 1247.4825 106.84847 117.28085 0.0025860919
444.8828 474.59265 201.95924 369.6695 0.002585306
495.25775 782.3847 339.98245 593.0845 0.0025824476
307.87286 1179.5632 429.44766 1167.9254 0.0025817144
223.71962 1400.8907 250.03241 676.5663 0.0025736024
116.81923 195.76624 224.61253 336.78796 0.0025582365
97.69502 1434.692 142.30159 167.0808 0.0025469773
639.3163 1417.4735 153.26018 206.95729 0.0025452757
344.87613 906.3507 413.15616 821.4231 0.0025417083
405.14963 916.09656 285.3679 1121.9819 0.0025415171
79.83548 1350.6062 139.0035 170.29843 0.00253701
362.015 1210.3948 30.725668 40.706207 0.0025331478
571.2892 571.98315 255.2365 821.7369 0.0025297536
392.2946 831.1411 281.81473 364.6341 0.0025250653
188.7244 1545.538 238.11812 448.69955 0.0025188434
644.0973 1717.2256 146.30241 132.42384 0.0025157388
346.50906 870.457 337.3314 776.6261 0.0024987522
253.88377 346.50516 478.38724 612.0392 0.002492761
567.12714 1702.9506 274.53143 160.98671 0.0024906325
235.48676 1481.9028 234.27762 163.24847 0.0024876702
243.70973 1691.384 525.749 177.46101 0.002480707
150.37645 889.0854 166.03342 153.96613 0.0024683962
484.00232 606.1645 222.11455 361.61578 0.002462781
206.74973 1120.2863 281.7778 290.00122 0.0024627142
280.91058 460.3723 259.5544 163.59584 0.0024412153
412.684 1199.2804 91.680466 149.46707 0.0024387052
595.8514 1663.4142 137.71141 219.23683 0.002433465
359.9828 1206.7985 29.738733 39.305458 0.0024236192
322.69907 900.1963 315.8026 801.1435 0.0024152086
370.6076 835.44855 142.95297 161.56642 0.0023978301
341.41183 1412.9702 149.5159 170.98425 0.0023951854
457.6251 919.5622 140.78925 246.45795 0.0023922543
394.21277 1328.8115 196.79607 533.5429 0.002377592
581.3164 1630.1567 225.05507 177.07387 0.0023707289
111.76598 1408.0066 106.610596 121.65982 0.0023650369
269.21417 1678.4763 382.62198 192.72762 0.0023638268
399.05798 1552.4279 127.75599 167.19077 0.002362906
316.10617 1189.7931 338.63803 228.63377 0.0023623721
265.75305 1285.6217 304.6882 160.28697 0.0023455669
378.68686 1043.595 292.18198 826.92633 0.0023384576
510.53198 590.58966 358.19992 774.65753 0.002332933
171.807 744.49005 298.17142 959.7588 0.0023285565
443.7049 1431.405 282.69443 588.3662 0.002316931
532.3931 863.3967 284.59702 337.0289 0.0023027654
74.31221 1741.7153 147.70386 75.48936 0.002296726
352.8382 1439.4802 591.24994 671.4495 0.002287544
505.81665 1703.7959 190.53125 155.8575 0.0022813734
174.06538 1099.5345 287.18396 323.1149 0.0022744723
543.2705 1688.5801 163.01607 161.51158 0.002270393
443.83075 819.2306 206.35112 580.19885 0.0022654168
406.70337 870.4455 301.63962 943.43384 0.0022648394
580.27496 625.2362 244.06926 711.03937 0.0022605516
633.1589 1407.5479 157.75009 248.78545 0.002259758
632.65216 1639.2494 139.91185 285.20865 0.0022584759
601.49695 1079.5182 207.83205 576.5203 0.0022552942
327.80365 832.6192 286.9237 696.32184 0.0022552663
593.9308 1521.0177 231.75604 519.0676 0.0022458257
598.9259 1721.7141 168.76279 120.20707 0.0022444553
634.91766 418.65048 138.43796 186.55637 0.0022443645
425.00238 825.4332 304.99362 936.0266 0.0022439023
375.4962 879.5822 224.55792 497.58875 0.0022334505
393.46906 1551.9858 267.52063 330.33084 0.0022297048
501.42142 1022.12836 116.97333 147.98688 0.0022240956
209.46518 1484.2488 295.8518 595.64795 0.0022229755
475.286 878.8746 313.74072 857.5087 0.0022163328
593.23346 1506.7516 213.92621 476.0138 0.0022072028
469.41498 1323.5343 122.01223 199.5175 0.0022065216
410.22513 528.4498 143.44795 149.50357 0.0022020766
601.6805 1740.6531 208.74207 83.93165 0.0022000954
552.7842 1697.9053 154.3199 170.1097 0.0021994475
685.49133 1676.647 64.955185 212.5079 0.0021922668
344.62207 895.9098 681.0553 1736.4424 0.0021917599
238.27748 1688.5068 187.7795 148.4823 0.002183186
286.96237 1291.3462 411.23862 276.7907 0.0021807502
227.61885 1681.3978 338.42484 177.97786 0.0021759786
45.80963 1740.1553 92.89664 74.51929 0.0021716396
244.76907 957.6669 369.91125 246.8677 0.0021706964
365.11713 552.8119 322.3931 416.61923 0.0021655064
466.4138 1460.563 176.48532 279.54132 0.0021623394
481.9849 1384.4453 102.0785 174.50125 0.00216011
541.7382 832.48956 276.18936 468.1068 0.0021513912
355.6044 908.0451 184.83029 361.41537 0.0021347122
359.21472 990.87305 310.37567 677.8341 0.002128669
407.04346 1723.9474 161.85817 108.97294 0.0021254364
529.2644 1726.335 153.5838 114.244354 0.0021123264
492.83652 838.9814 280.23264 772.4915 0.0021062603
413.55978 920.231 151.01924 119.91336 0.0021038624
461.32767 1751.4092 149.35054 58.964355 0.0021031068
485.5441 1011.05457 83.69421 123.55368 0.0020932346
585.9241 1618.4397 171.28963 306.93976 0.002092192
508.5774 635.9353 364.04453 857.04486 0.0020911659
269.4216 1671.3057 488.844 237.41898 0.0020860634
478.86536 952.70386 414.86884 1304.4146 0.0020839712
458.71246 916.81494 428.62662 285.5519 0.0020584145
115.18172 1733.2817 232.86873 95.72025 0.0020536566
399.1812 1054.3969 329.27478 674.4151 0.0020520282
105.14819 1752.7001 179.53549 71.66583 0.002051173
406.36996 1351.7379 247.62157 607.1768 0.0020492228
620.5266 1588.7251 156.59506 249.92049 0.0020474342
298.84366 1700.0247 155.25719 133.90927 0.002047135
634.4259 1505.7278 207.81009 184.71709 0.0020393876
581.1548 1569.7277 279.3314 611.1063 0.0020390518
441.9187 1140.9891 143.75787 194.61572 0.0020346823
360.80292 95.38812 713.42865 186.85649 0.0020343096
394.7269 935.5286 194.0044 302.75302 0.0020178277
335.83597 697.5638 242.59103 429.67575 0.0020124442
620.58154 41.571507 187.8535 82.217834 0.0020120256
646.3237 1688.8998 140.33084 190.72041 0.0020101536
298.30295 644.8618 180.00244 245.04634 0.0020079233
134.88487 853.0587 219.17653 988.96655 0.002000204
581.2204 1515.3317 144.9578 193.08588 0.001999529
423.12726 905.65826 389.69876 142.28365 0.0019994369
436.72046 1521.3877 165.70497 277.29236 0.001997666
235.903 584.1102 411.14795 746.30066 0.0019944792
636.85626 429.3322 148.27928 267.00864 0.00199298
360.90228 122.490395 152.80962 97.15474 0.0019833709
277.04633 1643.7471 544.5791 330.08762 0.0019800127
440.2942 1699.5686 204.59778 163.98535 0.001964193
529.55383 1706.3676 130.35883 133.5467 0.0019585895
529.08575 981.3017 332.06674 1451.643 0.0019574277
468.45413 1583.6404 148.25061 180.96385 0.0019533741
264.7523 1699.6982 269.7366 162.78764 0.0019440657
375.93832 535.08264 296.3026 512.99554 0.0019402216
583.8794 281.3287 248.57344 356.5045 0.0019338442
503.9444 719.7076 356.38214 869.3729 0.0019281666
611.1212 656.0097 214.81363 651.9776 0.0019272465
374.42755 1749.9347 168.2748 79.65972 0.0019232634
623.3257 1376.3944 146.61241 205.01274 0.001912756
175.16199 974.5144 335.90878 1518.6757 0.0018983381
63.62411 1771.4684 121.36745 28.114286 0.0018967793
633.6799 330.17636 150.75113 270.1767 0.0018947618
458.1864 1720.282 301.39737 125.031624 0.0018927167
334.04233 655.116 283.29648 544.49725 0.0018860346
601.0467 1483.7361 200.1071 258.182 0.0018860266
400.8217 1262.2892 48.90891 52.753742 0.0018848645
444.809 1507.3845 120.24961 162.04588 0.0018805787
480.32596 1607.4069 136.44197 161.81502 0.001876666
438.94974 911.7833 141.74454 218.19572 0.0018702389
245.44629 1727.1995 521.4358 121.598145 0.0018696088
303.5602 1703.5573 634.59937 170.01231 0.0018649315
270.0912 1705.4006 572.3668 180.34122 0.0018640964
354.70352 1684.8076 356.2485 194.75165 0.0018610222
653.58875 1376.8252 153.45844 462.2754 0.0018572942
585.31586 1510.6052 167.68242 241.1877 0.001853683
555.18243 1728.2119 278.9682 108.58335 0.001853017
593.70404 1419.3811 137.44986 177.97166 0.0018494512
306.82465 1568.5817 468.39255 420.9375 0.0018395205
131.42542 1175.1332 161.04544 152.05283 0.0018333094
548.4681 1397.0034 194.48967 300.5991 0.0018287603
611.5698 576.33295 217.79391 411.88687 0.0018110962
190.77614 1735.8339 283.78012 91.746254 0.0018087194
280.91223 1709.3435 588.9725 205.79198 0.0017950056
221.87538 822.7608 423.2434 481.68448 0.0017938373
364.75464 945.93506 326.04257 695.00586 0.0017908334
624.93536 117.7772 210.88982 383.96143 0.0017894582
647.7539 1312.3217 163.70325 224.18773 0.0017881538
247.48598 1728.2593 524.8921 129.27882 0.0017854127
494.2238 982.5796 351.09338 1051.0576 0.0017770173
627.9497 1356.351 202.92369 422.2087 0.0017758547
250.36464 1736.1012 532.0181 115.695915 0.0017746877
510.5511 1569.0134 149.70741 205.38132 0.0017697612
329.91064 1730.599 155.18922 77.21769 0.0017670474
576.254 1733.7333 248.22849 104.706024 0.0017591009
249.89569 1728.0809 195.07181 109.34233 0.0017586238
580.01135 644.103 141.84096 228.49007 0.0017424967
226.94907 1742.1508 473.88483 85.974144 0.0017342947
648.1828 199.18852 112.44556 278.20523 0.0017298227
224.87901 442.68964 303.29382 405.51254 0.0017292028
551.7116 1740.8765 157.39381 87.8439 0.0017268314
633.63214 1296.2625 114.27759 147.17294 0.001719279
509.26154 523.80066 204.9821 453.4454 0.0016995716
368.37564 772.0093 386.1183 766.6256 0.0016988412
322.41116 1134.7861 541.44025 1050.2152 0.0016987853
452.58804 1761.095 149.64743 51.08351 0.0016946096
345.67218 929.39484 263.5537 657.5412 0.00169311
570.0423 478.7109 186.04608 252.42401 0.0016917065
249.98549 849.05206 240.42429 523.5319 0.0016805591
239.13979 1740.7522 144.53754 74.51009 0.0016785006
565.8536 1050.5316 109.61685 161.91508 0.0016708759
266.99466 248.51817 542.944 454.6779 0.0016690172
579.01355 255.22589 285.45554 500.736 0.0016615093
594.4876 124.40258 225.77356 273.93677 0.0016597094
327.69464 238.99855 647.89246 446.85486 0.0016557524
395.63467 991.5913 193.23184 181.28894 0.0016537965
577.24097 1739.7747 259.43494 96.27334 0.0016520629
374.81354 1711.3053 643.79156 164.50977 0.0016514686
363.60626 131.88809 712.56573 254.5828 0.0016469612
606.8732 720.72107 218.97655 859.9035 0.001635585
463.03857 1766.698 123.55742 41.347572 0.0016323801
620.21533 432.3233 175.79744 695.25574 0.0016288481
661.58765 147.34375 97.95791 258.66745 0.0016262354
544.5374 1352.4471 133.46834 271.52902 0.0016242695
583.7809 1296.8862 142.81068 244.20096 0.0016238204
216.695 910.8545 258.49658 668.91504 0.0016223282
369.16278 28.044966 684.4649 52.567425 0.0016184534
139.23808 1780.9877 284.9589 13.8947115 0.0016170773
620.50806 232.7584 204.62846 519.4206 0.0016170671
462.42352 585.94415 311.07504 568.9022 0.0016109446
649.269 1316.7178 142.76685 247.74297 0.0016047462
105.702866 695.512 171.77194 374.2191 0.0016004728
556.1992 453.78925 180.10559 218.11066 0.0015941922
538.9207 1230.0946 302.95502 891.16547 0.001580572
312.37344 1747.4974 282.0839 73.96222 0.001579682
360.98184 1762.5049 203.04922 48.75322 0.0015771984
369.0792 949.2013 378.2338 715.21954 0.0015708505
520.5491 886.9947 102.115555 189.93646 0.0015696716
672.0118 1268.3708 123.995834 308.80164 0.0015679261
562.40625 1353.3298 91.53213 166.64175 0.0015644231
128.5559 837.8423 210.04875 963.8324 0.0015595633
672.9684 255.09311 89.1452 373.8762 0.0015572542
330.83408 1512.2888 294.94852 489.05273 0.0015556256
516.70154 1528.7133 115.097626 162.33272 0.0015543945
576.90656 1456.379 103.87858 137.72618 0.0015507282
300.36185 983.6113 590.96313 251.2529 0.0015480143
624.76044 1319.2828 126.65344 189.15012 0.0015471021
140.53061 851.9881 264.20233 484.87823 0.001544152
662.8888 1741.8169 105.00826 95.46097 0.0015404248
579.7852 1165.411 209.65756 462.6671 0.0015391331
655.8825 28.566143 110.66886 223.8082 0.0015344723
599.1814 1005.31354 216.92154 1169.749 0.0015342532
298.47192 1741.6458 636.33325 118.74877 0.0015296187
668.4435 1151.5726 122.11668 185.19069 0.0015272866
541.57355 1358.9934 119.26989 205.47937 0.0015136524
626.6536 1250.0656 123.328415 224.01755 0.0015131487
307.56488 688.08746 588.83984 807.945 0.0015071227
172.88203 769.5476 346.0507 384.68924 0.0015058425
154.8261 25.378378 253.33725 46.797318 0.0015043727
274.73215 1532.7966 370.62817 485.86102 0.001503963
622.5707 83.90133 168.56815 188.28003 0.0014979594
461.95557 1765.4537 130.40186 45.577095 0.0014900472
331.72433 1771.3191 239.7308 27.463968 0.0014812279
673.1534 358.98608 77.78933 312.68698 0.0014699313
302.7045 520.4555 604.789 675.7347 0.0014687818
347.2996 898.10876 679.9571 1736.7234 0.0014576509
550.7141 1729.309 278.70172 156.28171 0.0014573274
190.09634 1775.0056 388.7695 23.576464 0.0014541473
657.8508 1156.696 137.45685 369.10822 0.0014512809
581.19385 1333.3933 99.160034 166.9379 0.0014509195
505.85886 1752.4604 188.92772 73.68116 0.0014435737
506.35574 869.1347 144.22089 393.5069 0.0014424956
318.71103 1286.1936 372.49518 564.19604 0.001438618
415.6609 550.6224 398.1117 525.1998 0.0014357569
282.2058 1753.6837 597.9708 74.48317 0.0014353367
668.2161 673.5683 115.20934 851.5263 0.0014341944
256.00415 1380.306 364.70953 803.7642 0.0014328129
369.9857 1763.0042 431.1624 63.516354 0.0014290423
681.23285 485.47592 81.50642 460.82013 0.0014284055
527.0655 670.76135 341.31927 773.86163 0.0014222879
578.05774 666.8933 97.749695 223.28651 0.0014131865
417.12933 548.1907 262.76184 452.76584 0.0014059225
313.42172 1398.963 471.7796 762.9433 0.0014017004
659.6701 1207.1862 149.37549 369.251 0.0014010331
349.5078 897.9699 685.4607 1738.3386 0.0013955974
548.67084 998.68304 271.38486 711.00665 0.0013945577
651.3167 680.2353 141.27359 568.5721 0.0013943844
212.9927 824.9585 412.666 575.2251 0.0013722301
686.8877 1747.2292 90.157875 78.58166 0.0013718328
281.92142 1205.4724 388.24557 1062.5555 0.0013643658
528.6002 1759.5901 178.63467 59.9355 0.0013616222
523.724 1426.4437 89.06497 169.35637 0.0013505947
518.97784 633.77606 308.04395 676.16327 0.0013414429
661.03357 666.13324 126.91188 450.77798 0.0013398277
154.55432 806.5526 300.67667 1004.82446 0.0013275032
595.0021 1236.3551 113.74502 200.71547 0.0013263779
691.5591 305.01382 55.727337 435.59296 0.0013253663
160.28464 779.78815 324.71262 722.2166 0.0013146914
554.8269 1380.5385 138.34438 140.23828 0.001310547
552.2671 817.15 266.45868 614.942 0.0013086456
676.10376 1761.4117 101.35168 43.542282 0.0012967199
304.19867 1281.329 472.07758 849.6076 0.0012898362
110.50434 758.86743 191.87276 1039.3024 0.0012870836
590.1325 1147.0464 225.35287 695.464 0.0012855625
280.14053 1764.2902 598.94867 58.144638 0.0012839418
339.1184 1384.7434 292.77908 556.67 0.0012806802
253.5867 1759.2358 524.7829 91.52766 0.0012738828
170.9262 896.19714 333.21774 763.07825 0.001267624
325.2428 1257.3065 288.2188 594.2228 0.0012672818
407.44095 929.0366 168.36432 300.85965 0.0012391148
503.26318 359.33655 384.92142 537.09674 0.001236942
436.9876 1774.1135 162.17064 27.391758 0.0012238293
566.387 1284.285 361.12634 469.7436 0.001211408
254.69667 425.6419 156.2971 220.13103 0.001201311
681.82385 879.5928 160.17511 168.67348 0.0011882415
698.6586 874.6043 48.082104 182.99695 0.0011848594
595.4395 1761.1774 179.76616 109.20686 0.0011690346
647.63696 654.23834 142.70566 597.3406 0.0011652969
692.5307 1765.0254 49.31864 45.5532 0.0011632445
347.148 928.16797 650.4243 1685.788 0.0011613313
144.10397 1225.386 263.28833 859.5574 0.0011569319
172.37608 581.1441 344.81485 690.8147 0.001148634
116.49058 988.6124 226.7711 319.319 0.0011453814
658.82947 823.47687 122.24747 740.01404 0.0011404961
367.7761 894.00195 147.48254 75.85849 0.0011402109
355.46176 928.9046 653.3465 1671.6376 0.0011328236
682.8634 986.6763 86.916084 228.18637 0.001124165
504.60458 1774.5171 216.87952 61.12663 0.0011135802
660.5646 686.83167 150.01418 259.51807 0.0011043246
324.38696 1273.0579 387.0748 523.8207 0.001103581
601.37225 1173.2383 99.15172 168.87704 0.0010862589
250.27467 711.2018 421.98022 819.83014 0.0010729587
295.8759 853.23444 475.72226 548.0208 0.0010706414
527.83154 789.3231 76.53019 298.25006 0.0010694329
325.7489 1580.6895 506.57648 392.58932 0.0010623999
270.64658 1118.331 374.79495 840.7888 0.0010551462
345.89624 1574.167 508.8061 411.60922 0.0010101396
213.8405 987.5715 353.40942 1337.8331 0.0010095782
278.3061 1386.7446 406.7113 796.8002 0.0010059174
397.90045 809.2517 305.4496 625.5594 0.0010011528
188.90297 1148.8206 150.64284 500.62015 0.0010006102
315.8958 1246.3041 354.37997 589.8298 0.0009965023
145.07217 712.70795 266.29855 790.46625 0.0009857203
708.8193 1709.9215 30.651205 108.926094 0.0009792957
716.63477 1671.4575 9.838755 220.76436 0.00096300675
356.979 506.10022 277.79758 309.14252 0.0009606027
715.376 1721.3292 11.701114 125.14073 0.00095327373
365.35162 919.0428 432.80017 664.86865 0.00094337657
425.22787 985.44226 325.15027 606.53766 0.00093226903
391.0996 552.7757 366.38324 317.12518 0.00092684076
372.3587 944.2715 553.09753 221.42621 0.00092308165
146.53804 603.45184 300.1965 659.4784 0.00091840746
292.586 1729.0875 395.63443 118.68226 0.00091502856
270.55756 460.42902 410.55554 379.26532 0.0009071299
280.4398 1355.9783 395.44943 823.0148 0.0009055384
249.77356 827.3588 481.93887 669.76996 0.0008875892
377.4111 1267.1373 269.0422 599.97003 0.00086861185
345.5321 887.4374 293.35556 637.8586 0.00086089695
261.80188 229.40556 510.62128 455.80707 0.0008583038
310.33163 437.10086 521.8194 626.4633 0.00085667084
695.0326 1778.2202 40.893917 40.68965 0.00083325134
319.16617 1037.7135 517.4619 498.7262 0.00083219993
305.9219 1252.4572 513.72723 445.92133 0.00080263946
501.0734 964.16425 258.8885 313.5506 0.0007917054
480.81226 1106.5808 417.48953 445.10422 0.00076248136
359.09573 335.00342 702.1877 622.9438 0.0007611793
475.42715 1312.731 294.66385 551.0219 0.0007512888
282.48682 251.73448 590.2748 449.6127 0.0007299344
343.24597 1108.9391 659.62006 486.25412 0.00072606467
372.37488 529.31793 255.33511 276.56082 0.0007165061
390.58267 1297.9916 538.53723 686.13635 0.00071483926
503.0377 890.74744 288.41846 242.58888 0.0007139351
607.7738 883.53766 170.71431 177.1775 0.00069935113
331.8415 860.63965 242.32721 562.7676 0.0006640953
316.5872 1260.6091 489.13623 560.42194 0.0006581346
347.852 348.86288 505.1052 623.3937 0.0006481039
248.05392 691.8035 355.48813 645.3132 0.0006201208
438.26462 853.48413 436.9232 644.2901 0.00060351664
318.97946 1044.8904 507.4869 571.7912 0.00057983137
325.44614 1079.5027 552.49866 280.32394 0.0005698126
349.47113 902.7892 320.1217 653.71716 0.0005687006
361.4385 1778.4454 599.9934 27.189547 0.00056280993
287.8457 495.54636 566.6164 563.3136 0.00054522906
356.75232 228.89722 698.8412 467.54678 0.0005425722
352.8095 945.86383 314.5181 625.26337 0.0005420129
398.48676 1206.1755 359.91913 567.6109 0.00053753227
341.54028 1158.6416 579.62573 511.45917 0.00051010813
371.07233 1206.0641 521.21313 518.43365 0.00047686166
370.86017 1070.8564 608.5636 431.6386 0.00046557686
385.13025 729.85455 489.66248 587.2518 0.00044265183
