462.24167 1474.283 921.02106 2925.6113 0.47957167
460.18375 1080.6228 916.21277 2132.9875 0.35352454
100.97258 2533.735 201.85292 828.27655 0.22186896
464.47488 1275.5986 919.5083 2512.287 0.13977584
416.40445 1129.3339 817.9311 1730.5984 0.07615615
411.5689 1045.3313 805.5739 1542.8973 0.060379248
38.922775 2037.2842 77.545456 253.0291 0.05508535
412.7753 1006.099 808.39087 1497.2922 0.050827574
356.7573 1114.0219 702.882 1625.2106 0.04093033
392.64023 935.05743 748.18555 1217.8387 0.02991855
101.4663 2313.055 202.34734 1269.5814 0.028712342
407.32138 1076.5272 780.2885 1399.9531 0.027434872
699.4862 1347.2554 48.291542 78.988594 0.027185766
440.52463 1443.8566 871.5445 1366.5405 0.026363552
428.95215 1105.6012 696.5609 1445.5016 0.026279232
431.06805 1032.8289 712.8413 1333.3473 0.024640234
900.00354 853.4342 119.2496 238.06313 0.022357952
39.361904 1939.1376 78.58126 456.5973 0.020611187
440.93658 1395.6355 872.10754 1433.724 0.017498977
385.17566 895.80365 757.44214 1128.7948 0.017155204
463.0727 1475.115 917.8496 2918.336 0.016817912
421.2675 1072.3506 710.45294 1121.8746 0.016519831
225.76045 1601.4526 441.91147 694.27295 0.01640842
229.54237 1604.4087 452.82114 705.876 0.015260268
287.45364 1034.1575 569.2802 1450.0178 0.015256515
261.207 1150.9542 516.1217 1615.2361 0.015239316
366.91016 1602.2345 728.5488 802.3759 0.015093943
400.79364 1145.2927 680.0609 1088.6311 0.014806246
317.25873 1045.2765 630.7512 1374.49 0.014745446
686.91626 1010.88556 106.63934 156.78635 0.014404829
457.00357 760.87225 910.3682 1468.53 0.014375943
39.670593 1857.4022 79.07999 622.72955 0.014284338
370.50714 1402.6166 733.22595 1166.9388 0.014132642
330.6378 891.6401 650.0344 1091.2676 0.014117309
394.62106 1013.484 654.1757 1188.8254 0.014059489
99.43665 1482.824 198.60103 2915.6255 0.013672452
396.12024 852.978 787.10474 1084.4801 0.0136140855
441.22693 666.9681 876.8178 1212.061 0.013502207
686.81866 1012.0931 108.87196 158.0432 0.013450319
100.365204 2534.7454 200.10495 824.4034 0.013320359
422.3147 829.62823 824.4258 1192.4589 0.013260616
363.1861 825.04346 686.02826 924.95764 0.013073682
424.68875 802.8975 841.9448 1077.7828 0.012958341
364.2388 1410.3453 716.7415 1099.6277 0.012751652
376.73154 995.17065 628.78424 887.26843 0.012684677
386.54514 1434.1378 765.5397 1324.114 0.012575454
101.75746 2117.0771 202.99448 1658.573 0.012253423
454.96347 1925.3539 902.6808 2020.091 0.012162829
101.13269 2105.992 201.84071 1678.4333 0.0118544055
331.64954 1096.9125 650.6598 1182.076 0.011786265
96.885025 1480.0156 193.22119 2920.8765 0.011632353
101.340355 2122.31 202.30237 1635.0924 0.011622236
460.15903 1081.9232 915.5886 2127.0383 0.011311211
211.58272 1501.0026 423.6195 2849.7048 0.01130919
310.24216 1084.0056 618.09076 1920.0535 0.011179181
440.22653 820.7562 644.04614 892.54663 0.011120057
681.52405 1339.3784 96.12383 118.1829 0.010948352
460.16022 954.47424 606.10474 1132.2289 0.01078705
338.2687 776.9923 669.2233 1306.6185 0.010636095
43.605366 2619.3591 87.20982 651.05347 0.010574884
315.0326 788.44763 623.0831 1258.8308 0.010543348
481.68155 2525.1714 954.90466 836.51514 0.010208707
335.42545 1572.2477 666.4374 800.5528 0.010187736
228.29405 1470.1239 363.99808 420.74167 0.010160935
420.42032 1100.8009 602.5578 1018.58075 0.010097625
199.60222 2529.8223 395.00513 832.90076 0.010057561
328.00348 890.021 558.06995 786.4001 0.010036513
248.21031 1783.7471 361.20773 347.97827 0.009930177
410.8949 700.9415 811.44037 996.4551 0.00985002
201.37424 294.84207 397.34454 309.12698 0.00984834
225.24625 1785.8038 416.98312 366.51816 0.009797208
359.3531 1585.0536 652.9436 697.32117 0.009710471
238.09172 1683.2582 474.76572 934.7693 0.009661863
200.7683 1109.6307 398.4243 1852.768 0.009536546
288.64246 864.4697 566.1524 935.2836 0.009509304
39.991524 1722.6151 80.19916 887.27124 0.009450371
452.82938 2068.8604 897.87714 1743.2521 0.009377624
100.28346 1885.6157 199.80237 2113.2065 0.009218076
35.385345 795.8909 70.734474 333.6079 0.009123456
237.29285 834.0941 469.6817 958.61755 0.009075779
485.98447 909.92725 631.1583 1072.7069 0.009075054
198.77141 302.26257 391.17572 297.33212 0.009053647
436.38376 1660.834 866.239 947.97253 0.009052162
431.8318 1601.2338 857.099 1045.9835 0.008756821
669.4617 1341.8108 120.985374 135.45697 0.00875308
347.3113 1010.5881 619.7578 789.24066 0.00861657
246.5228 680.8197 484.92184 648.1224 0.008536562
41.25464 2431.5698 82.31853 1032.4775 0.008523786
283.1333 800.14935 559.87714 895.22296 0.0083216205
39.587166 1391.2323 79.35508 1545.746 0.008241841
173.39172 2527.295 347.61575 844.601 0.00819781
100.3047 2061.2 200.07999 1757.6223 0.008174496
39.583748 1595.8391 79.30614 1142.3862 0.008170012
419.6285 700.87585 833.9663 867.97034 0.008124082
124.17225 1527.5934 107.282776 182.4955 0.008037703
293.07162 1490.643 590.6439 2872.0024 0.008009591
505.38602 914.36725 533.091 955.45013 0.008001556
389.07492 687.1954 759.20593 707.58466 0.007917477
385.11328 789.2905 766.2279 870.1698 0.007837669
244.54259 1418.1991 486.56943 1074.6735 0.0077996724
278.92908 892.75653 556.3146 1223.9441 0.0077566886
9.616186 804.40295 19.25325 274.4082 0.0077151777
233.53711 1477.1892 466.227 1063.689 0.0077052843
208.39319 287.26068 413.97928 443.46555 0.0076789916
374.50372 1487.2671 687.1046 574.922 0.0075499597
557.41766 660.567 430.90906 471.46698 0.007482957
429.062 427.4316 854.26355 812.8213 0.007464702
105.35419 1755.5066 207.71559 2372.5527 0.007432631
214.18567 1362.7953 427.98264 1558.9198 0.0073730075
532.5319 1119.1078 584.6662 1178.8618 0.0073058
31.95606 2546.9846 64.13266 801.4061 0.0072857696
8.762844 2536.186 17.232924 830.2353 0.0072625093
451.2819 1827.2391 879.5316 2255.133 0.0072551835
255.71756 790.07715 383.39597 505.2909 0.007211133
542.477 952.96497 502.62225 871.79095 0.0072013834
640.6427 1354.1882 169.28078 166.77596 0.0071897805
332.12997 1015.71625 555.5405 634.7591 0.0071812184
39.407436 1443.682 78.93767 1451.9409 0.0071505774
876.4719 855.73157 172.60507 304.06763 0.007141825
266.13367 736.38855 280.55786 346.3981 0.0071277334
561.3591 768.6316 554.5424 788.2702 0.007124059
46.395824 1218.7413 92.386314 1888.2561 0.007104537
342.9711 1053.7064 494.68408 509.42462 0.0070906687
215.85933 1392.9215 429.74966 1149.2495 0.0070602475
451.34286 763.5907 613.6892 800.21985 0.007041742
484.71976 2409.6465 964.7244 1072.4382 0.007033522
351.06012 1075.7704 489.9837 525.30493 0.0070195417
736.852 942.46515 238.20517 323.29526 0.007017963
230.75731 1470.2915 399.27863 430.3316 0.007012901
386.03845 2520.7163 791.48944 833.58936 0.0069742757
4.8832006 2543.5178 9.486255 801.58704 0.006973216
369.70343 1486.6674 718.5131 517.5388 0.006956123
208.22481 416.60217 414.3348 635.20074 0.0069321715
256.03796 768.5384 509.71027 1234.5267 0.0069054207
371.25858 1167.0977 729.01306 649.1303 0.006872706
377.6862 929.19525 484.51917 700.95795 0.0068685254
118.65428 258.33502 235.86485 286.86264 0.006858784
699.655 1351.9905 36.484455 57.48786 0.00669842
148.54005 277.77698 223.23178 201.321 0.0066554504
341.7221 1328.111 672.39154 1258.2112 0.0066140736
498.97623 726.664 219.63164 190.05379 0.006613062
461.34247 939.2672 124.34386 124.10772 0.0065928
124.66264 1481.8636 228.1674 360.52325 0.0065265736
568.88306 717.10315 372.88226 310.0412 0.0065117087
213.96205 1172.7057 171.06271 192.7899 0.0064976546
218.51126 1223.6891 438.38345 1865.3239 0.0064901235
334.475 1793.7856 657.9257 551.8158 0.0064816
239.26756 1171.904 274.2563 252.76332 0.0064690197
504.27512 1258.414 477.15 802.92737 0.0064165434
336.4802 1268.8611 645.29913 748.52094 0.0064064767
35.837887 1689.9963 72.37067 949.0094 0.0064054993
360.66034 668.2567 713.1411 700.6616 0.00640198
240.68625 1453.3138 283.03113 349.11646 0.006369422
221.2162 840.1947 440.17633 968.8963 0.0063669337
473.41382 2232.2527 941.5618 1425.7472 0.0063440385
419.93127 709.2338 842.1416 1073.454 0.006318225
315.4664 571.58905 290.38855 362.97955 0.0063066264
592.9069 1422.4623 264.1044 322.37604 0.0062892195
97.38752 1839.1796 192.19136 257.51114 0.006281601
36.712948 885.11725 73.14735 576.2806 0.006279069
15.869607 2426.8867 31.292915 1048.1477 0.0062648454
24.492064 1892.5441 51.0745 541.38995 0.0062571433
53.773323 799.15155 107.814766 361.66223 0.0062140413
47.813538 2615.3174 94.6609 432.05417 0.006195007
689.13074 751.96375 183.34631 194.1242 0.0061828704
406.8448 2525.9026 820.81647 834.32916 0.0061763986
9.92151 862.49854 19.980453 505.4086 0.006146746
227.45569 1602.4523 444.70166 692.77563 0.0061442214
572.5957 1439.9865 306.12668 372.4327 0.0061315335
273.41257 1157.1969 395.5284 337.42575 0.0061219833
428.8459 2257.8838 856.3154 1375.196 0.006093336
189.00426 567.0002 372.7124 449.63492 0.0060811583
627.5281 1445.4016 202.36337 340.23953 0.0060583577
684.6026 1327.4474 148.77077 212.82516 0.0060456623
14.150529 1941.1174 29.800165 444.87497 0.0060154307
100.39476 1603.1986 198.15486 2660.54 0.006011882
250.16621 1642.4847 498.79654 1012.2573 0.006007837
226.35605 1012.055 445.83786 620.37854 0.0059988005
42.1215 2729.5854 84.12509 434.32132 0.005998175
37.934998 1093.2157 75.91112 2135.2266 0.0059916195
877.502 853.4172 140.87523 238.5781 0.0059860214
268.86737 966.0777 552.76855 1282.5591 0.005976023
10.391963 2625.7666 21.169117 637.9281 0.0059512635
465.1775 702.2671 707.27466 721.45325 0.005941278
266.76505 1172.8352 334.02817 293.97174 0.0059400187
422.96332 1220.9395 478.74875 531.3264 0.0059291185
5.202778 1917.0227 10.822352 487.5823 0.005887448
82.689156 1724.3617 164.96315 876.7789 0.0058809184
97.18846 2294.969 193.0185 367.64734 0.0058778357
384.66278 703.81287 344.06708 429.53 0.0058619664
168.89027 926.9191 336.34628 1280.4287 0.005823092
550.90247 1211.5745 347.92313 528.07275 0.0058217756
231.83119 1325.4429 456.35773 643.27325 0.0057929507
92.574905 1285.4631 185.01175 1737.1779 0.0057898015
425.37628 2343.1416 853.26056 1202.2322 0.0057749874
97.97718 2334.7832 195.53291 438.97394 0.0057694134
363.48495 1586.6472 483.10577 649.7728 0.0057631964
310.408 794.18774 617.89557 869.7504 0.0057525095
427.25122 587.90814 359.7442 411.86157 0.0057399776
243.82503 1251.5685 469.6328 745.8828 0.0057320343
126.413086 509.7165 241.19452 307.66684 0.0057307547
360.47223 934.8746 351.8417 426.99963 0.005721001
515.35016 1369.6376 155.95763 216.55896 0.00569696
561.81134 667.06024 349.614 530.3331 0.005687331
248.7215 1071.547 523.75305 1484.1366 0.0056757717
18.913816 2418.2551 38.182266 513.24756 0.005675217
488.8571 807.5643 698.652 1039.9868 0.0056487313
97.97748 1381.0339 192.67557 2698.9456 0.005647301
794.0878 960.3135 291.58847 439.19473 0.005641002
535.782 1457.192 391.9886 501.2762 0.0056357696
323.30542 1091.787 321.43573 349.24176 0.0056099114
550.695 918.74554 474.11072 923.7107 0.005584791
572.1872 1380.1483 304.54706 255.12486 0.005578457
254.37193 1002.4591 486.03232 761.4958 0.005572733
38.92662 1621.013 77.95975 1080.8434 0.0055591357
196.97992 483.59827 233.01463 263.05978 0.005558395
3.4515402 726.5976 6.8748198 450.46548 0.0055185985
3.061834 773.1706 6.1772385 328.6145 0.0055162385
608.93933 1358.1265 236.08052 213.64415 0.005485361
98.25589 2272.6765 194.65117 292.9693 0.0054845028
233.30284 1515.968 472.9371 1266.6552 0.005481494
481.15417 954.71826 185.25761 184.54607 0.005468807
511.287 715.5658 659.65497 810.7832 0.0054481924
367.7522 1292.4305 727.165 675.4146 0.005442154
621.3065 753.05927 287.74896 219.73436 0.0054350873
352.3778 1134.0854 204.58163 221.58719 0.00540529
661.51697 938.5815 249.30757 311.79907 0.005398782
832.54047 824.7197 82.48179 161.75044 0.005371936
212.28969 856.48083 251.33647 313.00452 0.0053566536
455.9093 735.6987 759.3086 908.00714 0.0053535267
64.24772 1960.9698 125.93487 423.46887 0.005340636
626.9253 708.34454 323.17807 363.152 0.0053395266
469.358 567.992 941.793 1108.3914 0.0053359168
580.0632 1265.9618 593.025 1286.0686 0.005315033
724.84216 1060.3461 343.7991 669.0731 0.0052886005
306.04327 1778.0369 224.60243 254.83798 0.0052710334
380.32993 593.5893 725.822 514.7846 0.005261601
8.987448 1917.822 18.42863 475.87024 0.005249832
242.8736 2535.8582 509.43692 819.3759 0.005241986
75.38329 501.20425 149.92638 302.75864 0.0051978286
55.125042 884.70825 110.2372 551.5056 0.005197508
385.54456 1035.4635 324.0564 377.71292 0.0051906975
602.6693 1070.0511 290.5285 373.747 0.0051665176
703.7593 1100.2961 188.98776 391.51398 0.005164695
384.3008 1474.2649 663.95593 503.5052 0.0051432867
469.39008 519.36163 210.8973 218.99365 0.0051375
644.1851 1008.7028 246.45277 311.28903 0.005132341
114.376114 1053.9866 237.62256 1863.7463 0.005131352
332.34247 735.88007 669.65576 748.5412 0.005120998
749.0112 1032.9476 306.8253 611.557 0.0051161116
806.83264 1043.892 303.63885 629.8129 0.0051139593
283.56 1390.4609 504.39508 800.9599 0.00511191
637.4692 1056.0068 445.0209 709.29456 0.0051028337
477.37335 943.5133 510.4023 958.6533 0.005090268
37.65289 2376.3525 69.759476 385.90186 0.0050861356
506.2354 644.6408 501.76584 543.6427 0.0050842175
91.77148 2037.1039 182.43994 275.44653 0.005072586
325.2858 673.6047 230.30635 287.375 0.005072073
224.80176 1120.4092 469.5963 1965.5891 0.0050719287
23.128586 1376.6797 46.288124 1572.7615 0.005061581
204.83846 1217.3467 394.1405 405.72366 0.0050532618
522.53094 972.81305 258.41907 291.87466 0.0050429804
290.74765 928.3578 175.59529 216.46068 0.005040562
291.79578 284.31583 579.3974 449.99808 0.005013763
111.790146 583.07623 223.40044 475.84473 0.004950792
768.1526 1141.9515 254.11162 489.84814 0.0049122465
118.78131 1597.1333 235.0538 656.34 0.0048921355
6.6944413 752.23047 13.5143585 772.43665 0.004875318
558.4199 1261.8339 204.04172 276.09634 0.0048584477
47.947456 2466.4863 96.12764 963.99915 0.0048469827
600.96533 1018.06976 584.95416 1405.6805 0.004834397
46.3704 2263.1226 93.49713 259.66727 0.0048203045
248.5544 1703.8876 351.61145 405.67194 0.0048125084
22.706974 965.9523 45.391666 711.1129 0.0048060725
425.9017 1024.0413 508.63837 593.8958 0.0048015043
770.61804 853.6474 215.79805 306.5745 0.0048001735
455.09546 1035.7618 300.9157 349.14658 0.0047831535
585.8962 948.81964 547.65485 1200.1971 0.004777784
9.660569 2018.8428 19.89658 319.0852 0.004777419
12.089272 1682.8073 24.718826 965.77954 0.0047702645
211.34431 726.01733 424.22382 1048.0979 0.004755462
331.71356 1896.8848 555.6658 425.19083 0.0047455737
516.6388 793.1113 676.68854 969.0782 0.004726967
66.01455 1584.4402 130.93605 1155.2327 0.004710078
689.15674 1350.3331 130.26562 209.81084 0.004700446
173.93971 1934.4529 329.9674 398.2045 0.0046917032
12.014534 929.07117 24.29257 378.39453 0.004686596
326.68698 1406.0851 205.38815 290.21442 0.0046786196
60.755375 308.65955 121.882484 533.5873 0.00466658
491.74597 1096.6132 356.54422 419.20328 0.0046609817
548.9416 1126.1185 153.78983 190.3142 0.0046603912
873.08203 959.3466 193.00166 472.67883 0.004635952
602.25397 1298.361 545.24524 1169.716 0.0046328525
790.86523 883.3398 155.28067 191.24417 0.0046143574
30.171564 1461.3729 60.799614 1407.5443 0.0045852894
40.354164 627.35565 80.513756 555.62634 0.0045786384
3.9557555 932.20886 7.96267 683.6065 0.004562762
194.6979 1135.7744 403.85474 1591.1259 0.0045577707
37.288258 1080.8915 75.5083 2187.316 0.0045469427
852.61536 837.5249 227.28952 406.2955 0.004544267
34.01522 1651.8474 69.28684 1036.9633 0.004501026
18.506823 1362.1263 37.66673 1601.6653 0.004468238
119.59585 1723.3264 235.71405 860.62427 0.0044576703
299.345 782.00653 247.24287 307.77036 0.00445432
671.58575 700.3682 366.3741 540.7377 0.004453142
12.46549 1851.9941 25.798113 543.2081 0.0044422476
867.1656 942.76746 203.3023 454.96124 0.0044154595
1.5471873 2529.0928 3.3248472 829.48224 0.004404345
68.64399 958.5515 137.46011 678.92255 0.0044032703
93.32419 2360.8718 159.04832 421.63376 0.00440206
5.0300217 2327.8872 10.410828 1241.4236 0.004393185
449.69574 931.9251 351.56067 719.93945 0.0043928684
511.71375 545.2036 544.2565 626.7964 0.004384555
96.51051 830.6057 192.76508 1403.6469 0.0043833167
25.619316 1473.9371 51.721546 1374.0596 0.004350015
276.96155 1285.5553 548.7659 724.9889 0.004337756
9.616617 994.9235 19.447966 882.2314 0.004312237
186.74963 283.80447 327.84384 225.38652 0.00430203
378.15335 1139.5319 154.81213 183.1908 0.004301654
438.53668 1328.6372 536.74054 661.16516 0.0042867973
168.96207 515.87665 333.2573 328.75757 0.004284278
7.90078 2763.6294 15.802448 365.90286 0.0042754915
6.7353106 1741.0831 14.006035 434.95557 0.0042669964
82.73968 727.317 165.51277 823.2561 0.00426458
871.8673 934.9878 194.03224 416.9385 0.0042624664
490.5731 2739.4038 967.7454 414.54053 0.00425982
9.497586 1264.5798 19.293335 1797.1259 0.004242707
725.5482 748.0467 154.56725 171.65157 0.0042379857
92.067406 2680.5723 177.13904 419.68063 0.004218397
523.5316 811.59766 673.19226 1118.424 0.004200297
62.04804 1950.411 122.47313 403.29126 0.0041877185
57.809006 169.08391 117.2247 214.38538 0.004175376
382.711 1760.2982 307.8459 389.15878 0.004164636
522.3373 1131.9629 393.32736 619.76965 0.0041534207
538.4552 1383.1978 307.94244 281.80087 0.004152121
369.00757 871.8797 376.6073 589.0804 0.004149007
705.6747 878.7514 297.0243 396.79666 0.0041472106
19.09684 1862.5923 40.877987 843.7588 0.0041456567
52.164467 2422.9192 104.51946 1068.2311 0.0041374224
66.40684 1652.411 131.70369 1028.078 0.0041270973
4.628617 2328.488 9.444095 381.68622 0.0041260566
160.00636 2295.0764 318.27185 1281.5245 0.004114528
351.51193 1683.127 233.9318 372.79257 0.004094631
865.52826 1007.24554 207.07835 580.2942 0.0040942673
226.12251 1266.241 451.512 781.37994 0.004081982
857.1237 913.0417 221.66881 386.72675 0.0040625483
4.633577 1544.1333 9.408662 1230.7728 0.004052038
706.2619 1161.1085 390.94925 871.5663 0.0040486255
4.015987 1743.4083 8.329636 828.36444 0.004045848
492.60028 1569.3894 380.77103 638.4995 0.0040361527
288.04016 659.0515 577.50385 591.0815 0.004035405
595.12177 1237.051 613.9974 1500.1501 0.004029252
6.7942834 1152.5116 13.580681 2010.02 0.0040283473
249.1742 1706.7911 380.7407 542.58655 0.004018089
333.31403 359.29163 332.94113 328.4515 0.0039989767
191.44218 1609.5017 361.95822 838.7747 0.003991956
707.1371 1086.7281 386.42456 812.9563 0.0039846823
481.30185 829.35785 228.11752 266.94617 0.003959409
198.43869 1744.7374 294.6345 471.65427 0.0039558583
548.388 568.5556 463.76825 512.60114 0.0039445464
796.9367 1087.073 208.87918 345.4401 0.0039352393
561.58514 640.2066 649.309 947.9915 0.0039329687
44.57586 2822.5918 88.31049 253.0665 0.003925116
234.99413 1473.592 366.54535 422.716 0.0039178575
10.214552 2741.4395 20.807344 410.53906 0.003913076
555.7208 755.6162 207.11693 179.7195 0.0039095483
24.046385 1692.671 49.25259 957.8151 0.003905591
40.8091 2301.8604 83.54078 416.08615 0.003904083
252.87192 1014.6832 508.12796 667.34515 0.0038934778
726.86847 2493.47 505.89902 905.14154 0.003888717
430.50247 1645.2585 435.10452 529.0932 0.00388663
858.6137 2667.2769 248.40268 558.9802 0.0038790891
434.2591 1278.0952 327.63672 420.097 0.0038719962
392.54373 970.058 335.93265 395.98615 0.003863391
405.66046 1163.8687 351.44397 466.45364 0.0038490158
601.3577 1023.296 531.6133 1430.8009 0.0038344811
18.604198 1347.1857 37.824104 1512.2714 0.0038314732
87.91703 2911.4688 175.31592 77.460365 0.0038216999
162.23695 998.9107 321.43082 484.2225 0.003820255
291.02216 1438.1475 501.40533 839.61017 0.0038090637
397.4713 1098.9716 210.30324 246.90155 0.0038034355
33.748734 2269.6313 69.11274 486.3914 0.0037724893
6.780507 1237.6057 14.213748 401.56335 0.0037613322
698.1428 1272.9813 137.14882 244.58807 0.0037540493
4.3455396 2672.1182 9.262927 554.95996 0.0037443708
8.42794 982.72003 17.138288 512.1773 0.0037440457
691.16235 1320.1912 157.14198 239.55244 0.0037425908
621.9413 1036.214 428.53436 693.8506 0.0037366198
848.363 2718.6582 264.46823 448.113 0.0037263206
89.715836 2806.4229 177.35374 282.1493 0.003725572
262.05994 1100.1868 525.3191 574.0 0.0037229324
442.8382 750.4591 236.8149 269.2341 0.0037142532
37.464615 2034.9414 74.128334 242.50389 0.003695201
489.11884 2829.8396 961.39667 236.63203 0.003690366
178.80887 2602.8315 361.24237 708.97845 0.0036864132
338.5569 2438.709 696.8083 1005.9755 0.0036852362
164.46036 706.12787 157.26341 223.86389 0.0036852171
403.1102 2560.2915 839.3429 753.97797 0.003678895
11.589002 2460.2222 23.971552 1141.7712 0.0036587825
8.310395 1464.5437 17.13706 1329.853 0.0036582837
694.57623 1043.068 264.24445 365.99844 0.003649961
519.37964 1697.8667 239.39104 337.28116 0.003632623
439.9495 2471.27 814.874 966.64075 0.0036209058
213.27284 2683.5127 430.06024 551.92053 0.0036001054
7.889139 2295.7563 15.85987 467.72696 0.0035986686
447.49545 2503.0713 910.38855 881.8933 0.003584149
5.4066167 1514.7732 11.351036 399.81396 0.0035806634
517.9753 1242.723 434.05783 876.8248 0.0035619978
7.452242 2117.0662 15.535438 1673.1315 0.0035604853
682.2487 1039.9534 59.750343 88.93167 0.0035589086
452.99442 737.6382 764.18445 883.5247 0.0035563733
780.2517 956.24274 137.90303 192.79944 0.0035519977
3.7402105 642.74176 7.710555 998.93195 0.0035430437
312.47354 932.0838 234.55614 257.33502 0.0035422847
83.382164 2811.882 134.9363 259.2857 0.0035361585
613.54126 1211.681 553.4916 1383.9989 0.0035324672
439.75165 1275.6564 355.5601 711.0944 0.003523333
608.79895 951.047 519.32214 1136.3372 0.0035073361
644.57837 2794.861 306.4077 304.97845 0.0035057017
333.08948 1622.3564 519.3769 1084.2386 0.0035045506
261.3785 1338.1691 512.5353 543.5211 0.0034995787
859.12134 913.59875 220.12604 372.70056 0.0034957328
3.1523018 1488.7031 6.6058187 765.83954 0.0034950867
1.6344306 1572.1343 3.5036037 1156.2454 0.003491269
6.9214115 222.10622 14.13613 405.85394 0.003480299
205.87775 1021.2332 407.03366 465.21222 0.003476674
346.69855 1022.06067 182.87137 246.83667 0.003465519
1.6596828 1293.0726 3.534906 1703.001 0.0034567267
318.24362 825.5033 150.17892 187.02243 0.0034373442
271.44833 1179.2267 434.22922 562.2119 0.0034361177
474.4492 1315.0479 380.2486 1060.2863 0.0034265316
400.94513 628.97766 197.03963 219.27477 0.0034225413
600.5543 1183.83 612.0236 1514.4644 0.0034114202
2.9441085 1466.5441 6.1049795 632.3986 0.0034096665
530.7781 1337.0282 393.13248 426.23032 0.0034019754
680.94025 920.3804 139.27632 186.51274 0.0033799405
676.8154 855.4784 283.4242 323.1587 0.0033743938
457.6558 1046.5662 317.16043 473.39307 0.0033677537
874.439 1031.1785 204.63042 619.7804 0.003362126
19.788946 366.7676 39.67821 676.4617 0.0033583846
353.70587 1433.4783 683.4997 362.75873 0.0033458965
735.4336 2697.1013 435.20438 505.85175 0.0033368436
531.9606 2867.513 863.5795 86.65162 0.0033290568
612.7091 2777.0842 660.6534 339.53705 0.0033175854
312.12054 1537.5938 644.9248 2729.927 0.003314484
582.9644 838.1315 322.2827 422.48444 0.0033038713
463.7343 1342.654 203.61525 288.3471 0.0033024927
698.45593 1248.3052 405.28128 1033.9722 0.0033007404
456.6781 2181.5295 842.31195 1532.8638 0.003297137
32.104713 1951.325 63.338974 430.5322 0.0032949673
634.5947 1084.424 585.86566 1636.4609 0.0032910518
629.35345 1374.926 524.53156 1089.445 0.003290218
7.3938613 472.76843 14.930255 384.8078 0.0032899647
323.3588 1844.8323 479.26147 601.4694 0.0032892786
642.7069 974.618 468.21362 785.0873 0.003286889
734.3032 2545.7283 474.6944 802.1405 0.0032843046
2.5543196 2019.433 5.4263444 643.481 0.0032783507
601.24316 1305.0164 304.82578 691.3753 0.0032655941
660.99176 601.4955 519.3891 731.2912 0.0032575673
519.404 1027.7263 437.2501 1006.8797 0.003254644
93.54729 1454.1038 173.24629 388.8017 0.0032482615
99.41655 1423.958 196.22452 2733.5056 0.0032471516
749.5343 788.3756 367.28488 701.52045 0.0032461241
16.056843 1383.363 33.307854 1551.222 0.003218281
510.47543 1567.7094 247.62701 570.0214 0.0032179249
547.1836 1504.2642 258.4053 383.60147 0.003205339
549.2662 1554.3666 386.04974 736.3592 0.0032013936
526.3053 1406.4049 366.44174 435.47644 0.003189154
728.70325 2731.2117 406.08112 429.36365 0.00318691
742.7357 926.63666 429.64032 562.35614 0.0031599726
280.2591 1405.8208 489.52103 494.0769 0.0031585058
356.65378 1401.9353 230.1759 297.50882 0.003154903
23.29464 322.17444 45.15056 247.02869 0.0031548385
318.57492 1027.4897 301.66687 427.18304 0.003151303
343.53098 1832.2021 193.51283 261.7667 0.003147855
449.32632 1337.5917 335.94125 575.0624 0.0031346988
261.44867 1521.3744 406.84106 494.93317 0.0031287426
19.514595 197.73204 39.35172 319.729 0.0031270564
388.56204 1826.5616 150.6668 227.85295 0.003121419
591.8867 1464.5477 278.16843 372.5027 0.0031212603
262.26077 1147.202 251.59268 211.7741 0.0031012371
623.89374 605.90375 647.99585 928.77094 0.003094656
145.3838 1179.1263 273.35626 358.74097 0.003090444
465.9276 284.38983 196.2944 204.57536 0.0030892382
12.299675 1224.2605 25.829348 1898.6569 0.0030803957
14.401983 2015.9175 30.277945 2166.07 0.003075146
834.2742 1116.8043 277.88263 776.9246 0.003072449
437.80103 2146.6572 879.8478 1597.1165 0.0030717275
9.7395115 1458.6625 20.103 477.83392 0.0030709666
444.1535 2648.5042 837.87177 597.31335 0.0030645677
500.34216 1220.0675 430.31833 474.36438 0.0030620715
447.61285 1300.5236 288.17224 473.011 0.0030614631
296.47287 327.9052 239.54788 213.7077 0.003057382
704.97363 1381.3685 84.19819 167.29726 0.0030538016
629.90045 934.35443 469.95102 637.7315 0.0030515045
520.1868 843.25037 302.9397 254.60999 0.0030456393
24.058731 2040.2267 50.42347 1699.7784 0.0030389922
98.78831 1496.0513 208.69948 899.1853 0.0030330992
679.6092 2403.711 603.04193 1031.6274 0.0030330545
488.45087 1774.6758 224.49936 321.51398 0.0030302224
24.433908 2851.2046 48.48068 196.75374 0.0030074525
875.83936 2742.159 208.92178 419.85083 0.0030071693
2.6824572 1790.2719 5.6384783 738.6082 0.0029874637
570.95917 613.3007 188.92834 221.01018 0.00298509
760.6683 2480.0942 213.3864 243.74171 0.0029787163
164.54416 444.27448 277.58618 385.47815 0.0029752871
374.7793 998.9225 262.23373 338.17194 0.0029714436
863.81995 1206.2081 236.83546 980.3362 0.0029676757
792.13153 747.62537 129.78362 163.98874 0.0029624444
386.61862 1842.7961 195.0681 249.06493 0.002961871
664.70953 1183.9607 518.60156 1759.179 0.002960442
593.76404 1661.9412 219.74107 302.29742 0.002959968
319.11215 1984.5857 487.2194 314.6869 0.0029579983
183.28653 2678.0017 375.97958 549.0007 0.0029569408
176.42885 2173.4514 346.48056 596.22046 0.0029564602
367.93372 1100.7955 329.65103 358.06937 0.0029506707
363.40744 1392.9121 250.7452 365.28738 0.0029378275
399.51727 1922.4202 745.2946 518.3751 0.002937051
527.85876 1321.2268 358.17322 413.26074 0.0029261725
187.92186 2473.4348 371.68393 769.37494 0.0029173307
775.4419 2415.5527 399.92035 443.56 0.0029133111
488.732 1469.1223 306.81125 600.63306 0.0029114694
749.00507 831.2474 315.18164 463.46402 0.0029113186
11.614364 2801.4253 23.151861 290.69263 0.0029109754
627.28516 931.95386 592.5117 1381.1238 0.0029068496
2.1059916 2061.143 4.386608 399.3461 0.0029046752
395.68048 1487.8616 420.19803 411.1714 0.0029023986
850.8833 939.90753 229.66843 487.56073 0.0029019627
459.79922 2670.764 761.3406 547.8184 0.0029016992
645.0424 1331.9626 547.636 1343.0015 0.0028949536
693.7552 1460.9193 109.88995 256.3029 0.0028904248
598.90424 1633.4108 405.6908 689.22675 0.0028898201
370.84534 1501.1162 281.30905 466.67484 0.0028860962
392.39883 1876.3654 95.50658 145.77638 0.0028807397
709.26337 1348.0377 409.12967 1138.4148 0.0028769646
425.9918 2839.5945 507.63794 214.98428 0.002875094
576.16455 1682.0612 250.49153 400.11725 0.002867588
605.96155 1127.247 616.9915 1521.7722 0.0028661527
365.36392 1854.1819 149.28569 210.7644 0.0028557205
566.16077 2782.1426 277.51706 322.34378 0.002844558
694.45325 1388.0234 439.39642 1322.3174 0.0028441928
259.25134 2261.3313 531.46985 1407.5573 0.0028410247
634.26074 2830.9746 382.7756 230.93013 0.0028253386
664.99457 2774.7434 372.5992 347.40335 0.0028251153
463.26144 1477.6052 921.94604 2923.4712 0.002792598
491.94672 1380.22 212.82013 318.70358 0.0027749597
390.47748 2717.103 769.8938 455.71387 0.002771204
490.74374 215.85669 981.9214 424.23737 0.0027687673
2.2612853 222.64207 5.025366 372.23715 0.0027654408
115.22259 2730.6853 150.78589 425.15573 0.0027589484
8.546525 2821.2776 17.292048 252.77077 0.0027534622
341.45126 1951.109 187.36691 190.36253 0.002752806
4.6725297 1865.1974 9.776332 1630.65 0.0027446747
360.96622 1407.5062 475.01205 547.94977 0.002744407
559.8298 339.12088 207.72046 216.6362 0.0027339293
302.25998 1861.7742 183.31145 186.94974 0.0027327999
286.63705 2684.727 456.23874 528.8818 0.0027310771
789.49567 865.8806 330.70908 785.2259 0.0027298178
600.0635 1649.217 197.77945 298.95193 0.0027230575
482.95154 2784.3318 830.41876 325.49258 0.0027176968
631.857 2705.5647 181.14519 348.65012 0.0027117971
797.128 2662.518 256.8574 266.88522 0.0027097254
99.13389 2534.3518 198.34221 825.5657 0.0027036937
307.78992 1113.0009 193.22081 188.44914 0.002701459
413.9554 2691.039 441.17032 511.50943 0.0026991167
669.58966 1643.6941 503.53818 2009.3876 0.0026949788
546.00604 2701.237 227.02246 358.74597 0.0026860265
379.88803 2825.4285 352.13025 244.69592 0.0026773608
777.211 2337.7864 265.6089 356.61612 0.0026763424
2.4102714 2819.898 4.8812294 260.46246 0.0026760788
799.1154 2659.8372 345.07626 564.5687 0.0026732348
349.94522 1763.6398 183.29915 264.92664 0.0026674427
568.70966 2887.138 238.63995 124.664375 0.002665657
834.24426 63.61396 310.14468 125.50678 0.0026631572
837.2962 2830.241 295.17392 243.26114 0.0026627597
813.03894 2316.991 198.28223 232.70715 0.0026597097
737.1802 2590.3381 260.8292 329.9284 0.0026577346
840.0316 2013.4122 304.3607 1917.0718 0.0026556323
564.926 913.9597 240.57324 323.49414 0.0026463582
804.51953 1178.0769 315.88953 900.7603 0.0026377724
224.96565 1662.9701 434.51794 869.48126 0.0026365384
818.1932 1393.9076 297.8699 1303.4927 0.0026352985
6.31839 2808.647 13.140677 271.2284 0.0026339279
686.60547 864.7462 412.17007 882.3915 0.00262428
339.3466 2377.3677 288.3509 385.2085 0.0026132762
867.83856 2549.698 196.65878 410.71143 0.002612076
487.18985 1884.3926 160.0489 209.8532 0.0026045425
648.9862 2810.051 220.7354 233.25467 0.0026013819
626.04376 2376.9553 311.26138 479.84058 0.0025924374
401.1374 1810.1483 169.08887 247.92519 0.0025900085
67.426315 1867.2031 139.10376 723.103 0.002587444
476.995 1329.2787 407.27197 524.8348 0.0025828297
339.08548 1494.3325 700.699 946.2706 0.0025716885
291.98853 1523.6738 384.62894 686.31415 0.002571038
651.20544 1537.698 120.5239 194.71431 0.0025688158
10.615451 2855.6184 21.820782 187.36893 0.0025650812
911.8114 2554.6792 129.98477 503.8367 0.0025632312
686.5679 1377.2369 459.77704 1468.6307 0.002562986
365.2361 2836.8838 621.9049 233.73276 0.0025611094
109.362495 2221.9292 162.87595 248.19377 0.0025596737
603.5535 1188.8214 309.65103 544.54193 0.0025545438
792.1245 2248.778 262.58548 351.06226 0.002553883
758.3147 2644.7693 229.90271 327.69983 0.0025493768
888.7795 2848.7576 203.1202 210.5767 0.0025475428
256.33203 2617.349 530.8922 694.5617 0.002544611
252.7339 1126.6201 573.1014 1773.6893 0.0025395667
382.75665 2784.232 686.968 352.7391 0.0025352535
880.8979 2465.8425 184.0075 422.9057 0.0025254844
688.626 1448.8485 425.5547 1041.9198 0.0025235827
620.4891 1705.5409 331.7499 508.1928 0.0025161256
846.76917 2320.395 191.17445 293.31656 0.0025131986
128.11047 1555.717 108.573105 199.43611 0.0025107765
433.38165 1284.2227 566.2965 545.67316 0.0025061164
730.2186 1044.8126 377.23154 683.92847 0.0024968488
498.2432 2232.7703 170.48158 223.96266 0.0024909417
526.8191 2829.6926 830.08716 242.06161 0.002488965
791.9878 2223.513 322.0779 451.26242 0.002484872
548.04834 1538.4215 380.98538 1047.5201 0.0024806573
692.62445 2248.7478 247.77623 355.0415 0.0024767984
856.19727 2145.5293 243.72499 410.23422 0.00247561
694.9653 1312.6672 111.85878 236.86218 0.0024696328
466.11887 2341.513 780.89417 493.29135 0.0024691948
658.4563 1117.6547 418.7549 1439.7272 0.0024663308
500.80527 1230.9058 424.00504 483.54688 0.0024636548
276.26178 2792.675 580.4328 312.29034 0.0024629661
883.98065 1185.0321 190.82626 922.082 0.002453007
382.23264 2202.558 761.5873 1036.0239 0.0024464664
338.1816 2772.4766 711.8313 352.60858 0.0024415117
857.59125 2389.7249 222.65074 436.309 0.002439891
567.1601 2736.9507 453.5242 406.31082 0.0024381576
129.74695 2564.849 248.25365 800.1872 0.0024252592
375.11136 2853.5203 518.73145 190.56816 0.0024245486
273.13235 1434.4601 323.94955 353.07538 0.002420376
733.6727 924.1829 124.79831 171.36832 0.0024198708
722.0948 1197.1967 426.27747 1121.0726 0.0024100535
694.4088 1505.3782 110.34097 220.67563 0.002406161
423.41443 1761.8875 121.792244 233.09164 0.002404981
17.283543 2885.6235 34.178688 127.1621 0.0023946522
377.69815 2003.6478 727.5091 765.71246 0.0023824638
466.71744 2605.2856 228.66695 322.27744 0.0023815518
340.583 1707.97 150.31483 195.30856 0.002380427
476.88742 1199.9692 315.8513 652.4835 0.0023788286
672.92255 2443.109 206.35995 290.19485 0.0023685554
736.3061 1342.9368 385.7017 1346.2343 0.00236817
884.6374 1040.6156 200.17006 620.89734 0.002367841
462.21405 1479.2926 919.95337 2901.8125 0.0023626687
342.73547 2789.5396 686.10803 323.9569 0.00235512
362.72437 736.2755 686.6914 713.4814 0.0023547804
842.98334 2298.9175 244.31877 391.16916 0.0023533436
417.4919 598.4249 811.55786 882.1265 0.0023492845
206.43925 886.2509 367.03687 569.543 0.002348976
683.7381 1335.9398 75.839516 107.15038 0.0023473206
888.8251 879.364 167.45596 312.786 0.0023429405
467.2256 2352.7268 558.86127 474.5205 0.0023424614
447.12183 2114.242 628.4711 510.97952 0.002334141
456.13644 1478.9469 906.088 2912.3599 0.0023339686
432.78284 1829.2543 145.03876 198.63606 0.002329114
784.6318 1115.8429 359.10803 863.4773 0.0023250952
721.3536 1323.1107 401.44144 1323.8207 0.0023185154
677.1215 1603.2616 152.37645 245.74937 0.0023108448
747.9455 1403.0537 151.5497 240.94426 0.0023092118
280.30374 1131.1393 140.0158 178.7176 0.0023078653
519.14404 1896.7335 151.04189 203.99625 0.0022998608
843.92615 2075.7244 285.7897 600.668 0.0022996366
870.2117 769.52374 221.68863 395.04782 0.0022806453
408.4464 1457.638 276.34225 569.95276 0.0022755675
632.5927 2084.2136 233.60196 405.21884 0.0022748737
389.3987 1927.8202 702.25507 642.21356 0.0022717966
664.23395 1200.1162 542.0686 1596.179 0.0022691102
753.27496 942.8765 354.6985 790.0025 0.0022679123
727.2163 1397.3678 395.78497 1438.7605 0.0022673458
330.5598 2795.897 291.1619 325.8519 0.002262416
890.70514 1946.7771 199.91335 581.8022 0.0022615811
932.7898 2547.511 106.20793 296.7463 0.0022605162
325.8548 2725.2898 239.42326 414.67416 0.0022581976
897.18396 1328.7958 184.14053 866.5846 0.002257975
281.5849 2053.8516 313.384 216.01337 0.002252172
271.78806 2139.8513 261.68765 187.97958 0.0022488912
879.86566 884.8399 166.38342 303.66068 0.0022459924
865.654 652.8831 238.10571 640.6474 0.002240223
439.5907 435.80304 875.7658 821.14874 0.002238852
394.37155 2282.3584 808.6672 522.8751 0.002235231
857.4697 1937.1721 270.51413 958.27313 0.0022326142
373.91064 1955.0258 477.67743 1208.3453 0.002224646
904.2315 1784.1644 175.7125 712.163 0.0022151163
650.6269 1688.895 487.37567 915.6552 0.0022104606
250.21704 2303.6697 446.505 360.65527 0.002210423
446.17014 2472.6165 321.81207 362.87634 0.002202785
732.0971 1876.8906 247.72218 343.1218 0.002198051
653.84753 2085.3254 209.56975 235.3149 0.002196907
426.4447 2380.124 496.66248 739.1825 0.0021956614
366.2388 828.6072 800.546 839.6869 0.0021952393
529.38983 1554.14 136.86223 225.19917 0.002190041
148.64755 2817.2815 308.81857 267.57483 0.0021850106
476.36075 1956.6693 297.51312 372.39337 0.0021838145
762.5425 1227.4991 238.45448 358.82748 0.0021835952
879.1897 2870.741 184.21132 148.67937 0.0021804431
920.051 1015.8647 148.46205 540.5702 0.0021796613
970.00995 1344.6398 55.978245 1139.2205 0.0021758792
367.9406 1248.0547 127.589195 163.82007 0.002175494
462.73328 1077.4968 915.22485 2104.0127 0.0021743411
604.9373 2074.1833 411.58057 389.47485 0.0021741923
412.66568 2866.6768 708.3869 279.5671 0.0021728808
4.2091045 123.722046 9.243899 217.5075 0.0021715239
942.47906 1132.0173 96.82159 773.56445 0.002170679
474.56595 2905.9287 303.36057 84.135574 0.0021695152
396.05084 1164.1461 139.15305 181.10881 0.0021677807
703.81506 1183.3695 499.5893 1555.0522 0.0021624712
624.5371 2121.4832 207.0238 225.94646 0.0021596209
894.87024 2044.0162 174.3687 289.22012 0.0021581529
278.24216 2046.7944 426.2082 345.34827 0.0021548644
900.51263 2514.9749 200.95172 244.40977 0.002144001
757.5535 1526.6385 331.9498 959.3256 0.0021384638
932.3797 1386.1392 114.058655 935.1948 0.0021338004
917.18176 1637.7336 134.12697 996.235 0.0021330481
914.87305 1852.3171 151.26007 301.9154 0.0021229126
241.49776 2697.7305 503.83765 554.6572 0.0021190231
892.40137 2133.394 180.40619 305.47842 0.0021156762
0.76018465 314.41858 1.8740922 400.77435 0.002114204
764.9298 276.05188 426.3722 380.38574 0.0021134194
644.7239 1880.1875 197.4015 264.28552 0.0021093565
510.31644 1894.412 489.4614 725.54285 0.002109207
563.34314 1879.4987 132.60265 169.43698 0.002108654
864.13855 1680.5687 243.69315 477.25183 0.0021083308
293.7527 2017.3264 578.9183 746.88245 0.002107634
625.6603 2361.5356 201.19026 296.1468 0.002106031
152.68399 2867.0806 299.3179 165.28114 0.0020994353
785.2822 816.5379 168.94044 166.4549 0.002092438
817.8632 102.27993 332.1976 199.61575 0.0020913698
920.9127 1660.5977 153.85603 687.4689 0.0020903163
545.33356 1656.6914 319.73633 785.7949 0.0020858522
892.83984 2152.4417 173.34193 510.98648 0.0020845581
892.0976 1763.1941 192.57079 497.11127 0.0020837043
709.4258 2091.7212 225.38628 284.88525 0.0020830361
244.43095 2771.3264 239.46576 275.6605 0.0020754377
362.35297 2307.4817 642.75385 483.52188 0.0020612217
900.5028 664.0626 182.2838 655.1233 0.0020515965
841.7571 207.4933 297.5755 414.93634 0.002050401
906.80634 1905.0538 163.44205 461.75845 0.0020456929
906.3388 1774.0187 176.85278 332.36633 0.002042582
306.12503 1239.7848 355.96188 850.18365 0.0020388502
673.0827 1971.4238 266.75272 316.84808 0.002038146
666.6266 2567.9885 569.7681 562.89325 0.002029082
901.96985 977.98206 169.99178 939.64343 0.0020269754
13.029268 2410.6323 26.453243 1085.2845 0.0020259724
584.36926 2023.1748 188.78198 237.52971 0.002023057
900.995 2310.1033 142.55225 454.77972 0.0020228243
350.17407 1814.3513 119.24905 149.62308 0.0020199202
125.02696 1522.6235 66.93581 123.50379 0.002019361
159.41943 2224.2686 212.20213 232.51419 0.0020148838
911.80115 1410.8013 160.2907 431.89902 0.0020131988
652.7173 2086.044 208.0558 337.7487 0.0020092595
176.95813 1442.9778 338.77594 491.5729 0.0020081773
763.3393 2195.5525 444.4781 610.81396 0.0020026697
280.43463 2854.119 385.24292 194.64685 0.00199574
307.2806 1377.5425 209.55222 263.90195 0.0019896103
842.0832 1894.7601 270.34833 365.2888 0.0019850498
425.53732 2054.313 290.58676 295.41553 0.0019820235
137.29689 2179.7002 171.88277 172.38661 0.0019773855
907.4624 2126.306 138.9844 507.28745 0.0019746237
489.93057 1469.9982 981.92694 2905.0464 0.0019732078
478.29965 151.57964 918.20917 295.37256 0.001970677
850.07526 1921.7117 295.4787 882.8486 0.0019637556
501.5666 1828.9551 128.27177 188.55171 0.0019635472
694.2421 1889.4468 270.81308 387.72702 0.001953587
870.77216 1746.2268 276.59192 1073.4458 0.0019524177
735.9087 1296.0789 415.31625 1557.1775 0.0019435161
944.76996 1313.1788 90.208176 1308.6166 0.0019433738
720.96155 1487.1141 496.51083 1616.1189 0.0019418806
1.0757866 185.78389 2.5609503 350.5576 0.0019359419
823.64026 806.1831 294.1092 712.13654 0.0019326104
888.6382 1935.7012 295.70328 959.22296 0.0019306504
770.2258 1249.2462 356.32272 1316.4928 0.0019249823
936.95087 1722.9768 106.72039 842.74646 0.0019248091
388.25305 1533.5631 432.51523 362.34824 0.0019219018
968.92426 2827.2656 46.04371 241.4932 0.0019211794
632.2787 2242.6484 545.0128 581.9295 0.0019208165
804.2208 1692.0574 182.76492 355.86624 0.001920268
749.48035 1635.8054 253.46904 474.13644 0.001914182
923.8836 1673.9025 153.8061 295.95074 0.0019099269
788.33215 1952.2639 319.34302 337.4662 0.0018942928
918.7458 2798.9075 150.59506 159.3892 0.0018910778
838.457 1664.4708 281.12155 494.90723 0.0018892429
427.74927 935.496 847.6773 588.6351 0.0018880527
788.0919 2175.931 348.56265 775.34467 0.0018736869
291.6663 2568.5596 228.30122 373.56198 0.0018695795
17.888754 2908.5903 33.849545 86.77022 0.0018686712
821.6991 2037.0986 254.86598 400.0645 0.0018621641
352.4558 2100.9336 494.35165 533.2003 0.001855784
532.77655 2141.6816 559.1702 562.6113 0.0018549081
950.1209 869.11804 83.600784 275.06262 0.0018546325
926.82886 1854.9666 117.38729 353.33603 0.001852741
887.94617 1609.3638 203.3559 291.91928 0.001848932
12.652382 2920.236 22.93106 215.77777 0.0018430945
503.24136 170.71477 956.2958 339.16882 0.0018383075
89.28836 2681.7847 109.35754 516.57715 0.0018294592
940.5869 2072.852 88.927666 280.40875 0.0018197768
948.1587 2337.7957 73.22091 355.5347 0.0018091963
800.4396 1211.3185 338.07678 1388.3352 0.0018083518
470.84814 1483.4031 937.9017 2893.0645 0.0018082424
966.70844 446.60953 49.795063 536.8901 0.0018039803
309.76904 1297.5155 486.54352 980.52094 0.0018035716
880.8284 1742.8625 178.43668 712.4303 0.0017988922
506.78735 73.252075 958.86005 144.36696 0.0017963218
911.19684 237.01978 159.43053 477.92712 0.0017953756
215.53549 2519.3833 156.34453 355.193 0.0017942557
885.2857 1513.8224 195.51485 350.56644 0.0017914209
928.8475 2091.0112 127.452644 333.98837 0.0017890119
913.7126 2066.8672 156.80368 356.43747 0.0017878796
886.42303 444.82455 193.38475 396.01242 0.0017873505
943.6583 202.87137 98.14869 414.48062 0.0017855384
900.3675 1550.7655 157.08298 228.10646 0.0017790518
560.702 1038.4163 423.59787 1013.01 0.0017717968
753.9551 1031.2269 407.97147 1221.983 0.0017703881
768.8597 1526.8771 284.42108 578.22186 0.0017667195
682.9502 1941.1775 159.45686 203.5051 0.0017653593
465.222 949.77673 404.6658 670.1796 0.0017648459
951.50214 1179.5355 80.85232 566.8874 0.0017635563
765.5759 1838.0267 189.64888 229.19446 0.0017601378
569.41046 1368.3284 316.01968 478.3347 0.00175959
919.2336 1082.6407 122.14609 242.02458 0.0017578907
75.641304 2935.821 139.93272 31.109573 0.0017549101
385.86786 1457.261 457.85028 438.8886 0.001741132
785.1456 421.56378 354.59766 516.42224 0.0017405065
676.3342 2160.856 485.1871 576.65155 0.001736887
774.7733 1818.5938 270.50742 444.0156 0.0017253293
66.687645 2104.713 139.63347 1743.0752 0.0017184584
202.77016 1080.7938 430.31506 944.90576 0.001717889
134.27028 1563.269 229.82013 740.8528 0.0017172603
213.52148 1922.5557 362.9878 678.0242 0.0017135824
733.85785 1053.3301 421.33383 940.6892 0.0017117375
941.6791 2562.7964 122.400604 221.28989 0.0017115476
229.36215 700.3595 499.6093 843.6558 0.00171076
786.796 1429.5138 180.16904 328.81387 0.0017041091
146.87799 2749.6306 261.01175 401.48688 0.0017022856
917.64624 1166.2896 157.55544 400.33115 0.0017014787
260.5158 1467.0881 593.3535 644.3501 0.0016960333
978.0008 129.53668 29.741665 261.2211 0.0016882616
933.60596 815.033 87.01798 227.22754 0.0016798442
796.94104 1411.7224 370.65338 1244.9144 0.001677459
909.877 1909.0553 145.2063 262.82938 0.0016773065
934.9507 1472.058 108.63728 398.49594 0.0016714383
774.6999 1548.1327 170.97528 245.63359 0.0016405329
837.4993 1678.9396 265.69562 821.56604 0.0016331979
926.33527 1852.4468 144.08102 287.79318 0.0016277854
845.4571 384.68005 242.71492 428.13315 0.0016245339
937.84 1674.9011 96.94534 383.07364 0.0016239007
789.9075 1194.8412 338.80893 747.1296 0.0016114371
861.1021 826.6177 237.65788 592.3483 0.0016098093
355.24207 2594.3872 519.861 695.01135 0.001595515
794.2777 1940.3739 333.60678 845.7098 0.0015953699
945.9115 1216.9298 92.329384 458.49112 0.0015764402
947.3828 1563.7944 80.58265 339.74252 0.0015744984
735.8231 1303.4625 457.3241 1549.4111 0.001568805
86.1767 2941.2188 174.30675 19.951178 0.0015620437
408.85403 825.04126 701.2244 857.97363 0.0015610408
959.06335 1803.5607 60.253498 355.29575 0.0015596754
687.631 1307.7079 372.52316 947.95325 0.0015550036
967.0204 2446.3726 50.249493 333.99762 0.0015398418
969.0663 1995.6796 41.73091 372.55267 0.0015296567
100.63754 2778.2393 191.06383 341.1236 0.0015287291
478.9923 905.8021 948.1379 1824.4299 0.0015132914
911.1761 1096.3341 120.89313 210.37247 0.0014995049
626.0393 1604.1184 561.15216 929.69995 0.0014959523
517.84576 1021.09357 360.75214 398.2971 0.0014945811
980.6693 2811.0505 18.850058 270.4177 0.0014515041
484.60934 1477.8073 954.51434 2888.2952 0.0014513811
979.51166 1040.7457 25.31974 812.00604 0.001441945
840.05505 1505.147 143.05554 283.051 0.0014364573
443.41925 1238.3961 660.2656 862.1245 0.001406197
788.86255 1415.2405 212.6881 331.59454 0.0013999188
953.32855 2910.7268 63.85202 79.20459 0.0013962381
987.1104 2787.7898 7.147017 305.20526 0.0013938871
489.0891 1047.7649 970.71686 1839.0872 0.0013643781
935.1576 627.8562 102.35551 285.34515 0.0013422641
888.888 2048.4492 353.2903 612.4362 0.0013418673
972.69464 2815.0952 33.43211 267.7043 0.0013389941
703.30475 1533.169 387.44238 856.6415 0.001315971
420.34 1338.4633 427.9381 541.0609 0.0013104978
657.1103 1957.3546 493.68512 604.3825 0.0013031915
394.71512 1441.4805 717.7679 425.64874 0.0012962013
63.646084 2893.168 150.28696 113.53391 0.0012879714
977.02954 2846.1277 22.427685 200.00024 0.0012647483
115.8768 1083.9354 248.6435 2093.7214 0.0012641232
979.55945 1699.2979 22.766191 388.27798 0.0012047912
980.4264 2826.875 18.430033 235.20796 0.0011846466
157.69806 2927.7966 160.20135 44.680832 0.0011722177
439.58746 996.0956 945.5382 1408.328 0.0011700161
977.91095 2856.9417 33.136227 174.23451 0.0010940722
378.6128 1781.862 487.4606 634.2106 0.0010882439
989.40173 2445.0425 12.743816 323.26456 0.0010750802
123.30741 1296.3124 230.73094 1257.1034 0.0010713394
425.3214 681.93823 816.0703 543.9778 0.00097234757
983.7961 2843.7334 14.0600605 212.01656 0.00094864616
419.8105 870.3771 912.6553 1316.1128 0.00090175774
370.92758 960.8536 579.1677 560.876 0.0007728442
393.89432 627.95715 844.3794 913.7335 0.00075332087
479.33548 1491.2616 593.62103 500.08646 0.0007243759
603.21326 592.48584 663.2868 533.44666 0.00058426446
405.98688 930.79034 901.55225 1025.0975 0.00049101905
