463.8663 1756.5869 917.21124 3500.539 0.7108106
526.973 1724.0049 488.96625 871.43555 0.17660469
462.56058 1481.1077 908.0115 2947.7354 0.097661436
438.77557 2066.1807 834.7629 1721.1666 0.09144876
42.919205 564.4031 85.69173 161.39496 0.06951247
444.3779 1705.6642 821.94385 2322.3955 0.069382444
442.76337 1837.2925 794.83545 1837.074 0.06207763
496.1495 1753.0128 658.54346 1144.6375 0.056017913
454.60614 1748.2578 718.42267 1032.5293 0.055131447
453.55896 1493.0272 755.17596 2112.5664 0.05189694
192.76027 3216.63 374.28317 592.158 0.050122805
445.24493 2355.091 875.344 2276.1875 0.048938446
43.84022 526.2117 87.78352 251.85194 0.047967605
458.1752 1126.0376 892.7147 2205.2727 0.04646049
447.48038 1827.07 709.30206 1221.586 0.04574246
572.8207 1719.4032 357.37225 836.2563 0.045592345
452.84433 1334.1118 763.516 1839.7999 0.04544387
404.07343 2070.3787 740.17206 1623.7867 0.045299873
404.76773 2068.7952 749.41516 1653.7043 0.04401248
454.71375 1545.3112 734.69934 2094.1523 0.043050498
481.16614 1940.8756 662.7259 1428.401 0.043013517
520.3776 1565.3441 583.5278 1246.0767 0.04177286
563.7522 1333.0409 594.28143 1645.7064 0.04111646
411.87787 1456.2474 731.76825 2346.1814 0.040949065
488.45932 1573.2468 662.0109 1390.0397 0.03870486
564.0483 1449.9813 257.59027 300.23868 0.038037114
451.40414 1570.9911 728.58405 1461.333 0.03579646
431.2964 1958.3339 760.1551 1422.0238 0.03481489
605.2317 1720.0912 576.8631 873.19086 0.034345206
485.87994 1661.25 728.5334 1683.4417 0.034156684
427.04715 1137.7161 777.80505 2157.7847 0.034145962
456.76315 1540.4597 718.96893 1646.3844 0.03180754
461.6668 1756.1307 908.80664 3501.0662 0.03158929
192.50658 3112.062 378.75522 797.66187 0.031196278
502.68134 2077.9805 639.7118 1648.9485 0.03107574
465.66013 1339.9646 693.92737 1707.567 0.03045335
502.48843 1585.1891 686.35095 2084.6038 0.030358931
831.1228 2009.5597 145.80205 209.42883 0.02996972
509.20688 2056.0208 218.32327 202.59436 0.029744465
523.1387 1896.9688 453.4606 516.24054 0.028913157
413.11246 1589.6797 649.9756 1858.8099 0.027513286
595.1832 1088.795 621.2596 2114.5466 0.027443262
446.97168 1579.6699 810.68005 1598.1196 0.02618442
497.20255 1735.4065 675.97833 1777.3723 0.024936782
493.8228 1639.7021 681.2785 1797.6683 0.024835225
820.27155 2004.0891 105.03106 190.74243 0.024555566
425.78137 1060.609 802.21875 1984.7155 0.024114052
581.3727 1597.9363 322.6792 591.7173 0.023705993
553.80304 921.2438 488.87216 782.0014 0.023213543
572.79834 1327.5465 650.92554 1659.1093 0.02272051
443.8832 980.2763 854.2731 1867.1356 0.021796051
512.7401 1368.4703 737.7917 1915.8068 0.021045307
501.76074 1664.272 669.3451 1845.8319 0.020894319
282.09842 2976.4714 72.4482 131.16483 0.020620383
519.9649 1342.7325 479.54343 1630.669 0.02011227
416.3489 856.2528 770.4374 1572.3131 0.01872051
427.73166 1725.436 628.48926 850.7059 0.018285785
522.9036 1460.2799 468.1979 1389.9353 0.018110504
437.74554 2725.8416 863.71765 1551.5883 0.018057356
594.8748 1727.915 614.5675 885.8194 0.01798797
545.22076 2092.0835 621.8212 1679.3625 0.017803831
442.65094 2709.0503 874.9356 1584.2574 0.01769937
435.2158 1143.6987 742.4968 1431.7178 0.017563146
491.80154 294.15356 308.74936 560.8044 0.017550323
428.31165 794.9328 829.2481 1544.7179 0.017039526
514.28644 1788.7312 647.1198 2202.5 0.016672894
601.8322 1525.5786 467.3753 1162.1641 0.016024869
193.65932 2981.897 381.93744 1056.6903 0.016023042
72.90899 525.814 144.32916 262.789 0.015902817
657.1011 1713.4628 471.00742 828.0425 0.015837621
560.5059 1076.542 540.9683 1146.3928 0.015756413
516.2949 1455.5886 493.73877 1204.6664 0.015442196
546.2554 2449.0505 616.71295 1011.67255 0.015220793
422.36795 1460.4984 669.8249 2312.1895 0.015105233
374.2488 714.59235 722.82446 1399.9355 0.015011942
527.46674 514.27075 94.745155 98.63134 0.014624828
603.8556 1480.2836 628.14874 2905.892 0.014547489
425.20306 2437.9136 813.4273 1042.3298 0.014525385
719.5923 1133.5754 140.07784 186.79109 0.014402588
366.3342 1870.723 663.0685 1921.0795 0.014400991
406.6961 1340.9952 652.83136 1615.6652 0.01429876
586.40045 1309.0537 639.38257 2488.9438 0.014211799
175.2379 1756.1548 342.45477 3498.4937 0.014196243
454.65765 1596.9792 853.8498 1678.9137 0.014073806
425.6858 1036.6824 698.08527 1747.4392 0.013973576
613.78955 1542.0654 541.77106 1199.1174 0.013864326
539.65826 1998.8363 582.21265 1486.2485 0.013831416
540.4482 1595.8368 649.877 2078.7395 0.01381855
440.4696 2141.6013 559.80756 1226.368 0.013753493
358.8686 743.04675 692.9963 1449.5895 0.013563081
43.504097 416.83057 86.880905 494.17252 0.013542394
424.6837 1403.0326 619.0909 1282.289 0.013457642
442.21884 2442.612 669.94507 950.86926 0.013416813
649.91473 1770.2368 200.52531 244.54002 0.013383785
542.07635 1516.5463 344.65268 467.0851 0.013090631
499.71014 1019.01855 614.35706 1079.0125 0.012992186
339.1344 1437.6892 640.4738 2616.5442 0.012970735
523.2969 1719.4567 561.41785 2379.783 0.012901713
550.8902 1285.8162 291.63977 627.1476 0.012771657
446.31296 1915.7407 322.90723 470.28415 0.012719013
526.06464 1355.7672 456.71658 1114.8798 0.012550485
583.308 1720.6648 618.2094 873.67365 0.012452544
247.93472 1749.4542 486.52747 3492.0618 0.012411785
428.5439 1072.3046 802.2905 1329.872 0.012371801
442.83734 2437.5017 832.7641 1055.0377 0.012033241
361.0991 2210.0347 687.6965 2553.2898 0.011854534
501.28763 1096.4917 597.175 1205.3424 0.0117851375
377.00894 2446.704 713.7727 981.519 0.011693219
412.9388 1061.4283 614.8587 1166.574 0.011612152
194.10149 2806.0505 383.57053 1400.151 0.011535749
412.21463 947.9486 762.3159 1057.9917 0.011481963
43.360867 344.83936 86.8537 625.5074 0.011321469
411.04944 2306.946 618.66956 1269.8524 0.011283934
481.28806 1916.4397 301.7396 457.1975 0.011189
375.51556 635.10345 716.0677 1192.0098 0.011043538
458.02054 825.8095 908.5445 1649.9088 0.01099237
265.5503 3233.2732 227.02707 549.8218 0.010935145
611.56726 1779.8359 278.23917 297.88217 0.010906391
566.92 2102.3748 558.4399 1672.8176 0.010876469
565.11444 1469.4009 564.82043 1318.8588 0.0108628925
312.93994 2056.2075 593.3434 1496.6666 0.010860705
614.9172 1878.5728 359.0968 552.00684 0.010838762
583.13654 1020.47076 458.5327 964.5088 0.010762416
44.452938 646.8957 88.7366 463.46683 0.010695226
562.2831 2088.0598 626.2009 1735.3937 0.01065238
197.00815 2428.0952 387.45038 2151.066 0.010642354
310.11404 1590.5315 579.34735 2221.1814 0.010481364
506.2649 1114.432 172.97995 299.37927 0.010476622
506.75766 1154.672 200.8701 387.7541 0.010468059
193.22064 2880.0325 381.56824 1254.2334 0.010423029
374.79474 1214.7552 645.1087 2035.814 0.010383948
506.26984 347.0851 253.90208 432.61557 0.010382463
78.496 516.92316 155.63219 287.4357 0.010369996
514.9507 1098.4414 454.59152 2130.7446 0.010246972
426.54773 2034.7557 812.113 2860.0251 0.010180646
400.90045 2393.4146 322.74475 449.98523 0.010048962
358.34915 2016.1462 674.1815 2934.6897 0.009985805
179.01802 3327.4822 274.67084 359.67 0.009805367
640.27936 1543.993 415.44614 1095.7175 0.009793106
193.88423 2767.7737 382.61942 1477.758 0.009763967
569.37366 702.71375 564.8688 1367.723 0.009729395
422.4317 1126.1101 377.07025 748.9057 0.009698149
563.1184 974.2128 535.18555 1237.7772 0.009681164
349.20056 2793.5288 203.6484 288.8338 0.009662817
510.1543 1435.1161 146.28154 273.5252 0.009587395
555.807 2105.7666 450.90826 1671.7716 0.009567412
326.73233 355.5364 647.45514 707.50195 0.009552995
610.0045 989.6515 360.49805 512.10767 0.009543696
336.70645 2485.6077 442.06158 679.36346 0.009533947
496.1914 1246.907 398.14993 729.8585 0.009528159
630.84735 2029.8485 486.85297 267.24307 0.00950059
483.5761 1982.3079 474.22742 1384.9058 0.009462614
335.08902 807.3028 656.6893 1573.2461 0.009454389
423.57788 653.83105 834.0871 1302.1521 0.009443736
554.82184 631.46216 478.09064 1183.5991 0.0093966415
206.70782 261.9251 230.98074 374.65976 0.009333188
558.7729 2016.8707 344.08023 295.4185 0.009239859
411.9079 1056.1511 757.18866 1184.8951 0.009178365
676.26807 1552.6575 462.37634 1136.4707 0.009054772
545.92725 791.95404 662.12823 1563.2726 0.009046775
319.7196 947.35297 581.6096 1002.2273 0.008954663
276.28107 1416.1648 158.13287 161.97441 0.008943891
405.22314 1180.9441 392.9207 535.2021 0.008901904
437.16147 657.44165 872.3199 1311.911 0.008880198
608.51 1551.4454 599.208 2166.892 0.008876539
214.80449 332.88208 426.92636 661.6842 0.008863623
164.2761 2583.6614 314.59735 529.5169 0.008603269
441.8907 1929.1097 133.25809 174.40216 0.008577632
332.63416 1059.6277 640.4462 1938.8531 0.008557177
392.94162 1154.5416 483.90326 1204.9562 0.008547284
604.35364 1329.3358 415.2277 754.21814 0.008520322
510.6364 2430.3574 662.0764 1008.4592 0.008487984
601.699 2082.4553 574.5775 1640.4586 0.00847524
189.887 1408.5885 371.16693 2783.3164 0.008443539
731.1927 32.92366 251.71872 66.863594 0.008411594
787.08 33.70043 362.44852 67.53436 0.008401263
577.9187 1501.3604 346.62506 1270.9551 0.008372655
195.88058 2641.0457 387.3885 1725.5494 0.008347162
246.5625 2386.8542 484.88406 2230.4329 0.0083384
285.2265 1918.2803 533.93054 1268.7098 0.008327533
632.0252 1668.8212 533.47705 2368.0352 0.00826705
288.49326 2443.0906 555.6922 955.6202 0.008240322
312.54105 1093.0225 605.47955 2073.5168 0.008225569
552.1459 1574.4891 220.94969 347.5739 0.008184456
555.12695 1116.4081 419.0142 2083.391 0.008183799
163.22334 890.3712 321.59067 931.3366 0.008138146
422.82275 2394.5933 245.35185 329.15817 0.008120886
686.3853 28.044264 171.77538 56.787777 0.008118075
624.658 1325.5641 355.21545 1532.8408 0.008078179
324.55432 938.513 633.6401 1729.8054 0.008072871
284.72137 2017.468 548.5345 1501.6134 0.008063334
649.20074 1081.1357 281.0515 361.86942 0.008062746
602.2193 1079.846 638.57385 2174.9783 0.008035829
592.2225 2720.0015 606.32275 1560.927 0.007964971
289.50244 1642.7332 557.9168 2968.8596 0.007938696
616.47565 2339.1147 566.879 2175.1812 0.007917888
564.1013 1122.6626 529.18774 1195.5911 0.007915717
530.6222 2109.2542 491.2112 1030.6122 0.007907991
276.61957 1426.8717 182.39558 235.722 0.007907882
462.1992 338.56622 369.8963 673.8051 0.007882104
603.03217 2455.4392 502.40988 1038.2129 0.0078742625
556.38965 946.56854 660.82355 1882.8191 0.007866116
568.92944 1045.1935 506.7899 1077.4045 0.0078040315
501.93347 643.60657 409.07562 1251.7491 0.0077857687
82.331345 449.2508 163.84444 463.36078 0.007784436
580.08466 1686.5295 538.9248 2443.8857 0.007759034
268.05762 2525.1914 292.0621 477.4474 0.0077574966
213.89607 783.8493 422.32755 1551.8416 0.0077406676
621.12524 986.5823 558.21075 1945.4874 0.0077226292
531.3561 1723.3082 451.18863 854.34247 0.0077093984
605.8257 2449.166 477.55374 1004.8719 0.00770387
348.66434 1977.1234 357.20944 1344.2197 0.007683975
215.49608 2175.4612 419.5486 1583.5122 0.0076178787
452.40796 1487.0837 495.081 442.20062 0.00761466
609.3304 1729.9818 630.4621 3398.028 0.007593099
274.68698 1295.853 520.1259 1677.9933 0.0075927544
540.7373 911.3562 661.95886 1804.9989 0.0075567155
608.59106 1596.6399 588.85614 2419.8992 0.007555207
450.45822 3204.266 883.327 610.1632 0.00755422
589.9906 1097.7834 396.83145 392.68256 0.0075325435
412.76233 2523.2717 423.5579 839.2607 0.007500674
486.1944 475.90842 377.15695 946.847 0.0074971784
582.27155 1131.3652 476.32486 1188.3812 0.0074257012
553.4042 1414.9573 642.2526 2333.289 0.007423729
475.6182 2341.2358 454.77524 1192.6859 0.0074090427
590.98663 2114.9243 496.87555 1695.1216 0.0073950193
167.0107 983.2608 328.57144 1161.7089 0.007394347
180.79419 2394.8591 355.79193 2216.9968 0.007393276
500.98615 121.75798 254.73021 240.16672 0.00739048
388.61523 1172.8699 436.67834 985.7083 0.0073596817
572.54816 1765.4402 548.086 2008.7152 0.0073456424
216.95113 1100.1282 423.04037 2171.2788 0.0073061315
373.73502 1377.7386 524.45483 904.4632 0.0072714193
614.8703 751.10925 232.45113 403.94153 0.007266726
815.4662 1854.4647 211.36612 509.8593 0.007257159
37.08935 655.7825 74.19318 529.7963 0.007229782
198.2492 1704.9832 366.73853 845.7416 0.0071868785
673.2989 1548.4945 468.3351 1121.6747 0.007167999
357.36707 1741.8235 471.37506 872.51984 0.0071501546
585.7193 1996.8523 604.0152 2048.5684 0.007149599
532.55615 2337.9243 659.92834 1768.7141 0.0071108937
481.36304 298.9171 320.32333 592.6442 0.007092602
185.6865 3378.1284 358.8313 259.4572 0.007083491
330.1015 526.3802 650.11456 1054.4241 0.0070451135
210.26031 223.91396 415.7413 448.27905 0.007027024
215.00232 589.44086 425.45407 1181.2954 0.0070108827
179.77452 1185.7567 351.24188 2283.0208 0.0070025316
255.83287 2281.629 451.64392 698.1808 0.0069957916
538.83014 1703.536 461.0265 2453.2441 0.0069836415
748.0543 2150.4502 253.16982 473.6905 0.0069708787
411.16083 272.00128 235.79358 516.122 0.0069569633
176.4496 1983.021 341.31433 3029.9001 0.006949506
322.8239 2740.142 629.7493 1540.0265 0.00693712
382.92566 770.94946 228.22093 473.1114 0.006902465
194.94124 2671.8423 386.05737 1668.7115 0.0068674516
357.23395 2124.2134 518.6309 958.1415 0.0068553383
629.7802 1585.2867 228.08392 385.4987 0.006842452
255.27292 2755.8289 503.36752 1496.8217 0.0067864982
62.140312 343.0244 124.08993 641.03577 0.006781351
364.8138 466.69882 577.30273 798.1724 0.0067806607
722.98694 2085.7107 193.6188 319.7668 0.006778628
646.2755 2728.2148 582.30225 1547.0708 0.0067695905
315.42358 640.4028 627.55316 1235.3868 0.0067597576
521.31683 66.22584 230.6191 127.05299 0.00675963
163.61034 910.0239 313.29575 634.7044 0.0067205825
525.03357 2427.3315 505.43903 1020.9544 0.006718463
122.839554 3248.7578 208.33946 482.24576 0.006716261
423.69916 830.37036 776.92145 1626.5228 0.006715463
450.81232 566.1679 278.3214 232.56494 0.0067049777
375.9585 1397.7533 612.63544 1153.568 0.00668804
521.8038 391.51044 364.9334 779.2654 0.006681315
553.26764 1976.3047 666.9242 1840.9113 0.0066742967
172.10666 1047.9258 337.62195 2163.1902 0.0066600894
530.1231 1760.3105 196.3587 237.60262 0.0066561755
817.4077 2041.5778 210.25099 333.54987 0.006652138
90.67847 539.0624 177.52336 240.02751 0.006644558
494.19745 843.9805 435.03622 1602.647 0.0066371122
666.3271 1116.8654 494.52762 1985.7897 0.0066290568
316.69537 2410.2256 575.915 2179.7603 0.0065959487
137.5514 3109.409 273.4071 793.3429 0.0065847444
516.1213 2564.4763 338.51666 631.44696 0.006566946
187.63197 2671.7478 368.39398 753.3608 0.006558617
460.23434 736.67896 921.3843 1475.4055 0.006540953
736.39343 1226.2595 159.79271 358.18582 0.006539271
272.43924 1469.2861 226.70667 348.7931 0.006521285
159.77925 669.2695 313.87494 511.15936 0.0064883404
405.90497 2418.1467 327.97446 944.1781 0.006485129
144.00835 535.4348 288.03665 291.49567 0.0064824694
328.97375 1698.6931 639.8159 2942.8948 0.0064813695
372.08115 945.37897 432.72635 778.674 0.0064672083
575.7623 1458.963 247.34818 331.7468 0.006459639
733.60004 1340.7928 217.45847 604.5659 0.0064510265
281.5968 2927.883 562.1928 1152.6606 0.006442591
78.683556 338.70078 158.52136 653.1405 0.006408104
806.0992 1710.9327 238.40904 795.2284 0.0063791266
379.53433 1161.4731 264.8209 407.1427 0.0063774576
174.01773 2848.0605 346.41916 1324.8317 0.0063707656
513.9434 2298.5737 362.63177 1294.3794 0.0063578654
634.75165 921.2749 562.7 1858.0188 0.0063570132
309.04517 2327.4246 579.66486 920.0913 0.006355535
258.24985 917.542 503.19485 1014.2218 0.0063432725
514.4714 1461.9956 210.1401 346.6517 0.0063395286
174.74635 776.1032 243.39485 357.07382 0.006334304
505.03098 2034.0048 209.06456 248.62978 0.0063308803
280.3756 879.4455 550.5434 1724.6301 0.0063216602
599.4001 2725.6257 583.4182 1561.0594 0.006293113
433.89987 1779.6115 377.58432 1739.3868 0.006274325
602.33813 2409.656 319.59024 555.26184 0.0062668934
298.9999 544.3245 592.4809 267.7858 0.00626448
475.33365 1256.307 295.89996 604.55725 0.0062206495
742.9107 1866.9316 306.1555 498.2496 0.0062168455
178.92853 1395.0657 326.815 357.4859 0.0062122187
663.85706 1586.7609 487.9227 2217.1516 0.0061956877
631.4257 2473.1162 423.44852 853.90173 0.0061788256
209.75569 881.41437 274.06152 692.84796 0.0061641266
10.41053 512.70953 21.974821 261.82288 0.006160336
417.2868 1544.4352 250.41057 478.48972 0.0061535724
506.9171 431.19046 323.92508 767.1292 0.0061411415
633.6208 41.462772 526.6924 80.91182 0.006140705
44.876034 782.8524 89.05466 819.2104 0.006126871
341.01022 648.64575 501.14038 479.6561 0.0060967244
607.78406 631.398 632.7733 1269.7576 0.006077208
412.94775 2729.2302 304.47424 440.63663 0.0060491534
125.78513 2670.1116 238.18607 397.61264 0.0060481466
780.9886 1563.7985 283.77963 1073.4409 0.0060208477
621.14105 886.78784 390.39673 713.59827 0.005991739
216.4555 2043.4419 401.89825 787.77905 0.005987302
338.6849 1285.8667 394.64865 1032.7183 0.005982031
271.69962 2683.5554 537.89374 1643.0618 0.0059677972
803.0609 1565.2584 247.46207 1084.2924 0.0059595206
170.78867 1083.2327 263.1365 399.72403 0.0059537636
167.66985 794.06964 332.072 819.3248 0.0059423763
350.76318 98.93055 157.09772 196.90266 0.005927803
521.7257 1920.4178 214.20204 382.88037 0.0059257583
224.33536 3398.2676 192.13388 223.43523 0.0059006102
156.93744 1385.0817 309.0399 2793.3152 0.0058944765
177.43806 1664.8757 345.35184 2361.9897 0.0058944006
674.191 966.09283 242.10289 450.6509 0.0058731176
161.16867 1867.551 201.09222 312.4751 0.0058648163
160.0607 1876.7794 310.8135 3256.266 0.0058546793
770.30756 1639.5936 98.889885 156.14917 0.005829293
193.05353 2412.2554 383.05804 2159.4014 0.0058237575
600.10736 1173.0525 338.2727 1222.9388 0.005821019
650.40625 3221.6863 591.9684 571.028 0.005799713
328.07068 612.49866 635.69244 1242.3914 0.0057951864
624.81085 1051.9971 581.7881 2137.8176 0.00573982
633.8536 1170.3257 513.7431 1269.9858 0.005734198
119.018456 2747.6372 233.15921 1527.0883 0.005733494
407.32257 1522.6909 702.5872 1303.6125 0.0057219933
296.17062 2323.4243 280.49615 380.16193 0.0057172966
319.18613 312.14835 640.15125 626.9772 0.0057017426
316.47696 478.17444 631.3531 457.12012 0.0057012397
489.94547 1288.7458 408.07755 625.8893 0.0057000667
722.2761 1329.2524 395.19153 1551.2764 0.005695002
263.53275 1755.8494 373.08112 1340.3711 0.005684872
427.3536 3068.9634 849.71497 877.5329 0.0056656566
532.8849 2344.7102 206.26389 332.4345 0.005654348
535.25696 2456.4404 459.54153 967.73456 0.005638066
501.47067 423.22748 429.56558 847.2102 0.0056336806
369.96948 982.32965 724.95605 1948.4479 0.0056234724
346.39456 1814.9342 148.04767 232.00534 0.0056141075
540.69165 597.74 479.2652 1017.48895 0.0056061167
284.8783 969.393 160.39291 426.23694 0.005569959
685.9386 1270.6831 280.06763 589.18976 0.0055563054
236.70451 811.0932 160.02184 258.5702 0.0055253776
591.96063 1524.8356 175.31116 170.26938 0.0055238684
88.94663 1945.9761 172.02531 3145.094 0.0054785316
148.3401 1921.1157 258.07028 447.74347 0.005476923
147.87532 3298.5254 191.77112 395.37943 0.0054759467
724.73236 1121.3802 107.997536 136.61844 0.0054712226
175.26495 2772.127 349.65262 1465.3837 0.0054637967
954.25555 107.042656 35.616184 216.74997 0.0054541845
147.4149 1677.1647 269.11935 614.8787 0.0054346104
334.2827 515.376 647.58386 1052.2257 0.0054096626
473.92725 1962.2024 780.97974 888.25885 0.005383232
599.7815 2124.038 366.9561 1521.816 0.005371182
3.4105418 521.11346 6.9679303 257.47647 0.0053652856
530.70294 511.63013 71.13518 79.54327 0.005360115
81.99644 2888.9536 153.52704 319.07803 0.005354197
338.84357 1319.4353 404.87558 1185.5927 0.00533617
222.04202 3245.868 270.9577 528.10846 0.0053175143
519.52515 1288.1608 192.02356 622.1797 0.0053116432
334.63837 3224.281 149.19077 557.0172 0.005295878
559.74774 1262.6409 468.45087 692.0296 0.0052721757
206.6074 1449.343 383.42993 469.8834 0.00526619
734.4354 1570.0746 355.53284 1073.0099 0.0052651535
497.87338 1036.492 195.77711 238.10278 0.005264664
205.1565 1915.2218 337.25717 495.79602 0.0052628512
297.7266 587.5768 579.5661 771.6011 0.005257554
105.46882 2448.3298 206.01945 733.3944 0.005249712
293.3585 3212.8943 569.2331 596.7093 0.0052470113
376.1884 394.13974 608.6646 788.62665 0.0052428613
515.01355 2957.7197 900.8845 300.4656 0.0052374825
163.90196 617.4209 324.2095 521.7954 0.0052345865
270.63306 2996.0994 533.6116 1019.45 0.0052271155
802.62195 1862.9026 241.2518 504.15555 0.005222501
124.6065 327.05295 252.5916 659.24884 0.0052162986
114.948 3065.0034 197.95268 353.2959 0.0052150814
454.91388 1724.1235 883.89905 1713.093 0.005214567
671.7008 1868.0522 496.2543 2740.5032 0.005204344
16.666965 342.29465 34.1287 623.02234 0.0051928326
386.25504 2745.3914 132.74416 176.0813 0.0051721428
735.55804 1545.2301 362.3117 1128.547 0.0051644766
219.99011 1361.6168 432.5837 2687.5977 0.0051588593
114.799706 2976.068 233.79674 1058.3353 0.0051490236
466.20566 1134.026 221.32623 376.49542 0.0051367567
595.51373 1895.8308 325.70862 522.53613 0.005114074
787.0525 26.466825 372.9843 53.067513 0.0051100333
183.70724 1852.2932 118.27462 189.18109 0.005105577
148.47302 1377.5359 289.4029 2769.2942 0.0050993636
311.9631 3030.712 627.85596 950.2098 0.0050727446
4.7160106 342.14832 10.654385 603.6296 0.0050427075
815.84076 522.70056 297.40424 1055.685 0.005034322
514.39166 1767.1638 197.52254 278.09033 0.005033037
561.76556 576.60455 575.2668 1160.6863 0.004996357
495.53125 1883.2928 620.1913 1434.5303 0.004996179
620.6776 1927.064 443.62906 455.52737 0.004982693
609.43243 689.74335 535.55963 1391.5745 0.0049415245
563.0478 1373.1177 141.04027 296.5658 0.0049317614
320.2983 3258.3823 122.09424 542.02515 0.0049306103
666.49615 1310.5806 295.55783 547.88855 0.0048892926
63.61944 3213.5735 122.04948 588.9077 0.0048798127
186.85258 3451.101 365.88995 150.31604 0.004860152
455.405 1567.4724 172.29117 368.44257 0.004852764
569.2869 2433.551 635.6973 1041.2338 0.0048411028
305.32947 2715.6184 424.70053 585.5322 0.004840662
132.82385 1143.3562 259.14603 1991.1749 0.0048252544
794.4474 586.6418 339.043 1182.6638 0.004823334
203.71043 1883.8153 135.28313 227.87283 0.004804428
621.11597 2057.4985 318.3604 527.4391 0.0047904775
178.51715 939.787 352.01175 1094.7129 0.0047728433
217.41948 830.426 429.78128 1672.2699 0.0047722207
318.63666 3032.3345 60.158234 133.65498 0.004758945
329.485 170.96304 658.7499 340.09805 0.0047572223
663.4811 3248.9443 601.29675 519.22754 0.0047427863
142.52138 2540.5312 290.96277 1973.8987 0.0047190343
776.31 3.3426433 400.7137 6.5833497 0.0047171935
538.181 2678.1992 518.35583 633.9227 0.004700832
88.761765 2537.2817 168.74734 435.67557 0.00469922
374.21497 3265.9204 127.75603 459.78952 0.0046874187
217.17659 108.062614 427.22797 215.03981 0.0046751923
224.51898 1180.923 436.1371 1706.6615 0.004669085
60.85478 170.8875 121.738884 336.69315 0.0046374705
391.36423 2526.119 717.87054 856.53906 0.004631617
207.28372 661.27405 413.25415 1313.4064 0.004625942
811.18463 3283.3972 303.05176 451.11395 0.004623148
184.87465 1004.6171 365.7132 2081.7046 0.004617146
93.01021 3087.5044 185.92624 833.8143 0.0045984513
126.22247 1382.2946 217.3333 316.72794 0.0045933314
129.67612 1198.664 252.41129 2531.6094 0.004592732
71.34613 2632.302 141.13353 479.21393 0.004590827
856.99274 3188.4233 218.86469 636.0688 0.0045837443
266.8195 2211.373 272.93848 426.18027 0.0045710406
447.74658 2309.1567 401.3456 439.37833 0.00456451
4.51979 857.3545 9.610103 433.84772 0.0045476267
108.88554 2077.1313 212.72487 1454.2778 0.004540615
390.04138 1327.8071 411.08112 559.1134 0.0045402674
822.4487 311.1617 289.85687 627.43005 0.004540117
20.805296 329.79636 41.805164 222.98763 0.0045367386
148.0899 1839.6825 286.44217 1685.205 0.0045278044
324.09787 2320.0183 403.3987 627.9976 0.004519756
674.638 2445.7966 430.85663 1018.3747 0.0045156796
342.9086 3220.6985 672.9042 575.5396 0.0045128334
491.41895 319.33865 427.35046 636.59235 0.00451048
695.97644 1071.4237 206.50812 224.7405 0.004508018
131.15106 2235.677 247.73875 1566.4058 0.004506174
776.93854 1659.6066 298.16263 933.54913 0.0044925096
196.32147 3080.4395 211.0997 282.0052 0.00445525
266.3182 3044.9434 135.9483 316.7936 0.0044532605
447.47928 1357.11 296.2382 1011.25073 0.004410846
934.4664 3200.3567 71.24614 609.0616 0.004390433
26.9327 3082.211 55.407867 851.5472 0.0043728785
140.24197 1886.791 199.19772 292.4278 0.0043646963
800.0938 398.20483 340.0094 800.35095 0.0043557803
154.90945 3379.537 187.79147 252.01169 0.0043548583
920.2248 116.49666 106.29557 235.75977 0.0043411492
532.5574 2432.634 176.8311 295.93362 0.004339046
530.7972 2030.006 268.29767 259.4982 0.004338862
673.278 1776.405 522.47675 1654.274 0.004336772
252.19307 2636.8813 440.36206 1744.9023 0.00433381
319.99506 3188.9844 684.13904 659.9589 0.0043325303
599.5272 485.92493 546.40826 979.439 0.0043310476
713.41064 1330.6056 260.52634 722.111 0.004279832
259.50516 571.08813 506.47702 409.3979 0.0042675515
436.69357 2679.3464 559.9522 691.2163 0.0042571835
581.1102 1097.8148 616.0137 2193.303 0.0042533833
699.5411 2372.2346 387.06247 895.40314 0.0042367545
685.14 1395.9337 482.7025 2784.9006 0.0042340616
695.1304 2389.5713 182.46559 362.76343 0.0042207735
358.40158 1829.7281 293.10004 1043.7793 0.0042077047
394.65616 792.6308 182.93173 325.99072 0.0042054197
217.80519 2878.4731 388.5401 588.84656 0.0041958815
751.0501 3214.8599 420.18646 577.08124 0.004191009
139.938 1778.9679 268.54214 1154.1007 0.004179905
200.60727 699.6129 397.22253 652.08435 0.004166377
547.7202 417.90543 174.40086 299.71317 0.0041493676
113.4004 3439.6296 206.64574 142.59233 0.0041349046
250.45724 2095.9158 350.26883 587.7039 0.004133181
333.63315 287.51898 612.1121 566.68726 0.0041255825
76.883896 2491.0474 149.39809 817.4185 0.004116768
402.20847 353.94345 813.6606 708.26483 0.004113821
851.07794 2017.2646 80.480545 179.4523 0.004106874
175.81918 696.6257 350.2247 538.55994 0.004101125
722.39435 1098.6759 170.55315 230.31413 0.0040964745
781.4472 3279.8157 286.23618 442.49194 0.0040930677
644.06775 59.367767 244.35397 112.01068 0.004076072
417.6358 149.12334 448.88782 296.74283 0.0040565142
554.62823 2569.1929 172.38593 330.32974 0.0040503964
128.77805 766.01843 259.17188 732.77795 0.0040470185
83.136505 812.08716 165.09827 829.5058 0.0040344857
852.3512 1755.136 163.1886 693.32715 0.0040321774
98.744606 2074.4172 191.50542 1324.8473 0.0040159845
643.33624 612.3759 345.27 1064.2349 0.0040113865
293.9553 905.6455 498.2743 916.88916 0.0040064612
154.37602 840.2991 206.93124 287.07413 0.0040032887
132.56702 983.56757 271.39133 1208.1875 0.0039932416
539.73267 1261.9335 595.01306 697.82635 0.003986973
840.0385 3000.9404 261.29456 1003.7361 0.003977966
152.70592 2563.1519 261.81268 757.7805 0.0039772727
58.28008 337.2818 115.457 318.57602 0.003972619
199.31932 1403.4185 381.4508 955.3077 0.003962443
288.5588 666.81415 513.55414 407.3578 0.003962067
108.254486 1787.1943 206.2361 872.6269 0.003947133
814.8547 3305.519 289.16574 409.7872 0.0039448463
623.93677 2718.7659 438.12833 1576.31 0.0039387
239.0877 566.81714 453.20413 317.63437 0.003913039
38.77197 558.36847 76.63012 164.13693 0.0039095315
866.1717 1635.9637 170.42961 940.0137 0.0039087515
473.70627 481.69455 947.4141 964.10767 0.003903844
101.99267 3464.9153 194.49239 96.58483 0.0039014253
726.7046 1251.21 221.09601 495.93127 0.0038845374
725.3504 1576.293 314.80148 1063.8136 0.0038777832
632.89124 2647.684 488.1561 1378.3218 0.0038777294
813.0583 3180.2007 304.42606 651.2724 0.0038767017
241.6385 1795.5 315.676 916.705 0.0038698174
847.20844 2117.0867 191.66888 497.27948 0.003867704
260.72824 3189.27 548.6806 657.7852 0.0038370702
445.07138 1334.0607 283.13416 1035.7457 0.003835423
47.173237 3272.7979 88.69398 472.15384 0.0038342187
558.5506 2000.11 717.2043 927.08044 0.0038327693
127.9767 1598.0283 233.39673 561.983 0.0038305724
15.3792925 565.4426 31.981434 1178.1152 0.0038302576
29.799982 184.04007 59.708454 349.60608 0.0038200843
383.9307 128.62247 406.61667 257.06464 0.0038093785
493.94037 279.8068 302.8658 560.50214 0.0038086674
761.00354 1197.4296 185.00366 330.30695 0.0037946089
508.5487 3236.542 304.68604 543.8026 0.0037925926
419.0043 1079.6772 755.215 1197.4669 0.0037917942
426.81885 1911.8701 629.15546 509.01447 0.0037799804
66.21643 1372.3116 122.19613 297.8066 0.0037791259
719.95734 1998.382 413.2747 1497.6365 0.0037735575
471.61197 2637.6067 142.24007 234.15538 0.0037702413
5.8705244 292.8533 11.667413 396.96707 0.0037618007
230.3977 689.454 402.16986 418.81866 0.003754568
168.2385 3027.762 198.54095 953.64355 0.0037522893
230.76166 1092.0155 463.77466 1096.0989 0.0037360962
698.2704 2013.7428 197.65404 264.8061 0.003724383
649.1405 2473.179 468.15228 1113.2633 0.0037208723
838.9025 655.493 260.7946 1327.3014 0.0037041085
272.875 1926.7219 427.0551 2032.6022 0.0036921233
794.3525 3319.3145 293.72995 361.21045 0.003676306
848.4227 2040.5547 171.58836 318.923 0.003674586
792.6151 1051.2942 316.22827 2148.613 0.0036547277
415.73978 1270.6874 176.5693 210.47406 0.0036501084
565.5637 845.81396 325.91617 500.01968 0.0036471288
916.74774 1574.8296 103.64443 1058.1179 0.0036441116
963.7557 282.1873 16.075977 578.2896 0.0036410172
178.67363 3410.5947 269.05786 199.5881 0.0036241522
646.22424 1811.2942 137.82167 173.17879 0.0036217715
290.3403 51.731125 459.35822 104.363815 0.0036085355
750.4629 3205.1018 356.48605 588.00555 0.0036021173
262.89978 3416.9497 176.19415 268.17075 0.0035984754
31.094349 3276.7625 50.05512 457.78226 0.0035974153
657.77045 2614.7092 234.31946 483.43915 0.003594171
45.894547 790.49493 90.451324 1596.9006 0.0035898346
669.0648 91.599815 227.36555 178.23087 0.0035879146
261.86432 1820.4001 172.69403 286.88568 0.003585108
777.52905 3130.703 326.90567 638.65924 0.0035821183
350.22803 1373.6643 301.22556 277.3772 0.0035672854
757.80707 3293.8357 308.28522 421.5905 0.003566599
283.92563 2415.6528 562.6121 2298.0732 0.0035558392
653.1204 2756.3145 386.94202 1497.3419 0.0035533328
783.40094 1522.0977 143.2159 322.37906 0.0035429476
128.87643 3411.258 192.15546 206.75278 0.0035416116
51.412193 1368.7671 93.585915 273.5906 0.003530482
723.15314 1307.2633 246.46767 648.4373 0.0035145897
153.03876 2207.2815 204.82974 340.4023 0.0035131942
60.399113 2203.3062 118.281364 627.32764 0.0034965698
882.917 2767.377 205.54257 461.08728 0.003487369
41.29266 932.02356 80.73283 984.3171 0.0034838412
859.87103 1537.8295 203.28096 1061.1174 0.0034797713
172.24362 936.24994 342.4543 1136.494 0.0034659754
486.4348 2648.928 474.3825 560.4877 0.00345991
483.0804 251.49086 483.45346 495.84268 0.0034585963
199.46379 1905.7236 383.71082 1580.3423 0.0034471045
965.39105 3210.3862 10.323435 577.4707 0.0034384797
850.7345 3309.106 216.0979 402.01184 0.0034366518
434.6442 1005.1725 243.94147 328.98227 0.0034347137
917.052 1591.0737 106.140976 863.09235 0.0034251672
166.9917 1350.4652 247.63199 415.89996 0.0034195434
793.6103 3298.788 230.92422 384.21332 0.0034157368
174.809 2104.4648 359.30746 2039.1512 0.0034122698
356.92023 606.85657 715.89197 1228.0024 0.003411611
198.58348 1991.1951 152.04977 228.3587 0.003409007
595.6156 1745.0178 191.69759 233.10263 0.003392423
176.62646 1631.9119 296.47772 535.06586 0.0033890293
27.923483 351.05103 58.467995 716.7754 0.00338604
49.72546 2191.448 98.11613 645.4759 0.0033681104
666.6791 1579.5885 470.9024 1106.1052 0.0033648338
604.14355 3226.913 681.3397 761.32526 0.0033504248
617.3039 509.48825 441.73523 1040.3297 0.0033429163
456.0185 2768.8584 151.30249 306.82733 0.003338871
513.2067 2792.8064 267.7256 399.1857 0.0033334007
615.9535 2222.7947 478.9428 614.8898 0.0033292419
486.82584 3276.353 926.74915 465.90662 0.0033291404
160.34422 1181.2161 270.65842 591.75104 0.0033109982
266.13354 2634.685 409.53696 1677.0039 0.0033039043
769.49396 3027.8677 382.4092 969.9167 0.0032992314
602.77924 2300.6514 171.57767 290.51407 0.0032913492
557.1908 565.39545 501.6391 1140.3751 0.003281529
571.5894 1622.0992 299.3263 623.445 0.0032805263
531.8962 3259.5833 271.0905 488.59525 0.0032783286
796.35657 1736.54 255.22066 746.36456 0.0032604001
823.59845 2989.2224 272.6346 567.0543 0.0032543098
746.16156 1916.2643 346.11023 755.44055 0.003250345
841.50525 3312.944 229.22058 391.37662 0.003244651
248.16063 2692.7383 388.0156 679.5892 0.0032431507
663.34485 3127.4834 395.93988 722.81085 0.003242528
833.7968 1480.8014 198.59053 850.2704 0.003237085
699.1746 2512.9832 342.20764 796.276 0.0032363294
462.39694 1759.4514 915.05273 3496.3071 0.0032351546
898.7286 447.21 146.49728 904.0351 0.0032347902
653.00696 1056.8196 511.34406 2092.5735 0.003231893
119.29332 92.42178 236.91896 182.88573 0.0032278204
555.7564 1768.9636 157.9501 255.86484 0.0032122417
526.36884 3175.2373 363.86237 656.0054 0.0031849337
200.62914 2025.8444 155.38788 237.95282 0.003183835
477.7456 3287.6848 728.3454 690.6012 0.0031760128
604.65454 3219.9285 523.58923 562.73395 0.0031463455
916.15857 2625.4958 118.42029 438.007 0.0031439539
737.5902 1404.8768 247.50761 670.5039 0.0031397422
912.19507 2827.7676 111.61342 532.0734 0.0031361578
815.98474 3423.4026 306.2725 174.12456 0.0031350579
145.66574 2080.805 207.95819 367.2961 0.003126755
787.0427 857.4698 347.01532 1731.3971 0.003117697
703.7109 328.43613 186.85146 661.6452 0.003114354
756.7587 3455.3308 347.5326 99.39443 0.003104662
868.41486 2597.3857 213.46487 755.95245 0.003102175
577.5712 492.37216 133.60612 179.76462 0.0031012874
109.587166 1285.253 200.35991 482.39825 0.0030777815
557.5391 3270.1562 229.94818 445.271 0.0030723363
701.21643 3079.463 493.67142 872.00757 0.0030562489
527.34357 3241.895 256.7557 450.2203 0.0030546887
495.1887 450.7907 305.50943 906.47675 0.0030407582
703.5749 3208.0168 245.82869 378.37192 0.003032932
662.8104 3377.8337 214.58696 257.50925 0.0030226358
848.27997 3422.1738 248.64401 242.13123 0.0030100057
780.53125 1684.0054 343.95947 2301.7559 0.0030055558
763.4906 1726.4182 386.99585 3482.5933 0.0029889755
810.10803 1974.0593 220.69708 297.13885 0.0029819156
773.6261 3084.2966 272.9894 401.72253 0.002980799
468.5601 2084.8513 148.69325 208.12347 0.002975587
552.3874 1495.1823 399.42477 1274.3104 0.0029690727
667.6695 1746.2463 470.03207 2238.352 0.002950267
779.64795 3370.0522 386.35593 301.7095 0.0029478034
645.3082 401.59076 105.00272 296.10828 0.0029469205
212.23492 1825.6835 333.24686 2194.9468 0.0029304062
578.0235 3357.8057 269.8477 300.7897 0.0029232872
766.2492 3147.2056 200.0153 250.92097 0.0029230495
585.37714 2874.1982 351.57584 509.11957 0.0029086717
115.50893 782.6321 197.00284 637.15607 0.002908546
768.3418 3123.4968 234.59795 345.25687 0.002904435
686.36615 2672.1362 236.55896 502.77863 0.0029044074
236.47865 1913.6279 106.93355 176.88272 0.002897311
665.5081 272.6855 120.92582 514.5969 0.0028909633
866.47614 3076.2388 230.60283 436.44226 0.0028901815
91.90856 1041.284 154.07251 321.6478 0.0028867743
875.0614 471.16296 183.7847 554.86755 0.0028751462
744.2279 2037.0344 328.69037 518.8351 0.0028675566
710.3929 1429.7493 411.81042 1943.2272 0.0028672977
887.8316 987.9112 172.61844 470.3869 0.0028663
733.5873 2979.41 257.7821 390.9004 0.0028639443
790.80707 3119.182 210.79863 312.9801 0.0028544432
340.36386 2587.2158 555.32446 911.0128 0.0028495425
30.637453 957.74194 61.50928 558.4913 0.0028415609
570.80884 1750.2502 148.39001 181.82832 0.0028358125
914.43115 3254.6816 123.74772 504.1696 0.0028357708
14.410247 1108.1372 28.286161 854.65155 0.002816384
176.50647 3432.5117 245.00443 179.20702 0.0028000467
151.43167 1541.3661 270.203 2319.3508 0.0027870554
806.804 3186.3174 218.19887 257.94336 0.002786964
342.84607 1935.5804 428.62927 1161.3202 0.00278634
597.81195 2965.8013 360.39572 481.19925 0.0027820677
743.4594 802.5712 175.91968 249.05959 0.0027802652
53.012897 754.2089 104.271545 1504.1532 0.0027791508
736.82947 3133.5862 247.74008 282.25104 0.002766109
614.02094 282.8959 175.15517 482.67343 0.0027629577
203.27013 3366.628 398.22015 290.95535 0.0027611954
863.79285 2627.1392 221.17819 500.24478 0.002751605
780.9694 2612.6611 370.62466 1630.349 0.0027207227
956.17316 3210.0664 30.626959 342.16263 0.0027088944
386.29688 1346.9205 722.42084 514.5118 0.0027045235
236.90268 1607.964 307.40002 1648.1814 0.0026946457
30.763666 518.0455 62.95415 267.00357 0.002669383
196.4255 1776.3654 194.95836 309.70923 0.002643861
805.2145 2814.7822 197.05544 349.54236 0.0026430038
169.92615 1205.9791 326.7913 2160.951 0.0026398043
885.672 1882.0256 120.12141 444.79422 0.002634568
732.00726 1493.3392 173.38708 373.22195 0.0026319455
797.4674 1684.6537 142.21884 227.206 0.0026308803
670.0847 2797.9675 255.29393 420.89374 0.0026286794
907.87573 1257.3058 140.50041 451.48236 0.0026257206
923.5607 3391.6135 83.1204 235.75688 0.0026218512
412.61154 2946.8574 650.2416 1134.0934 0.00261862
687.45264 3418.0671 526.61816 235.67062 0.0026142385
21.552244 1290.6207 42.380135 1471.6625 0.0026127035
480.83194 3305.0266 224.15747 406.68082 0.0026076587
457.96487 3295.4905 281.35535 360.41446 0.002583424
558.3251 3189.7937 166.0544 331.77017 0.0025829733
614.954 3059.9788 413.77692 723.22723 0.0025799149
446.675 3192.267 772.0578 630.559 0.0025777037
861.2684 2336.5054 222.24818 859.8852 0.0025731358
803.6018 1722.319 263.35263 878.52576 0.0025606125
583.6565 3043.9932 324.9852 327.3186 0.0025599697
886.18567 3431.8718 172.63358 221.20912 0.002554703
949.0378 3356.414 69.42706 289.53165 0.0025535575
760.249 1298.0791 168.18332 303.53647 0.002548327
558.07434 3421.9824 384.57864 188.0381 0.0025478203
923.4735 2217.1077 101.01758 566.4511 0.0025424964
591.0655 3132.4146 242.86505 479.21213 0.0025326745
937.9905 2243.8948 70.62898 557.8899 0.0025321601
824.5197 817.5459 300.58905 1653.4528 0.0025319287
451.28198 3063.9365 179.34142 347.37402 0.0025186865
563.9583 3285.6594 221.81633 357.76044 0.0025069462
674.64154 1761.7102 104.319435 190.20737 0.0024991587
42.851685 3404.806 78.06123 214.67506 0.0024961152
18.157656 1831.2622 41.081623 326.56522 0.0024936516
374.7865 2943.7668 756.42694 1196.0223 0.002490258
962.0153 3294.628 18.007244 415.8483 0.0024790908
21.220644 3362.3179 38.785034 280.07584 0.0024702263
827.8241 1785.3608 258.38983 3376.4255 0.0024662474
523.69385 1339.8688 446.77094 1605.0028 0.0024614402
471.5767 3064.8765 255.73396 341.26025 0.0024589533
915.2897 197.75389 117.54642 408.49997 0.0024573444
597.0317 2820.6963 193.60999 336.3549 0.0024521577
381.7141 3336.1926 763.15265 350.5865 0.0024500648
758.98755 1405.0885 346.6435 2470.7761 0.0024461406
739.44006 2975.4016 207.4617 354.43027 0.0024451856
796.00134 2653.9417 201.73428 372.313 0.0024340614
554.3382 2504.8066 565.06177 940.9703 0.0024196405
381.33078 3104.6116 154.44174 302.52692 0.0024190075
21.164963 1975.3633 41.69945 850.3015 0.0024178973
251.19612 1519.6576 465.42886 1441.039 0.0023859525
664.41205 3450.7175 588.24664 218.85324 0.0023833334
478.87173 3373.9656 222.1444 272.59076 0.0023821827
147.62488 552.3936 247.17352 253.8463 0.0023747028
793.5568 1412.7279 288.30557 2554.7322 0.0023747028
516.2875 3299.295 176.62442 326.24405 0.0023699733
618.38306 533.7588 612.50214 1085.738 0.002361253
639.87115 2695.4756 192.4374 266.2689 0.0023577902
966.36804 3357.33 9.003629 287.24854 0.0023484386
473.5039 3390.5935 782.3295 323.45044 0.002335707
33.72015 1365.7083 65.60914 585.10675 0.0023343319
786.2645 1484.68 323.74066 2627.8323 0.0023284203
807.0147 3155.6926 299.16174 331.09628 0.002327395
660.51855 3464.7476 598.26776 92.748116 0.0023234123
185.87483 3230.7307 353.57654 559.3119 0.0023226177
956.61993 3031.2383 45.85208 409.5018 0.002319397
788.6427 888.809 312.08566 1823.6947 0.0023014469
439.79248 1764.3701 504.19235 1424.9186 0.0022985449
901.8826 3385.086 147.66898 252.05067 0.0022966233
194.01959 1665.9648 260.9497 1155.7628 0.0022911525
47.771667 1098.1958 90.67291 438.03754 0.0022911024
6.937977 299.46896 13.534763 699.40234 0.0022803305
425.6514 2482.8892 266.65887 1120.5875 0.0022749095
930.73883 3400.471 148.80031 222.64502 0.0022716918
176.13908 2385.857 274.4136 1395.4698 0.0022714778
653.2101 2952.3376 223.6107 357.9103 0.0022629285
483.55933 3322.6074 199.45572 367.312 0.0022408916
372.1788 3344.6863 187.73537 343.50653 0.0022298247
933.67114 1631.5717 82.749855 861.7931 0.002208246
584.01575 2185.5015 625.87177 1551.5096 0.0022032107
842.9117 470.4479 278.1601 781.0349 0.0021988165
691.39325 1287.1803 361.14148 1608.3066 0.0021983436
36.93515 1770.318 68.36732 414.65063 0.0021895065
327.87695 3363.8555 188.72601 298.14877 0.0021862357
378.47305 3352.1018 135.77954 219.14345 0.0021812287
471.20914 1754.9076 914.2463 3470.3567 0.0021811188
193.12236 3465.4316 385.6459 103.02666 0.0021801954
467.12183 1756.1779 904.6124 3457.519 0.0021731632
30.931713 1381.7109 58.256756 329.15112 0.0021673609
763.4516 1310.8368 373.61017 2396.146 0.002163913
286.84998 2908.2554 371.98068 1186.6523 0.0021488082
909.4111 3293.4404 146.82985 423.9037 0.00213241
721.60657 1381.3422 204.88391 291.9924 0.0021241736
897.81915 2418.2334 135.80846 428.75397 0.002121606
571.9712 1687.8939 420.50085 2361.337 0.0020982907
179.81325 1622.5094 249.45506 1497.5947 0.002095826
332.4008 1994.3534 587.01447 1062.1993 0.0020955377
373.97192 3156.6743 342.60107 621.6902 0.002090011
949.91785 3426.8962 38.838474 167.82991 0.0020870804
324.14557 3233.9753 308.6658 601.33453 0.0020828745
377.96536 2590.7305 534.98584 701.6237 0.0020689622
426.41354 3132.532 188.01624 402.87125 0.002062242
562.59906 3487.66 362.50992 59.814373 0.002033426
460.49927 2182.1082 152.55498 336.4008 0.0020054374
651.35236 2777.7473 213.94084 308.84528 0.0019999575
440.74167 296.85776 886.43463 573.7555 0.0019940396
265.84387 1373.5646 192.33716 817.747 0.0019896368
723.85315 922.7314 405.84082 1763.5165 0.0019762453
356.69412 3475.8225 737.7329 85.38925 0.001955544
486.4126 237.0265 924.45953 512.88477 0.0019437132
574.1232 1328.4833 610.24634 1672.7461 0.0019432082
907.06464 3459.154 112.90513 98.483025 0.0019288486
578.76825 3490.653 754.693 64.24736 0.0019230776
813.294 2682.4504 161.68462 244.48215 0.0019006233
262.70193 2402.2974 603.5341 2211.597 0.0018797008
431.14264 1724.645 209.83824 837.6307 0.0018723097
341.09784 2026.8883 264.02277 1220.1067 0.0018547898
549.1133 3206.935 562.6705 576.9198 0.0018528353
4.786346 333.50375 10.243968 692.4215 0.001829932
478.83313 3487.5217 904.6296 61.76553 0.0018177796
480.17563 3466.0188 553.10767 90.745285 0.0018172191
417.4359 3415.236 885.55066 256.57306 0.0018124112
539.27655 3100.0784 879.4285 569.6527 0.0018043597
940.49835 3039.5176 159.76617 347.258 0.0018014575
505.1061 1405.2157 551.48236 2041.1031 0.0017975442
119.096886 2789.1887 233.45259 1347.3157 0.0017898534
251.14893 1783.6731 502.26843 1977.2537 0.0017863333
413.03165 2368.2239 679.13153 1522.8054 0.0017702634
308.6553 3445.8733 157.6718 141.41515 0.0017165353
707.3822 973.5227 342.19992 559.3441 0.0017055089
361.48175 1138.5828 171.29521 397.64194 0.0017052102
896.974 3416.6926 148.35365 221.08507 0.0016864986
770.85205 1517.8367 126.87289 237.46011 0.0016842786
369.3777 3438.8245 190.34563 156.02296 0.001678427
180.45375 2254.9243 127.03255 1140.9897 0.001662298
831.123 904.2533 279.20636 1068.3606 0.0016525735
361.9204 1605.0933 381.0445 479.25406 0.0016525404
949.00134 3445.716 45.982872 114.93005 0.0016496981
561.5391 2918.4028 207.14 152.79565 0.0016375795
134.81801 1749.889 278.2041 3486.1128 0.0016315496
458.2769 3354.38 501.87344 450.86154 0.0016123604
489.05862 1098.0454 585.8082 2213.5642 0.0016056945
479.47888 1767.7554 891.8592 3413.3887 0.0015910214
393.5348 2395.7002 834.54315 2248.8757 0.0015868489
356.62326 1949.5574 361.52087 1243.6096 0.001566759
80.48545 2019.848 119.97683 1266.9382 0.0015652903
198.26732 3188.3376 372.94965 637.2575 0.001547755
383.9643 3347.8386 569.92 324.29114 0.0014979551
279.18472 2977.1946 54.17558 109.712585 0.0014913823
177.47318 3308.1182 321.1601 396.35358 0.0014908385
182.2176 1132.5299 344.69858 2078.8496 0.0014834554
406.08456 3346.6133 453.09778 483.50464 0.001475279
550.71906 1983.0835 345.65805 1670.5369 0.0014749152
398.37482 590.7312 642.8027 1189.1285 0.001472829
542.6321 3487.6326 874.0926 89.04706 0.001466612
271.20764 963.2143 532.8942 1471.1002 0.0014656361
444.8343 2079.3794 843.0116 1707.3394 0.0014409244
383.8074 1464.3539 416.4807 1367.4038 0.0014267496
725.0792 1322.9136 457.48517 1546.1317 0.0014265702
268.99716 3474.379 516.5631 227.29605 0.0014260786
473.27066 279.85544 930.8978 638.95807 0.0013588119
122.35341 3349.8337 219.69951 426.08066 0.0013380629
244.68182 3482.6123 378.17484 76.15632 0.0013371081
823.82477 2242.2786 269.6311 774.6319 0.001300467
386.9758 2104.4731 874.2029 1826.2692 0.0012845161
125.27002 1994.4237 195.88243 1945.076 0.0012839766
768.55914 1144.6865 276.08267 958.797 0.0012424161
317.38797 3368.2498 374.4893 399.49768 0.0012396123
474.57736 2495.8987 291.23923 905.35 0.0012275542
878.10754 1566.0488 170.47131 622.78723 0.0012110556
475.37546 2806.478 428.9042 1367.9156 0.0012036001
303.4749 1352.3406 428.33716 1690.7053 0.001187815
566.9767 1328.9252 432.88147 1591.1945 0.0011711825
410.30002 2963.1702 699.04224 1109.3901 0.0011280795
311.36832 1713.4111 296.77783 1783.197 0.0010973368
255.90657 1765.0735 260.4225 645.1149 0.0010820013
612.63513 2037.1981 349.73807 977.8557 0.0010799319
325.0298 1048.5477 758.9649 1115.1854 0.0010610572
358.78793 2282.1604 750.5038 534.87006 0.0010500406
128.75253 2057.975 157.52542 1629.3818 0.0010379743
653.5513 1759.2938 485.11282 1718.01 0.0010173983
450.0693 1679.3312 232.53127 817.4908 0.0010133432
158.43462 1753.1366 184.91093 1510.0206 0.0009821563
395.66968 1712.8817 396.99908 1340.1118 0.00094711134
635.3677 1535.4752 489.7183 1194.9067 0.0009038398
419.52408 1321.2339 256.16827 874.85156 0.0009032631
133.74208 1993.1433 138.58913 740.3251 0.0008972996
551.7675 1015.36755 436.6627 1198.9539 0.00089104474
450.43863 468.79126 911.6617 1128.6691 0.0008870211
684.13025 2419.2007 549.6534 921.9172 0.0008034203
330.74014 1671.7976 669.24036 1095.0721 0.00079756515
386.6656 598.1694 908.9552 1238.2024 0.00079543353
506.58966 1017.71826 510.86188 1165.46 0.0007891385
463.6634 720.8746 430.03458 1014.56976 0.0007758929
468.72308 1122.9105 359.10394 555.34247 0.0007648275
640.9751 2677.8684 632.11957 713.1139 0.00070080295
562.49664 3399.8386 915.5432 175.94615 0.0006645679
371.7834 1710.1473 875.4506 888.031 0.0005257206
