541.40594 1228.407 1013.46625 2445.5935 0.41732803
540.6257 1743.9684 1014.2057 3469.5986 0.37554032
558.0886 1713.6201 975.9234 1461.3005 0.3178823
540.69995 1501.8977 1010.3291 2976.3494 0.18433592
711.95715 803.93274 674.26263 1605.414 0.17468414
928.4079 169.33427 157.69179 176.02982 0.114990115
546.08844 1561.2289 990.20306 1778.6273 0.114133716
1015.02014 2931.669 69.5215 1145.2189 0.066074945
482.14053 1607.5228 727.42957 1122.2102 0.052819986
715.4786 613.9537 665.05774 1225.4232 0.04796117
948.6465 298.28555 207.00935 554.0336 0.047638632
715.49664 595.1295 665.7982 1188.552 0.04638445
936.4648 186.26506 201.12436 285.18106 0.041374516
594.7404 1003.1004 840.502 1823.0334 0.04032211
573.9248 1718.3705 701.5225 1072.4755 0.039704647
474.77246 1694.231 741.7002 1330.3037 0.03931336
623.3335 894.63214 830.5096 1784.4263 0.03778672
614.827 822.4779 859.1258 1637.9839 0.037329637
83.09301 1998.521 145.69475 163.0634 0.037096668
639.59534 1049.4719 804.7793 2051.0195 0.034725547
400.72693 1588.2141 571.7638 1028.5321 0.034309894
510.65137 1567.1655 669.12274 893.34863 0.032388154
543.62683 1782.4987 994.1273 2296.9612 0.03223792
541.7874 2231.4148 1006.7226 2501.2834 0.03157487
746.86414 510.35626 579.9967 928.78314 0.028973538
739.9876 423.2466 600.05273 817.0605 0.028401894
705.67194 1207.7784 681.3129 2408.557 0.028047731
710.5917 492.04745 672.24225 980.78876 0.02631927
412.73654 1487.1377 569.91986 837.9926 0.025752004
517.4792 1670.0819 651.4087 925.418 0.025203912
819.4459 40.95468 266.0417 82.07837 0.024672536
564.8373 2099.0623 963.61584 706.7213 0.022171116
769.57825 554.38574 523.8307 922.2211 0.022101209
706.47797 1117.6869 681.5972 2230.933 0.021140393
406.03943 1428.9813 476.59372 680.029 0.021115633
551.45557 1382.7329 907.62164 1370.3477 0.020852767
543.2252 1463.3373 881.14813 1088.9855 0.020482356
540.24817 1743.8606 1013.71136 3472.6108 0.019649437
484.29184 1527.7751 822.1031 1649.9014 0.018863048
352.74823 1044.3226 623.12854 2062.03 0.018619873
503.36856 1558.3192 838.5608 1645.204 0.018431636
1017.5989 2723.0105 67.03337 697.8087 0.018078323
770.1891 809.5097 543.37506 1337.9218 0.017910197
421.3744 1605.8514 684.6137 1378.5989 0.017573286
542.4064 1226.5264 1008.2551 2444.7905 0.01751069
534.76196 985.2088 767.03217 1644.2389 0.017455172
639.2875 644.1072 803.6418 1277.7831 0.017272523
483.20026 1417.9493 780.524 1238.4064 0.016920162
1015.4036 2696.7346 72.79775 1622.1241 0.01680178
754.9252 514.9508 441.18936 632.93164 0.016612059
530.5456 2745.959 1020.1071 1512.3738 0.01657408
774.2382 675.13904 508.48816 928.03735 0.015911236
360.7355 1132.13 634.9938 2145.9207 0.015851796
635.60175 557.2877 816.3068 1108.0546 0.01580898
735.5886 2159.1235 618.9692 551.6873 0.01580809
348.47134 1912.3169 303.92303 361.64578 0.01532167
328.99985 1915.6954 373.4459 394.92413 0.015151435
440.0807 1363.9469 717.16956 1473.8347 0.015120734
787.99384 656.03357 469.60898 854.72473 0.014663883
717.0542 300.51694 665.63385 597.48 0.0145214405
681.3698 1755.7253 723.5238 1255.8989 0.014393601
577.55725 2192.5767 935.5301 520.1405 0.014244591
757.5257 484.76495 430.20657 576.4155 0.014138409
338.67612 1554.1588 473.38263 977.6763 0.013604451
809.5621 417.2572 468.63763 752.76605 0.013570764
715.1163 1736.561 665.5735 3464.5903 0.013455446
577.579 799.5008 930.4181 1603.2405 0.013408876
582.99805 2203.1404 922.30286 499.75494 0.013322948
877.9623 297.24945 345.27158 589.112 0.013055754
927.93616 167.7814 153.14053 167.5144 0.013001961
717.7424 1740.8535 660.7278 1378.8402 0.0127034485
712.106 1731.6299 671.672 3448.2737 0.012494057
440.98145 1330.619 338.7011 441.04288 0.012437372
814.69415 669.6292 388.77112 643.03955 0.01230741
175.98639 1636.5295 131.25539 138.13493 0.012299524
370.5807 1877.8678 204.69394 246.82648 0.012272558
781.09106 355.41727 458.19424 547.19934 0.012232215
632.0523 1646.1051 554.9773 848.73114 0.011904658
561.6003 1318.6458 897.87354 1159.6309 0.011769011
500.34418 271.47034 225.2645 528.0424 0.011653692
720.4078 1941.2073 650.3892 1001.0408 0.011523836
688.32434 399.9373 712.2553 792.86884 0.011477358
541.76514 368.60547 97.37454 306.841 0.011473372
868.1511 31.02175 168.20723 62.84561 0.011352034
524.47266 295.12604 265.13052 572.60236 0.011247785
497.2083 1107.6478 696.14136 1278.6836 0.0112251
453.2995 1324.4146 672.7232 828.5186 0.011217132
797.2733 644.1007 297.63013 438.5577 0.011184574
405.5869 1750.5337 521.3137 629.5489 0.011174432
776.46844 760.455 514.92194 1123.7378 0.011091113
718.32385 425.99188 360.75375 449.04678 0.010797781
723.0331 1739.2173 651.87067 1379.177 0.010763289
1015.8522 2528.82 73.21233 1955.3905 0.010757243
720.18256 185.90714 647.7206 369.8272 0.010720492
945.4407 431.59103 212.47725 860.4277 0.010716053
800.95953 678.82385 328.14575 478.04123 0.010703403
547.3103 354.88278 138.01529 363.67926 0.010673523
873.8203 160.71495 348.33383 316.23932 0.010632102
827.53973 807.53015 440.14084 1531.2721 0.010624165
189.10106 1648.6777 166.62642 181.72289 0.010613509
563.2191 1303.1548 875.88 1078.8097 0.010601328
336.42255 1787.6506 462.3894 641.1175 0.01057895
768.1651 415.98285 265.80914 369.50598 0.010544567
639.91174 2161.0845 386.82437 256.60535 0.010484533
428.1047 1472.0461 344.96686 492.34674 0.010441736
491.37994 2221.5737 111.60707 135.9037 0.010406192
565.44135 1618.2719 218.87177 303.57657 0.010388618
628.7951 1023.73267 183.88696 191.23059 0.010380053
562.8951 1362.8584 899.69415 830.6993 0.010295888
609.599 2173.9236 354.32855 258.9223 0.010266756
944.36914 802.8197 211.29535 1605.3998 0.010143245
643.1374 466.11652 800.19617 930.20795 0.010136716
665.97076 2194.3535 474.84882 348.4478 0.010135395
396.56345 1199.0948 710.6661 2330.1545 0.010042655
616.57306 1608.1141 552.5628 775.112 0.009954941
856.8061 558.49274 381.67313 1025.4609 0.009887401
575.89087 639.38995 927.1796 1282.1295 0.0098617505
369.2614 1376.976 618.57806 1587.8203 0.009843864
429.7036 1873.1364 608.1369 672.4202 0.009819706
538.2494 2201.3083 210.65276 184.07722 0.0097422255
850.5866 417.10733 395.5947 829.36835 0.009733985
372.0692 1308.2803 511.3888 839.6172 0.009688523
687.2623 325.70908 459.1871 593.94727 0.009627404
619.78094 1041.5917 252.508 252.8855 0.009599465
721.2854 2110.3557 521.88934 444.62704 0.009532146
533.2188 1933.2974 814.36444 932.65607 0.009474336
514.31036 1459.2 321.6802 553.1102 0.009467903
787.4128 921.71484 504.94107 1005.8706 0.00939141
716.94403 1511.989 661.96344 2980.5652 0.009378049
534.37335 1626.3081 1018.7268 2804.5137 0.009325304
837.92206 280.677 424.18506 557.4848 0.009275113
533.40497 2483.9739 1019.83813 2023.4036 0.009144378
557.17957 351.90863 165.61845 383.58142 0.009128043
563.58527 1891.28 643.45844 809.00165 0.009097357
517.12366 1272.3279 638.85706 705.6034 0.009083342
411.8103 787.86804 335.23676 577.50665 0.009056492
485.38303 147.8576 182.54527 287.40048 0.009053001
333.21228 1648.5018 559.9948 1334.2118 0.009031897
726.86115 1239.3182 623.9865 781.6711 0.009013833
216.80692 1671.9137 216.6692 229.1291 0.008968859
883.5378 314.6951 334.58746 620.49567 0.008965054
715.6072 50.291924 659.01416 100.1478 0.008814383
561.49805 1718.5598 959.6891 1446.3268 0.008796812
871.5553 861.80756 295.28928 434.25687 0.008761876
367.614 1076.9116 273.9915 360.17383 0.0087380875
627.4757 1055.0099 256.54346 264.69626 0.00869057
401.0618 1053.7355 206.1129 321.35306 0.008667431
752.25854 1084.586 584.5322 1051.4194 0.008598292
99.652695 2068.2612 181.62154 357.59695 0.008497873
661.1044 431.86325 395.77512 671.85175 0.00844728
800.71716 1259.6272 490.57965 726.4737 0.0084124645
329.72977 931.6131 470.3663 1748.1865 0.008337828
833.9071 275.8234 429.62698 549.9314 0.008299726
838.5637 632.8433 219.79614 346.91324 0.008196011
897.1643 171.3839 306.36877 337.58783 0.008156237
1018.29065 2784.4453 64.55837 835.8885 0.008134025
425.59525 1663.431 494.00897 671.2725 0.008129294
608.99023 1085.3079 570.68427 980.0324 0.00808931
1016.35065 2328.3052 73.05493 2352.1492 0.008054902
739.8136 403.90924 235.14835 339.85126 0.00803776
411.77115 869.8798 698.75507 1713.1431 0.008024563
830.053 895.6059 417.3407 976.7624 0.007959935
609.7871 1990.1755 616.97797 729.5142 0.007933245
551.90906 1274.1132 959.47833 968.7915 0.007919439
309.7187 1995.9131 386.24594 274.6975 0.007918802
445.28384 585.9192 445.9065 1145.0898 0.007875931
404.07776 567.12213 349.5025 1095.0714 0.007874851
569.7686 732.0421 950.8342 1479.3518 0.007856711
785.5995 2133.9119 522.5655 617.0183 0.00784474
637.5789 389.925 811.6591 776.071 0.007832465
976.0321 306.2824 153.42708 501.7108 0.007773843
796.5878 661.80676 340.37085 562.1092 0.0077720415
382.1148 448.3613 286.0939 769.79333 0.0077535226
947.5663 606.1714 207.54294 1213.4706 0.0077401
349.87738 684.0818 503.97 1342.1477 0.007691115
338.16968 1096.8744 277.42264 337.78403 0.0076834075
445.38327 1375.7659 214.06517 309.57077 0.0076689445
456.5921 640.2845 563.436 1263.6259 0.0076652803
400.27237 750.69586 383.0004 819.4911 0.0076566776
320.00037 962.7033 555.58923 1907.583 0.0076084756
458.29303 1868.9296 459.2534 486.0976 0.007604031
1041.0199 281.2384 24.217081 565.0054 0.007603408
826.5592 627.52356 443.16983 1260.1476 0.007601613
527.9223 313.58966 307.4491 622.22424 0.007543831
233.73201 1506.0199 271.437 556.2409 0.007543824
691.77655 1768.0259 676.1279 2294.273 0.0075085624
440.38086 1199.6364 582.6119 643.5697 0.007495887
800.7188 1945.9349 495.61392 998.68353 0.007482865
137.90085 767.9902 266.78748 1549.5669 0.007452424
465.41733 785.3501 278.0214 465.37537 0.007391187
491.51978 803.0589 399.06058 654.3664 0.0073872106
527.7912 2646.8088 1028.5063 1717.3849 0.0073451344
440.48026 1082.7638 680.2245 1265.3376 0.0073246057
634.67065 429.60092 480.02277 840.57056 0.0073046763
430.19232 1196.9264 724.51825 2036.4604 0.0072880425
831.9682 1849.5824 435.45663 1193.0262 0.007271526
226.57338 1771.6736 251.10727 415.9904 0.0072499514
570.5905 2190.4214 829.5104 502.79214 0.0072321477
306.63647 1980.8344 506.4287 521.45575 0.007230251
371.05835 1727.5789 522.0559 1376.5927 0.0071712984
682.7228 183.61507 364.05676 359.4286 0.0071520265
675.0879 102.24114 239.8603 196.50383 0.0071319863
608.9467 1092.8787 361.40054 406.23917 0.00712388
1039.6564 137.65572 26.96528 273.88727 0.0071200095
506.08887 1931.7666 761.2582 945.4012 0.0071004173
363.28403 861.24725 623.19855 1692.6807 0.0070769372
867.8425 941.46515 342.05865 644.23584 0.007008416
883.6136 209.82906 333.29953 416.64957 0.0069898474
472.75964 1648.019 356.96484 434.85538 0.006979443
652.34753 2154.957 250.6743 221.04515 0.006977358
627.9941 1678.9474 370.1663 487.24316 0.0069379513
597.66754 359.12857 217.4645 380.5312 0.006937633
947.52856 623.2236 207.59904 1248.8959 0.0069344044
375.42963 2118.2134 676.7242 641.74097 0.0069235736
402.12265 1658.7397 543.9574 400.773 0.0069227866
776.6784 615.0556 457.62253 436.82358 0.0069093495
873.3967 677.6791 220.57338 352.2785 0.0069013443
129.50462 547.46826 256.77698 1099.5261 0.006879371
208.519 1496.0172 209.6411 463.001 0.006861984
551.2637 1708.6558 983.7575 1464.4766 0.00686186
715.25507 2196.4717 290.78186 326.4344 0.006822242
1049.4573 313.8653 7.217065 627.7018 0.0067860675
871.69073 736.9459 352.465 1490.8531 0.0067575015
361.99048 290.9882 231.95815 533.54816 0.006730314
350.1235 1073.1117 343.74466 479.1946 0.006718631
837.1088 756.9256 381.18683 801.0465 0.0067074643
580.4193 1572.2238 340.78333 781.76337 0.0066658678
187.18253 2119.335 340.54608 426.945 0.0066490574
514.3476 3259.5432 1023.5132 500.41653 0.0065630362
835.4741 2216.274 349.01788 406.01505 0.0065497467
834.9184 342.94995 423.0742 671.4901 0.0065330104
674.9046 447.3654 319.9561 456.45975 0.0065270895
714.6707 1669.058 456.45462 828.45654 0.0065261927
1017.2287 2210.315 71.14174 2587.0447 0.006473824
842.6396 2159.2969 256.2407 326.11887 0.006461803
1009.33276 1943.5785 85.938 134.30075 0.0064513874
785.5444 379.72833 270.18436 621.6491 0.006422645
699.01575 346.2186 192.4955 283.8571 0.006417069
113.28024 30.46498 227.38354 60.603268 0.006403512
410.64755 985.63446 517.0995 1017.3031 0.006386254
873.75256 1276.8376 347.50256 658.5742 0.00638166
799.0383 419.86096 188.05316 261.06314 0.006371862
873.3334 145.7203 351.07248 289.12228 0.006329018
693.43774 1706.7498 410.13205 615.8368 0.0063104765
508.46207 3087.5176 1015.8842 841.8852 0.0063078813
905.4462 2209.8208 289.94537 440.52066 0.0062996405
536.19775 1621.236 268.98648 342.79797 0.0062684827
298.19516 1764.6981 330.86517 393.82837 0.0062595126
1016.3799 2211.5955 72.444016 2586.1191 0.006256168
385.95328 1538.5532 531.7045 959.1027 0.0062384913
435.5155 893.5321 562.5926 935.51447 0.006224952
679.79565 1243.4736 455.64368 664.014 0.0061969096
636.2912 2248.2678 784.1473 2438.124 0.006167782
402.66412 1496.8032 203.00201 345.571 0.006147973
574.13763 1646.0809 352.60336 471.84695 0.0061367163
248.31584 1342.1803 398.65317 1127.9253 0.006091999
863.39264 142.02414 349.4468 281.0056 0.0060909973
867.2462 1185.9517 359.44943 844.4401 0.0060732667
904.256 805.445 248.43536 448.2661 0.006061529
712.05304 802.5073 672.5654 1598.2129 0.006028346
678.78687 2129.38 247.36272 243.41594 0.006020816
611.101 554.88446 436.57565 1061.1147 0.006006653
871.32056 4.7180724 373.88754 9.502656 0.0059289355
457.2047 1084.0243 573.9557 485.23163 0.0059272107
1006.6623 163.76907 93.763054 329.18948 0.005921513
959.7827 37.30318 191.92691 74.59627 0.005915001
717.8183 81.930244 623.0926 161.57552 0.005902266
344.76923 1998.4069 238.85309 223.617 0.0058883466
1011.86523 2262.12 81.25428 2476.1892 0.0058833943
531.1013 1549.56 312.57645 460.86935 0.0058520855
853.26324 605.5383 334.71594 519.76605 0.0058519854
982.95465 312.52838 139.89233 520.0037 0.0058456445
839.5706 772.92645 390.5731 752.51105 0.0058153206
521.9432 2163.5203 607.1256 425.02747 0.00580399
658.71735 1682.3876 358.26907 864.67267 0.0057927533
1017.1268 3273.562 62.3851 461.72305 0.005756133
854.2446 297.22403 380.56104 595.3654 0.0057390584
944.36273 2930.5396 208.47563 1143.9263 0.005738487
687.19824 1100.652 312.97928 375.9113 0.005718349
580.9436 2018.8641 468.61636 580.128 0.0057179015
960.9566 6.493098 185.77371 12.796416 0.005693625
365.91724 1048.7101 648.0455 2058.5364 0.0056909234
419.59106 429.03717 376.55533 855.9176 0.0056890403
976.8292 4.28361 153.70114 8.659337 0.0056808167
832.494 1085.7174 422.2995 963.779 0.0056622033
895.0383 462.00766 162.17963 217.98283 0.0056424434
197.27223 1734.403 217.33057 332.36252 0.0056256456
370.98285 1797.4019 487.14578 569.6622 0.0056000273
95.83826 1742.4437 163.84529 675.9291 0.0055799014
500.52982 1717.4153 362.9261 544.30206 0.0055511408
513.1997 3361.853 1029.918 297.13303 0.0055429474
905.2653 1156.0656 284.52628 892.1718 0.0055422033
814.14325 577.1988 296.21158 526.02026 0.005523866
381.65958 2150.345 486.1998 457.28558 0.005523455
626.17737 1124.3418 268.55865 388.6127 0.005453155
367.03583 782.97003 326.56293 771.00653 0.0054515316
647.8653 1916.6835 394.4247 716.4239 0.0054508927
796.4544 625.3389 205.03459 367.49356 0.0054355003
89.06117 1849.7986 152.73717 464.4506 0.0054350207
238.12029 2171.0334 439.1591 510.34302 0.0054339278
877.64746 2154.8767 345.0288 549.4701 0.0054199835
408.68906 2153.8284 223.30296 273.38275 0.005401738
483.97336 1706.809 316.41742 561.1509 0.005391766
911.906 935.7962 259.37234 586.6927 0.005387702
971.7688 2919.8535 154.51059 1170.3759 0.0053859977
935.7987 2169.9233 230.31017 525.20905 0.0053807176
1011.5723 1746.6434 80.8362 3487.3582 0.005364815
488.68478 1621.83 366.06064 1162.4924 0.0053527625
784.6885 675.3183 391.49478 643.56006 0.0053321626
501.32343 2205.8953 328.438 444.33206 0.005323929
455.13422 1870.6006 705.4707 1904.0756 0.0053089885
516.70917 3423.0007 1015.72974 184.64636 0.0052663926
553.0816 2178.0261 376.10703 345.85562 0.0052494234
843.7033 72.78494 417.5261 144.51413 0.005216044
394.59607 1986.9296 379.17563 559.9465 0.005201104
570.7032 490.36108 915.1626 961.0325 0.005181598
493.03705 1620.9734 260.72366 323.99506 0.00517415
800.99225 1206.6913 495.4068 2308.8547 0.0051692217
597.1488 1639.6989 184.93799 257.43915 0.00515362
900.70984 456.08856 185.13322 262.8073 0.0051480248
892.43353 26.496641 331.3572 52.2498 0.0051195184
872.711 12.029732 378.89532 23.574932 0.0051099365
627.8978 1942.5554 258.1873 353.06577 0.0050140438
832.1732 1169.969 436.5528 2369.1165 0.0050137206
436.48654 2097.6313 762.3662 692.3077 0.0049667233
816.5008 1929.7637 445.51285 831.1349 0.004962024
671.6433 1136.8546 739.2774 2073.3965 0.0049505243
430.57825 2167.733 220.83713 276.42465 0.0049278294
101.01093 3029.634 197.25865 954.704 0.004921308
344.7987 2061.259 320.60214 282.918 0.0049157464
381.89258 1999.0454 663.5028 889.7364 0.0049146367
914.4728 1744.0552 277.8484 3485.195 0.0049122022
734.4731 356.073 157.19235 233.80664 0.004900569
847.61694 429.62424 196.74315 313.87518 0.004899567
937.79926 2232.8357 225.70244 366.42688 0.004897468
912.65857 1217.0966 275.193 2445.3572 0.004864095
1043.9536 2074.8496 18.37192 521.82996 0.0048635365
803.5836 2102.339 181.05887 250.47116 0.004859677
746.8987 2087.0522 323.52206 430.85724 0.0048334887
733.9201 2244.4902 417.02142 411.6275 0.004823686
925.6034 1340.6855 246.88612 522.6554 0.00481912
435.56387 819.02936 373.98416 437.42328 0.0048151445
901.7692 2053.2017 269.0175 346.99673 0.0047997683
768.5359 1296.0923 232.66884 351.32953 0.0047788993
1004.8552 1940.3726 95.72596 307.18356 0.0047662547
522.76685 2503.0894 934.1163 1086.2903 0.004760646
469.1558 1705.4961 370.12543 448.32465 0.0047523864
812.145 1627.3419 347.81735 661.7645 0.004744335
475.0779 1532.815 224.2164 363.02704 0.004738793
892.2974 778.4762 209.39835 329.26984 0.004714949
317.70615 2922.9197 636.53 1167.7809 0.004703421
469.2141 1236.4133 717.6364 705.1657 0.0046906634
1048.1492 320.67447 10.264412 570.2786 0.0046898173
642.28613 2961.3962 774.952 1075.8639 0.00468848
923.66144 2157.0896 255.32196 563.6763 0.004664864
1017.7002 2365.9197 68.67051 1484.0757 0.0046545686
420.02933 2212.933 301.822 369.06256 0.0046508587
469.10062 767.5921 174.73204 198.24397 0.0046471916
155.39503 1185.1066 218.26785 580.59576 0.0046396214
568.7524 205.7785 155.79016 337.9795 0.0046365615
771.5367 616.1493 195.03638 330.8129 0.0046293004
800.6822 1652.6229 215.46623 328.06714 0.004629061
819.3965 1725.0142 465.07242 3350.646 0.004616088
750.77106 1664.2108 244.83093 412.59738 0.004612323
212.56456 1501.4783 215.12315 460.73166 0.0045820912
846.48376 723.0751 386.52194 908.1766 0.0045749783
1014.21814 2801.9211 71.46699 819.562 0.0045688734
1004.99255 416.69778 96.661575 836.4965 0.004562825
840.0031 616.2202 204.28142 357.33075 0.0045387703
554.395 2109.8242 212.73544 307.86307 0.0045308205
647.9055 2061.7131 350.7304 499.0939 0.0045261257
574.7252 891.9568 337.9191 487.87973 0.0045138127
421.70288 830.3907 403.75473 650.7101 0.0045125936
554.0434 1908.1947 261.94235 352.59048 0.0044994475
396.06757 44.8638 310.01654 88.42695 0.004480538
960.8797 2904.124 177.03664 1195.4769 0.00446981
606.18427 2173.7131 349.4331 547.444 0.004448462
533.8961 2946.1814 860.0962 885.0309 0.004401377
474.07205 649.4367 192.19565 322.6042 0.0044002067
835.85016 777.6935 206.62483 340.12946 0.0043835957
65.603745 534.1072 133.51115 850.73865 0.004367057
836.3095 2177.2043 155.44218 255.55191 0.0043554762
476.30255 1616.5061 192.78012 283.53467 0.0043407823
723.983 2250.808 145.93654 215.5358 0.00433871
113.18926 72.06515 226.84807 141.74551 0.004330626
500.94775 2125.432 245.34486 421.13846 0.0043280893
355.9974 3258.486 317.53717 495.7199 0.0043253843
981.5184 9.937915 149.90782 20.13912 0.004322707
998.7844 1940.876 107.68391 214.48528 0.004310912
882.38495 797.3074 336.51337 1611.7518 0.0042866343
468.606 1899.0032 328.43405 353.46323 0.0042857593
408.54407 1962.9982 635.3041 1801.7693 0.0042690206
530.8396 2717.4802 829.2293 1776.991 0.004259341
764.9191 361.34436 153.6526 230.94054 0.004255252
557.5938 2056.359 220.13913 326.20987 0.0042220824
776.8802 1929.601 580.57684 1664.4706 0.004221938
243.63051 2055.8389 272.66354 305.7801 0.004202056
947.3979 1265.4019 203.27919 685.1437 0.004189638
359.09552 3225.79 728.4529 612.87256 0.0041761636
618.76324 2127.012 350.28735 583.74915 0.004173612
897.2257 137.50502 158.53885 249.06483 0.0041671745
510.43192 1598.9122 441.447 706.5781 0.004159448
868.7903 1213.9572 364.2857 2454.0317 0.0041512554
3.3719585 770.78107 6.609263 568.88525 0.0041506956
674.0224 2219.0613 228.03336 400.32312 0.0041499822
741.79407 1172.6676 595.244 872.07996 0.0041340073
230.48177 1848.4437 153.25996 194.52196 0.004121993
1044.162 1963.2131 18.040648 888.3721 0.004115994
632.22327 2720.6196 598.5369 1060.5627 0.004112696
747.78894 2086.899 595.4086 673.7829 0.0041096853
870.1471 101.32156 367.0706 200.58725 0.0040916647
846.002 135.4071 416.76248 265.17218 0.0040910547
94.92622 2941.5662 188.79182 526.3651 0.004090571
710.4576 48.8439 683.16516 95.098595 0.004083681
901.96533 1778.6357 295.48016 666.3353 0.004082944
931.9949 853.3528 217.55646 413.21338 0.0040767766
909.1613 934.50903 210.63527 376.60913 0.004075054
682.909 1896.9679 177.61841 270.29913 0.0040656906
557.299 520.9547 991.6189 1044.342 0.0040631657
940.145 1380.8247 218.30238 457.18732 0.004053262
517.05414 2074.6816 223.90062 416.68826 0.004048218
426.66492 2196.4194 546.1477 442.215 0.004038601
1018.5779 2358.8894 67.451866 2293.512 0.004018501
871.4468 1736.3615 359.40225 3366.762 0.0040166616
310.8507 3100.264 538.2903 844.7321 0.0040098876
1022.8875 2450.1917 60.722275 231.263 0.0040018023
948.12915 1216.8708 206.6612 2463.8945 0.0039935014
407.34106 2138.7046 445.03214 606.8635 0.003989405
803.15594 1649.3274 190.43604 278.4485 0.003973651
538.0034 1632.035 188.81429 281.9623 0.0039735963
940.4387 2109.6426 221.13632 663.24915 0.003971751
1014.93414 2255.3657 75.760315 343.69806 0.0039571114
663.30585 2231.8237 266.26898 401.56213 0.003948956
93.57854 2174.096 164.8963 392.8343 0.003941189
348.4077 290.95895 216.4735 580.115 0.003930989
733.449 2309.9795 329.06863 452.43225 0.0039297794
389.41367 2181.8467 159.15862 224.5923 0.003923446
198.30573 3323.0713 333.16656 377.95322 0.0039078807
1016.12585 1757.2583 71.24597 3464.087 0.0039024279
1018.50024 2761.8699 66.46376 761.5648 0.0038825565
583.3458 3469.6372 846.9602 95.11708 0.003882158
609.2719 3293.3337 234.88708 423.5653 0.0038808344
579.81134 250.21167 466.66437 500.9126 0.0038790207
362.78696 227.8607 251.24614 473.67523 0.0038680367
594.2913 2050.2122 299.06796 448.8065 0.0038657866
491.79446 1876.1931 721.2231 1090.5859 0.003857776
518.5955 3485.2634 954.03265 67.01613 0.0038517523
1014.13385 3270.9055 63.96787 475.58377 0.0038429364
413.3891 1474.6033 204.39731 244.95755 0.0038290187
530.8016 1921.265 174.10617 249.2069 0.0038279735
317.4069 3273.604 463.42923 504.33508 0.0038091599
414.8656 611.8745 322.1358 1200.9735 0.0038054108
980.07544 2010.7887 143.38042 878.3572 0.003801322
1032.9883 1968.3644 39.225338 893.5968 0.00379511
1003.9097 419.18304 100.06429 356.7032 0.0037886272
763.1241 1880.003 175.22707 279.6457 0.0037783077
481.40018 2279.8577 437.86426 382.3828 0.003777943
287.6549 1586.4963 166.35341 230.1544 0.0037718604
3.4436522 300.836 7.0193415 551.13904 0.0037586263
1031.9138 2565.68 43.527184 214.65138 0.0037585567
744.5757 1636.777 192.04831 278.84464 0.0037567234
1013.3537 3108.5925 64.53624 627.89197 0.0037490395
722.6797 7.969615 688.1457 16.051765 0.0037358871
418.95065 584.13 408.9507 1155.3336 0.003735342
581.8822 2034.7714 303.43793 535.6227 0.0037327346
470.47095 1118.496 489.12003 1170.1896 0.003727739
1025.5812 411.90817 56.5741 305.9804 0.0037229413
364.17163 2009.6877 351.87125 514.1027 0.0037202628
475.00296 2236.7903 59.23077 94.474525 0.0037119845
988.8968 1957.5979 131.1249 281.06726 0.0037058496
1049.7207 1973.9968 6.716227 746.11145 0.0037009742
11.377391 749.9737 22.189009 927.1945 0.0036946693
292.17938 3321.0598 374.08304 393.2236 0.0036775707
387.7815 1742.111 550.42834 1353.5034 0.0036731947
536.1874 1486.1992 194.24657 343.97153 0.0036684426
344.29996 2000.5715 153.08467 189.01875 0.0036546718
753.8351 4.5739903 622.6147 9.05768 0.0036383125
997.5035 1958.8141 110.937546 496.62143 0.0036380154
846.6218 1827.821 408.56 1214.4203 0.003637141
1017.8896 2698.2588 66.69965 644.64557 0.0036331909
1012.33307 1997.5999 80.03854 901.4811 0.003618954
562.43744 275.9183 980.6776 555.89606 0.0036083334
1027.649 2181.9104 50.90935 388.40735 0.0036027948
20.27808 188.32655 40.595207 376.03128 0.0036007757
133.88223 3435.4382 257.5256 148.89192 0.0036000144
762.7257 623.59937 249.63329 572.165 0.0035967112
954.25793 1610.0789 197.97084 3270.2417 0.0035897815
1017.88715 2937.7617 61.926907 249.47087 0.0035798892
1039.2897 2712.0073 27.784119 619.3294 0.0035789812
492.2354 2310.623 297.98563 315.4615 0.0035770517
599.7958 1931.2456 158.0605 260.52817 0.0035586737
959.44324 2495.5674 185.31326 2019.4624 0.0035531626
1046.8872 606.47845 13.06 1244.4901 0.0035516652
718.6083 3.5928953 732.7949 7.2577777 0.0035506038
652.60834 1843.9792 317.79468 479.0009 0.003550069
794.0841 3165.0444 267.20822 618.2956 0.0035493572
131.0503 3238.144 239.17157 535.87616 0.003546222
309.0594 2885.9773 549.1054 771.1883 0.003542246
958.6293 612.13086 186.43346 539.7035 0.0035366677
177.85448 3247.0955 313.1912 498.6042 0.003525562
562.1855 1793.514 300.07916 497.0702 0.0034991314
689.10876 2360.4163 414.95673 505.8396 0.0034991112
635.07513 2461.3955 465.90842 1953.6123 0.0034938196
1003.1275 2861.322 83.322174 416.69202 0.0034928801
228.30981 1984.6625 192.09232 188.2145 0.0034858647
354.74487 2078.0708 348.5381 409.3505 0.003480481
853.12854 1395.7122 158.61212 313.09567 0.0034710334
574.27155 2974.1187 536.255 670.1198 0.0034702355
936.2638 2724.9897 229.51933 1558.8698 0.0034660972
248.42241 2841.5518 322.94275 328.31 0.0034655372
557.34546 3334.374 261.39963 352.3688 0.0034593937
421.6825 764.91907 243.9683 570.0608 0.0034541488
336.65985 3390.2102 624.82623 250.36191 0.0034415266
310.2164 3420.8691 275.81662 180.19115 0.0034376136
507.60547 1970.9244 164.65555 227.04407 0.0034362518
306.98035 2980.67 383.76178 589.6442 0.0034306324
152.36362 1329.4167 229.46597 936.87714 0.0034269418
921.41016 865.915 207.2316 384.74017 0.0034034322
901.8152 3179.5786 190.89758 622.67926 0.003396241
804.84937 1229.5797 310.66296 502.36014 0.0033814474
1045.575 2351.1106 15.711205 591.6709 0.0033726257
396.30087 475.45523 320.6187 874.0048 0.0033555336
609.0822 687.6297 210.90991 316.16077 0.0033546153
1016.1102 3179.829 57.77404 636.6508 0.0033498344
502.6599 2253.3748 344.6553 346.54755 0.0033446169
1013.153 2269.4775 79.00783 469.32263 0.0033429735
774.84235 1230.5874 221.51231 300.76276 0.0033355134
817.02264 747.21027 420.60065 847.02344 0.0033238078
223.58955 1897.8195 248.05875 380.12897 0.0033165277
438.12277 1440.4247 168.73892 246.70345 0.0033162425
533.02954 1749.2833 422.52975 460.7164 0.0033033516
436.10184 1429.5516 182.3624 180.82782 0.0032955143
600.85455 2902.383 216.51286 389.98236 0.003287628
920.2742 3225.8774 209.67587 559.46234 0.003280746
393.6614 2810.2073 239.31421 392.1444 0.003273832
703.1636 2410.5212 616.1529 390.04678 0.0032709814
912.88165 906.8742 242.27272 419.1264 0.0032493086
1022.8227 3168.838 50.154594 631.4549 0.0032431877
529.2822 1259.1134 637.83093 1093.8239 0.003242616
967.76935 2529.709 169.1655 1945.3799 0.0032389993
967.5003 47.677048 170.22266 95.16884 0.0032362156
377.684 3206.104 665.3347 849.6004 0.003233989
1001.1168 39.317062 108.76885 77.5035 0.0032306232
478.08264 1900.2278 644.3153 404.38992 0.0032155716
797.42773 689.6462 226.3848 370.46725 0.003204958
702.6969 3222.0776 242.4853 466.47797 0.0032009967
916.0548 1607.5413 271.09894 1654.661 0.0032000428
234.24603 3161.3276 325.43036 479.31146 0.0031953054
449.45602 2279.1863 410.0797 356.0524 0.003191039
633.17017 2896.3723 422.5431 488.27045 0.00317449
680.2613 457.63968 183.33408 267.31766 0.0031711962
926.61816 1986.2225 235.18105 839.6173 0.0031685021
840.107 2789.1843 402.4201 797.7915 0.0031611957
949.57 2108.8782 194.09586 646.5803 0.003157629
8.530941 395.49442 17.028095 589.87585 0.00315396
484.77856 1133.7916 551.583 1088.7931 0.0031536345
638.8639 1649.6671 162.68329 246.74763 0.0031410186
760.08527 2635.1711 447.81644 513.8405 0.003128722
222.75227 807.3933 119.97218 319.3534 0.0031238638
506.20847 1840.8414 285.1965 417.68964 0.0031202487
909.50903 1780.8347 287.03528 578.49744 0.0031115308
666.57574 2201.3408 104.708595 161.78389 0.0030924603
572.34033 2344.1306 214.81369 216.04015 0.0030817124
541.4526 3175.3176 279.07077 436.88663 0.0030807634
370.79446 2263.4006 398.5311 395.48535 0.0030800032
485.6586 923.1837 371.52606 609.67084 0.0030778283
1007.87103 2267.3445 92.04836 360.1553 0.003063178
669.1563 570.1472 213.50319 477.943 0.0030553509
817.6491 2630.895 478.21942 1052.1249 0.0030486567
835.18726 2904.6506 225.66391 466.1055 0.0030435333
345.86948 1559.0116 182.89793 324.72656 0.0030333255
796.06775 2962.7092 252.03766 487.9612 0.003017849
977.83905 3063.2444 136.0249 910.18256 0.0030176467
557.424 2367.6914 521.0452 424.2459 0.0030165538
492.3549 1790.1099 302.71796 529.8359 0.0030132758
730.2498 882.5754 322.75098 563.13586 0.0030110292
649.54486 1915.5736 281.46542 507.4441 0.0030043116
1016.1146 2937.469 67.71088 1134.9674 0.0030029677
891.4258 975.5577 295.06635 631.44055 0.0030026722
904.8275 2273.7825 286.42188 572.1582 0.0029998529
230.48532 2721.795 380.43896 566.0576 0.002999679
812.72797 532.09906 258.4587 439.11142 0.0029981418
965.16266 1758.564 172.93294 810.3864 0.0029951802
1025.2432 2464.4944 57.33245 330.28653 0.0029912756
747.1735 2809.6396 244.6994 407.08472 0.0029912086
927.44617 908.5518 240.79216 862.77716 0.002991052
618.139 3449.477 704.2788 249.708 0.0029891971
113.085434 3475.5264 197.81047 74.87538 0.0029863378
524.10583 2743.6042 183.59366 264.913 0.0029836274
369.70956 1853.4266 151.894 197.61504 0.0029750804
1025.6101 2959.271 45.813812 262.789 0.0029719563
931.67834 861.19275 229.07996 580.23694 0.002970805
454.6738 1353.9014 399.92645 1231.9465 0.0029676585
807.20605 1057.2963 202.52817 282.79517 0.002961536
994.0015 1745.9075 114.44435 3482.304 0.0029609334
1045.069 2599.1018 17.45956 434.43555 0.0029528036
485.6984 1965.7491 143.71942 230.12767 0.0029519377
782.55084 3413.0833 385.22806 193.75003 0.0029483864
524.75085 2357.064 451.69424 484.56897 0.0029482476
643.44257 3322.3767 247.94373 360.4712 0.0029478355
982.7758 1324.1498 135.4927 551.14764 0.0029402967
339.84665 1423.6682 516.3487 1844.2585 0.0029383667
810.58514 2547.1748 333.2292 303.95032 0.0029370484
826.779 2794.7185 415.91544 887.7709 0.0029337448
561.21747 365.0305 77.906555 231.30287 0.0029331914
988.0412 523.1806 135.36324 438.49405 0.0029320535
176.15015 2978.2937 265.28427 427.7305 0.002931184
276.945 1827.6919 338.2696 531.12427 0.002930841
1025.4192 284.5492 56.3265 511.47195 0.0029304312
612.46735 767.92413 165.92966 242.27428 0.0029304244
945.4122 2647.1804 207.97684 1545.7423 0.0029277212
502.896 2419.5608 238.64186 244.03253 0.0029194467
413.40555 3077.8428 181.28877 328.8227 0.0029082512
988.6989 1052.6122 123.30613 1118.0182 0.002900426
459.86578 2700.5537 187.42908 280.9663 0.0029001997
55.87563 1246.0681 103.638954 539.8836 0.0028951424
821.76355 2983.3335 225.12415 464.36484 0.002894187
928.18726 2141.5222 257.43176 1241.5425 0.0028822059
1022.14014 2935.1184 52.621265 330.2706 0.0028778347
690.0134 3404.2205 259.86786 226.10623 0.002876196
990.6645 2035.2877 122.04884 2916.7878 0.0028731
330.55905 2768.732 378.23828 481.99176 0.0028706396
634.18555 660.7804 180.32811 223.14484 0.002858447
795.0159 1132.7262 230.04723 310.6951 0.0028530483
653.04504 3186.6377 252.71178 423.03342 0.002842434
686.5352 2877.1235 822.8586 397.09677 0.0028406004
1019.6403 3353.0344 53.66216 299.73074 0.0028356817
717.44073 1992.0789 150.95822 275.81656 0.0028330442
462.62817 2999.835 172.78514 316.71933 0.0028307955
909.6319 446.16595 141.36304 195.79135 0.0028258087
549.25635 3447.8262 882.8421 252.1912 0.0028239512
940.0174 1142.8651 216.47311 936.87463 0.0028235994
976.39374 2593.4849 149.27866 405.84164 0.0028232918
1007.6672 1806.7473 87.22406 3433.4258 0.0028226662
942.5629 591.8711 202.58893 1033.5918 0.0028162622
376.8623 2067.4214 132.36548 158.31381 0.0028009457
540.3191 1748.3568 1017.15656 3457.5366 0.0028004195
980.46576 919.1788 137.45459 437.73364 0.0027948709
878.3769 3151.8577 180.55684 528.7902 0.002788173
719.0832 1194.4996 240.5496 305.83807 0.0027808866
910.0044 1342.4562 290.3908 524.85236 0.0027793956
494.56937 3103.858 189.7699 297.28357 0.0027785497
964.21967 2882.9404 172.36708 1260.6301 0.0027747736
865.1225 2328.8528 356.78278 913.04364 0.0027698523
630.94165 3332.247 242.5295 302.5624 0.0027548163
406.6144 2953.105 311.36084 350.577 0.0027491353
700.6353 1688.8184 160.3061 216.55856 0.0027381384
1036.4855 616.18774 34.313587 1241.1194 0.0027277584
937.2463 3130.6929 140.62851 534.8088 0.0027201339
782.6434 1568.2388 206.93315 304.0842 0.002707169
1038.4996 1859.7655 30.577682 275.13095 0.0027057414
467.77463 1664.8529 630.4395 1069.7896 0.0027049182
330.0054 2415.9556 562.4468 1386.9735 0.0027041247
904.86554 3143.1648 155.38768 471.89444 0.0027027272
820.66815 3201.6296 303.729 588.85706 0.0027003144
846.449 1228.862 163.71227 266.55038 0.002697945
951.35645 924.84674 189.53879 881.00085 0.0026863995
351.27362 2756.7559 449.9127 534.0993 0.0026861555
953.1545 766.7376 170.69353 308.29248 0.0026857837
824.26514 3335.5784 194.0116 293.42035 0.002683334
569.9223 1910.5044 181.00424 272.41232 0.002676993
249.17159 3231.21 204.49753 247.68741 0.0026761312
736.47626 786.6684 263.473 326.69064 0.0026745955
282.66428 2856.9192 304.07098 381.62473 0.00267406
695.305 2594.4517 258.5833 316.27344 0.0026739684
541.44855 1748.7654 1008.2318 3471.4644 0.0026679223
942.6368 2434.9578 224.1918 2169.328 0.0026611062
712.74286 808.8033 210.29543 261.9653 0.0026512395
781.9402 3398.2456 439.20804 232.4369 0.0026482982
613.68414 2628.6765 218.30411 354.25345 0.0026474583
878.6205 3431.1643 296.2786 157.39325 0.0026353823
977.3687 1420.6355 146.67726 375.05606 0.0026341984
378.28403 2685.951 181.00845 266.73572 0.0026286806
1020.8413 1789.099 65.499 395.61078 0.0026255231
994.26373 558.9355 122.86865 348.80692 0.0026241066
56.838917 1098.9397 112.2994 361.84155 0.002618935
554.42175 2249.4805 357.48843 393.50128 0.002615931
399.43665 1731.8535 475.21832 536.71 0.0026133198
995.829 2836.7673 91.384186 349.3157 0.0026071093
918.5452 2623.6455 148.21725 331.52737 0.0026029847
39.651855 1160.0126 76.23666 443.3725 0.0025982957
1020.61224 3168.3533 50.96931 408.04596 0.002591603
529.0105 3425.8828 265.9234 169.98943 0.002589523
1020.8723 1997.5417 65.49708 952.8995 0.0025769742
591.41785 1728.498 266.15085 499.65268 0.0025749758
939.337 561.0128 170.2561 212.06145 0.0025711174
999.6897 635.2561 109.28679 405.21106 0.0025658193
907.5033 1708.0355 286.2891 1453.4738 0.0025591746
326.154 1956.9562 303.68723 256.43655 0.002559165
982.67737 3132.5476 111.49167 788.4298 0.0025529866
930.8593 1422.6309 228.25545 2040.5273 0.0025463037
569.68353 1859.93 165.24797 262.6401 0.002535994
1019.1275 2553.0002 66.20731 384.7901 0.0025307706
715.45386 2720.3428 518.30695 1578.8057 0.0025293855
981.34796 1171.1675 130.47899 864.92944 0.0025281732
969.6116 835.6504 157.38454 321.0444 0.0025195612
509.0645 1885.218 213.717 311.19934 0.0025180709
620.8587 3451.825 810.1 229.25848 0.0025147866
1038.6227 1842.331 28.19046 1164.6746 0.0025070356
1004.8535 2290.4446 99.08317 313.4373 0.0024958146
930.74493 848.221 232.24826 398.25577 0.0024867898
482.85046 1546.966 158.63246 202.52095 0.0024835274
1031.8646 2225.3325 43.498093 432.7857 0.0024788752
957.7031 1936.3829 193.43965 346.16818 0.0024692349
1014.02515 2001.8955 77.17093 1638.1863 0.002467199
496.8791 1524.6804 187.76949 283.20135 0.0024612644
964.43646 1865.737 177.4117 312.75607 0.0024571444
620.6386 2597.9563 378.7822 572.95026 0.0024501022
1020.52594 3357.3855 49.356243 294.24292 0.0024485993
473.17328 2218.762 400.1009 442.15643 0.0024382249
1004.9219 858.019 95.708435 747.99493 0.0024372693
440.1373 2273.876 333.9805 397.0027 0.0024353375
1032.6935 3287.6675 36.923805 423.40076 0.0024284073
619.61395 3477.6863 263.43192 79.0313 0.0024158568
1017.4278 2934.7996 64.59484 1140.1812 0.0024104994
1003.93335 841.6776 98.44217 719.7047 0.0024091627
990.9574 1216.4604 122.764114 2478.7222 0.0024060179
1046.4596 2580.948 14.003602 322.02304 0.0024057478
646.9801 2496.7942 176.73865 184.00893 0.002395142
167.29445 2390.4043 274.0556 401.51736 0.0023908813
723.1611 1113.3605 639.5391 2260.9668 0.0023892475
890.6917 3463.1936 287.9695 92.16552 0.0023717484
1050.119 2414.7087 6.76725 1233.3153 0.0023319742
979.1917 3366.296 116.823944 282.91507 0.0023313386
678.7207 2884.0667 205.90446 323.8483 0.0023304338
809.1263 1023.4256 217.37181 275.82825 0.0023293311
1025.9736 3359.5063 49.03685 292.71252 0.0023256526
640.1181 2408.1294 132.30302 147.79356 0.0023106511
641.60333 3030.6348 461.6525 568.0808 0.002309171
1024.9707 3015.3005 47.032906 252.81761 0.0022996804
578.9886 2489.8137 178.66441 232.46626 0.002296433
1015.76245 1282.3588 72.31171 670.67334 0.0022858123
1024.1842 2093.2898 56.402405 3002.416 0.0022856721
992.2927 1715.0596 119.81891 1473.5262 0.0022719663
719.59717 3478.6245 246.43517 86.61746 0.0022706373
966.31573 1233.3333 172.61172 2433.1936 0.0022656766
549.50256 1244.7649 1000.96326 2410.225 0.0022649341
599.3998 2672.1667 175.94208 247.90195 0.002256373
491.6318 2227.4922 97.37944 119.48292 0.0022545261
519.7524 1942.9224 750.6691 346.8433 0.0022429791
1031.8795 43.87091 40.37378 177.98048 0.0022376708
1033.1346 718.2114 40.80694 443.4349 0.0022319802
754.77075 3229.0652 419.7401 533.56866 0.0022208528
707.99805 2755.2444 218.33961 344.48743 0.0022185524
693.709 2299.8408 248.7281 280.59183 0.002217893
727.2422 3452.7283 616.85876 221.27113 0.0022132737
873.8552 626.2101 223.02264 588.2915 0.0022129894
1028.4995 1195.673 48.34655 994.0561 0.0022129694
991.30396 1775.1517 102.92132 3457.9985 0.0022001665
835.90436 2582.4724 235.58133 300.37772 0.0021985476
868.91815 3336.1396 262.73737 330.81348 0.00219205
655.2764 2987.4167 199.85312 297.5876 0.002186737
881.09204 3483.3135 187.13531 55.008556 0.0021839514
1021.6291 3434.4756 60.781643 157.60822 0.0021782513
1007.6271 735.57153 92.64726 412.80548 0.0021706468
851.9384 2958.494 180.986 334.5991 0.0021582157
920.3548 1537.981 214.65474 178.35843 0.0021519298
892.3425 3490.8638 316.6208 40.58661 0.0021456971
854.21985 2986.7996 181.31126 344.65964 0.002136939
1036.6313 3250.0542 30.609917 430.0582 0.0021331476
1031.0997 1758.8113 42.59425 1564.0233 0.0021300258
942.1901 2935.2068 141.90338 323.82095 0.0021110033
1013.65765 1843.8704 81.625496 655.215 0.0021065832
531.82635 167.22166 968.0992 356.52243 0.0021053797
837.2435 3463.3699 291.67957 86.030396 0.0020910983
543.11035 1751.8685 1003.93945 3453.9243 0.0020807944
839.335 2904.7214 231.3759 373.14584 0.002075005
1044.9493 2631.3533 18.230894 349.154 0.0020732326
552.2575 386.52072 962.28107 832.12695 0.002050721
797.683 3023.8135 192.43095 325.1747 0.0020425566
641.9999 2489.9446 368.4257 425.0591 0.0020404991
999.9413 2484.1733 100.605385 228.96794 0.0020148177
451.515 3495.7712 232.15172 37.3652 0.0019896936
1038.442 2313.4946 29.95164 2383.6404 0.0019882426
1025.7363 661.7152 57.536114 361.95676 0.001987167
728.44995 2723.757 145.91808 250.3941 0.0019633546
898.1764 2484.1975 216.31956 229.09042 0.0019629586
791.41693 1084.8818 158.1514 248.21701 0.0019596424
942.1571 3398.9558 205.89749 215.02493 0.0019574687
725.86554 2440.7097 308.6521 301.21292 0.0019419703
428.17078 1567.8088 199.96512 415.5735 0.0019392605
975.50006 2291.2327 178.1446 716.92255 0.0019372682
952.7073 3357.524 139.71283 287.75903 0.0019367759
991.83374 1559.9626 125.52656 406.49033 0.0019281371
186.70049 151.01671 368.07407 295.0022 0.0019166707
1051.0746 2821.1506 4.604538 753.7984 0.0019086001
853.756 2608.7637 230.86497 321.36987 0.0018722009
246.8264 1529.2985 415.1863 1386.3948 0.0018663486
698.48364 3423.5168 793.65234 54.277077 0.0018360558
986.7372 1728.3384 195.59294 277.75186 0.0018320943
1028.3705 3410.5137 42.706562 203.41113 0.0018176552
984.49866 813.0368 112.393234 1660.8353 0.0018108237
839.6846 2536.8333 197.35594 223.60027 0.0018069709
538.4223 1751.1455 1005.7438 3458.1157 0.0017997863
986.273 260.05182 155.96214 223.40622 0.0017879979
577.6997 1125.5275 892.7179 769.5816 0.0017821667
1021.8408 1770.422 62.712795 3493.6616 0.0017668372
944.8884 492.9037 166.51569 272.19516 0.0017593597
1043.1031 2829.7168 19.44796 457.4435 0.0017556387
1041.5037 1850.3018 25.651842 304.946 0.0017515337
543.3276 2139.6392 944.9887 2699.5825 0.0017498011
508.27386 1837.2051 307.72586 599.91614 0.001746629
371.3704 2224.5098 295.7015 432.26566 0.0017425406
1044.8735 1931.644 19.10161 1029.4932 0.0017304256
346.94992 1444.525 435.31635 714.76855 0.0016893286
948.7504 1286.236 250.62791 1301.0596 0.0016846274
972.1058 3417.5237 153.45221 205.58879 0.0016842883
884.36066 3462.5774 236.67957 83.87911 0.0016728027
1033.6062 3073.6765 47.58503 238.07489 0.0016635194
1029.8818 3474.257 43.723663 79.36558 0.0016574487
422.7153 1832.8135 550.62494 690.2734 0.0016417922
1030.6372 905.4578 45.072933 598.5044 0.0016302741
385.56998 2217.2175 447.52203 1173.7908 0.0016239564
1022.25653 1443.5187 61.854538 351.83908 0.0016234161
602.35535 121.00381 886.062 281.14005 0.0016149163
711.16907 3458.859 705.358 94.16835 0.0016126605
992.13934 646.7748 83.565094 855.09174 0.001609801
1038.6952 3397.0715 27.84972 316.33136 0.0016037595
975.49927 2462.5164 147.64061 337.4263 0.001599277
903.70264 995.31793 256.7384 610.8049 0.0015869683
736.27045 1182.1311 647.54846 2219.1938 0.0015853243
204.70848 1657.1335 309.2758 1644.7811 0.0015736717
993.40015 799.5104 117.20328 1672.643 0.0015720417
844.88104 2612.401 304.76907 299.95294 0.0015429946
1025.3673 974.2059 54.957405 449.41724 0.0015370221
983.6404 3488.6333 127.87906 47.89899 0.0015349612
452.11432 984.0043 657.75464 715.4732 0.0015297441
560.2629 302.9891 969.6996 660.2586 0.0015039715
748.5498 1314.7986 439.43097 2498.0781 0.001497985
982.8593 810.37897 127.88367 1652.8601 0.0014835232
956.01874 3493.951 173.61877 34.15058 0.0014688427
1034.8245 3456.6138 33.48641 114.457954 0.0014677024
1016.73566 475.20523 84.916405 931.82056 0.0014606855
376.87842 2662.9626 336.51642 612.0736 0.0014596157
1031.9941 3274.9229 40.650845 295.94247 0.0014536558
1043.1945 2916.5537 21.913727 412.64774 0.0014389902
882.0563 3494.927 258.4132 34.834427 0.0014337328
895.297 97.73988 355.50665 182.93423 0.0014309973
1048.9185 3174.411 8.99838 361.40244 0.0014309257
1044.9226 1086.5048 17.232977 945.2605 0.0014244581
1030.7518 984.7606 45.11908 480.343 0.0014163763
288.87317 2177.5024 240.73889 556.10626 0.001403882
1036.5251 3324.0984 33.632767 229.4526 0.0014022846
741.4819 446.54272 516.5724 858.94916 0.0014004488
434.1037 997.3604 743.2379 1260.5095 0.0013920392
858.31995 906.5821 270.68878 479.30035 0.0013764153
908.1163 3494.8416 222.16986 42.478333 0.0013622539
247.45738 942.03937 444.35196 1597.6183 0.0013605892
267.95877 1683.2808 377.99927 1284.1554 0.0013592778
501.82764 762.0813 443.94666 822.5182 0.0013538484
540.0333 1754.9769 1007.7037 3462.1885 0.0013410067
1012.3078 3442.0454 34.272755 150.83896 0.0013366198
591.6557 1876.2643 902.03845 1066.1372 0.0013357226
951.4598 3492.2095 153.4856 32.7718 0.0013301179
1032.1393 3491.8032 38.662064 48.10143 0.0013271297
1037.8461 927.17065 30.525293 428.126 0.0013200928
940.3063 353.69946 112.744835 477.0957 0.0012885248
973.3973 2423.6692 156.30688 271.13098 0.0012864015
1050.9175 1581.4863 4.497642 947.9537 0.0012752363
835.94476 2372.821 380.72888 414.83258 0.0012710068
926.989 592.31714 294.02164 894.1535 0.0012460136
643.3549 840.6875 269.49713 752.2872 0.0012354667
405.22766 2302.688 363.55673 657.8793 0.001234735
347.51108 1240.8925 637.3832 2495.9148 0.001220189
247.69078 1983.1718 360.5755 1169.7041 0.0012181145
523.03 2784.7854 462.8617 804.86066 0.0012133683
954.36707 3500.5823 163.76518 22.373957 0.0012023122
824.5832 889.64 253.21138 622.9412 0.001201239
956.17535 36.710804 285.83054 71.018616 0.0011832431
1030.2091 3462.9111 36.42882 107.9623 0.0011801269
598.6455 3347.8267 896.5581 86.148186 0.0011795986
964.2092 1349.195 229.27242 90.60965 0.0011769992
755.3465 355.1767 636.03064 495.17938 0.0011514829
531.48065 2304.2844 441.87717 971.6286 0.0011389593
445.967 2408.3818 523.39655 523.4975 0.0011382164
1040.585 3400.0771 25.934519 180.40977 0.0011344191
847.5425 810.5538 389.05157 1286.3693 0.0011138677
454.48807 2199.2527 307.54083 412.58105 0.0010827014
646.02826 1919.5914 501.06418 527.76196 0.0010786687
1042.9653 3376.9207 21.05788 199.70393 0.0010586053
605.775 1851.4792 594.6138 3311.7688 0.001045353
538.6521 1874.1233 907.2302 3243.8093 0.0010439572
921.4209 3439.352 396.50397 120.93366 0.0010268062
501.80334 1929.56 351.45523 390.07614 0.00097549637
689.7228 1902.843 440.7064 540.8311 0.0009183773
1003.2776 3508.4106 92.41407 11.184972 0.0008843497
729.5861 891.1605 589.9374 725.1748 0.000864857
1021.90955 3504.164 39.540585 35.62088 0.00083612016
614.38025 521.46216 569.39935 727.64606 0.00083276397
1048.5773 3446.133 14.174577 282.5706 0.0007997974
915.7426 2222.8655 454.52267 201.80235 0.0007734675
774.3043 1174.869 458.40158 861.37366 0.00076363457
545.338 3050.688 1000.4695 213.86421 0.00074875756
764.4105 3392.1838 561.086 48.148415 0.00068729254
877.3789 436.89844 532.44855 602.95264 0.0006832269
976.1795 2820.5654 456.42236 643.7712 0.00067144097
926.0114 1447.4137 392.29352 997.79175 0.00065078924
777.1067 2798.683 514.40204 561.2657 0.00061029533
749.52747 3159.6614 598.27435 143.49438 0.00060368003
916.7812 413.35602 559.4461 475.26855 0.0005954533
