411.80536 1330.418 816.49445 2625.3745 0.83201545
340.44736 1312.5472 672.6809 1661.8458 0.1581745
298.72162 1285.0302 582.5926 1567.6163 0.06124624
339.46255 1397.7644 666.9233 1477.3285 0.057772107
338.88058 1410.3037 664.83246 1428.0903 0.054595117
339.28598 1188.0635 657.3407 1384.0878 0.03742482
260.65012 1298.7189 510.31125 1600.7356 0.03616126
345.4503 1170.2052 673.7529 1966.5679 0.033270374
789.4805 1129.9982 69.07087 164.20644 0.03208993
411.46542 1331.8772 811.7354 2623.565 0.029006826
225.02402 716.1256 429.21335 443.37357 0.027064247
343.36673 1093.7169 665.5107 1788.5682 0.027036263
225.8879 759.0362 433.9838 539.74274 0.024897309
141.35188 713.1026 251.21938 282.88937 0.0232524
358.75195 1178.1644 695.0725 1988.674 0.02273613
336.61874 1553.4702 661.82886 1193.3877 0.021968761
410.52777 1141.2085 809.9078 2211.2903 0.02154847
363.44775 939.1586 707.42395 1635.3345 0.021089828
366.79147 1042.301 698.7475 1534.8994 0.019848833
262.21335 1140.8381 508.71362 1280.2007 0.019588176
120.38463 1147.9153 237.0072 679.4599 0.019286437
228.24194 1124.1166 447.42575 1262.1136 0.019109525
330.6919 1304.9182 634.26996 1045.1359 0.018363878
337.41504 1042.7502 643.2917 1097.9048 0.01791825
281.87613 1056.2445 544.8402 1591.7488 0.016852671
121.80074 1264.9259 240.64905 919.73596 0.01622261
772.5519 1128.4547 103.50717 173.66031 0.016116282
224.23506 688.1035 397.16885 340.72708 0.015628375
271.23856 1148.9115 530.6666 1911.8516 0.015288024
295.4906 984.9523 570.01746 1514.7498 0.01484126
225.65514 1106.8059 439.89438 1233.405 0.014713266
363.41156 1569.3066 715.69446 1216.4929 0.014422007
346.80698 863.4977 672.512 1411.7949 0.013509444
272.3408 1055.8217 520.495 1097.778 0.0134463785
217.25688 1315.9899 425.63428 1630.5403 0.013384391
250.83185 680.05756 358.02948 357.4839 0.013370456
143.59988 769.4954 271.8179 409.28915 0.013137552
292.5293 1350.4049 548.77704 951.3577 0.01271399
238.98465 1136.2823 469.8597 1917.435 0.012621074
380.29922 814.39325 738.2494 1339.9696 0.012299547
408.6652 629.79395 807.55457 1198.6931 0.012178142
302.53793 1538.7831 584.69525 996.09937 0.011915303
224.20612 1349.893 437.53128 1408.4431 0.011646626
227.80542 908.293 442.55444 829.1944 0.011598854
392.24814 919.1546 764.4329 1357.7848 0.011593712
400.53494 1808.7906 790.9365 1587.824 0.011486748
393.78946 1620.3788 778.2214 1262.9303 0.011413469
254.10628 1480.5146 493.39478 1172.758 0.011205165
311.42194 1665.1206 610.6585 959.613 0.010896508
272.86282 950.8088 516.63556 881.78534 0.010895327
353.17313 777.2268 155.81104 117.62766 0.010629459
349.1795 890.71716 674.9204 784.6298 0.010512497
230.84677 965.57263 450.94614 935.61115 0.010482442
276.87253 1635.4025 536.4393 783.1826 0.0103913825
392.79138 1579.106 776.9305 1294.8201 0.01025812
382.09064 1694.6403 745.7901 1759.8623 0.01020547
335.28085 1042.3287 473.33975 941.0643 0.009965988
337.8701 1162.0841 610.05774 720.4824 0.009959544
268.7322 893.4889 515.8709 790.11334 0.009899368
281.0669 1155.1578 444.73068 1071.8551 0.009852679
339.31375 937.4726 655.5075 902.3146 0.009846588
290.61185 1372.5807 532.7936 799.0816 0.009630723
149.33525 667.9667 165.89227 171.89285 0.009609983
388.85953 955.3321 573.11334 894.3363 0.009548354
388.86697 1295.279 519.8799 1004.2475 0.009496826
376.60287 1127.3876 728.552 1608.7966 0.009479645
128.5577 1449.3127 250.764 571.3653 0.009377446
407.29218 827.63916 810.9168 1603.5654 0.009296037
283.63705 856.6552 550.48413 1510.0206 0.009245089
208.7719 1410.4586 401.83267 645.7496 0.009191956
298.78732 1149.523 142.34366 121.956215 0.009182854
219.26976 1421.5883 427.12576 1394.4489 0.009179618
322.5023 1342.6759 486.06558 823.2914 0.009067257
101.6536 322.85342 201.64708 568.47876 0.009010545
120.5843 1499.1658 235.11978 457.00256 0.008966079
142.18506 1343.8715 279.5018 1536.5508 0.008931397
331.6294 1318.4664 512.90247 802.64825 0.008866154
232.32838 962.3326 452.84558 1806.3284 0.008816075
395.45633 1346.8989 684.5065 1377.2698 0.008812483
309.53574 1286.3226 459.81967 842.3336 0.008737657
315.80173 1353.9816 501.05566 792.5275 0.0087217875
303.97974 674.33344 270.43002 337.16663 0.008676199
803.9583 1127.4241 96.08726 162.7494 0.008646323
224.30064 1978.7942 441.54117 435.74463 0.00864269
279.25302 1230.8567 462.24295 880.30566 0.008577234
241.97467 1353.3096 469.83957 980.64777 0.00851894
226.42024 544.86035 446.01614 935.56537 0.008505559
416.1789 1198.4895 468.8887 616.44806 0.008440042
124.19775 1459.0735 245.12115 1392.4872 0.008267601
302.7875 1057.308 444.05124 707.07886 0.008217058
312.72485 1323.3561 552.737 806.4155 0.008209589
269.00446 1509.0854 519.0933 1036.9359 0.008189815
242.09471 863.3225 470.1554 1293.975 0.008187585
121.1394 1449.0057 238.98888 1365.7382 0.008073493
324.74188 913.00244 628.23926 1563.9854 0.008005031
386.4359 933.011 702.95447 1114.5793 0.007901783
44.16801 1630.0851 80.86306 197.53323 0.007856026
338.10052 949.54285 653.8941 908.62054 0.007854506
293.3507 1538.6431 325.60007 450.03577 0.007805132
291.5726 1083.8002 571.499 1699.2339 0.007724514
127.928055 1017.5867 251.74937 1024.2281 0.0076916507
157.69797 679.52185 192.95015 206.162 0.007691199
313.32507 816.9839 604.93384 684.86414 0.007647408
252.72025 828.76587 489.3729 1295.2035 0.0075575095
337.2225 1315.9006 665.00104 1649.9618 0.0075501567
288.62164 795.067 312.6025 491.45233 0.0074934005
81.26993 193.15028 159.9826 322.13437 0.0074662487
242.5565 1475.4559 480.7888 1308.92 0.0074484223
134.78812 1260.7898 265.04727 1414.0769 0.0073106885
352.03214 685.493 691.7135 1144.3699 0.0073031965
59.45299 153.05098 117.28146 239.27571 0.007263565
324.1577 1297.185 427.99622 747.2085 0.0072434093
224.55981 936.6439 437.5163 1732.9703 0.007183681
413.96484 1515.2681 618.4565 1126.3777 0.006955692
250.80772 627.0719 491.6945 1082.1473 0.0069164624
223.9045 448.25955 442.7858 806.86206 0.00690561
281.4216 1654.5619 437.07938 709.4669 0.0068975217
433.07117 1088.9235 214.43332 295.42596 0.0068788175
317.96875 827.12775 598.35077 674.72955 0.0068644504
462.54904 1459.4471 439.57886 1001.06934 0.006842118
399.6859 1181.6066 580.887 1428.783 0.0067811618
253.06468 1324.6915 511.31573 2496.2668 0.0067525427
371.84277 730.5539 730.6352 1361.4547 0.0067294086
310.68475 856.14874 224.90479 270.02472 0.0066949087
408.74313 621.9656 807.6836 1176.5336 0.0066264574
326.29816 877.7234 632.22406 1584.1102 0.0066222427
309.82275 1565.2172 314.93015 433.26773 0.006606158
461.60837 1519.5228 582.6731 1187.9779 0.006560668
738.36127 1129.6594 167.25641 173.31564 0.006557589
407.08322 854.0114 802.52563 783.79553 0.006537307
137.0352 1152.0814 267.3901 1962.8735 0.0064260443
100.454056 1545.2538 192.95815 364.2906 0.0064237555
353.5298 702.7918 177.83719 251.98285 0.006362021
237.91739 1748.9187 467.15454 701.9883 0.006352094
405.71698 875.06696 799.11975 814.19415 0.0063439305
461.86102 1312.1241 559.59344 1279.4229 0.006343564
280.08847 1506.6594 408.04037 775.3942 0.006305401
455.84344 1350.3856 431.02612 834.2013 0.006303364
219.75922 925.8621 428.09094 798.3253 0.0062798783
449.4861 1458.8099 540.01917 1063.5829 0.006273329
175.043 1310.7559 159.0793 234.37508 0.006263726
370.5091 472.44525 732.35443 890.3251 0.006253616
309.90115 773.516 599.4658 585.4931 0.006213921
333.9866 1772.4468 648.5048 1237.0851 0.0061953445
80.789955 1550.9135 154.7373 355.02344 0.006150351
291.85413 1994.411 308.1102 331.26407 0.0061275624
289.3751 1051.9884 259.29193 304.059 0.006088322
364.29135 2199.812 724.07263 921.87 0.006065865
396.60086 867.19934 765.98474 800.7701 0.00602465
347.91562 1160.7402 407.32706 492.1012 0.0060196375
497.56702 1184.4783 341.3996 496.1171 0.0060014934
125.829765 927.736 245.56213 1770.4878 0.0059872647
341.26596 1344.4551 411.7293 652.67633 0.005983131
166.43394 1501.9294 323.90338 804.7708 0.0059204013
343.0875 869.9308 675.12 1535.0807 0.0059136166
330.4603 1398.004 382.61923 677.19885 0.005880857
221.33678 973.73145 434.72882 925.39935 0.005874822
304.9337 1477.439 598.3041 857.1482 0.005874379
226.31091 1281.7957 320.80658 372.11093 0.005799908
382.73022 1150.5347 357.60614 831.7461 0.0057891924
447.40176 847.6438 486.47397 675.95416 0.0057780105
58.255714 1592.748 110.92466 279.48694 0.0057683196
418.5224 1147.3917 517.00586 1150.2347 0.0057389657
485.7817 875.5545 457.8368 684.2314 0.0057181586
342.5965 1972.598 213.29729 257.4117 0.005677828
132.67073 1349.0356 234.78685 332.7295 0.0056777336
59.1259 2416.1804 114.69004 481.1225 0.0056473147
316.08063 1484.226 311.7419 850.9616 0.005641371
160.27354 907.387 205.88737 207.30702 0.0056371703
514.1602 1297.25 552.91486 1518.3988 0.005618089
393.2206 724.43866 774.9306 1316.0575 0.0056020804
137.32692 1969.1445 267.99008 350.85114 0.0055793673
310.5796 771.0121 602.37897 612.9567 0.005559721
205.78275 1311.3541 379.93527 446.23083 0.0055587427
232.96812 1937.499 461.88217 638.6902 0.0055475514
477.47287 679.32 657.6072 1091.8322 0.0055188993
284.49496 1243.006 225.8825 309.16895 0.005504678
457.3133 1013.00867 466.1801 986.7199 0.005504049
317.02008 933.7978 590.92206 1176.6564 0.005501669
243.52638 806.9061 477.6906 1383.724 0.0054749423
114.03521 1097.8456 225.28911 2143.5583 0.005452746
439.93198 1141.2506 415.0496 455.5394 0.0054448936
324.5898 1248.6931 176.4838 305.36588 0.005441587
298.8726 925.71387 278.19452 389.26172 0.005434
783.2228 1120.972 146.89279 241.51852 0.00539578
486.54498 1152.6115 598.9425 1550.6332 0.005356895
341.86002 1405.8319 292.34448 606.3558 0.005354154
41.178005 2493.5635 78.721436 371.9785 0.0053367596
127.43171 1367.6744 254.25755 1797.6465 0.0052907662
234.8245 2229.3218 466.45923 801.2716 0.005245724
91.89647 2420.7534 177.40363 477.00223 0.005221312
434.86536 1264.1575 562.77325 978.2583 0.005196561
684.55005 1135.9084 273.0597 188.31798 0.0051916996
317.13257 1835.5848 623.4355 1027.8466 0.005172587
100.62876 1264.4065 199.99763 929.2344 0.0051671625
403.62537 1709.248 448.46118 649.9596 0.005157675
434.43076 2448.4592 855.70746 469.28906 0.0051428643
403.2843 847.2765 794.4034 736.84766 0.005119477
176.3218 1533.2693 341.7317 870.7871 0.0051038433
228.16898 915.2439 451.21985 1464.5409 0.0050734016
283.34366 967.319 201.02037 292.14206 0.00506515
145.73434 1754.9479 285.56635 769.7016 0.0050617126
137.8023 448.27225 272.76495 814.43677 0.00505827
562.7912 1525.4336 370.71753 805.09674 0.004969891
375.55594 1505.4501 732.06396 2079.5361 0.0049329693
547.05237 1541.9623 410.74396 933.5041 0.0049123326
469.0899 1419.7974 141.83571 173.26494 0.004910012
424.86472 2323.1433 837.92096 714.39014 0.004863001
326.71487 820.73486 633.4208 634.7132 0.0048548435
348.772 1274.493 236.20299 375.40787 0.0048460625
558.2265 1546.4711 421.4114 975.65686 0.004838202
500.11102 1222.0587 348.22827 560.13074 0.0048368066
338.47498 1333.4388 292.5734 627.3392 0.004831636
554.7404 1221.1824 245.06157 334.6253 0.004825346
345.56842 1888.7909 678.3712 895.93915 0.0048174392
707.802 979.5357 226.8958 466.06747 0.0048104874
517.783 1105.2959 566.3791 1422.4436 0.0048091705
30.205778 2482.8606 58.786053 357.9129 0.004806695
270.17725 629.5205 509.63797 681.41925 0.0047858534
328.2309 1979.2632 648.1606 572.83386 0.0047808546
131.03252 1564.8534 257.45114 835.76984 0.004775848
371.0702 915.7387 720.3 1074.4589 0.0047741258
503.671 839.3429 425.7522 647.69275 0.004770391
419.42508 1977.8533 87.69791 123.95589 0.0047444114
293.0652 1538.9053 168.63222 292.88022 0.0047429125
156.88786 486.15515 187.71632 228.73984 0.0046950732
114.158714 758.85565 225.42311 1472.0967 0.0046927007
459.74252 850.1649 646.95886 742.017 0.0046619666
25.943552 2388.6938 51.50557 546.08624 0.0046558124
314.92343 1601.1765 277.26578 451.9275 0.004651042
629.9021 893.0157 363.71707 637.8955 0.004639949
317.3347 697.84106 368.86414 425.39545 0.0046356595
640.6729 1439.8611 240.9864 563.5444 0.004629175
241.35304 1925.644 476.5879 727.82385 0.0046267724
339.87607 674.47345 656.9286 1049.2172 0.0046107825
437.08725 850.675 493.28085 699.4554 0.0045929328
293.80975 1179.73 241.23059 457.17108 0.004584754
316.69116 1525.9692 632.5362 2043.8586 0.004577139
247.15895 661.93695 487.41284 1155.0989 0.0045530223
497.03818 758.9404 248.91888 409.0478 0.004543726
68.45821 316.15833 136.0458 551.65314 0.004525258
541.8036 1610.0676 319.78024 606.188 0.004515902
554.66406 1566.5399 246.16257 468.60318 0.0044696955
141.72072 2397.857 276.4198 518.79004 0.004467769
276.46777 1170.2721 437.78574 1177.3376 0.004452753
96.95021 1458.5647 198.1142 1413.2534 0.0044458737
472.222 1103.5969 221.87933 334.8213 0.0044136425
603.5133 1571.7118 264.04807 454.7947 0.0043983064
326.34827 793.49475 195.18147 159.99501 0.004395764
56.859894 189.83517 112.517715 313.41895 0.0043942053
195.90048 1406.0568 389.1066 629.8757 0.0043877764
461.53387 812.1 479.67035 635.5268 0.004379976
324.50336 2007.6288 633.80774 649.1512 0.004374421
520.77246 750.302 216.39445 351.7069 0.0043571745
347.71127 1012.72876 325.51172 558.34125 0.004353996
228.71234 2046.2794 440.99762 470.39188 0.004343456
111.17991 475.2133 219.80125 885.52136 0.0043140384
89.908066 1469.0863 184.15698 1389.4519 0.0042977654
59.331696 1561.0558 111.12957 315.6495 0.0042904727
567.14996 1487.7522 464.09363 1033.69 0.0042785536
633.1887 1456.4565 336.704 810.58044 0.004265289
308.80396 1345.2957 326.46426 680.5092 0.004234333
123.9174 763.1739 244.81007 1486.8124 0.00421885
464.88367 940.78394 575.1124 940.49036 0.004214253
304.74634 1162.21 159.61038 153.35745 0.004205937
595.5142 884.1058 431.96423 664.2879 0.0041972287
584.28143 1205.4564 196.70149 293.77832 0.0041961484
251.85652 1305.6428 322.77252 414.13293 0.0041923644
271.39496 333.29434 533.2548 607.0086 0.004187196
594.1445 1566.6432 416.2626 1035.9188 0.004182659
80.17229 2366.0356 157.04698 569.50226 0.0041619316
499.50922 1220.9647 158.99887 245.44447 0.0041465117
84.90408 403.7501 167.7746 750.4918 0.0041358313
124.802315 885.18054 245.64679 1311.5856 0.0041336166
115.265396 1396.3412 230.6561 1238.9707 0.0041275714
331.4754 985.45575 215.8813 370.0749 0.0041199457
525.99664 1611.235 547.04 1292.5165 0.004107157
64.79162 1323.9807 127.60828 2555.717 0.0041018124
319.99585 1034.6683 179.1606 246.99696 0.0040914956
464.9149 807.62866 660.72723 981.58685 0.0040775766
540.7624 1288.2144 508.7349 1413.4686 0.004066973
141.47812 2248.9502 280.09436 794.2703 0.0040653413
188.05305 1495.0806 102.94649 202.34406 0.0040560807
156.01813 1552.6158 253.83112 352.02902 0.0040554316
454.68253 1427.8004 176.55165 218.39255 0.0040310225
649.31116 1410.5417 190.8483 305.84155 0.004014482
263.76413 1938.9508 383.80844 509.70966 0.0040113847
712.89087 966.9063 222.4633 490.72797 0.003993896
80.41489 2267.8008 158.30482 760.6936 0.0039705024
361.22375 1026.9817 701.65027 1098.1986 0.003964902
605.5827 1142.4036 162.51877 171.52878 0.003942743
102.62816 1876.3868 200.14769 632.4076 0.0039287326
223.05806 1937.359 152.23811 250.42575 0.0039075785
386.06238 796.62445 765.8778 656.08887 0.0039027988
521.25555 722.72076 153.65526 277.63095 0.0038980446
306.7395 1438.2045 303.00085 565.0842 0.0038903577
368.9145 2007.6107 252.51714 344.4012 0.0038890827
326.23245 1942.2366 465.8349 554.6534 0.0038882259
143.54497 1871.8053 268.4623 476.91022 0.0038851646
179.0619 982.4911 374.56323 1477.6069 0.0038828752
658.39923 1462.4607 227.55435 583.76996 0.0038748735
304.6703 799.90643 237.16042 395.2817 0.0038559902
574.7496 857.508 384.8354 643.0425 0.0038541076
323.67603 1237.9095 128.69447 234.6979 0.003846514
304.94534 1206.4071 159.59253 216.08215 0.0038376022
36.09948 2291.9019 71.00605 728.6354 0.0038280096
446.3865 1564.7463 255.43427 446.86386 0.003811674
134.6624 312.87262 265.6942 563.9224 0.0038062334
248.26518 1846.7112 179.78609 269.44733 0.0038007228
154.44826 1537.3615 303.19025 1157.0514 0.003794742
85.4903 771.9772 168.39209 1510.362 0.0037920414
465.26807 1152.1705 534.6858 1148.9252 0.003774655
360.8254 2009.9888 725.17847 871.23456 0.003765566
138.41333 516.3941 271.8709 631.4878 0.0037585602
453.54907 1027.3286 451.0697 821.981 0.0037578498
128.20413 697.02716 252.98932 1352.9916 0.003752063
549.27014 736.3622 518.5012 955.243 0.0037465417
287.71893 892.09326 188.99153 268.37418 0.003728449
372.35498 1648.8083 186.08969 335.83804 0.0037205315
356.4445 1759.2217 729.05206 821.205 0.0037018585
261.34558 960.6679 191.26427 225.8782 0.0036827668
277.29114 2044.092 291.33798 339.9672 0.00367954
345.75775 2062.811 676.54047 817.056 0.003669748
677.97577 1430.216 190.23572 499.11542 0.0036568118
350.69183 841.25555 687.61865 675.54376 0.0036483225
198.39912 1473.8875 223.06598 356.47275 0.0036463402
414.3765 1136.8217 397.38342 498.40714 0.0036457044
581.0992 1513.8622 374.63272 905.52057 0.0036334621
343.62393 1513.0536 347.88474 534.2287 0.0036256572
289.82785 1989.2871 557.8971 550.4079 0.00362346
384.30014 1544.0308 208.40561 421.1054 0.0036079972
392.4245 2162.2039 789.19763 1033.6194 0.0035839432
326.4753 1771.9393 265.53384 471.61285 0.0035774917
381.12262 785.32904 163.93587 159.23698 0.0035707483
503.92343 1902.41 223.02074 272.5306 0.0035682092
549.29663 1469.2593 525.3419 1435.9122 0.003563384
530.40924 1611.7236 544.12067 1326.7448 0.0035609403
159.11417 1175.6742 317.5325 1064.6086 0.0035446703
118.77342 505.40094 235.71521 956.7084 0.003523015
202.94801 1413.6163 347.5853 939.5712 0.003507518
106.43778 958.035 199.82016 280.05533 0.0034973375
592.34314 1185.7908 191.70277 251.92497 0.0034749843
226.42505 1985.3026 279.07007 407.57776 0.003466873
359.0367 2054.334 247.05072 331.04132 0.003459831
69.37644 2217.691 136.80846 863.0402 0.0034584156
367.53687 2465.2168 741.27313 473.876 0.003454413
354.96588 1510.2233 221.3721 392.0191 0.0034433783
73.52813 2065.487 144.90941 310.07648 0.0034241811
366.37714 2418.5225 759.5089 516.8445 0.0034206943
313.26364 1821.5277 256.5866 432.06213 0.003418918
224.6126 1299.1719 268.06226 379.53882 0.0033860768
585.28644 1342.0251 443.71014 1381.6025 0.0033844167
275.12738 1590.4509 213.24396 259.72824 0.0033789352
783.9116 1248.1832 130.2855 437.05658 0.0033746841
113.12536 959.78613 216.49298 319.56277 0.0033744115
742.87103 1324.7761 182.54875 581.2116 0.0033528318
566.76874 1316.139 491.542 1555.8944 0.0033407833
341.42212 1915.9436 385.86404 443.2767 0.0033359414
508.01453 1062.2567 179.29149 245.91078 0.0033316698
401.03192 1950.0096 162.94318 230.05246 0.0033131703
249.53363 292.78326 211.2745 275.27145 0.003302736
88.40771 1887.0585 173.3066 1518.9219 0.0032953138
147.84776 432.10538 295.5813 803.32684 0.0032922705
105.55196 1524.3988 209.5856 699.68823 0.0032742163
349.78204 1941.7441 700.053 781.16394 0.003271726
505.82718 1088.2974 233.53114 280.11752 0.0032564728
249.60486 2257.917 500.3538 755.5075 0.0032563303
602.8087 1471.0453 389.03598 873.0914 0.003253433
311.6397 2251.337 627.5834 762.49 0.0032527496
54.647503 1254.7402 107.595604 891.9172 0.0032434575
429.96545 1022.9423 143.13678 178.7851 0.0032376216
547.84814 1524.8708 534.6588 1328.1215 0.003235537
347.22772 2194.4211 691.57117 911.1094 0.0032341764
117.7014 730.07996 229.772 509.02966 0.0032301948
319.49203 834.898 158.3423 175.90712 0.0032156345
212.93698 996.34546 419.4829 1438.2115 0.0032123302
561.9246 1343.163 503.8279 1659.48 0.0032054377
285.26935 1044.209 157.88843 216.5375 0.0031846096
290.4646 2096.1187 302.37872 340.21677 0.003183216
414.5289 1513.4071 154.44293 348.0495 0.0031697524
136.64053 1365.7971 198.00464 256.42462 0.0031677042
91.93145 2118.252 173.77405 331.80093 0.0031571847
204.9645 2322.521 401.53146 612.73566 0.0031524762
554.826 1794.7019 265.32037 355.2772 0.0031379696
321.12823 999.52856 135.21466 178.74954 0.003137792
378.5114 941.0163 750.4017 1151.6038 0.003119362
674.7974 1361.1665 293.24554 642.8572 0.0031104882
362.8728 674.1358 248.41144 326.09628 0.0030982576
108.683914 2291.3552 216.38446 720.651 0.0030801261
665.52936 1230.7206 237.81076 359.29803 0.0030719144
52.989685 234.98201 105.79753 392.87073 0.003069567
272.07016 1914.9867 360.51974 438.08414 0.0030661558
490.5372 1172.0442 317.62338 501.3713 0.0030559741
263.41183 1959.114 473.1711 485.91913 0.0030538812
332.29865 1747.1995 322.07968 555.7033 0.0030457114
304.85712 1864.1428 244.92102 357.98642 0.003040459
306.47147 609.5875 195.47261 209.71681 0.0030372778
585.09894 1632.049 266.59283 484.7367 0.0030327374
597.4149 1597.4027 137.24889 240.42828 0.003017918
684.1267 1136.815 283.32657 185.16501 0.0030054974
793.55756 1129.8011 51.925125 150.00677 0.0030054485
68.689316 223.38876 128.59756 356.9444 0.0030045758
96.97675 1877.7183 189.81668 542.18634 0.0030018887
115.160645 709.0687 225.52061 374.64142 0.002999264
288.30545 1032.9476 231.3556 312.94656 0.0029987164
334.53238 1189.8324 642.9779 510.69064 0.0029985425
802.0706 1256.2412 130.85266 446.277 0.0029953683
311.87094 2456.9878 656.3672 555.34406 0.0029886016
93.93059 1619.7722 185.30031 1502.0197 0.0029856053
342.29022 1559.2646 244.90552 406.80798 0.0029838558
111.85634 1550.0199 219.14943 666.9741 0.0029830404
410.14026 427.30472 292.47256 387.30087 0.002981258
257.93872 2206.9114 260.82153 245.97029 0.0029790548
299.9396 1504.2379 174.48933 215.28806 0.002976692
754.0128 1313.8033 113.79887 311.97507 0.002974256
307.44424 2248.1003 607.74854 697.87115 0.0029717304
310.75558 1456.7528 146.2605 233.16974 0.0029672056
646.6927 1066.4502 339.83704 802.1266 0.0029648424
265.88806 1940.7872 304.31332 398.76126 0.0029477137
102.81663 2145.6338 204.01105 1019.43164 0.0029463938
75.08747 2034.5518 133.14182 254.9122 0.0029400813
288.56583 1432.1737 209.84738 337.47162 0.0029327855
67.657166 1973.1516 132.58522 1361.9714 0.0029309427
596.8294 1149.2588 143.40987 185.67174 0.0029273317
304.45947 2116.1382 350.53885 367.80914 0.0029258248
444.2569 603.694 266.98016 524.1696 0.0029104133
179.18448 247.14774 353.96252 444.02808 0.0029053243
258.6858 2132.5361 497.85828 404.92325 0.002898686
80.34709 2098.1782 149.96518 283.30212 0.0028979422
431.6218 699.72076 291.55548 379.25165 0.0028972588
40.51667 150.81529 80.983444 250.72757 0.0028890632
130.83295 2294.0645 131.73259 184.53659 0.002888276
508.82623 739.13007 139.2595 184.18758 0.0028861426
303.47183 2068.5896 528.7776 435.16986 0.0028837698
377.34875 939.3383 753.5251 1089.238 0.002883457
174.61179 2041.3599 191.19144 253.71986 0.0028761278
199.74799 2169.319 344.851 322.27457 0.0028694908
725.27985 1403.6877 139.40048 450.81738 0.002869319
446.61902 1978.8219 401.11517 534.1817 0.002863382
82.05085 1487.5082 161.45789 490.93066 0.0028524704
459.04025 2082.4216 169.37517 287.45648 0.0028496562
316.4344 2366.621 641.71655 574.9655 0.0028472047
46.427322 2471.3098 89.617165 393.24158 0.0028458918
148.39531 2287.423 249.56094 272.96033 0.0028379422
629.286 1759.3162 125.8057 204.4778 0.0028281976
402.1864 847.81104 806.3173 733.08746 0.0028211128
436.38168 2556.962 848.22174 256.67804 0.0028188587
583.8261 1170.8325 476.6624 1762.2727 0.002813865
367.601 1692.8157 166.80067 308.27472 0.0028113867
25.688116 2107.8613 50.899242 1100.2533 0.002803673
212.01097 2126.6907 331.08096 346.1822 0.0027918825
264.60382 1439.6438 326.69424 502.22397 0.0027894857
571.1881 1431.02 446.31952 1343.5261 0.0027878562
605.2607 762.9749 415.84497 897.63104 0.0027865001
80.53472 2188.3765 153.64821 306.89194 0.0027759545
202.55475 1558.0027 276.68073 408.4745 0.0027606124
524.62823 1483.1348 150.16606 263.47238 0.0027591544
219.77147 1844.1104 339.91846 1265.4562 0.0027556769
479.6961 1316.5874 237.0275 420.50128 0.0027439308
386.0992 2127.3433 167.38368 229.48912 0.0027351752
519.5705 766.6932 572.2948 908.45746 0.0027328767
10.392876 2247.109 21.538137 826.0231 0.0027303877
395.5458 1160.9855 361.27658 404.30145 0.0027300552
761.65027 2444.626 224.93065 446.60742 0.0027206528
150.78386 2277.2615 274.52887 314.85254 0.002715941
588.8177 2415.3105 378.13434 535.46783 0.0027084358
312.72702 2513.389 659.01215 402.59174 0.0027028774
84.586296 1879.0419 163.7861 509.44174 0.0026995377
71.03612 2481.586 139.23346 371.0318 0.0026859858
367.30615 2450.6665 514.9107 628.62604 0.0026857352
6.2361255 2373.8228 13.686844 540.3029 0.002678117
495.0319 1141.422 573.852 1177.8146 0.0026700255
184.2252 2429.3171 359.39923 449.12387 0.002669797
410.2693 1334.5942 812.1325 2618.9258 0.0026616608
221.46725 1437.2281 440.1128 1783.3584 0.0026564759
353.93387 947.4384 473.55093 1047.851 0.0026509534
658.03516 1031.1931 334.3007 765.4745 0.0026322333
447.41397 1462.0704 127.72216 244.237 0.0026291208
273.72073 2216.2544 532.09186 786.08484 0.0026290508
437.09406 1771.0543 207.96794 438.00378 0.0026267923
40.44084 2507.983 75.21663 263.86908 0.0026240903
366.58398 713.5164 144.28322 217.10614 0.002620496
611.5306 1240.0309 400.62296 1377.3733 0.0026097565
293.2987 1809.4106 135.94705 240.22052 0.0026038005
168.9413 965.4152 336.20734 1400.1859 0.0025988051
607.412 1185.5267 183.91302 248.42384 0.0025936596
674.34814 2579.6934 147.74663 204.4736 0.0025929457
503.83237 1216.4895 316.91708 1014.7895 0.0025822609
530.88824 2427.195 475.0883 476.1388 0.0025783007
329.22134 1305.8501 114.93769 201.3399 0.0025676177
683.8868 1605.6932 150.60007 297.21613 0.0025566102
652.4874 1647.694 341.08597 1232.7129 0.0025527172
755.15173 940.84204 214.38425 546.8521 0.002549207
698.88495 1238.2084 261.2124 398.08356 0.0025472788
445.93323 2383.7017 415.36743 937.8736 0.0025346614
487.6463 529.8137 168.83084 223.0649 0.0025310114
323.05692 1311.3921 196.17882 474.38092 0.0025293084
668.65656 1321.7053 225.12277 517.21954 0.0025264062
616.64056 860.5099 387.26733 693.4648 0.0025256458
48.527233 1139.7761 95.00092 663.99567 0.0025250462
184.16505 1701.688 289.73425 718.7799 0.002519198
74.511986 453.48215 148.75204 746.2182 0.0025186052
543.06256 1726.7449 467.53183 968.2125 0.0025174015
71.41115 1143.5591 141.31833 669.597 0.0025151393
750.3282 1043.7488 138.31906 339.94662 0.0025150618
446.86786 2113.8892 124.72913 245.92178 0.0025125209
612.2024 2529.4863 462.36136 306.14874 0.0025078645
504.19458 719.32574 609.6767 965.3082 0.0025037667
629.7055 1202.1873 304.87143 881.3583 0.002501874
544.71106 1482.743 180.72774 284.4298 0.0024948462
379.72147 893.6377 752.9696 1035.2609 0.0024947703
35.747673 117.7548 72.2403 182.45259 0.0024938139
116.5655 650.3637 209.78108 231.10338 0.0024919906
48.39528 279.4304 97.70727 508.22903 0.0024881517
319.66653 1938.863 261.08078 438.5656 0.002488037
737.3402 26.09646 284.2094 51.094627 0.0024721376
574.5849 2577.063 235.85553 213.47128 0.0024700817
62.899307 718.007 120.88433 296.04907 0.0024662449
349.8276 1314.2115 132.50714 229.76898 0.0024653748
487.4427 882.03015 468.50925 617.1951 0.0024598588
600.8077 1647.808 390.83292 907.0526 0.0024567156
591.5221 1218.2067 162.28006 236.12172 0.002450566
385.55682 768.5838 772.6238 803.0346 0.0024415697
44.236683 439.78494 86.37279 723.31805 0.002439964
328.7666 936.3349 623.0201 1221.9529 0.0024384279
619.59393 30.966473 318.62643 63.879765 0.0024342895
320.3108 2462.566 638.70184 620.905 0.002425296
550.5167 2543.8667 228.38599 278.9694 0.002414059
768.6008 2507.899 187.86055 320.73325 0.0024106335
507.2896 2524.118 204.46106 286.5283 0.0024024302
790.82306 1001.2496 167.51825 410.58804 0.0024004437
81.80415 2449.133 153.94257 374.7003 0.0023937228
116.91897 1137.951 209.33981 405.8387 0.0023895327
503.3571 2202.226 453.63904 999.41785 0.0023856699
374.016 649.9402 122.490005 116.54104 0.0023844037
411.64838 1338.0211 818.0348 2630.7732 0.0023826498
132.83205 351.76233 266.37698 656.0269 0.002378032
586.06537 1491.1254 447.8968 891.8973 0.002376269
208.11497 1110.3464 417.03806 1272.7191 0.0023759627
579.3021 1281.6781 465.08234 1629.9386 0.0023739834
271.54648 2413.7773 540.9984 480.634 0.0023732686
85.25041 759.0508 150.1977 213.6938 0.002373089
533.0838 2305.996 468.57175 686.6473 0.0023717969
367.18085 2170.6165 131.65822 244.3951 0.0023592554
608.12744 1446.0443 443.21014 2046.9569 0.0023589502
514.37305 2494.6943 199.664 290.36786 0.0023574627
357.53976 582.8043 665.194 1035.9054 0.0023520398
51.75741 1741.614 77.83062 198.33514 0.002338035
684.29315 890.2446 301.0756 659.9867 0.002334133
464.48438 2515.4814 464.4037 331.5755 0.0023328287
375.6953 2558.558 754.2744 258.023 0.002324371
497.37918 854.51654 164.53043 220.87909 0.0023216975
408.38492 1923.1476 110.52462 197.65907 0.0023146602
793.19116 2306.7717 173.37341 343.56235 0.0023106446
341.85992 1377.4727 112.869484 190.95174 0.0023085692
570.8712 1747.2886 159.98763 368.25577 0.002306457
455.78647 2541.857 569.63873 284.97552 0.0023059172
282.86768 2482.679 598.9462 390.35098 0.0023040737
822.6292 2495.6677 103.706924 377.0544 0.0023006576
150.79156 2418.2114 265.22308 406.7942 0.0023000808
772.34595 2228.3826 193.6411 504.9874 0.002296821
504.9727 1092.4054 342.8135 537.3252 0.0022915234
608.70624 1298.0643 233.67455 416.28378 0.0022791168
473.16684 36.657703 307.42844 71.53585 0.0022771098
58.012585 1260.0316 108.37656 800.071 0.0022731307
87.01884 2379.6787 155.41318 368.73608 0.0022684475
425.08508 630.606 162.15228 232.76065 0.0022662296
419.949 1462.4346 123.22015 229.11864 0.0022627069
196.08888 306.3274 391.65894 559.9778 0.0022605958
448.0632 2511.432 166.44777 299.42072 0.0022589744
614.128 1826.6603 442.72958 1593.6249 0.0022512507
99.598335 1951.4617 155.96017 264.86124 0.0022504197
520.05206 2446.1648 409.36005 531.85724 0.0022457947
581.2557 573.0452 241.71675 383.5637 0.002243251
784.36066 1761.399 190.75539 1444.0763 0.0022423177
276.4839 2490.3328 583.36957 375.48032 0.00223767
380.3735 2002.087 94.1663 134.59903 0.0022295255
357.00064 1924.2223 562.68976 1413.7816 0.0022242947
535.19135 1768.2395 162.3316 259.0389 0.002218468
722.33545 1441.8818 125.2825 277.5377 0.0022119095
867.1316 112.32221 33.22528 226.23735 0.002210425
332.59958 2355.2415 443.7977 699.417 0.0022009728
636.56433 1308.2327 269.9532 518.1055 0.00220009
378.0115 1220.2047 337.95654 575.47864 0.0021977047
377.46442 1763.9633 255.99217 463.8028 0.0021937683
365.75812 2213.1934 320.58072 349.24826 0.002192854
800.7618 2089.7563 162.9268 351.43793 0.002185751
575.89484 1148.6194 163.141 181.66293 0.0021773032
335.26984 1419.2012 147.65501 257.4312 0.002172601
814.23956 1717.3854 130.81404 468.02924 0.0021718245
109.87249 804.7133 208.09209 366.1918 0.002166862
635.1559 1372.2231 360.70642 690.74915 0.0021662835
404.82697 861.13275 810.35645 751.1741 0.0021654868
110.37036 1130.265 215.23508 632.6207 0.0021645494
702.0628 1368.5475 146.4198 345.71094 0.0021630095
611.3922 1155.3591 439.45206 1585.8575 0.0021549421
283.5428 2483.531 585.54816 399.15518 0.002150975
384.54413 1803.3727 159.4738 272.46967 0.002146792
498.49933 1699.218 544.56616 1091.8176 0.002144997
248.15253 2479.1138 508.61246 402.81744 0.002143598
604.9122 2473.9165 209.91043 327.77194 0.0021426396
8.665022 2481.153 18.233463 337.89304 0.0021395618
82.87252 2263.1003 151.2195 227.36673 0.0021391802
27.887577 1884.1411 55.484516 369.16156 0.0021376477
604.54913 2617.6006 228.78271 130.32957 0.0021365678
315.24713 2524.6 680.23193 324.71005 0.0021302782
487.6255 2439.6106 148.46172 239.4976 0.0021249186
765.5373 2149.8418 225.38316 1065.3357 0.0021220087
696.19006 2448.5044 260.8456 425.02744 0.0021142743
532.5636 2034.6957 143.15726 217.85457 0.0020996032
111.1664 2541.0674 210.7181 288.86826 0.0020950432
385.57397 2528.7563 450.56876 306.76752 0.002092192
34.289642 1864.1921 54.49676 166.47864 0.002088649
799.28357 984.73663 159.4347 435.52887 0.0020881232
235.31161 1544.4067 419.55844 1967.1656 0.0020877824
720.6913 46.014423 237.29495 94.54503 0.0020831027
782.5509 862.3466 185.69882 735.84937 0.0020698623
758.8941 937.09033 214.0922 572.1975 0.0020667345
700.74786 1897.6113 339.6406 1447.6172 0.0020656853
748.7263 2150.1838 253.0992 379.29276 0.0020633189
590.4161 1892.7328 337.79196 726.3579 0.0020631705
630.80084 1676.7417 406.91223 1407.2792 0.0020579894
616.37897 1726.502 362.8008 1321.6166 0.0020560601
357.6903 1397.8485 664.2391 1575.4755 0.002052998
471.1419 2581.185 631.33386 210.83969 0.002035706
286.31088 2256.0867 588.47217 1128.3992 0.0020304692
247.18819 1083.7848 250.67519 272.1975 0.0020299533
792.8639 1462.5472 167.5291 844.75867 0.0020278553
359.18643 1455.6796 177.43108 384.20813 0.0020254846
764.7671 425.3863 238.98694 829.1995 0.0020204787
145.33603 1348.3772 170.13333 177.5829 0.0020157527
826.325 1626.8824 116.25076 531.11835 0.0020077396
80.54473 1278.2736 147.85388 372.00165 0.0020023002
650.4648 1130.6227 362.24817 1376.6685 0.002002139
624.3125 1483.4607 344.88892 916.1692 0.0019993884
504.92606 2598.6538 312.94754 181.18651 0.0019963337
831.8635 2044.8217 84.65774 440.45663 0.0019956774
548.4873 968.2662 367.7686 467.87735 0.0019954855
132.4012 2375.397 229.77852 432.109 0.0019947884
819.5361 2360.0195 103.53482 486.7634 0.0019934229
710.7444 2227.853 332.19678 590.6409 0.0019905553
387.74124 961.1972 771.4671 1020.0996 0.001988568
24.330574 274.29474 48.910023 504.94333 0.001984608
613.303 1736.4323 181.92259 355.98245 0.0019808665
271.0815 1778.2687 262.39493 303.09998 0.0019785403
309.39658 696.3753 347.87317 741.6917 0.001975166
389.19028 2371.7627 182.09592 266.81827 0.001972701
55.602997 2549.8328 107.02705 266.39658 0.0019725666
264.5849 2106.6814 540.63586 1139.2119 0.0019674983
331.81372 2600.6345 299.76688 162.50537 0.001964825
384.96698 1003.064 758.37976 1007.7638 0.0019644278
645.3446 2223.5688 383.3971 871.70123 0.0019643258
342.5681 1420.6985 281.3383 485.22803 0.0019642864
46.268826 1055.7 88.02896 481.14346 0.0019641072
469.0964 2278.4353 141.2119 193.93164 0.0019610184
851.618 1648.8441 65.63658 485.72403 0.0019607057
821.45044 2165.5574 132.55704 320.20883 0.0019587763
333.26736 2425.1758 412.13 407.36908 0.0019547867
848.77954 154.11371 70.91071 307.7811 0.0019414823
633.73157 1276.7482 387.7947 1428.0161 0.0019344868
717.03656 1435.5791 275.4472 782.436 0.001933731
570.14716 2421.7654 219.38083 274.10077 0.0019321837
608.87616 1029.913 258.46634 331.7606 0.0019269511
397.14984 1296.4901 228.7104 432.53387 0.0019230603
640.2873 2148.872 177.2592 244.66644 0.0019157734
121.034424 1238.1504 228.6791 332.3608 0.0019155563
826.8904 1258.7291 114.12477 434.8972 0.001915187
757.4133 2060.3188 233.04553 349.6493 0.001914293
580.0501 1956.4067 136.39513 240.66348 0.001911311
289.96002 2238.6077 197.41724 155.42589 0.0019089873
617.13605 1802.4558 161.41563 327.08795 0.0019074525
37.062428 2397.1624 70.62255 195.60481 0.0019065993
803.8604 1009.4207 150.51402 700.13947 0.0019062897
397.4961 967.8588 142.12428 196.92468 0.0019025041
663.37225 2286.1165 148.87721 242.118 0.0019013662
849.4079 696.04816 70.71737 994.3781 0.0018986679
804.5056 2164.4463 158.8405 341.8493 0.0018951695
319.73856 2574.1663 553.6848 296.40094 0.0018934826
800.58344 2539.3462 129.85724 293.03598 0.001890763
348.80756 261.6683 174.74373 195.90695 0.0018892357
393.34067 2606.1675 308.6565 159.1166 0.0018800077
798.14215 950.86566 149.0546 522.08905 0.0018751803
555.43805 1840.0728 184.1886 415.98288 0.0018728016
12.927389 336.0615 26.573156 417.90277 0.001871238
698.7477 816.575 337.45816 797.97076 0.0018706208
810.1466 1765.3195 152.9171 331.1124 0.0018691551
815.7189 1491.5254 123.17667 477.1159 0.0018674345
827.9084 1951.6326 102.043045 398.4647 0.0018653717
422.35712 518.40625 851.92773 1018.55975 0.0018652324
321.3026 2382.2876 247.02072 326.59674 0.001856253
397.40805 745.5015 176.72575 234.14621 0.0018549116
575.2226 2137.162 196.85606 266.27646 0.0018543546
382.0708 2487.3306 200.42815 244.67198 0.0018518858
806.1218 260.18484 153.76051 518.63025 0.0018468413
361.40997 773.90826 92.09096 84.90876 0.0018459081
441.55093 152.258 880.9576 299.02472 0.0018446003
59.18744 2388.3137 109.66215 402.17334 0.0018425068
662.2972 1102.0991 357.94635 1028.7301 0.0018414625
792.4942 1299.5839 155.03258 548.2983 0.0018413557
662.099 1786.4204 231.26768 562.1007 0.0018363205
312.79492 2578.3818 591.99097 326.24747 0.0018362962
290.10266 2590.526 575.4769 182.15475 0.0018337239
677.12354 1403.3629 351.91907 2165.398 0.001828231
365.9411 2346.5532 143.06267 212.13507 0.0018258744
781.7444 612.8643 182.5876 1192.5851 0.001825817
448.37823 2506.6243 168.82631 166.8263 0.001819627
666.1591 356.75497 412.08228 494.21307 0.0018157425
104.463905 660.87537 164.85524 260.70493 0.0018152776
665.7745 2140.289 166.89676 224.99597 0.0018132679
376.65985 744.48975 760.6822 850.79266 0.0018107151
791.65576 2264.3994 199.70212 457.63638 0.0018037184
779.69775 1532.6183 204.61536 767.0563 0.0018022517
850.68524 1200.9641 63.04179 1136.8457 0.0017967562
704.53326 197.6108 328.8368 312.41486 0.0017882583
138.47523 168.68343 269.52756 294.40503 0.0017876083
733.9313 289.74045 281.87247 507.39502 0.0017838937
877.5107 123.11758 10.501619 255.62535 0.0017750678
373.17114 765.01624 625.88965 773.7524 0.0017674201
433.0947 2459.2683 157.20587 228.70305 0.0017632414
864.6458 1965.1133 36.256805 538.2281 0.0017629854
664.82837 1700.8586 180.59789 408.5249 0.0017566017
840.4263 1792.5278 93.67144 531.7847 0.0017546444
800.26447 1702.5686 165.90086 421.57138 0.0017512876
620.4186 1282.1204 417.0525 1333.0707 0.0017506175
876.75555 102.63105 12.56767 211.8506 0.0017481378
216.87991 477.187 431.51196 845.4824 0.0017327095
825.94165 2559.6667 89.75096 249.73251 0.0017314809
25.77894 1151.4471 50.672997 681.6859 0.0017261731
246.47931 204.52332 431.4729 346.70386 0.0017241291
819.73914 969.9873 121.21398 577.8668 0.0017232561
134.38618 1168.3264 274.17236 2210.584 0.0017226139
199.63474 2604.6838 393.5788 163.69543 0.0017103016
632.6034 2661.6877 185.25981 48.358616 0.001709765
691.6023 2066.1929 141.85004 184.16937 0.0017084643
307.94232 1218.265 91.76544 135.11865 0.0017077422
790.93225 2621.812 171.16225 128.52351 0.0017042357
185.51195 2631.3872 289.93964 101.433754 0.0017042187
360.25476 1374.2877 673.3863 1044.7853 0.0017027248
68.04637 602.7665 128.3239 377.62595 0.0017023861
39.71037 2572.5474 79.09145 201.04012 0.0017013298
751.276 1501.8634 189.91768 731.6307 0.0016880793
693.5839 1286.1018 306.65744 1300.2949 0.0016857545
217.73314 1138.7407 442.3232 1177.6256 0.0016788841
110.96414 2632.845 216.55824 106.813095 0.0016778102
43.626938 1006.7971 84.76668 937.2212 0.0016695043
17.084002 297.11517 34.968792 285.87277 0.0016690172
210.47554 2642.0754 420.06686 90.44636 0.0016665236
665.29706 2027.8522 250.55614 640.3681 0.0016638689
714.9405 1538.7213 291.39017 1019.9892 0.0016569991
152.2156 2627.2366 296.46143 118.931946 0.0016544343
744.97253 1314.4631 242.4113 1111.1042 0.001653406
80.21243 2671.39 159.17601 33.590748 0.0016511424
729.33716 914.44037 255.97348 653.24 0.0016458029
107.33041 2597.411 210.23073 171.3033 0.0016422581
544.1135 1644.2661 417.41245 896.99866 0.0016406851
27.424034 164.87291 57.408745 303.0471 0.0016353491
526.97656 2633.006 223.26021 164.75189 0.001631552
116.37034 1158.865 232.93695 1889.246 0.0016290925
200.86461 2427.723 113.970276 240.92502 0.001628649
748.1685 796.52966 246.68684 843.4347 0.001627109
790.33276 250.55417 188.1879 508.31137 0.0016254692
118.5141 2603.2874 234.82838 162.139 0.0016223615
60.06156 2652.3123 113.87127 72.34336 0.0016202612
35.658646 2496.4539 65.12395 293.90866 0.0016195949
327.46872 2073.5144 638.8475 597.921 0.0016192641
380.28354 1642.1683 769.5788 1177.1088 0.0016123764
27.384111 73.58574 53.83251 136.2902 0.0016054774
98.0688 2616.9702 192.81467 140.51457 0.0016005314
381.36523 980.10913 758.2486 997.78 0.0015999296
741.76105 191.24976 274.15018 384.73233 0.0015990067
81.068054 2638.4937 155.05313 99.79932 0.0015975687
563.59845 145.61827 240.03539 189.83965 0.00157877
875.4088 1585.7257 14.111432 535.21643 0.0015730298
730.5717 1935.6664 154.50858 281.82425 0.0015723761
842.3923 846.9913 92.67207 959.10675 0.0015722989
820.8828 1030.547 107.93585 359.58194 0.0015707092
410.29498 946.9849 103.59585 118.961784 0.0015704294
378.8395 1439.0173 522.44135 522.278 0.0015702007
815.0979 772.1445 121.14687 875.51697 0.0015665792
95.546616 63.42864 189.22456 113.947685 0.0015489461
692.141 1879.8708 172.53824 389.35522 0.0015458468
63.89156 53.996 128.7058 96.93633 0.0015393355
782.44055 594.03595 200.63614 490.19174 0.0015378286
437.48596 1335.9657 872.0008 2640.002 0.001535176
439.80902 185.84248 836.5845 368.11386 0.0015279534
37.848137 2607.5833 71.95591 189.41388 0.0015270445
709.8594 778.51654 204.53885 308.98138 0.0015182196
717.15204 1665.5563 138.19374 351.4136 0.001516109
746.5587 1315.8 240.87245 598.3559 0.001515712
841.2996 984.46436 79.21309 408.1668 0.0015140005
38.268814 600.93134 72.98035 300.21707 0.0015015804
34.155132 979.3358 66.807945 1030.3903 0.0014951968
805.0051 855.75507 157.42546 987.0285 0.0014945619
653.9166 1179.0787 386.64984 1347.7056 0.0014939159
804.5416 1244.1046 152.16096 561.85016 0.00149105
169.7648 2501.3086 239.94844 281.51065 0.0014888551
336.8733 913.2608 669.5004 880.2866 0.001480864
423.38565 1098.0275 475.12302 683.01056 0.0014679435
125.363106 1325.466 242.69914 1555.4404 0.001457748
178.38812 1218.5625 332.0772 1048.8677 0.0014525958
872.0956 1830.876 20.477648 516.399 0.001441389
261.784 44.86857 230.6067 84.45753 0.00144077
368.82153 727.48035 151.85443 214.84738 0.0014300878
777.0784 2629.7573 172.35902 103.586845 0.001427835
416.38208 1339.6642 815.7758 2549.3062 0.0014259517
40.70608 2636.0364 77.66579 102.09161 0.0014251134
653.56836 1161.7908 374.45026 949.9981 0.0014183329
857.65857 1234.7074 54.403275 594.6634 0.0014148881
850.8305 2505.9033 66.98277 335.00958 0.0014075857
377.6913 930.28015 755.9203 954.1784 0.001406588
600.04584 2006.4447 445.71548 650.9466 0.0013951149
666.7136 1603.5967 225.08734 381.73544 0.001384788
816.44586 1101.672 98.00224 214.8471 0.0013834521
424.976 2548.5051 686.739 273.53445 0.0013752705
847.85583 532.73334 67.59267 578.33234 0.0013741814
735.7712 1528.9651 123.076294 299.32974 0.0013641526
442.7511 107.283035 830.52783 217.46031 0.001358577
747.93555 699.50574 267.57507 588.2447 0.0013381897
860.38257 933.32166 48.84954 614.4301 0.0013304099
432.6757 1370.329 833.9336 2585.7156 0.0013219059
75.0963 313.7666 146.59639 553.5227 0.0013203601
89.35504 1106.7388 186.18144 1234.5194 0.0013128145
866.19226 1197.8491 34.589497 335.82892 0.0013119896
210.51796 2649.411 412.76312 107.619865 0.0013100916
767.61237 1502.7958 227.6675 1377.9331 0.001299188
266.18784 2668.674 130.77365 39.583115 0.0012930409
367.5788 1428.4825 256.54865 430.16296 0.0012767822
300.1531 1170.5903 264.85422 740.6503 0.001274495
857.74036 463.51318 44.647743 396.86377 0.0012651611
750.4031 762.48047 263.44794 730.6566 0.0012608579
310.18484 1147.8027 307.52808 553.044 0.0012586202
547.40283 720.4706 533.9108 973.2059 0.0012518854
878.04626 2052.825 15.233514 361.17722 0.0012499266
418.43344 1359.8096 794.69617 2577.4902 0.0012401296
126.27539 1002.901 251.56787 976.31396 0.0012332569
418.47098 1355.7823 812.1584 2587.0225 0.0012327202
723.3212 1324.5759 299.3502 1487.2188 0.0012238608
210.54233 1136.2556 408.74066 1439.988 0.0012230584
420.93765 2017.2445 658.66156 886.3707 0.0012134856
500.52423 938.84503 600.17645 1077.0599 0.0011933902
872.82825 2437.4246 15.791372 490.22803 0.0011907478
719.0563 743.50183 297.99118 959.62933 0.0011739245
352.35382 873.225 728.54626 1060.1329 0.0011696167
421.29865 1814.0497 503.4753 377.71716 0.0011574704
221.80272 831.61456 463.60388 1577.6868 0.0011500611
504.9799 1387.5978 447.1539 974.1051 0.0011463785
359.04993 965.4448 695.1835 818.2975 0.0011361197
252.82762 824.65875 300.3831 689.8348 0.0011321068
150.01074 1023.894 293.2355 1487.4102 0.0011319472
524.31134 1710.4689 504.99136 830.17365 0.0011214649
377.58807 2611.7803 474.87338 153.91365 0.0011099625
115.01486 1194.9475 230.9824 823.5137 0.0010820333
180.41237 2282.3806 370.98175 829.0324 0.0010351327
428.72717 1806.8895 630.8268 1045.9645 0.001019246
638.1842 1441.7812 425.14343 1159.089 0.0010179272
139.36533 1571.8799 280.43707 1213.6732 0.001014569
315.00443 1566.3636 446.63058 676.8875 0.0010141993
198.00452 1314.1979 398.5531 1610.0248 0.0010006675
873.6623 2578.0444 13.927707 210.3071 0.0009944083
333.62933 852.68494 589.13983 785.1252 0.0009860214
249.49907 958.69135 354.1025 593.68524 0.0009774417
877.6054 2506.7405 7.1605926 328.8525 0.0009603099
209.93105 1121.1031 420.79752 1136.2844 0.000940878
342.21295 1729.5183 623.0399 1079.9482 0.00091724575
177.13603 1071.8323 383.97028 1204.6061 0.0009045838
298.34674 1398.4237 688.03754 1010.5781 0.0009021836
424.76422 1928.0867 497.4546 605.63776 0.0008904749
322.06772 994.3929 609.6482 911.2668 0.00086618646
298.77917 1162.2404 450.69226 858.14825 0.0008624171
377.28693 1201.2906 778.3358 1325.9948 0.00085940695
136.82147 822.7134 273.36325 733.61584 0.00085039344
629.5078 2407.9863 411.0937 575.6984 0.0008495507
401.27774 329.75668 814.59106 605.68854 0.00084362767
331.1221 1181.162 647.7583 887.38727 0.00083266915
433.34216 1760.0402 670.5539 856.62634 0.00083203305
863.89124 2658.7026 28.54742 61.990086 0.0008139539
285.19034 106.718956 531.83905 491.27014 0.0007927835
377.01556 1364.2408 670.641 1281.8197 0.0007534663
449.4644 2098.496 671.6665 706.90796 0.00073280075
762.9332 2274.3928 365.4699 727.3326 0.0007260155
338.02493 449.8654 715.9879 854.4393 0.00072161265
323.93973 1093.9264 694.8735 671.72864 0.0007190045
450.103 1750.7175 697.17896 970.5678 0.0007160829
378.7126 1360.1135 572.09656 1133.7296 0.0006990899
422.70117 1970.8226 662.4536 883.7362 0.000640245
409.91516 666.0408 767.0554 1069.4989 0.0006317099
454.52612 296.7315 864.9158 582.3335 0.00060113857
376.6433 1127.4407 775.3269 798.1886 0.0005962677
610.0293 1395.3828 378.68213 891.2063 0.0005802026
618.3163 2667.6968 635.4482 80.69622 0.0005786427
460.14114 2038.0643 672.56604 754.1809 0.0005760328
159.19371 280.02222 318.31842 844.7267 0.0005652983
506.2584 2186.385 625.61176 704.54193 0.00054214644
375.20007 859.98303 769.58026 685.1827 0.00053954317
307.8182 1394.7185 704.08984 785.9402 0.00053336023
536.50183 901.2892 489.19925 1002.2827 0.0005120328
352.01038 1267.4252 734.23425 1154.8041 0.00047977603
513.7525 1535.1324 550.2697 884.56165 0.00045440733
364.48907 1349.1434 781.49774 1025.8468 0.0004159275
518.41266 2225.801 683.3291 598.67523 0.00038457394
