415.82642 1371.1328 822.1655 2731.2815 0.673488
409.8414 1927.0409 809.9026 1582.3287 0.15583083
140.21233 412.24567 278.85834 462.91223 0.12198591
360.1425 876.34283 713.29474 1751.9868 0.11915111
140.39395 477.98087 279.68137 596.37006 0.116005816
735.0138 2099.1353 105.391075 162.37328 0.10932801
140.39124 347.80984 278.03317 330.8577 0.09973259
386.63156 885.00867 764.7607 1761.0724 0.06822779
387.1864 1903.8313 728.8887 1427.0634 0.05967483
412.35974 1806.5344 731.92523 1309.599 0.05424306
392.53833 930.52435 769.4184 1854.4573 0.049900908
397.09634 883.8955 781.46014 1758.221 0.044016473
220.03452 305.65704 118.676125 148.7674 0.04047077
383.81335 1881.6597 661.43195 1147.44 0.03943907
296.7203 887.08844 582.47577 1710.2324 0.03756988
414.65802 1369.7517 817.0994 2732.0537 0.03146612
343.56998 673.4768 674.4815 1337.3806 0.029550474
350.91406 2073.666 665.176 1129.403 0.02908782
491.41995 1744.3951 414.4155 1119.3632 0.027717715
332.21667 1930.4613 647.81146 1500.4126 0.027619844
173.21877 286.10657 214.45753 200.31696 0.026464842
419.3195 1889.0956 589.86487 1163.3777 0.02578697
409.9757 1782.3046 800.69214 1837.6605 0.025101021
428.49307 1725.664 662.81195 1107.3899 0.024569688
398.72043 1358.9492 693.37256 1824.4352 0.024344632
340.85727 2084.3818 636.03735 1048.2891 0.024094539
353.04492 564.5216 696.1097 1129.7451 0.023039898
399.83664 2163.3777 784.4175 1116.1549 0.022831
363.41357 589.5608 716.3564 1180.524 0.022234326
411.61545 1760.7758 784.93555 1231.2205 0.022177419
350.30838 434.48734 693.5677 872.8984 0.020684427
352.39813 1138.8171 675.5272 2135.6465 0.019934205
365.69592 465.1799 723.0412 929.24396 0.019701034
493.3088 2100.7324 221.19754 352.95032 0.017853495
296.91583 758.3043 579.9197 1422.7478 0.017762227
479.581 1847.0579 586.316 1366.0311 0.017649423
142.38802 397.367 284.64777 786.1953 0.017503118
288.38382 879.9529 562.7028 1589.6847 0.017279232
407.9666 1757.5453 501.0798 1151.2388 0.017188128
331.97922 2084.0217 643.23785 1189.9337 0.017060015
491.07266 1745.5767 307.6591 1085.0575 0.017008485
407.0096 1618.1239 753.5182 1440.7405 0.016773367
107.76958 103.5089 214.49986 205.23564 0.016660158
404.23358 1119.7189 780.18256 2216.2751 0.016256317
161.77847 280.8647 236.49223 197.70776 0.016096568
391.80896 1510.0013 656.6972 1535.3724 0.015952384
391.679 665.84534 776.13324 1327.5575 0.015853155
735.9792 2088.8538 163.8217 226.92935 0.015718848
303.8004 673.50555 596.1957 1247.6875 0.015382499
147.76668 956.27136 290.4331 1577.6646 0.015367932
142.12836 600.0526 281.99954 845.10175 0.01517449
398.82938 2326.9517 784.98724 825.9465 0.015064772
143.25989 691.48566 283.10028 1036.1189 0.014943443
95.42532 258.97778 149.66272 142.66423 0.014876299
404.95425 1949.6305 667.9673 872.2187 0.014722422
559.1215 1683.5281 479.02774 1039.3395 0.014706667
187.46971 595.18695 369.60388 845.2066 0.014663579
406.03683 1638.3827 782.7692 2125.1533 0.014301871
213.23506 949.46344 419.18365 1585.6034 0.013761204
287.67358 812.35767 552.0073 1376.4158 0.01367379
354.19223 2016.0311 525.44617 641.11646 0.01346697
476.2465 1932.6135 379.08173 759.4452 0.013321437
247.20973 1395.6493 481.1526 2573.5618 0.013277766
412.84848 1829.2191 478.52505 871.84985 0.013195393
384.6893 2354.051 755.6031 769.75775 0.013174255
335.3816 1717.503 612.50574 1140.6792 0.01316239
613.54126 70.44211 182.21707 138.68294 0.013140698
307.65005 608.02045 605.5993 1184.4266 0.013048703
390.0944 1220.3727 614.3183 1567.4601 0.01291812
274.65775 598.34 539.2846 961.59424 0.012801236
408.5596 1956.8038 615.6585 848.70215 0.012702748
411.09644 1684.6218 786.89764 1095.138 0.012581661
276.6274 642.6853 541.7993 1024.6802 0.012569451
562.4737 167.68997 284.93338 311.197 0.01255729
486.19476 1994.207 279.0529 592.0171 0.012493941
402.18167 142.03197 652.8421 283.79044 0.012240254
341.30655 1767.431 662.97595 1753.3478 0.012191405
404.597 190.5585 669.1816 378.5583 0.012092482
196.39755 701.1982 384.8063 1071.1675 0.012072942
736.5212 2097.53 95.169235 155.71799 0.011758079
575.0863 156.54688 269.8459 306.30234 0.011701549
41.36217 710.733 81.39306 154.4129 0.011669184
517.80334 1826.4425 551.6139 1370.225 0.011558547
252.0485 696.44403 494.97943 1100.3442 0.01155094
77.67868 97.99702 154.18117 193.81532 0.011470667
275.77365 644.31866 540.4516 1246.3379 0.011244137
530.37866 1674.5243 550.56433 1071.2445 0.010936858
390.17572 1368.3862 737.26154 1414.3618 0.010903547
259.14603 2062.89 456.6373 614.81323 0.010901772
142.98663 253.81793 283.71503 501.44427 0.010901099
483.74377 2050.7375 313.291 504.26862 0.010880599
211.47543 905.7541 413.69827 1503.0487 0.010871072
476.2314 1553.4723 325.79886 759.6372 0.010758522
260.5716 760.5714 510.0306 1252.2726 0.010741414
62.268333 430.0206 117.248695 159.7771 0.010611607
502.07593 1603.9078 290.68988 778.8931 0.010549538
378.869 287.76202 671.2475 575.97003 0.01054131
282.2126 2025.451 545.7493 1193.6228 0.010527561
397.58344 168.31137 554.0698 335.39725 0.010490893
751.0011 1866.0736 154.6006 632.8748 0.010276165
283.69888 2176.0164 554.3911 1012.66364 0.010184923
284.25864 441.8356 560.8182 874.17584 0.010112616
347.4342 1992.6456 585.6785 673.2673 0.01009253
121.98503 162.10594 242.39748 321.5934 0.009996054
597.6657 157.13216 323.6355 312.08694 0.009970807
463.12192 1975.0222 449.75403 1109.7673 0.009923265
266.35583 2059.688 521.0137 1257.0581 0.009828886
483.15915 1421.5269 253.48604 488.50452 0.0097778635
147.51236 839.43146 288.50867 1376.1497 0.009701227
367.9288 1992.2761 581.3476 740.91425 0.009658583
518.48193 1662.547 574.9242 1132.2612 0.009612657
266.04263 2261.9014 456.05887 634.5009 0.009553848
325.05453 1612.5671 577.0417 945.78876 0.009480965
209.99773 417.70398 416.4901 826.43384 0.009457346
204.38673 474.50073 402.49893 805.8543 0.009376016
471.71826 1560.3383 613.9733 1432.2213 0.0093435105
323.22736 1590.5249 599.54407 1745.4391 0.009339495
201.44116 506.9837 396.84717 695.7905 0.009291213
236.17949 703.6459 388.48965 707.6992 0.009260126
294.77042 693.2558 388.3484 692.05615 0.009239274
672.0284 1683.6003 301.69556 995.2915 0.009139333
592.20624 1727.4282 431.07394 1058.8634 0.009079879
269.18784 610.8584 529.9915 995.02106 0.009079428
472.42334 1924.5985 408.06064 788.12506 0.009075217
252.56023 2260.3835 492.09415 803.50507 0.009073742
295.05298 1959.3295 551.5061 754.2587 0.009030575
542.4095 201.90697 207.55136 230.40007 0.009018327
549.1708 1874.234 511.5021 1485.9773 0.00899013
165.7659 97.58916 184.23563 193.91948 0.008908028
275.02148 666.7884 541.83594 1109.574 0.008880051
265.41415 576.81665 523.2185 892.4448 0.008868656
368.7253 248.27106 730.4109 493.4991 0.008861416
331.46625 2055.7385 404.43695 545.0973 0.008812579
681.08234 1675.135 287.41507 1013.6604 0.008809127
230.3346 888.5061 288.41385 410.68176 0.008789061
517.27844 1671.834 232.41203 605.52386 0.008763993
260.72873 1842.6633 502.8082 1318.1488 0.008762543
507.25394 1524.8142 135.48741 320.82413 0.008714605
566.11597 1840.3429 474.18063 1385.3889 0.008672628
316.2716 1377.6702 604.96484 2416.8535 0.008658983
519.00336 1228.7828 561.454 1976.6915 0.0085851
333.76273 1210.1246 642.7573 1137.2257 0.008518437
371.55093 1848.1732 503.285 726.6355 0.008489264
272.4733 631.1542 543.11285 1237.1473 0.008484284
302.3274 1899.9917 541.6317 1153.4994 0.008474106
513.6803 1889.834 319.89697 1417.8644 0.008427075
183.59511 1902.4662 205.42482 284.0299 0.0083806515
197.03133 961.5967 361.72305 604.48944 0.008363289
567.9072 1109.1699 508.14255 2147.2432 0.008291739
513.34235 1431.0464 207.0864 515.8943 0.008283603
447.64194 2139.6558 98.924736 210.05402 0.008282871
438.44418 2152.7278 138.7089 240.07947 0.00822651
116.88535 245.72787 230.72789 489.4144 0.008206406
344.4201 254.01044 519.8304 505.3415 0.008183891
306.6915 1450.1934 577.89734 681.75244 0.0081550265
385.43088 1933.9467 455.6835 578.2561 0.008105709
356.9474 553.22156 506.20743 900.2332 0.008023835
158.00438 1395.7284 306.7172 2615.4194 0.008018166
260.32065 329.49582 516.6912 652.47034 0.007981461
234.09789 1241.0874 456.10037 2369.0764 0.007930075
343.73947 1411.9707 482.47205 1635.6312 0.0079194205
336.64786 1350.5371 659.63 2616.0632 0.007918267
662.9598 1834.2959 295.81076 694.3755 0.00788623
325.32605 2023.4546 341.36426 663.6377 0.007883029
591.6385 1900.8043 398.5418 1302.7678 0.007880773
394.42236 436.18216 520.0932 821.763 0.007871815
747.8899 1763.3787 164.15675 840.71155 0.007836316
167.95343 1930.1675 303.2368 371.56796 0.007832884
420.6209 1515.8334 716.9621 1412.7322 0.007796421
362.42093 152.52289 344.73438 291.91428 0.0077817435
553.3389 1980.6777 438.87088 1014.5778 0.007768548
286.5503 1373.1753 540.9136 1829.555 0.0077653253
228.73846 2071.5688 446.91974 1240.8491 0.007762302
204.33025 1995.6272 132.14317 129.67426 0.00775992
400.15686 163.34543 267.27197 261.81223 0.0077364095
539.22076 1737.8649 256.5038 737.22955 0.007723531
557.2024 2010.6577 451.10947 821.4041 0.0077188443
318.10297 202.82367 439.72137 396.58182 0.007624348
231.84023 1185.8523 449.943 1131.6383 0.0076067694
306.7085 510.65768 603.1799 960.4385 0.007604509
260.71463 748.9624 511.66412 1345.591 0.0075675696
603.8988 1857.0354 374.1493 695.83325 0.0075046336
596.1433 702.7086 147.82416 259.9821 0.0074849194
475.80823 1569.8026 448.91058 1533.644 0.0074833888
463.2784 1813.7616 287.0827 537.6065 0.007461021
638.6416 1404.0692 263.5182 536.3485 0.0074439603
483.61368 1396.9377 614.8646 1608.9865 0.00742716
493.53003 1779.5496 472.24265 1218.3519 0.007415225
364.20355 2455.0532 233.79567 293.45844 0.0073632463
582.1553 1416.7576 253.67026 491.62842 0.0073399106
197.155 2018.7347 373.0519 559.02094 0.0073359134
359.6581 164.08379 187.84277 198.45213 0.0073149526
278.42285 2466.5898 538.2466 399.38776 0.0072865733
582.44824 1990.1018 399.61472 588.669 0.00726075
318.432 2295.691 613.1706 692.06256 0.0072472407
450.22748 1126.696 457.66122 1081.7528 0.0072427923
275.0011 867.4157 191.39311 291.7668 0.0072294157
539.46375 1572.2415 480.8936 825.8617 0.0072205435
243.7125 865.82263 233.414 320.51 0.007217653
439.9913 2430.617 150.12039 249.55952 0.007187538
282.87744 439.07355 559.904 726.168 0.007170531
333.97354 293.3401 536.48206 578.20074 0.0071586934
195.37294 1908.0518 201.39403 293.13446 0.007138428
597.302 1895.9573 380.98868 1107.6139 0.0071355156
274.4087 623.345 275.18558 493.285 0.007133867
252.52246 560.8371 501.83395 895.40234 0.007128178
647.7593 2171.2454 295.95517 341.45813 0.0071258266
620.47516 1095.6255 412.82846 2161.1062 0.0071065286
454.7969 1829.1891 225.93196 415.09442 0.007095562
448.6818 1657.5911 432.36053 1128.0546 0.0070775175
627.61707 73.17177 274.217 143.3895 0.007048961
700.1357 1893.2462 235.37012 576.82776 0.0070320033
714.5931 1796.954 221.6571 769.973 0.0069793137
369.47717 2447.9373 728.40674 596.80524 0.0069752103
480.9468 2229.2488 410.51733 699.876 0.0069584125
595.09485 1788.7621 375.94733 848.01227 0.0069550327
247.67941 1473.6825 465.8927 630.80786 0.006951971
242.23193 1936.765 345.434 399.22034 0.006951243
214.35638 531.83124 421.8041 1058.2794 0.006921577
527.8366 165.17162 441.30215 327.44565 0.0069102948
294.18512 573.49445 263.0138 426.9728 0.0068736533
332.65897 550.8066 399.8799 628.24286 0.006867432
398.64944 944.23456 531.04254 1190.6902 0.0068481835
499.8622 1501.9064 106.40427 252.70274 0.0068388754
358.2039 226.44928 711.2245 446.13577 0.006833777
667.6761 1096.3384 329.58475 2183.8125 0.0067536235
387.94244 375.04 771.9746 742.8304 0.0067368834
589.10803 1728.8348 429.41977 1184.7609 0.0067169517
479.69254 1760.9318 204.05779 373.61667 0.006716503
318.7658 108.802956 225.61882 209.85707 0.006698379
271.45636 476.34198 537.44617 663.1081 0.0066925944
777.96606 2096.5 74.50734 159.32304 0.006688376
63.450703 493.94858 124.75681 259.89987 0.0066874037
348.97287 2009.6732 266.82327 467.10947 0.0066839177
229.2489 875.49347 346.66028 578.1058 0.006671417
404.19064 1324.8239 630.9184 1105.8765 0.006668385
574.113 821.0275 220.51448 569.5803 0.0066530486
238.8733 1010.17163 456.2811 971.36725 0.0066116177
542.70734 73.089935 333.53268 143.29938 0.0065923883
401.03046 1461.8593 778.7297 730.6055 0.0065819975
513.3919 240.68025 276.2769 344.2179 0.006535353
324.14716 615.59796 284.28372 492.49625 0.0064765504
553.226 1550.7853 197.00894 334.9495 0.0064755874
167.49449 913.498 313.53275 577.1674 0.0064661116
95.576096 24.438686 190.84709 49.56437 0.006455821
553.27795 193.22379 377.14343 380.85126 0.0064505804
396.5369 1434.4546 221.96072 424.94064 0.006444337
292.4053 561.0736 485.16904 812.2606 0.0064403084
145.61647 1450.4333 282.70996 600.35144 0.0064393864
432.52448 486.3332 334.48755 598.39746 0.006436754
781.69617 2096.8474 74.585205 157.90404 0.006397665
716.61945 1671.5331 222.47296 1021.8354 0.0063972105
197.58766 1895.0262 164.93878 261.32678 0.006397201
445.53815 1568.2474 367.42657 896.02936 0.006368735
380.72513 986.8071 525.12854 1252.3475 0.0063612764
479.54913 830.18317 532.8904 1569.9902 0.0063491417
749.73737 1988.2865 148.0394 397.36887 0.006329429
243.52571 628.6876 233.4638 361.98734 0.0062877415
542.55286 1636.7212 141.92336 322.9214 0.0062835156
325.99084 1131.2036 623.2674 1240.8922 0.00627475
257.31958 2126.7158 253.31044 387.206 0.006238761
435.4123 483.477 243.83818 364.53122 0.0062176
577.6153 1729.5575 414.47818 894.9927 0.0062060105
165.05693 2322.3433 316.30664 657.15594 0.0062008663
726.43677 1969.3003 189.41406 448.24808 0.006171913
180.45813 1888.9708 194.24345 267.69974 0.0061600874
186.7376 1113.3267 358.64752 940.9953 0.0061396984
365.6599 502.23508 218.52724 339.72922 0.0061205765
567.84796 954.90845 173.44106 330.61703 0.006115285
273.51822 592.70856 544.544 1179.1357 0.0060886103
666.4115 2145.5527 198.38199 285.4149 0.0060649854
249.33711 2471.4133 488.74237 498.68744 0.0060596843
519.801 1821.075 191.40178 837.0678 0.0060552973
369.13596 184.97801 571.97327 370.1851 0.0060381168
440.5121 2201.5715 266.99625 679.6345 0.0060258405
443.03012 69.70817 176.9971 136.68185 0.006001701
684.42554 1806.0436 283.752 772.92206 0.0059853266
312.14905 124.28948 442.04898 246.77031 0.0059848307
578.46576 1369.995 461.72568 1884.9102 0.0059737377
519.7881 859.1468 379.5561 1225.0132 0.0059700403
213.73607 2504.462 241.06766 298.17703 0.005927458
301.94876 2308.3933 368.15152 490.90973 0.005925534
496.16693 293.3113 261.69537 367.90808 0.005922102
585.45886 2287.9937 406.3634 588.34827 0.005900699
519.07764 1914.168 162.40854 273.9513 0.005894714
240.21936 498.32504 476.5222 669.79645 0.0058644707
448.29907 2440.2861 229.39288 323.38144 0.005861581
480.6255 75.49834 456.43814 148.62077 0.0058508455
382.8027 2175.88 180.86551 294.35892 0.0058449656
509.47037 1400.6348 446.4829 579.3062 0.0058362633
176.13686 1084.8804 331.57205 746.4223 0.005813314
526.872 2376.541 156.12952 276.52863 0.005796302
149.43153 544.0919 295.40405 1103.4426 0.0057673734
143.27686 2479.8396 155.52031 232.09882 0.0057665636
571.7281 2334.4368 302.6711 443.2557 0.0057353238
382.67194 249.04913 764.04913 496.32193 0.005729388
535.1797 956.92096 254.54652 475.9867 0.005714709
372.68344 453.84906 146.53659 242.70721 0.005710592
385.19727 1414.7258 693.69653 1329.1533 0.0056941323
146.45624 2304.6826 289.3567 822.7742 0.0056929365
636.94476 2003.2175 319.05228 466.83334 0.0056767757
365.6063 226.84868 226.48628 264.27792 0.0056699025
655.92035 1802.9846 145.88368 313.7057 0.005644814
39.0271 97.60861 78.36527 193.00172 0.0056225928
497.82785 1921.6671 226.43504 722.8233 0.0056107095
538.00006 831.119 300.14453 725.21747 0.005605936
208.28357 101.93062 268.188 201.8555 0.0055910437
343.26773 451.73032 340.86716 557.3934 0.005536713
407.0157 1354.6211 630.0838 904.0756 0.0055178446
141.84746 1038.2587 261.17368 406.22934 0.005505297
303.2007 1579.2827 350.16574 522.3622 0.005502514
43.489376 733.7279 87.03047 218.20203 0.005472712
515.23346 1608.982 179.79521 411.25662 0.005466552
468.32324 1160.8933 461.50095 1135.5522 0.005456347
313.6768 492.9783 435.56177 672.73236 0.0054527414
346.8316 2271.2283 365.4813 539.3899 0.0054516965
406.68558 325.80936 140.49243 244.91737 0.0054420694
58.642773 480.35794 116.93059 556.2693 0.0054335566
527.20374 939.2556 398.6654 1449.781 0.0054168226
684.06146 1806.9581 194.1168 398.67862 0.0053965654
510.09552 1340.235 540.2895 1327.0603 0.0053876224
536.3909 638.528 488.17618 1272.2618 0.0053844424
321.43015 1925.8352 148.44054 281.37018 0.0053745327
660.60034 1795.369 235.90651 445.62668 0.005368241
334.15317 2335.9812 215.92285 351.83096 0.0053422116
424.257 329.55057 216.21443 333.36932 0.005319855
202.5859 356.529 155.98157 240.26793 0.0053148963
398.7096 77.660614 259.2745 152.25394 0.0052932384
437.51685 1778.029 389.13553 597.818 0.0052841324
151.3788 2015.9037 260.4021 220.08487 0.0052797836
470.75543 91.408295 231.68858 179.1809 0.00527746
82.78081 2328.349 163.3322 812.49457 0.005265206
523.0032 857.1603 428.18582 1586.1357 0.0052376785
251.17621 1557.7241 473.9203 797.3299 0.0052275867
390.38452 13.279885 282.97342 26.530453 0.0052243094
141.53427 303.665 283.72284 605.02203 0.00522072
460.09995 1879.6356 201.14273 277.94507 0.005220393
704.58966 1917.547 231.23737 550.5362 0.0051995176
400.8886 2447.4697 210.36041 309.4288 0.0051981118
295.44168 775.674 429.84473 870.9216 0.0051955334
686.3712 1865.5017 269.81445 654.5522 0.0051932614
548.4848 2133.0613 492.97607 991.7568 0.005162931
384.93375 2413.048 297.07312 402.47662 0.0051568556
647.4408 256.79752 260.2232 512.7337 0.005155816
582.3642 2292.4343 411.40393 606.79877 0.0051523396
328.71136 30.449709 514.57965 58.702385 0.0051416936
515.79736 1372.6075 371.51703 543.70953 0.0051373346
525.35364 826.3656 325.70322 790.0486 0.0051325746
566.2493 615.49994 421.04724 1205.3262 0.0051296996
502.22253 295.5395 335.4012 514.5376 0.0051243245
484.13916 1473.3564 148.26668 304.32367 0.005109243
184.29414 1409.702 364.25357 2501.826 0.005105071
579.1966 1198.5685 405.83664 1673.7911 0.005074268
390.06543 8.028017 331.40903 16.15748 0.0050714547
430.258 2050.749 318.66125 484.8546 0.005066736
550.5427 2265.833 354.30652 651.1684 0.0050651934
58.21687 2339.1782 114.31316 794.21655 0.0050569624
526.8824 2120.8923 316.4725 837.31757 0.0050543314
519.324 1305.9729 475.77075 1200.5837 0.005041875
175.0412 251.072 344.13385 500.1177 0.0049914666
417.20325 1968.4373 256.15552 325.59634 0.0049787275
401.5117 2499.8826 804.9507 532.42505 0.0049776575
266.16345 2473.134 523.78937 519.00476 0.0049639833
582.2147 1015.935 244.33835 887.1436 0.00495388
88.81281 2108.1658 168.35019 369.0892 0.004938489
177.16786 195.95503 349.99268 389.67606 0.00492441
822.72864 1990.3802 114.44659 1112.6449 0.004919447
335.8816 709.0158 348.85297 743.72485 0.004917755
197.00809 1228.9895 384.1035 1033.2046 0.00491751
403.84027 1933.7327 257.50717 332.72708 0.004902213
383.09747 1583.1038 406.23758 1515.5671 0.0048868153
709.707 1777.5598 211.67328 507.68405 0.0048854034
232.94305 2483.9697 129.94243 221.72119 0.0048728273
600.45197 1891.1096 427.78046 1593.6401 0.004850892
320.30658 731.1984 274.43512 706.7813 0.004821119
168.50749 2521.436 327.18832 409.49695 0.004808452
295.90686 871.76544 359.35965 585.3463 0.004803362
628.0246 1920.7769 407.91425 1595.7817 0.0047761854
480.5034 1264.2079 384.80557 936.65656 0.0047590244
163.98813 2551.7034 316.17926 363.00418 0.0047556716
742.9809 1810.9384 144.5836 499.4325 0.004716887
439.61377 1960.4547 194.6447 279.7117 0.004715403
229.2912 654.5078 459.5564 952.03107 0.004688509
690.43146 1870.6287 130.2923 272.37115 0.004681085
315.88165 759.9047 284.13293 484.35913 0.0046781045
684.19946 1828.1777 280.13974 736.49615 0.004670896
461.04706 345.52417 313.19507 460.40643 0.00466977
158.03426 2047.6968 303.71732 624.86664 0.004650934
350.78473 645.6378 311.3607 611.20624 0.0046433224
676.37976 1841.221 301.55234 871.2436 0.004641148
568.06696 1271.7488 182.19066 319.3265 0.0046291514
268.29276 923.46747 224.44852 404.29535 0.004616559
546.5311 479.0788 376.33032 923.68 0.0046016695
286.77808 319.95984 564.53284 401.2853 0.0045956257
116.25909 1053.8491 217.2872 445.51678 0.0045823283
430.70908 545.40845 299.2488 630.2615 0.004578247
483.44162 1164.8177 329.51553 686.0448 0.004577031
485.9801 759.8077 338.601 875.51105 0.0045753126
406.27502 1988.9816 149.43924 314.9504 0.004572256
115.026794 1015.17694 192.2134 280.6212 0.0045690387
442.66656 2492.5825 112.311485 215.46524 0.00455283
349.5537 1650.8171 201.96793 342.57352 0.0045494316
428.85263 148.34946 138.29291 147.99838 0.0045463666
565.8392 723.54895 274.15732 801.8291 0.0045451256
598.0777 2356.396 240.19606 398.6434 0.0045450805
232.19331 839.00555 143.47183 219.48767 0.004542945
543.9255 2309.0432 153.26424 249.95908 0.0045354725
455.38303 1983.7994 312.26346 1085.4658 0.0045247297
528.6537 921.29517 283.84106 520.8795 0.0045149657
107.09435 19.1971 214.59007 37.115513 0.004510289
584.3275 2187.6597 370.17133 584.4453 0.0044978545
497.1006 1374.5316 337.97485 1645.9644 0.00448314
399.12387 2474.212 202.47383 273.08655 0.0044791517
243.77438 776.8312 336.4517 703.3329 0.0044765477
441.72998 2484.9727 142.98659 246.02718 0.0044682464
232.28474 1070.8267 430.13437 763.37775 0.004445625
203.81122 117.36364 402.90088 228.12471 0.0044343043
269.50983 958.4456 228.44014 472.12137 0.004428311
268.89066 22.075706 523.023 41.32548 0.004423016
86.32726 1463.4679 162.93666 587.2031 0.004415774
740.63165 1683.8081 174.44717 992.65045 0.0044129677
182.1068 707.7058 366.80865 1085.4816 0.004400635
188.7101 350.46094 184.53088 241.78696 0.004382172
692.3452 1779.3405 253.01073 811.28644 0.0043800944
332.52777 2414.034 176.87006 361.95288 0.0043744026
675.9801 1539.5259 297.245 1468.4387 0.004371942
532.8373 949.4724 537.943 1473.9797 0.004369867
378.71887 2502.66 125.058205 251.48552 0.004367679
172.20248 1169.817 228.86209 345.18997 0.004366222
746.6389 1673.3931 170.16084 1031.6678 0.004353521
310.05563 404.97653 620.299 708.2353 0.0043461975
411.9979 30.402212 665.7106 58.746952 0.004343788
153.40787 16.412596 292.16046 32.567894 0.004335335
124.402115 2333.7805 208.70914 802.06464 0.0043316972
551.6533 1206.4061 281.6728 1421.0739 0.0043290206
580.23566 851.8435 232.7442 648.46234 0.0043288376
744.6544 1782.189 155.49 433.3486 0.004323709
316.74905 1691.7484 546.514 1875.0691 0.0043234625
125.368866 2100.808 246.55878 1279.0114 0.0043112193
561.8522 220.23044 161.54279 219.72847 0.0043075345
137.94164 1271.3401 268.06458 970.83185 0.004305267
577.0098 1684.2969 203.17503 526.45886 0.0043041655
645.1166 640.30554 322.8364 1280.7799 0.0043002293
684.3064 1839.264 265.98517 689.9709 0.004273385
732.94995 2286.7534 198.23416 594.82806 0.0042647985
498.27054 65.66703 143.03885 128.94086 0.0042607365
297.55038 87.416 149.4289 169.01102 0.0042285128
421.90222 1868.733 250.39395 370.67227 0.0042106025
390.5746 1968.7198 326.77008 349.7006 0.004204216
315.20215 722.5728 327.90372 741.32184 0.004200664
644.71643 1277.5089 382.8611 2529.512 0.0041975533
471.58505 1864.9662 114.02785 302.2168 0.0041950806
165.39616 666.9883 325.40436 1319.7395 0.0041911383
670.2279 1900.1332 299.5735 912.6245 0.0041720015
660.3088 1339.0099 358.40704 2674.086 0.0041626454
683.154 1955.5466 211.17259 457.18726 0.0041600564
577.5326 217.28206 191.6317 274.47186 0.004149825
315.5334 848.4176 139.719 263.62836 0.0041149384
552.175 1267.9308 127.78165 267.9262 0.004107705
752.7236 759.0894 205.13768 1533.6748 0.0041073207
685.32837 1847.8219 272.86414 671.61774 0.0041053686
524.9652 274.91776 454.22577 550.3499 0.0040844874
519.13 990.8153 211.65823 331.01346 0.0040813773
695.0167 2014.6118 280.22476 1369.813 0.0040793023
215.14725 214.16377 442.1799 433.5801 0.004074613
279.22443 496.52795 484.36075 591.8111 0.00407002
256.196 652.09784 227.63383 408.7704 0.004065175
610.78314 2137.77 130.80891 243.56058 0.00406509
692.71606 1390.4885 262.34354 1658.5455 0.00406072
399.74902 1559.6376 646.00275 1671.5443 0.0040198597
609.63354 1834.9629 415.04767 1782.7119 0.004018854
570.42236 2292.6602 447.55997 734.6127 0.0040164343
531.69995 411.36612 197.72433 363.47845 0.0040132427
335.24695 2321.307 310.7615 380.47083 0.0040090536
319.81143 1680.0388 373.25598 1046.0944 0.00400169
471.30524 221.70021 147.75082 201.48373 0.0040014964
591.65485 1304.3956 470.79428 2465.2312 0.0039992826
49.536804 512.6147 95.98027 218.25131 0.0039943242
89.67928 1494.2186 172.92386 534.2075 0.003989405
442.31662 445.59607 183.4575 297.93863 0.003964674
456.73123 2257.5874 81.89014 159.7851 0.003951481
257.43274 1914.7705 403.22006 582.9077 0.003935402
691.725 2272.9844 262.86917 547.72375 0.0039265594
221.51656 553.1283 438.15045 966.30676 0.0039246255
277.89948 665.08875 246.12013 497.02213 0.0039204075
143.3954 1278.2573 280.20267 950.0107 0.003909251
579.4189 811.56067 219.81493 525.9586 0.0039079073
516.5182 2489.036 126.2268 197.30637 0.0039034456
214.92752 2582.7483 414.52353 313.91925 0.0038719762
470.27792 2519.45 102.90213 154.9318 0.003861791
265.24896 90.85844 412.4618 177.31583 0.0038493432
360.61032 449.8954 117.519356 199.374 0.0038455494
54.072258 2547.471 104.63984 374.8243 0.0038342841
509.04953 915.06287 472.57794 1341.4357 0.0038024292
432.53818 3.52706 689.55566 7.1830688 0.0037930356
293.1665 967.55255 306.74854 556.3539 0.0037899883
491.35135 1443.9204 151.7234 311.25662 0.0037734571
522.08496 1024.8661 209.32797 248.8341 0.0037656573
604.4466 2304.2495 285.49133 499.1731 0.0037521184
89.788826 251.54768 181.26297 477.56262 0.0037451112
259.69678 2534.1108 150.48242 215.05093 0.0037434055
143.6013 957.4248 175.66393 238.11194 0.0037429945
469.0201 1230.901 338.1453 802.57764 0.0037362739
341.26965 1853.9509 307.27185 359.04337 0.0037174767
218.18459 19.17246 482.8773 37.725174 0.0037007208
588.49664 1750.162 131.72777 268.79874 0.0036991776
722.80164 2405.4504 245.94421 714.22656 0.0036914342
229.63026 1487.3906 392.78635 594.57263 0.0036867105
675.81836 2388.2422 326.91183 748.9234 0.0036817908
192.88132 189.36816 254.89565 384.7725 0.0036750818
599.0864 776.9087 143.00949 367.1613 0.0036735977
685.28436 1851.6688 265.95438 691.3643 0.003665702
220.01114 1349.8582 427.98453 2397.3433 0.0036572637
416.14294 2649.9873 823.8791 238.5698 0.0036512723
436.49686 521.5559 843.5353 848.0235 0.0036439311
248.73827 2605.4116 438.3297 271.90186 0.003639554
724.8042 1860.0559 185.00682 641.363 0.0036361474
39.699547 745.64484 79.28243 225.1372 0.003635973
392.34247 874.85156 776.15643 1722.1202 0.0036330805
250.29759 965.52734 474.10745 622.50336 0.0036324523
97.89569 957.8181 194.97626 1601.3052 0.0036283992
242.03078 2212.6548 212.9873 272.76273 0.003621527
304.205 1462.2078 600.0016 624.0991 0.0036162953
6.9039087 394.54913 13.99733 443.26157 0.003603028
596.04987 679.31274 113.27983 209.0611 0.003598465
45.585064 396.76825 91.59962 782.816 0.0035972926
188.49298 1254.3086 372.4685 1028.7814 0.0035971487
63.21051 448.50455 68.61582 106.76394 0.003586776
578.7365 596.9209 308.4567 912.51044 0.0035846685
710.5918 1889.5491 213.85355 583.83887 0.00358443
571.1956 2451.138 116.93825 215.78387 0.003578517
21.279158 2502.3923 41.563164 473.1212 0.003577645
360.6912 313.9388 301.6349 332.60464 0.003571563
400.64133 687.85876 150.45648 270.216 0.0035610653
30.99201 2335.729 61.825314 776.4317 0.0035570743
623.91406 2042.9548 325.77213 305.67773 0.0035359852
249.04274 651.5032 503.6158 945.821 0.0035332409
632.58594 85.00771 154.50624 170.6885 0.0035134929
286.59375 495.05804 494.15558 617.3357 0.0035107674
795.6797 2389.3086 127.72997 748.8211 0.003497296
780.6096 2097.159 104.357124 159.43118 0.0034966613
603.4085 500.46158 221.72382 587.67523 0.0034893102
41.48917 337.33884 81.11264 308.10568 0.003487931
667.80896 1725.5908 314.30487 1140.2804 0.0034875928
594.9443 1271.8011 397.66644 1228.9631 0.0034800973
46.839863 254.28148 99.33558 513.2534 0.0034629758
464.10284 495.02817 293.21155 765.3471 0.0034583944
222.57332 316.35645 97.76125 119.74762 0.0034554703
329.22336 1199.0782 634.1482 2189.5403 0.0034402725
551.87555 698.8411 334.51422 887.08417 0.003417802
276.7939 780.9549 203.16225 346.62845 0.003413512
511.71637 167.99664 122.45166 177.72606 0.0034108348
407.56644 1017.3729 806.692 1818.1272 0.0034081193
559.6493 1774.6302 161.95738 299.20178 0.0034006564
236.6368 2625.7268 242.38849 218.66899 0.003389996
616.0195 751.9193 224.2427 764.35754 0.0033878202
642.4133 1273.181 375.989 2471.2832 0.0033826402
491.0457 997.5642 530.31433 1407.6965 0.0033748767
298.86447 1373.2704 380.89563 508.2029 0.0033721128
341.70074 1344.6626 685.14594 2581.5454 0.0033695097
820.4423 1761.8818 83.8492 822.5538 0.0033587327
401.85355 1131.0266 340.92563 976.59827 0.0033555431
168.066 913.04407 199.56197 259.72464 0.0033482776
83.4011 1718.0939 148.69238 250.2302 0.0033343167
207.03142 1989.931 103.70927 101.72806 0.0033318677
544.42725 2357.0994 197.73973 488.24884 0.003319347
656.5105 2176.9888 144.91873 259.07895 0.0033042105
467.90225 2560.3662 147.74059 221.82588 0.003284981
527.4172 1986.6554 114.41438 240.90286 0.0032773067
128.77295 1411.6663 246.63995 1397.1783 0.003272273
68.09254 2453.8484 129.32104 264.5774 0.003267412
369.25024 796.7373 202.97711 340.40405 0.0032654372
577.5263 854.55676 135.95718 287.92114 0.0032652512
298.84726 399.58856 366.4673 592.5674 0.0032562346
757.20984 818.52606 203.30286 890.74054 0.003250881
253.69939 830.5239 128.05185 166.81396 0.0032474976
225.65616 118.34512 452.47272 232.35718 0.0032379357
554.5932 86.42409 157.3528 306.2076 0.0032288195
708.48224 1230.279 269.41357 2504.9995 0.0032245787
422.09912 473.29913 130.55875 218.19753 0.0032223174
755.9466 2093.4182 129.59773 223.56384 0.0032147602
129.8977 1321.241 216.84277 327.53052 0.00320058
496.98047 943.441 424.5659 1024.7859 0.003197642
283.76474 652.6023 139.13336 209.76723 0.0031952811
413.38614 1372.2583 816.7381 2727.296 0.003194124
690.1684 1851.1602 288.0943 1276.3508 0.0031915894
559.3146 8.350165 319.7539 16.548397 0.0031832794
332.0116 2441.0886 309.19626 493.72717 0.0031831916
332.68762 664.3779 175.39455 281.1478 0.0031820843
449.6228 2551.955 99.00891 136.27661 0.0031613144
270.29184 147.65337 362.25497 296.2435 0.0031456144
165.16457 2502.2664 234.81146 498.76562 0.0031453215
149.19058 1341.0563 292.35513 811.04 0.0031419024
350.7652 1093.5536 279.86584 756.0383 0.0031413934
495.30856 697.7925 509.87802 1401.3712 0.0031391722
473.78207 929.84595 184.09537 326.06396 0.0031275204
410.7312 1930.9597 811.3862 1580.8429 0.0031115706
342.29938 73.195816 115.9736 143.64317 0.0031047314
344.3494 569.2936 207.18349 413.43182 0.0030984506
2.11865 389.7429 4.432905 480.15735 0.0030972448
186.11201 2606.802 271.5738 277.99756 0.0030855103
549.1488 2562.6243 333.3502 386.25894 0.0030639034
9.461824 162.29689 19.648258 326.0269 0.0030563257
246.72984 800.50446 488.91696 673.22363 0.003040008
760.0816 780.0234 200.57683 839.7796 0.0030225297
758.30444 809.2926 185.19879 389.20132 0.0030190903
110.72353 1069.4165 146.84033 234.41872 0.0030112623
757.7975 527.67444 201.6965 1071.2843 0.0029935061
489.1977 2568.629 134.46532 228.70569 0.0029886614
670.424 2442.9897 289.50708 582.9855 0.0029814339
600.1803 2143.4866 127.409325 269.1392 0.0029761149
662.51746 16.198072 264.29962 31.849386 0.0029687253
468.0813 1068.8835 151.27942 232.38446 0.0029654696
120.2259 948.54565 243.86513 1588.4865 0.002963836
619.90076 16.694094 292.32187 32.140182 0.0029601522
141.09563 340.40945 272.79416 319.31735 0.0029514886
362.66333 2654.351 745.1099 233.08594 0.0029341646
774.2495 2611.549 137.39288 315.0126 0.002931591
171.49776 2567.6084 262.39603 369.07645 0.002926537
656.4206 1883.2483 310.5484 979.16925 0.0029260514
302.4294 2181.4019 445.8684 797.4133 0.0029197729
454.278 634.6997 297.7532 615.57446 0.0029178634
537.84314 15.704265 600.85034 30.407476 0.0029075795
583.47815 1087.0557 457.7172 2166.7454 0.002907419
187.50648 929.0063 285.3404 431.36505 0.0029068082
709.57623 2611.5562 258.86206 307.25128 0.0029059667
169.07921 66.69588 333.82187 128.83916 0.0029059306
139.34917 404.09082 275.4895 444.24338 0.0029041767
709.9505 1595.5419 247.81451 1273.6497 0.0028872641
593.52136 1393.4683 313.09564 741.69727 0.0028865982
35.759407 55.178345 71.00059 106.65397 0.0028795565
320.50345 1832.4852 132.93764 252.91434 0.0028626495
26.023829 402.24323 52.825085 480.1492 0.002862432
451.02652 2576.1064 95.49825 128.252 0.0028603626
120.579475 2639.798 230.864 213.96938 0.0028556648
363.51147 2692.36 736.34326 199.36348 0.002855176
156.35405 814.72095 293.12012 377.92664 0.0028442726
492.38104 1470.0383 97.92206 216.73326 0.0028414554
4.2636523 558.66534 9.415463 328.41068 0.0028312493
334.04147 633.608 288.48495 425.29767 0.0028176995
488.57108 2582.107 152.63182 283.7671 0.0028166263
367.4894 2668.7354 750.42957 207.58746 0.0028008216
747.93585 1575.5315 144.0982 291.93372 0.0027890136
749.5023 1068.254 201.13263 2228.7861 0.0027835867
244.34094 678.71655 491.7445 640.1489 0.002780622
605.3321 691.0103 87.139885 161.62349 0.0027651556
270.1482 953.5906 221.70435 415.9583 0.0027612243
560.2867 2458.188 191.51892 398.2547 0.0027593186
206.86537 2275.717 347.95322 610.72076 0.002757115
527.9692 2495.578 102.48757 157.15582 0.002752836
640.73486 1223.183 387.98657 2147.248 0.002750116
310.4986 795.39655 147.98405 242.28075 0.0027494703
681.97266 469.24188 279.02667 944.7277 0.0027462794
408.34564 2708.9846 798.5421 118.98444 0.0027454486
342.48096 274.09033 109.81178 174.99786 0.002743319
28.348303 15.518721 57.112602 30.04122 0.002731242
526.6224 2546.273 144.5972 164.71729 0.0027205842
226.87569 2606.6172 336.52063 283.79535 0.0026813503
130.24564 1371.8947 149.16924 283.86206 0.002664841
772.72974 675.84454 178.2787 1044.1538 0.00265404
814.1898 1873.4469 91.74124 390.49756 0.0026420257
370.4849 972.10657 268.2341 551.26715 0.002637573
305.4695 2548.3945 366.5442 408.252 0.0026221254
662.17865 221.1095 259.6565 437.64777 0.002621466
298.0963 1870.0554 541.2225 775.907 0.0026168444
659.85004 883.8589 290.95242 1429.2506 0.0026147682
755.0292 995.44147 202.79796 741.58386 0.0026086657
503.45547 1490.6938 84.109764 200.39314 0.0026017013
387.41843 2110.1177 180.41666 296.6035 0.0025911692
457.10114 407.1018 284.96567 616.94 0.0025863524
366.49277 2601.3542 385.27237 309.0246 0.0025761886
292.87915 2640.1448 141.97244 180.64523 0.0025723113
254.7985 772.97 504.68893 651.6404 0.0025625948
373.9958 1372.2697 662.2126 848.17053 0.0025536607
122.716675 1068.4473 143.38733 233.42839 0.0025477842
335.69223 2613.3606 478.50784 277.24857 0.0025428412
831.74744 1311.1217 71.543724 1377.3627 0.0025403933
811.06946 1669.7068 97.3515 972.29047 0.0025403209
778.1007 394.46014 167.82954 798.4514 0.00253525
746.5428 2608.6533 193.27669 301.95734 0.0025331276
220.97661 306.03403 124.88934 149.82986 0.002528873
421.61734 2663.0598 807.0825 214.59888 0.0025231638
567.84656 2319.8157 482.55 1510.7235 0.0025209326
724.66925 2711.523 197.32823 162.09694 0.0025053655
389.92627 1980.2411 230.93176 237.89983 0.002499362
587.38184 2297.61 181.26721 809.18823 0.0024919845
829.78876 2347.2444 64.52728 454.7302 0.0024838087
384.36658 2603.2253 157.30714 202.04076 0.0024831977
760.9207 1130.1284 208.92574 659.83575 0.0024780144
392.63754 1936.2349 348.3377 1185.3008 0.002477093
851.03625 1693.7732 38.089245 1334.127 0.002462698
316.75146 1132.5953 166.74335 267.39413 0.0024544392
678.1451 958.34076 103.76944 268.4701 0.0024518708
645.00226 2279.0442 332.56116 891.1874 0.0024485772
812.1399 2239.3472 154.59161 387.18594 0.0024379455
768.0061 2734.045 167.62872 118.71848 0.0024320441
103.99274 552.4647 226.75873 1072.0254 0.0024310644
563.2203 2659.4062 498.2491 217.12646 0.0024280262
223.39816 349.11407 464.03574 702.26196 0.0024231456
201.62683 1730.3944 369.92242 1037.4127 0.0024163956
277.70593 464.04495 294.9908 493.32755 0.0024139876
719.8097 214.14708 286.0602 424.7771 0.0024117404
820.208 110.471695 88.73768 220.29044 0.0024111003
748.20795 2017.7706 134.04665 324.1714 0.0023994846
423.05472 159.32623 495.08838 322.19464 0.0023956914
54.57885 1163.4595 105.40994 1210.4666 0.0023914182
144.48688 1539.0626 273.91293 447.92148 0.0023800964
222.70969 1716.4462 159.81902 238.92776 0.0023749673
794.7737 1058.5638 144.98334 371.50958 0.0023715768
394.29742 2704.9805 787.5496 146.50064 0.002364128
262.4461 1244.5779 160.24295 242.38687 0.0023612552
410.66327 357.30832 232.0348 364.34485 0.0023579977
744.8088 1364.5729 172.36241 333.06314 0.0023555232
788.64496 763.7827 193.13374 722.9196 0.0023395703
139.60562 525.5943 279.5092 694.3363 0.0023312254
208.55864 2678.4182 406.62067 179.17142 0.0023062692
387.66443 1417.8785 576.3304 1232.4833 0.0022979097
725.72107 865.17456 168.76389 450.21353 0.0022935923
8.584477 528.95135 17.58823 793.8336 0.0022853895
817.2445 1737.2246 82.32496 308.669 0.0022795128
794.39453 2366.8442 120.5157 579.65796 0.0022770283
444.68707 50.513855 640.6257 98.329834 0.002271707
743.2727 1119.7313 197.46616 702.9653 0.0022592808
156.00761 2749.1492 308.33984 38.692684 0.0022587648
621.5771 2489.0647 254.25682 483.8362 0.0022546088
847.0689 1752.7063 83.8482 235.87279 0.002253278
408.2953 2731.6868 795.0711 81.84163 0.0022494101
807.71124 1622.2009 106.02813 1128.315 0.0022379349
801.7781 2687.6963 103.25899 164.38048 0.002237194
60.87065 2715.0073 114.21994 91.69281 0.0022283928
191.56392 2659.07 366.47192 205.42807 0.0022271888
90.51616 2700.7236 175.85861 128.90787 0.0022271422
626.3095 202.20264 386.83078 401.9057 0.002221567
59.627487 2692.4375 111.647354 125.71364 0.0022094082
179.83255 1343.3842 331.84143 574.2502 0.0022081167
400.63434 1372.6797 481.7808 1111.0062 0.0022046147
675.0951 647.2067 102.14892 213.49336 0.0021977215
751.30853 2092.3125 114.78651 224.07442 0.002175431
778.6003 928.1163 157.20074 867.8311 0.0021738748
813.37195 1594.2882 92.58996 1036.439 0.0021671888
528.87823 668.7613 174.84558 291.9807 0.0021630866
257.91797 2616.3447 500.708 300.2109 0.0021537358
100.727486 2737.2178 173.22513 66.39611 0.0021451877
204.05347 1352.1002 434.2806 1965.1737 0.002134043
170.71587 2704.0432 254.20665 96.2149 0.0021143788
843.82745 236.91292 40.600376 489.5325 0.0021120573
740.60004 1853.5797 179.01942 1195.8765 0.002110713
812.4069 258.65817 102.10565 524.2688 0.0021046274
802.2275 2693.1511 97.35087 151.83072 0.0020985485
418.0138 1371.7686 826.8832 2717.466 0.0020942928
493.96188 2645.6787 227.44112 233.23729 0.0020877863
96.39243 2693.0237 172.10269 138.68225 0.0020862264
561.18945 2720.881 390.44608 94.85383 0.0020858364
698.0796 572.80133 328.07748 1158.705 0.0020824773
235.21474 1075.3812 174.67914 273.4653 0.0020738533
152.50224 1330.2935 355.8154 1882.6782 0.00206767
379.80212 2722.733 777.46796 114.75643 0.002058912
377.69485 2732.5488 766.55597 86.66959 0.0020550732
251.80902 2752.6414 506.32663 36.476913 0.0020521667
807.0443 2678.0745 97.824135 193.70474 0.0020489497
778.5756 2576.157 177.39557 340.52472 0.0020432684
330.24973 2730.2917 551.5468 77.154495 0.0020427424
820.84125 191.58871 88.66738 389.58417 0.0020334385
362.77533 2762.893 746.3823 24.510717 0.0020093082
327.48627 1049.3712 649.45435 2035.3805 0.002002305
330.46072 392.73694 166.34448 211.86461 0.0019948673
800.94336 2457.4082 132.93169 465.82593 0.0019906776
726.175 2750.2178 212.05016 54.820087 0.0019679582
806.9111 2649.9326 103.85088 245.80006 0.0019638985
90.476036 2734.62 158.06181 94.13118 0.0019631248
804.43616 1450.3771 116.24939 1383.5906 0.0019620387
448.23495 23.26504 654.7555 48.085888 0.0019501036
69.94704 2698.5352 136.03186 133.59993 0.001943556
372.78888 1034.7478 128.56737 205.32225 0.0019432192
342.44803 2740.5515 428.568 58.632397 0.0019312229
364.61346 2645.2454 165.98778 202.66779 0.0019309793
484.89282 2692.606 219.23187 155.8055 0.0019171551
827.72504 2471.187 62.892223 480.44522 0.0019130026
229.74434 1059.4288 269.85086 527.61444 0.0019118759
325.10242 2689.5938 147.20854 146.504 0.0019115792
414.02658 1376.3066 814.1847 2719.7776 0.001910938
394.60477 1080.1232 142.78313 240.28477 0.0019068342
393.2472 1617.9746 644.4716 2128.4153 0.0019015489
470.47165 2710.992 341.14447 115.07864 0.0018980716
612.079 1422.0986 357.2853 732.9128 0.0018835264
596.24646 2744.8293 249.5659 55.21413 0.0018555737
851.9633 265.4532 22.327192 541.8119 0.0018511844
326.6691 1271.1615 463.46487 834.6234 0.0018478463
378.39975 1810.5219 265.58505 433.95654 0.0018312451
819.4491 799.00934 81.35271 688.37573 0.0018244853
817.78326 97.7603 86.896225 199.45564 0.0018169847
263.2511 2755.4546 528.37616 34.19193 0.0018130894
470.6394 2734.9565 191.05093 75.75478 0.0017954945
787.22064 565.82837 173.24303 1174.1692 0.0017922864
704.93524 1777.3351 233.20358 1172.51 0.001789563
635.26105 2723.424 170.07161 126.384346 0.0017857458
447.868 2774.5713 723.43225 2.8789825 0.0017778829
827.91064 1970.2194 74.71577 382.04587 0.0017760618
769.24133 2393.24 137.78314 289.78763 0.0017745949
294.27597 868.72473 585.5776 1723.9827 0.001770373
284.17673 2767.8433 537.3973 15.703854 0.0017610925
331.6969 2752.162 267.6958 40.059204 0.0017469324
378.73676 2502.4185 495.3722 602.7331 0.0017464908
721.886 2757.7207 248.86177 31.373669 0.0017441215
676.0354 51.16998 270.11105 101.02838 0.0017383007
821.2089 2290.2183 75.173965 318.2442 0.0017381759
810.64667 2708.529 78.708 175.36703 0.0017215621
494.73755 2733.7085 204.75133 77.07058 0.0017188133
317.71585 1464.3336 599.7969 653.082 0.001717755
252.12503 2739.6902 422.3296 67.060974 0.0017121189
856.9987 2257.0154 19.580881 533.4479 0.0017112829
417.97418 509.02353 825.3953 1028.128 0.0017092492
843.1412 2645.3423 51.179474 253.35037 0.0017056713
771.53217 2094.4963 170.53847 884.2888 0.001699155
508.09177 2709.9663 125.82945 121.286156 0.0016979461
315.4213 307.6134 621.6063 383.5204 0.0016965258
391.38663 2724.2256 188.58614 106.37927 0.0016951059
352.1768 2454.9004 420.6209 899.343 0.0016926924
803.9947 361.99976 139.49237 538.03064 0.0016744949
728.5684 59.414303 139.24146 113.306625 0.0016736637
222.85512 537.32544 442.27957 1051.7234 0.0016712951
446.3408 2743.4448 279.87018 54.38292 0.0016697692
533.24243 2746.28 269.78055 69.83025 0.0016457338
221.0556 1395.2295 455.8862 1100.5266 0.0016377487
769.9351 1317.7434 201.68523 585.17004 0.0016363676
464.96216 2767.775 660.2631 14.601869 0.0016289924
824.88306 554.0673 69.60985 545.85095 0.0016208143
376.3006 378.6652 637.8803 778.25415 0.001616847
719.18427 76.17033 223.86896 146.3362 0.0016156535
531.049 2751.5642 294.14606 42.089985 0.0016108343
721.4731 93.1871 150.20535 180.7228 0.001573662
847.7133 1819.2214 29.804255 233.88039 0.0015643128
137.25525 807.34784 219.33533 947.7003 0.0015533299
435.243 20.069344 704.0457 42.169373 0.001540485
849.79987 2425.0684 70.217606 313.74677 0.0015308377
221.60095 1965.7015 265.10513 877.15625 0.0015233917
736.4113 2086.2886 140.50467 177.48119 0.001516675
303.34882 1883.1864 450.32376 1330.9384 0.0014997256
746.36316 85.474434 150.52275 173.5686 0.0014986757
749.16425 160.87032 136.53839 326.14172 0.0014832166
790.11536 2752.7627 116.30217 36.283318 0.001476092
816.077 2734.9377 67.6106 220.01808 0.0014697382
849.65283 2306.6907 24.903091 461.55002 0.0014694822
836.1004 2058.6902 58.793846 262.02884 0.0014528801
844.4479 2635.81 29.774399 266.7926 0.001451088
471.99658 2001.6208 320.5915 858.56323 0.0014498491
421.5369 1401.3525 804.32605 2634.9424 0.0014445639
344.90384 893.08594 665.9169 1028.902 0.0014425741
761.3435 1856.8668 110.480896 331.28113 0.0014336332
853.4091 2562.8904 14.773634 405.19296 0.001400335
674.80396 2410.811 344.0582 701.4947 0.0013938101
747.9867 2181.6226 220.12459 691.0917 0.0013543533
834.25616 2730.836 46.18807 86.48664 0.0013484617
846.4646 2671.2156 26.085457 203.98822 0.0013484604
590.8488 1867.5663 332.8365 1797.4729 0.0013280021
834.9858 1773.3727 50.152424 261.81714 0.0013190171
242.97032 1938.2336 507.91544 1460.1991 0.0013177175
202.87006 484.06418 422.57382 965.4542 0.0013112
413.04327 150.25407 569.3911 336.76297 0.0013017872
471.76282 1487.4011 387.371 810.88666 0.0012944334
442.33804 2687.33 749.69214 167.81879 0.001253938
137.46211 717.03394 313.42572 1269.7489 0.001247552
252.19292 2354.26 280.045 601.2892 0.0012450811
285.90707 2337.1824 362.04813 723.03815 0.0012341865
850.6186 2547.48 28.213512 363.28644 0.001225369
846.9089 2713.9856 26.097952 126.94291 0.0012225179
338.86447 1576.1858 476.67987 1523.147 0.0012218417
374.9767 1898.8475 142.71465 333.06 0.0011943101
855.8719 2662.1978 10.888221 210.0742 0.0011788551
668.9195 2116.6904 130.90039 229.52763 0.0011676113
450.92975 1561.7599 742.16284 341.94574 0.0011604467
303.91724 1452.8088 443.72656 824.27435 0.0011536491
682.6484 2031.5894 365.35324 780.88226 0.0011441436
320.30936 1999.4086 187.5304 503.1731 0.0011382484
379.5314 1494.9257 315.18646 1341.4491 0.001116581
426.81726 981.19 763.6674 1808.9573 0.0011157405
359.78528 328.5178 841.65027 664.4803 0.0011122645
340.24414 2047.7 293.10977 996.30023 0.001111818
852.16846 588.48096 19.127031 404.8965 0.0010752083
612.89 2373.1494 438.43698 767.9054 0.001069786
293.1652 1499.2751 721.0305 783.9029 0.0010675616
850.58295 2693.1453 23.234612 217.97115 0.0010552086
762.1172 2040.3115 107.47308 485.6859 0.0010022976
234.06572 1957.1534 222.2876 769.6228 0.0009992822
749.44904 1783.0834 296.9813 763.2434 0.0009921773
135.49539 894.45795 288.10587 1690.8303 0.00096867897
858.1806 2034.9678 19.749935 281.52936 0.0009523764
394.11823 2237.071 512.4758 565.62933 0.00087983545
700.77594 1615.4753 231.57797 1159.8252 0.00087715813
418.65875 101.126724 818.96906 201.52975 0.000858813
586.89594 1667.3578 373.98453 1496.1206 0.0008573389
447.58176 175.80403 836.2396 374.1339 0.00085305865
408.8355 481.7582 675.1446 789.3644 0.00082082255
438.29688 1958.9783 549.5532 457.36246 0.0007992309
660.1446 2506.8428 310.7647 478.4354 0.00079814985
854.534 2741.3147 79.34088 61.360664 0.0007783852
349.12714 953.4719 718.51526 1022.34717 0.000727834
387.86322 1527.063 759.4471 837.2103 0.0006759482
424.1923 333.2662 834.36053 685.29266 0.0005097713
532.7098 1211.2198 629.5333 847.56665 0.00049980724
