323.9237 1000.84106 645.24335 1989.933 0.4805769
324.2523 1370.6372 644.8704 2727.4583 0.33924505
314.3115 1110.4054 623.94116 1702.0918 0.22241454
79.57689 2153.6685 158.55061 1175.2625 0.12158054
40.80353 2161.1929 81.53579 1159.7498 0.080002226
299.553 958.85443 581.53534 1350.6268 0.0646532
38.620537 2342.6814 76.66665 797.1077 0.05186157
41.34754 2192.6726 82.628 1097.431 0.050441813
79.28697 1387.3754 158.61948 2710.7195 0.044159003
250.79768 1064.9781 491.73953 1538.3502 0.04190544
77.607056 2319.5195 154.36258 844.64166 0.036570895
298.36554 834.10693 575.93665 1107.001 0.036443673
245.59602 977.1011 481.4722 1356.6564 0.03642235
80.13143 1942.0074 159.48244 1599.0919 0.03626996
79.592545 1811.8948 158.519 1858.1321 0.03392166
60.995644 1791.032 121.207016 438.01263 0.033872955
79.53743 1388.4247 158.91399 2711.9587 0.03257857
56.508396 2031.2512 113.14325 1418.2875 0.03190881
288.0572 1136.9773 538.74365 1242.1522 0.02954618
79.730125 1509.635 158.97832 2458.485 0.02821377
67.39579 1793.8057 134.40086 454.06015 0.028074149
315.25946 1551.6261 625.1095 890.8932 0.027028242
42.396225 1917.6616 84.455284 1643.821 0.025924012
295.32053 1162.2612 525.4048 1185.9454 0.024192596
42.2716 1852.535 84.36969 1774.2947 0.023149109
312.76923 730.4696 616.74506 1328.4196 0.022337591
233.38026 845.53534 455.38177 1090.0696 0.020876875
316.04926 1471.6316 626.80164 1044.7886 0.019859929
323.7061 998.72266 643.099 1982.1218 0.019304276
62.8919 1701.1416 125.267365 2077.946 0.018712113
80.452194 1484.2279 159.41167 2514.0042 0.018561646
318.46066 631.07086 629.83545 1223.5479 0.01759279
238.99684 786.46594 464.5489 979.09155 0.017168017
357.6716 1082.1838 479.54132 1315.1012 0.016657455
23.30501 2177.699 46.267117 1128.7653 0.016464368
644.25934 1199.5571 76.70735 149.40753 0.015859071
41.150852 1763.1699 81.80448 1954.4647 0.015839184
111.32667 1068.1425 213.92047 313.4616 0.015798295
229.7656 855.2804 441.31528 844.27747 0.015321274
327.30432 1169.8481 648.915 2285.925 0.014565978
41.074165 1386.4384 82.14375 2708.849 0.014545499
206.46725 1079.7734 405.39267 1592.9001 0.014527208
208.92319 747.54047 402.51224 879.4777 0.014501419
322.356 1938.4176 640.91956 1598.7915 0.014383525
323.30173 1371.1095 642.14825 2723.9758 0.014288863
17.637949 1743.4148 35.166058 186.35927 0.013773208
223.97038 1753.6543 445.59164 470.7509 0.013534612
15.76405 2368.9653 31.440414 744.6913 0.013497077
65.117065 1639.5409 129.8409 766.8911 0.013248836
283.2323 925.82434 507.3241 821.4416 0.013074464
245.32693 882.8049 457.49387 799.9307 0.012995341
22.131628 1905.1472 43.935925 225.92062 0.012917299
318.67804 1593.2693 631.13135 2284.2302 0.012719013
26.780895 1809.961 53.399612 415.03705 0.012514371
166.02396 1382.891 329.2693 2702.5293 0.012407882
179.82529 788.61383 349.8534 932.15814 0.012281637
283.55 868.82837 440.79224 720.9626 0.012195035
23.266474 1904.8408 46.038918 229.75114 0.012170302
614.7927 1201.2759 87.18684 162.40216 0.011970603
208.20268 611.1935 405.0398 639.62836 0.01176064
134.45734 646.23083 103.12375 101.35171 0.01126319
142.79018 1497.1289 283.5767 2485.3652 0.011189864
184.05139 1390.9215 365.89575 2671.091 0.011107479
28.071304 2003.3171 56.668896 1477.7169 0.011052936
280.55655 1761.0662 558.68066 487.90967 0.010713768
31.334137 1820.1631 62.551773 1835.8009 0.010614766
241.85995 1677.7806 410.24365 328.59344 0.010559946
268.26477 1652.1973 352.29932 286.81866 0.010536068
36.96813 1791.2316 73.69057 432.27377 0.010519443
283.80582 732.31836 521.15674 846.7136 0.010274719
303.94458 1489.5643 569.64655 612.9276 0.010223013
6.515308 2381.2852 12.904248 721.2155 0.010209998
304.6775 1483.4889 529.6698 662.47144 0.010163315
390.13605 1074.8463 468.02216 1447.2861 0.010113313
355.9568 1508.924 504.46017 787.9789 0.010100361
34.13646 1938.2651 68.4916 688.6988 0.01005217
390.4254 1031.2439 476.9158 1457.9452 0.010004943
72.4009 1142.1349 143.67325 1750.816 0.010002964
316.00516 1836.6433 626.54724 1801.1057 0.009957283
381.74103 888.2611 434.5136 958.4393 0.0099524
14.513964 2328.0447 28.687595 828.2629 0.009912205
20.747723 2283.1853 41.85848 519.17084 0.00986549
13.602295 1724.0258 27.08535 223.52914 0.009822438
33.815006 2326.855 69.76314 830.0758 0.009610201
6.3578367 2214.846 12.658855 1054.239 0.009573803
166.40556 1058.2 328.61057 1513.5608 0.009533281
178.67146 621.38635 348.23724 625.9164 0.009484002
68.2456 1473.0109 135.74197 1102.0928 0.009474166
265.03696 928.5744 429.01965 814.0676 0.0094262
158.40154 835.9765 312.85336 1088.8114 0.009381278
268.627 851.6687 369.6273 705.4776 0.009185905
141.37465 906.84607 276.82007 659.7341 0.009122081
77.00838 1878.9912 153.8888 630.4894 0.009090469
283.67307 1730.269 564.45953 2005.928 0.009074025
32.184074 2156.5469 65.357956 1163.0533 0.008992276
236.42143 774.02734 464.31604 1230.2223 0.008962161
194.09409 500.55365 374.38297 439.47678 0.008954532
212.54929 754.7942 354.65067 499.29498 0.008953212
116.4165 1133.5297 230.55798 1728.4835 0.008918512
414.1867 907.74396 372.87445 813.02997 0.008899789
516.09204 1277.6727 143.03514 182.65678 0.008861178
481.37003 958.0521 272.27902 653.2734 0.008831363
295.874 2026.5759 589.385 1426.8325 0.008827077
413.20044 906.9658 372.95468 809.984 0.008821201
230.53424 1499.1647 462.86096 2463.905 0.008804011
2.8017955 2365.7185 7.565857 744.5912 0.0087459795
328.39642 755.7833 487.04373 806.1536 0.008717831
368.05786 876.3642 461.85446 1023.0486 0.008668836
154.32225 482.03342 285.75797 358.77533 0.008646593
60.20687 1879.9094 120.619514 636.1169 0.0086247
382.18475 892.0991 441.31906 1005.38696 0.008615674
291.97607 965.1677 428.90085 723.71674 0.008573403
157.3372 775.13696 275.52866 385.65433 0.008536595
85.25794 1793.7456 164.3727 433.93735 0.00852793
332.29257 2152.6384 661.2575 1171.6367 0.00852512
504.3253 1281.0779 115.25352 110.15106 0.008460338
78.50151 1940.9427 157.0534 748.6208 0.008433851
25.29373 2279.709 50.65448 927.7258 0.008425406
113.38061 1128.1223 222.85963 462.25024 0.008265455
324.7844 997.8179 337.8168 780.4857 0.008220299
62.591766 1934.4396 125.39488 745.84125 0.008111831
534.5891 1252.8829 176.63452 269.67123 0.008000216
482.17776 879.5601 226.5896 476.91412 0.007936236
292.1414 851.2371 307.43878 579.0245 0.007884077
305.48367 1510.6354 393.07907 551.8521 0.007882041
222.08018 713.4788 436.83554 1049.9928 0.007838622
90.229256 1505.9519 179.33098 2451.158 0.007834188
16.976824 1809.6716 34.282852 403.51736 0.007747868
12.001162 2219.6545 24.611277 395.31354 0.0077373795
464.47006 885.14557 280.77634 576.4574 0.0077291434
235.24178 713.4506 292.9483 425.39758 0.0077143023
261.16214 859.1326 302.2471 554.3279 0.007640149
277.9319 989.78345 425.11346 695.5809 0.0075555313
329.15594 1441.8868 527.8466 573.57764 0.007553094
66.3839 1274.8027 132.03749 1504.3804 0.007512344
52.041992 1785.2526 103.7311 396.05246 0.007495039
308.11658 618.55695 166.43367 240.16658 0.0074439887
413.5002 926.4766 393.48575 931.227 0.00744178
152.93286 700.8153 175.11354 217.83772 0.007398835
391.7965 1188.6396 409.97263 968.3361 0.0073834388
350.87692 2373.1062 690.3539 725.7252 0.007357508
192.01453 2149.2083 382.3538 1177.3502 0.007331227
33.610405 2001.9868 67.39393 450.97906 0.0073217177
423.05554 765.9402 431.45184 1009.2994 0.007288105
60.021168 1545.3177 119.92608 940.7802 0.0072703627
149.8706 930.2864 297.45676 1309.0353 0.007215579
56.246532 1475.8835 112.01503 1079.3691 0.007203153
231.33853 951.64575 377.83856 590.91547 0.0071706604
295.06317 492.12485 584.5581 892.66205 0.0071643046
340.37833 1838.0814 680.971 1784.9298 0.007147505
53.534126 1588.9313 107.09576 850.1303 0.007141196
58.185276 1141.2777 115.28978 1752.263 0.007108941
419.14923 737.4383 425.9617 830.68945 0.0070747198
6.706499 2122.4458 13.347424 1233.0071 0.007026425
3.7286568 2153.5547 8.660175 1174.6028 0.0070253247
337.06906 1095.2959 353.5297 868.538 0.0069835917
215.68024 1037.9672 417.48508 859.1732 0.0069625066
279.3601 469.9758 549.44934 822.9493 0.006933386
181.88829 678.9843 211.82626 287.81683 0.0069332677
61.306465 1374.9042 122.169914 1279.8119 0.0068766973
158.25285 422.77618 304.826 296.979 0.0068677184
36.834694 2500.72 73.24117 492.00183 0.006857706
55.06085 1291.5953 109.88548 1465.0454 0.0068244752
222.22704 831.0369 439.5643 1288.4426 0.006789485
128.19719 820.7805 252.73917 795.9042 0.006777482
15.816533 1798.5887 33.45348 439.6836 0.006739979
131.71939 738.7386 261.10754 878.58997 0.006685481
227.76637 836.3859 427.8823 677.8505 0.0066754348
31.985342 1472.1823 64.11333 2484.9932 0.0066318554
366.32755 1137.3816 427.63763 1239.4286 0.006629418
528.31274 1359.6671 215.00352 486.7793 0.0066184397
332.36545 622.79877 133.76474 226.25142 0.006593425
239.74672 769.2352 428.64886 804.5605 0.006541499
243.29474 334.8267 477.695 556.95404 0.006534032
445.41068 908.8203 337.39334 772.77045 0.006485891
215.79385 1671.2041 196.07214 226.44255 0.00645713
25.939503 2011.9874 53.834724 2371.1816 0.006435986
124.0306 604.6456 242.2039 587.635 0.0064320723
505.72275 1062.1932 215.52394 481.71677 0.006413975
13.704751 1824.0808 27.787935 384.13324 0.006413489
408.25812 699.21533 476.11896 1158.33 0.0064093606
283.9339 776.00244 535.8595 638.498 0.006400224
201.70398 1716.703 405.25623 582.2628 0.006390743
52.12035 1510.7267 106.61501 2555.4731 0.0063428725
382.38138 1000.2482 434.87082 797.4087 0.0062874495
230.95311 1043.0516 421.60626 771.45166 0.006278432
15.584318 2563.329 31.41959 351.2374 0.006274117
341.3798 1081.3557 397.5331 574.2309 0.006264967
459.83774 986.97565 314.77203 794.1712 0.0062302584
515.8678 949.53925 244.35942 684.46356 0.006221941
277.68924 1648.1958 335.6238 268.06735 0.0062015275
456.0002 891.05084 360.39694 1093.2433 0.0061928025
487.03842 1430.8612 218.14912 415.9898 0.0061894697
439.38272 873.7021 388.06488 1073.9084 0.0061881733
322.9762 444.74744 646.75604 882.3278 0.0061714216
488.2262 996.1294 220.62885 422.61102 0.0061546867
5.8391848 1738.6283 12.58233 186.00034 0.0060945377
448.37585 1493.7217 357.48022 769.3732 0.006091742
321.97495 1458.858 399.75037 593.3836 0.006089641
78.64376 1541.817 157.37646 2386.101 0.006085267
119.3826 1227.6195 236.8399 1381.6329 0.006068039
490.92966 943.8334 304.40393 874.1029 0.0060525946
353.19833 2318.4976 702.2754 826.8552 0.0060478887
467.20456 1437.7838 307.34906 646.0438 0.006005887
229.16356 760.9102 321.37802 477.1754 0.0060042646
115.47159 1771.532 228.21362 484.89587 0.0059914263
8.808981 2601.2698 17.814308 280.4283 0.0059889816
7.742983 2240.9128 15.9664545 956.1017 0.005974644
20.783768 2435.2434 33.11101 606.112 0.00595858
353.98166 879.5497 268.4223 521.12573 0.0059258593
387.76855 973.5022 395.72876 982.41895 0.0059245
417.72446 1100.812 307.18436 566.964 0.0058878497
3.839408 2362.8193 7.6157594 755.90735 0.005866153
400.8365 1046.0537 376.95093 802.0287 0.0058524185
497.54037 1437.3768 264.4222 638.86365 0.005843558
290.55862 883.22424 287.83823 637.69574 0.005789313
434.89523 1154.4727 340.15433 839.1128 0.0057755294
178.9434 973.9677 352.01404 1112.2709 0.005774588
252.16743 900.6377 223.31392 432.1078 0.005763929
513.1444 1399.0609 182.01706 398.95526 0.0057416437
432.94675 1234.0466 398.22305 1348.6018 0.0057333442
20.063751 2388.8926 36.675156 688.1216 0.005727351
358.4753 1632.5504 182.92754 254.5559 0.0056386725
156.46785 820.48505 315.48413 1071.4155 0.0056362003
12.955704 1394.4327 26.686842 2693.3225 0.0056063933
222.01045 1230.1393 91.99193 128.50711 0.0055779596
2.7934306 2125.7795 5.680179 1245.0864 0.0055601983
11.006095 2118.8027 22.868896 726.2523 0.0055429107
196.94296 732.15857 273.16565 349.84433 0.0055408054
106.832825 1501.0872 210.86584 1010.3408 0.005527516
543.07776 1267.194 105.8809 146.87761 0.0055177426
507.96945 963.86334 188.6161 350.36813 0.005492415
335.12708 938.7812 245.01471 427.0867 0.0054546087
22.550522 2583.9844 44.939976 312.20755 0.005443742
493.84262 1074.8824 255.88782 640.02875 0.0054275095
407.37766 551.86847 93.632576 117.335396 0.005422652
263.04526 1885.3712 530.55115 743.98035 0.005422166
561.6405 1266.3989 162.60753 302.43298 0.0054173027
404.35443 2333.0679 594.0348 812.02484 0.005414197
7.7618403 1749.392 16.344147 271.099 0.0054136533
629.472 1238.6765 123.89409 257.62686 0.0054062875
214.0165 1236.3381 124.98888 175.1204 0.005399051
6.3822994 2198.781 14.676729 451.17496 0.0053894855
452.66638 1428.8 289.67728 504.47278 0.0053836997
476.56436 949.1034 276.56454 626.23047 0.0053638583
311.59103 2339.5486 620.3842 796.295 0.005354576
346.18625 1367.381 502.0016 633.55945 0.0053522703
344.45486 671.6 181.22456 322.98105 0.005347708
426.18777 1481.4265 332.86832 554.9759 0.0053429725
77.36662 1370.6451 154.45514 1704.7358 0.0053380453
455.24942 773.2755 179.98473 290.67776 0.005337815
277.5287 1766.2009 559.53375 470.89883 0.005333032
285.67535 867.6467 334.8617 615.8874 0.0053261262
305.83835 669.0616 234.12993 391.1921 0.0053201956
573.9167 990.0081 106.05099 274.56714 0.0052912505
110.02377 789.6119 214.51958 385.4421 0.005277102
46.41159 327.94177 91.89417 147.47623 0.0052729812
623.3534 1202.8035 127.42945 203.24689 0.0052679614
491.5879 892.1516 298.26962 863.9552 0.0052472176
11.213207 2636.8855 22.777885 212.91779 0.0052204058
4.348966 2532.993 9.169614 410.88434 0.005197052
315.0141 1113.8884 623.711 1692.811 0.005194163
379.1785 785.8357 527.742 1095.0629 0.005186548
221.94 255.9283 434.03433 481.5655 0.005177541
179.25853 321.49115 351.60074 513.64307 0.0051684272
23.069246 295.3183 46.177776 203.51228 0.005160634
278.79565 1475.2263 431.3346 680.0759 0.005141686
346.09662 1166.9285 390.03357 712.8845 0.005118389
452.65918 1233.4889 320.07965 1028.7878 0.005115311
248.44127 874.3503 251.29092 622.0152 0.0051101814
19.938133 2578.8264 40.104557 318.25708 0.0051097716
74.033455 1824.0889 148.18633 1878.2192 0.005097022
503.2811 1427.7397 252.04541 625.5278 0.0050936695
10.55441 232.12749 21.105911 332.9772 0.0050737527
512.1205 1113.6062 256.03436 998.07623 0.0050725495
552.2333 996.8712 146.34387 295.36008 0.005049842
234.93283 598.4861 466.9203 895.32355 0.005029793
234.731 939.26794 236.89848 438.16522 0.0049878918
14.306364 2691.312 28.86436 104.66614 0.004975556
578.56537 1045.1439 144.66734 461.0783 0.0049674325
708.12164 299.01132 12.978661 626.2303 0.0049485425
8.326161 1834.6241 17.318356 352.4636 0.004930952
451.08093 1036.1414 345.17917 1199.2975 0.0049134963
141.00726 694.2386 207.54668 234.11473 0.0048721824
399.72607 1617.3917 117.93226 195.4151 0.004853498
222.0885 468.49432 439.78067 800.97864 0.0048453226
164.58607 730.1187 307.80762 415.30786 0.004838156
2.1268423 2256.6902 5.3566146 436.89786 0.0048360075
707.58246 1657.5907 12.871075 691.0458 0.004820938
72.009865 1943.1028 137.54947 201.5528 0.0048177065
440.57028 1286.6616 327.59158 917.80756 0.004813824
449.0508 983.4143 351.41226 1254.5254 0.004803813
323.98297 1906.2965 644.7684 1671.0745 0.004778178
424.0036 1122.3141 321.82025 685.3661 0.0047771693
135.4423 226.46487 263.7975 302.89484 0.0047655716
11.0806265 304.06232 22.28715 174.85106 0.0047542523
7.3417053 1843.9402 14.708605 341.0768 0.004751128
558.3916 1282.9951 90.329384 136.37962 0.0047443914
0.8593688 2497.3228 2.9111586 469.3798 0.004739202
5.7606144 2618.8374 11.973103 248.73419 0.0047391797
121.42808 1673.0505 241.2285 689.57983 0.0046845744
290.30276 835.9309 313.37125 493.97308 0.004682656
193.0282 1049.7678 374.5561 684.9558 0.0046729227
40.404984 1667.7834 80.371506 1316.8307 0.004663447
317.02612 381.60464 634.8554 758.3565 0.004661057
518.3694 1477.334 247.46236 738.80634 0.004655804
174.40625 707.18555 151.24428 200.78563 0.0046509583
540.50055 1055.1652 188.07927 467.73798 0.004615549
70.039764 2639.1455 140.60764 206.41815 0.004605111
20.063816 1115.7589 39.680523 1627.627 0.004601104
12.87842 1907.5089 26.740768 1688.7748 0.004581008
304.47427 781.66284 311.43274 716.2491 0.004571876
77.62336 1633.8235 153.96338 2189.9656 0.0045703617
293.13205 725.0041 234.99199 395.32568 0.0045637977
149.60574 1460.572 295.3394 1047.0729 0.0045513865
52.020084 2356.2568 104.610985 1481.975 0.004536084
203.2647 2334.465 413.7495 800.22723 0.0045263343
466.56207 932.4401 332.437 1012.6879 0.004525737
283.70062 951.61127 300.0787 612.1586 0.0045206165
440.5476 1473.1466 366.02612 716.581 0.0045169955
4.533994 2597.4873 10.182952 282.7842 0.004514282
424.07135 1109.724 391.45206 1022.51154 0.004506418
211.03618 736.5094 412.5115 533.6121 0.0045007933
3.3709772 1743.8505 6.7127237 167.6377 0.0044816188
58.62384 774.6985 114.609215 234.13593 0.0044674724
296.5972 1627.6077 293.11664 265.67902 0.004434767
163.67021 226.29071 317.50253 303.37787 0.0044335187
279.46286 1008.6493 354.69037 556.0285 0.004407922
580.9195 31.70749 261.6842 61.042755 0.0043742387
495.9827 1251.6603 144.41312 245.98062 0.0043396885
709.08215 1890.6617 11.032635 349.01602 0.004338277
139.09148 2283.2297 286.5696 918.32544 0.00433329
100.19566 197.24411 196.77118 362.0877 0.00430587
1.4213085 2339.3855 3.7924287 675.3749 0.00430478
371.9853 1115.8638 218.08136 550.54987 0.0043032723
79.055504 2078.4019 154.799 346.3919 0.0043029473
89.77027 1058.3728 177.86731 327.84802 0.0042999107
17.703918 1313.7297 35.057957 1403.7893 0.0042966944
14.536135 770.81946 29.183592 228.64282 0.0042956457
313.24808 1134.4119 243.03299 566.984 0.0042567346
350.28168 1393.9253 485.41733 514.8509 0.0042414744
338.50955 1488.4473 244.13686 480.96945 0.004234948
141.80347 2334.1357 282.40918 803.3285 0.0042275186
172.44002 1503.9098 335.0748 676.6888 0.004222032
286.23685 847.9777 378.44003 499.08563 0.0042100027
270.9977 788.3234 565.1053 987.56854 0.004202607
367.806 1040.71 218.63673 426.936 0.0042008334
326.1379 912.2222 296.76926 518.49115 0.0041629495
557.30005 1065.2411 181.16675 458.4926 0.0041515315
514.06433 1421.2683 165.21541 369.31757 0.0041302578
225.07733 1770.6968 470.89972 457.74454 0.004128218
4.899206 1795.5752 10.418715 432.3036 0.004108813
393.20282 1498.4298 266.37125 538.7426 0.0041036126
5.2694454 1802.6946 12.157443 378.79147 0.004102644
156.2882 913.7473 316.16238 625.4872 0.0040991856
356.1973 2575.9602 697.4625 332.11374 0.0040982338
428.78555 1367.8018 439.4285 2535.1975 0.0040967064
358.21603 1080.8635 428.2883 496.10385 0.0040872116
438.4486 1096.2081 185.43152 364.3998 0.0040805633
9.1577 219.60075 18.310282 430.60086 0.004057784
340.4905 1484.6937 276.43674 459.7455 0.004052538
305.2333 900.449 196.60373 356.71585 0.0040400457
422.3858 2569.1562 556.7341 346.66406 0.0040363655
338.01785 2535.9175 652.542 417.11328 0.0040282668
293.1423 2183.8564 610.0947 1160.0042 0.0040051863
276.25436 1923.6859 560.6783 729.61176 0.004001207
254.20116 655.9241 271.1528 357.50595 0.003997342
5.4310174 565.1328 11.977583 668.85065 0.0039880197
495.34058 1087.5154 224.70123 482.30762 0.003978608
431.6348 1147.1909 323.42764 512.8584 0.003977025
405.055 951.9065 400.77475 909.5612 0.003975301
470.95602 767.20795 167.1399 254.62349 0.0039750403
293.87152 2513.3115 582.1144 453.33426 0.003969053
5.086251 2187.6084 10.213034 307.14847 0.0039629648
303.4041 2357.247 625.3536 759.8845 0.0039615477
430.44534 1468.5759 329.17575 611.9033 0.00395879
281.04306 2291.0823 583.38043 970.21674 0.0039559747
278.6968 923.8072 192.8632 381.19513 0.003942891
23.267067 1544.4047 47.196648 560.0377 0.0039206496
410.18442 1647.3315 139.40547 252.89232 0.0039137937
328.34866 1234.692 296.36914 610.0752 0.0039122994
177.60796 2354.3948 356.5776 763.9679 0.003905439
373.68216 631.0862 141.4241 248.7063 0.0039022258
182.22743 1712.8578 149.78236 289.2591 0.0038961917
82.32045 1372.4205 163.87642 2735.7405 0.0038943435
283.3567 925.75574 281.79025 497.60764 0.0038910783
503.33356 1254.796 268.53168 998.87744 0.003887838
470.23288 993.37805 141.54843 253.11111 0.0038834105
706.0441 504.75195 16.107603 847.5489 0.003875367
422.15668 1619.109 121.34384 224.79837 0.0038605772
7.631505 187.75229 15.683363 357.94928 0.003846167
326.98984 1130.3062 309.96994 584.8905 0.0038458654
104.47373 749.68256 202.67151 367.44626 0.0038222135
307.0997 994.68146 296.93463 527.07886 0.0038171601
375.44397 35.227646 638.44666 72.011154 0.0038109606
250.6341 881.3863 225.0569 425.606 0.0037749435
480.33102 831.34937 204.76085 362.951 0.0037733584
17.50687 1516.5454 35.829742 1087.0853 0.0037625653
294.1836 2345.7715 602.90063 844.2964 0.003755772
696.6615 262.01703 36.328465 527.8586 0.003736409
4.2413263 1792.9497 8.90304 437.99384 0.0037362706
362.89136 1611.1075 192.42014 309.18982 0.0037349197
13.263762 851.86145 26.092535 1302.6396 0.0037329118
267.4288 1728.449 484.75717 444.66476 0.0037242004
306.97498 2219.2405 625.00757 1007.1301 0.0037170686
298.9091 663.1931 184.441 315.8002 0.003714871
478.3899 1199.2463 294.04865 404.53928 0.0037123673
1.0954703 2429.683 2.1312084 612.41077 0.003703602
362.87112 930.38556 188.72012 370.00928 0.0037004699
672.14685 1658.3569 83.81821 950.8387 0.0037002254
272.24744 1761.4423 521.4213 500.2405 0.0036922777
485.68994 1216.7942 248.58733 657.0548 0.0036657772
5.584414 168.7652 11.666386 245.04922 0.003660551
186.12343 574.0969 119.19469 152.13672 0.003655926
464.60587 1417.212 340.42563 992.17615 0.0036540558
8.152037 472.5656 16.409788 626.36487 0.003649238
647.0023 1397.8501 131.89766 580.4701 0.0036472327
479.10443 846.0394 213.86827 395.7115 0.0036436268
7.3488464 1706.7971 15.665083 260.37744 0.0036427923
308.51102 1468.5536 243.41586 516.8213 0.0036363185
151.85503 1523.447 303.9989 843.0717 0.0036325646
2.9770513 1819.7467 6.703713 372.55844 0.0036310046
458.4501 977.34106 333.503 988.1196 0.0036042123
287.3964 559.2935 570.3199 570.61804 0.003588053
477.6 1534.6711 330.17828 836.39703 0.0035842224
640.39496 1215.3513 100.33384 202.49524 0.0035793977
358.55524 1607.0316 210.07578 363.8068 0.0035793143
708.64984 1088.6572 16.31369 588.92426 0.003576015
457.4234 1020.78394 337.80048 696.73395 0.0035750382
467.17618 1155.2358 242.49248 525.91815 0.0035527572
276.60254 794.9427 377.55347 548.0996 0.0035325007
41.355316 573.49677 81.96337 604.3523 0.0035303547
291.52234 2473.4233 559.3935 534.77277 0.003529652
453.8043 1464.2705 346.69666 751.351 0.0035293535
690.68243 1493.7197 49.225613 619.0906 0.0035264683
265.19623 2396.808 538.33844 712.9002 0.003523753
432.63043 1166.2942 296.73752 1084.5327 0.003523152
700.66766 434.43347 72.77615 769.83765 0.0035158424
361.20032 838.56824 227.18498 650.5362 0.0035055033
664.5762 1579.0409 99.03607 899.6497 0.00349768
303.1071 2356.8628 624.6326 836.77344 0.0034955218
689.29224 1874.795 50.78002 497.1138 0.0034951395
7.204617 1150.8326 14.728595 1723.8188 0.0034932736
177.85832 1043.7892 96.01775 228.67685 0.00348966
10.126844 1797.9957 21.390474 1920.2347 0.0034870014
347.97504 551.53546 258.10898 450.4348 0.003481511
46.690395 2157.3958 98.39525 1233.1981 0.0034745634
362.22333 2479.6924 684.0724 520.7705 0.0034743075
704.155 1091.9402 20.753653 393.87982 0.003469609
535.9581 1433.3287 226.24184 640.82556 0.0034608769
26.300407 718.2127 51.565308 897.2189 0.0034564638
534.6562 1050.0032 144.6698 193.92426 0.0034478614
16.639029 2722.6362 35.820583 90.97821 0.0034430511
355.1508 2094.643 700.2749 1296.6436 0.0034414972
516.64746 1533.0515 267.86017 849.52893 0.0034396758
5.625877 2537.8857 10.747849 398.9251 0.003428846
433.89468 1225.6884 113.20516 203.44066 0.0034239143
10.281229 1481.614 20.762053 689.792 0.0034229446
87.78463 1384.0005 174.13033 662.67096 0.0034206307
699.5067 573.9774 29.362013 1179.6906 0.0034161524
365.28876 1004.76154 196.86378 416.58237 0.0034139175
695.55634 1755.4789 53.115303 735.4547 0.00341298
350.6472 2207.6694 479.27167 991.9478 0.0034109305
155.85226 1151.4253 289.00848 434.6748 0.0034100132
111.91258 2579.8574 92.40206 317.69046 0.0033972547
704.60486 1916.1019 19.590641 343.0365 0.0033964103
20.897821 1232.6356 41.26297 1008.38904 0.0033923215
8.194667 2702.0054 16.731607 82.15352 0.0033875995
532.69257 1254.6981 180.36484 289.46194 0.0033874786
391.15073 2645.3171 587.91046 193.036 0.0033836642
480.4846 2567.935 269.00757 342.5475 0.0033836144
59.448784 421.78226 114.62584 301.3697 0.0033798795
5.7630887 2248.3345 12.268481 466.83566 0.0033798458
260.28357 1047.3997 384.32617 667.36255 0.0033775447
632.489 1065.0723 147.0668 420.18167 0.003352768
635.1739 1070.8953 132.20355 411.46353 0.0033517773
549.9997 1030.9342 123.590935 212.76192 0.0033433996
2.9130962 2639.7007 5.812739 205.16089 0.0033385472
707.80615 2454.8093 12.587429 554.07245 0.0033383695
116.95337 977.46136 233.42314 434.84943 0.0033353358
6.4905915 1402.514 13.080414 1197.5894 0.003332132
304.13498 1048.6489 217.52094 458.92493 0.00333009
422.69928 1233.9628 307.2383 565.1601 0.0033227436
387.7006 2510.0142 434.00613 480.2637 0.003321847
671.8165 1450.598 83.85801 723.0979 0.003313446
10.579792 2717.5107 20.36499 49.290375 0.003302904
552.15344 1137.9949 255.32349 530.43036 0.0032964197
629.5162 979.9974 142.00362 608.7885 0.0032885172
398.49194 2537.478 596.0883 489.21793 0.0032839894
319.37442 1362.577 639.95807 2719.6416 0.0032825023
574.6699 926.30164 181.40556 711.8045 0.0032816431
6.450262 2224.6328 11.677133 1022.951 0.0032784673
703.7341 1405.8545 21.687172 450.36032 0.0032762226
43.272865 1141.1484 85.13352 373.554 0.0032731893
241.92657 736.67444 226.87708 335.97897 0.0032678454
454.73145 1044.2877 403.10367 1496.8799 0.0032618714
574.46826 2582.8855 259.6627 319.03223 0.0032611766
11.115652 809.9687 22.357 588.11835 0.0032542837
3.6603768 770.8114 9.269511 1072.5605 0.00325119
87.84347 1387.1539 175.2757 970.46405 0.0032504082
372.6235 1332.0735 201.21344 433.7908 0.0032471162
665.90717 160.25969 98.86207 318.99115 0.0032391008
82.73147 1629.965 160.7969 767.61194 0.003232297
79.89091 2095.606 152.65468 356.13147 0.003230646
263.84207 508.18222 426.1294 487.8924 0.0032303282
220.28018 1450.6396 364.52426 449.07758 0.0032131977
644.8361 971.3865 135.34607 597.93384 0.0032093253
200.36824 388.54602 402.75955 637.3954 0.0032005156
702.80194 1855.4307 23.162334 334.61566 0.0031982395
3.1569064 235.37646 7.009691 294.77844 0.003198136
689.2394 2205.9114 53.293686 474.66663 0.003186054
282.66876 1270.2892 465.16388 915.7696 0.0031854347
261.43274 946.5824 432.64728 532.79675 0.0031852378
488.52084 1216.0975 309.0067 653.78516 0.0031754468
4.074505 265.34094 9.183064 185.23697 0.0031670928
686.1842 653.1077 57.549793 730.92737 0.0031662167
55.778633 2677.3948 107.19787 127.7154 0.0031661836
321.7457 1492.4688 244.22693 509.9473 0.003161334
96.566444 1038.4854 186.76541 353.03522 0.0031529528
512.3386 1246.6576 130.82469 220.71585 0.0031528538
709.03046 1040.568 19.25313 504.22552 0.0031526454
701.64703 2283.5955 26.14209 427.46674 0.0031449762
284.0664 2584.8542 536.0942 327.4231 0.0031394647
671.58704 1431.4502 85.33454 562.535 0.0031369897
281.76654 269.91437 579.4435 538.837 0.0031343726
7.0284853 1238.2728 14.479525 1546.3215 0.003130248
332.602 2507.8923 429.45444 512.9023 0.003127834
98.00075 312.6623 184.2786 129.37408 0.0031234839
378.57532 2622.5972 374.15594 236.01437 0.0031226866
696.6875 2162.123 34.3973 408.5381 0.0031192938
412.5244 1537.8932 122.96992 238.80156 0.003107457
227.55827 2353.0254 447.97864 758.1022 0.0031065368
603.2284 965.9479 141.21959 609.9941 0.0031056406
4.2775116 2489.9673 8.701375 462.48822 0.003088554
260.9314 1299.0358 215.92723 383.5353 0.0030864934
472.86368 2297.219 459.52606 887.61084 0.0030841364
0.8134432 2523.1997 2.1392248 431.05692 0.0030799024
584.0095 2554.774 154.55586 345.69232 0.0030751973
0.35313174 2386.866 1.0703006 694.29456 0.0030736143
687.87555 919.48 56.73349 461.88437 0.0030654725
274.76788 934.2045 213.82643 377.59454 0.0030635188
161.85605 860.228 132.96358 219.95622 0.0030610526
387.89337 2604.2002 408.81482 276.67007 0.0030556093
284.23813 1372.5725 598.87915 2153.7644 0.0030547525
552.45123 1013.1697 114.04337 219.44333 0.0030518903
3.6977909 2512.729 7.2801256 435.47424 0.0030478453
365.99188 406.23538 403.0995 587.34863 0.0030404415
475.54495 808.1229 187.03604 284.59476 0.0030224705
402.96616 1703.6852 134.5928 215.5812 0.0030108844
25.295631 411.3578 50.344383 431.7275 0.0030089053
446.94308 880.5397 295.25134 581.85156 0.003007993
1.8606192 220.80745 5.712803 245.59695 0.003007208
635.2928 1830.2522 162.8497 1124.8751 0.003005463
42.759525 1325.6965 84.781906 485.48596 0.0030047942
4.204198 292.11267 9.430576 184.42139 0.0029999628
115.337814 188.95128 174.84366 189.09155 0.0029927378
135.41914 1123.5111 157.95856 223.8557 0.00299249
324.2748 1000.6341 634.77386 1984.9904 0.0029900612
2.129038 235.66678 5.776316 444.89252 0.0029821596
174.1136 801.4558 101.5324 159.64415 0.002978838
66.69056 2709.25 131.79977 66.80529 0.0029784432
628.42957 1301.8687 156.05501 382.163 0.0029698575
343.95374 565.0711 700.384 1151.897 0.002964931
647.9789 2182.6907 133.67703 607.48895 0.0029644885
135.19562 1359.992 201.55511 300.75095 0.0029539354
3.423902 726.72504 8.689047 269.40845 0.0029510017
492.03128 1440.7272 256.87924 762.87445 0.0029484003
688.5482 1285.7156 57.27426 363.4631 0.002944429
13.180687 1210.5814 26.280392 854.9129 0.0029338982
311.65704 948.6356 253.92987 415.78143 0.0029303366
182.7078 2052.5679 312.16052 349.83408 0.002928867
2.9993737 167.89772 7.109382 213.43785 0.0029269906
710.2402 2482.2258 7.7454524 468.97882 0.0029232635
669.19836 1500.5536 92.8543 341.66574 0.0029093234
544.1338 1050.2137 134.1617 182.71777 0.0029070582
7.5550427 1663.0444 16.200935 344.8888 0.0029062554
589.8886 2089.6396 254.70885 993.10693 0.002901383
1.546508 598.673 4.13343 777.39545 0.0028970728
3.5888653 311.0552 7.872439 311.8795 0.0028946577
711.9552 1363.9714 6.637182 636.7275 0.0028909564
23.628126 957.72565 47.199913 598.59174 0.0028874124
21.774582 925.29803 43.544693 523.3326 0.0028752158
533.3862 1296.4951 155.83965 437.22446 0.0028726535
296.17133 1067.8654 173.59041 394.65036 0.002872095
10.894031 724.8817 21.58361 391.45316 0.0028682305
529.5527 1197.433 128.49268 195.79411 0.0028656335
666.427 1758.0745 97.44096 506.1776 0.0028635564
12.115681 549.76074 24.016779 541.5273 0.0028612197
36.748337 2725.0605 72.56055 37.183384 0.002854116
484.01245 961.97205 319.0804 925.5636 0.0028472007
680.5014 2346.935 74.02365 312.05164 0.002843979
4.1638255 729.20483 9.78794 255.41914 0.0028427055
155.19817 426.75095 293.01074 319.90726 0.002839523
613.1843 2361.589 136.87447 260.7966 0.0028367862
244.12016 896.36725 184.67517 423.19797 0.00283576
305.57184 2582.8816 472.85352 320.5166 0.0028229095
16.198483 915.96545 32.893333 349.1213 0.002821161
181.07294 1114.6858 321.35583 415.59683 0.0028133367
357.74524 616.48584 76.69402 172.2817 0.0028040558
562.37006 67.788635 311.81552 134.65219 0.0028014386
2.5805912 554.8635 6.561166 330.86987 0.0027981168
643.1154 2291.978 143.14503 362.97238 0.0027975154
697.75195 544.7524 33.317284 823.4956 0.002797457
377.34937 2166.9797 498.10895 618.2069 0.0027966124
412.99384 58.59772 581.1423 117.41885 0.0027964888
688.1852 2314.0454 56.477467 313.94348 0.002795755
347.52725 950.45386 119.64012 248.60591 0.0027915265
685.4292 1839.2196 59.849583 298.46667 0.0027867176
597.20825 2433.3755 147.79279 276.97546 0.0027775785
7.9891334 754.8819 16.875721 181.6969 0.0027773385
613.207 261.70233 200.64758 526.3963 0.0027766754
618.0979 1308.1128 159.35979 393.46207 0.0027687554
281.70612 2082.131 324.5295 277.08905 0.0027687382
701.47656 1809.6537 25.76768 389.24173 0.0027621067
547.61334 1422.3739 189.97469 619.27136 0.0027606322
491.1095 2619.2559 173.82658 235.41765 0.0027593563
20.634508 885.8626 40.906628 346.71332 0.0027505609
13.541329 1067.8655 27.619339 394.38214 0.0027474235
208.02283 1540.4375 407.79013 923.82306 0.0027460011
8.761224 297.97595 17.946468 192.22731 0.0027459867
602.992 2181.0322 214.42484 547.13434 0.0027435329
661.80316 2134.8994 116.58787 377.72266 0.0027384157
349.5413 933.0698 140.4962 267.12296 0.0027379391
662.5542 1450.1409 106.14501 674.5362 0.0027306655
437.91788 2576.603 142.32356 309.4277 0.0027263178
678.0113 1193.9701 72.33758 285.1299 0.0027171385
647.8844 1752.8551 135.72862 396.35052 0.0027089294
677.0208 2528.792 72.604164 420.03342 0.002699195
672.00256 1041.6326 85.68556 475.33984 0.002696211
654.18384 2382.6272 190.06906 694.7586 0.0026934491
267.97858 1771.6357 133.14624 178.96887 0.0026910435
664.54193 1418.3931 100.754135 677.2773 0.0026841622
690.331 580.4063 47.480846 1026.32 0.0026840281
1.3030843 591.51263 3.9963272 467.90433 0.0026833822
7.4156017 1154.336 15.328535 271.7898 0.002677301
413.06714 1519.6819 461.7299 812.52435 0.0026762942
604.551 2222.5603 209.99048 452.3325 0.0026758066
303.52087 718.3678 191.53609 318.2167 0.0026681316
8.745064 1149.1439 17.545874 976.4069 0.002662381
532.7843 1034.6421 122.85433 199.88687 0.002661472
550.657 1096.2819 186.63037 457.81055 0.0026516367
690.6469 1479.9084 53.06538 291.83768 0.0026448937
374.69675 2535.0154 330.96988 403.06372 0.0026425235
236.05641 1712.9828 100.509865 153.2686 0.0026315425
394.92978 2627.9485 568.96106 236.23982 0.0026257434
493.9029 1086.0526 348.62454 1557.925 0.0026257369
351.303 1781.5537 340.54517 429.83353 0.0026096099
23.734854 660.7293 47.33437 540.1462 0.002603158
526.5807 1189.5496 135.62076 191.6827 0.002602778
405.24976 2512.6118 544.1443 456.79095 0.0026002578
676.7446 2423.8716 79.4794 302.38074 0.002590521
595.47266 1038.6724 92.187454 198.54803 0.0025813938
385.98785 2623.8474 167.62595 224.9839 0.002580818
281.2159 1051.9751 321.09964 530.6392 0.0025794401
345.36905 598.1667 81.707344 167.22423 0.0025782688
645.69055 2226.2432 148.06017 454.6353 0.0025779328
580.59235 1104.683 209.08353 1045.1097 0.0025776534
2.5146275 926.6987 5.705109 448.22415 0.002572917
573.1175 896.40717 147.10468 442.72626 0.002563013
484.16156 1456.5146 161.79836 366.09546 0.0025595592
538.1163 2404.7498 306.07343 671.87396 0.0025594984
354.79507 997.3979 131.95596 284.39722 0.0025567731
392.1172 2567.6228 622.29944 345.30566 0.0025557263
404.7422 2465.798 347.80417 847.7349 0.0025556036
621.9061 2500.7861 165.20117 508.86313 0.0025521903
586.40155 1011.89276 105.11716 245.2039 0.002551711
638.8848 847.3761 153.15099 531.2862 0.0025495347
586.3806 1410.4518 236.15553 600.2012 0.0025467833
602.6957 2630.2812 157.43242 218.1073 0.0025434035
444.3777 1175.0244 384.87906 1113.5607 0.002542869
66.8918 2324.75 135.32526 827.23 0.0025366046
525.701 1097.4034 286.8986 1168.4877 0.0025310477
6.2752676 324.6974 13.315744 143.14903 0.002527394
299.73364 1499.7915 251.39565 570.94196 0.0025243247
644.28674 330.55905 141.1592 677.72754 0.0025148606
270.91464 1263.9635 119.15077 208.16621 0.0025127265
528.6015 1286.6906 263.21872 982.23315 0.002509911
327.32492 2651.1028 535.27124 259.14053 0.002501228
597.4811 2398.4526 156.42569 372.5934 0.0024990386
285.4866 1021.526 115.69465 258.65164 0.0024974726
23.290468 1378.6052 46.502823 292.39066 0.002496342
4.380725 1107.7668 9.216391 355.85696 0.002491904
269.95605 467.68686 520.78033 436.10425 0.0024883128
170.6769 1582.7115 126.54604 257.15347 0.0024876771
544.4552 2536.1243 152.71645 283.35583 0.0024875128
327.87683 780.9806 121.66754 198.67677 0.0024769057
10.845135 1911.0496 21.848871 236.72173 0.002475504
341.0887 1670.592 98.46364 152.93053 0.002471618
323.58743 2191.8738 236.65942 341.63605 0.002467861
639.19556 2093.8064 151.69386 378.2276 0.0024616905
633.6069 2614.2039 142.08398 250.14143 0.0024606416
306.54562 2533.9512 375.35864 416.1214 0.002458419
221.56018 2625.4214 426.5908 235.54568 0.0024552564
669.60724 1279.1335 75.4836 323.38593 0.002454897
501.10657 2361.7852 179.13623 357.3562 0.0024535928
426.31375 2680.4128 206.7781 120.34609 0.002453524
619.1065 1658.5417 190.54648 711.80304 0.0024521402
638.62024 793.3105 151.88383 311.4126 0.0024507667
678.25696 1997.9658 80.24433 343.76773 0.0024483872
425.3632 571.42065 319.193 608.0947 0.0024477933
525.272 624.2484 127.632126 196.89204 0.002447578
536.9537 1230.4078 285.4238 303.13632 0.0024473066
532.6248 2696.4055 284.6048 197.08286 0.0024467644
11.834658 1141.2445 23.717169 392.94193 0.0024452005
534.1308 2648.6199 227.65085 267.8666 0.0024416894
480.94995 1604.3516 129.32536 256.68518 0.0024415443
706.97595 356.14093 20.496468 260.38547 0.0024381692
304.81302 2671.9395 454.22015 254.1359 0.0024339189
624.3949 2055.6487 176.72987 715.7728 0.0024324558
271.1992 2663.6833 174.06602 154.257 0.0024198052
622.7237 1411.4977 143.62383 585.3097 0.0024157073
644.2442 265.51834 139.08673 453.45673 0.0024114456
427.60428 698.4223 492.1545 1131.0732 0.0024110372
575.4399 2698.19 254.72353 155.91545 0.0024067985
486.9971 2620.9587 155.21828 225.77504 0.0024047191
594.6429 1233.6849 195.34369 756.9593 0.0024020781
351.44608 1380.9265 709.4343 2724.8687 0.0024020073
1.9546636 1375.7733 4.4553556 561.3941 0.0024017664
330.56558 1875.5996 372.833 343.10004 0.0024015517
142.5964 951.47284 268.8795 1137.6809 0.0024009964
430.54236 2674.791 398.95187 193.26826 0.0023998339
684.1744 1846.2039 67.503784 332.75244 0.0023968723
236.21295 1304.0743 138.2394 276.70245 0.0023944527
629.0122 1357.7955 136.32785 484.1404 0.0023917935
93.46356 151.79773 184.89293 299.21487 0.002390994
270.8138 2123.2751 421.07962 366.18637 0.0023904934
482.4801 1452.0936 133.58401 260.1652 0.00238704
4.817946 1317.808 10.268814 386.8354 0.002385922
509.215 561.35254 113.346245 150.9825 0.0023782335
584.3109 2717.9412 248.78307 108.74505 0.0023752532
531.86346 2118.4475 145.16943 239.74521 0.0023662525
613.1039 932.7093 197.51512 665.7325 0.0023658213
504.2019 2575.1348 413.2367 440.39694 0.002363486
338.1117 1973.2476 448.60022 640.89246 0.0023588233
232.5051 1410.802 143.9422 258.63663 0.00234236
638.51685 2622.6265 140.33772 233.63062 0.0023396804
2.1072526 236.45078 4.9174123 216.24464 0.002338818
390.2158 2706.7637 613.842 155.4288 0.002338223
628.2756 2523.2761 178.06645 444.47327 0.0023334648
341.13287 1371.4476 687.13074 2725.5408 0.002332477
375.2602 736.85803 116.13083 215.8737 0.0023313577
121.218666 1471.75 264.00372 2429.4417 0.0023293665
372.31613 2678.2036 511.89893 200.61528 0.0023177047
336.69138 2082.458 426.14102 410.6212 0.0023172009
588.7865 1334.6428 225.69019 833.98145 0.002312139
257.52554 895.6791 396.46704 485.47714 0.0023118684
207.85901 2208.1843 300.6512 519.2138 0.0023116649
46.037186 2043.575 75.66805 489.06723 0.0023113063
550.0122 362.25812 333.8201 731.39844 0.0023077258
406.0427 2662.6606 190.43759 159.66154 0.002307078
571.06104 2142.0127 174.5438 328.61002 0.0023062627
622.9224 1005.09283 179.14792 541.1109 0.0023059247
131.38547 2453.516 245.56743 693.644 0.002298195
620.5984 2517.4658 181.0168 461.50162 0.0022947884
669.8193 1836.7273 95.91621 345.38312 0.0022890435
499.1379 1694.1589 199.28844 353.38525 0.0022869154
164.77443 1015.4267 244.1261 1080.0349 0.002280682
670.9192 1282.5798 73.89558 347.20804 0.0022696187
551.96985 101.41682 333.73154 205.65247 0.0022667225
79.949234 2691.4028 156.58739 102.80901 0.0022642186
549.82196 1580.0005 265.32336 941.9506 0.002262402
374.92343 1552.129 113.10482 167.04274 0.0022619157
653.0894 855.5272 125.2238 340.44232 0.002258377
4.826888 572.61224 10.04934 242.59607 0.0022436462
625.28864 1334.7848 159.53397 438.82147 0.0022421586
391.96637 1802.8063 100.87957 147.50562 0.0022300484
149.09515 2619.5588 269.47186 254.21707 0.002229967
448.18558 2269.744 205.55098 366.396 0.002228626
252.0542 1437.1633 444.8687 1204.7875 0.0022211696
622.18286 1943.2347 164.26445 310.37476 0.0022136075
479.34027 1598.6503 138.45291 254.41197 0.0022129747
308.94794 175.41176 595.80206 355.0958 0.0022076261
3.0531824 845.0738 6.8344107 531.14 0.0022029246
2.0016344 848.21906 4.792356 254.45944 0.0022007225
539.48267 1040.968 294.4153 902.11456 0.0021977802
348.53894 2417.8154 323.8521 453.90765 0.0021944896
302.53247 1157.2167 125.340126 257.88132 0.0021867133
7.1049504 337.30603 14.788131 160.48253 0.0021851033
565.5993 1432.4746 212.92162 535.88086 0.0021790515
479.18185 2704.7898 200.5207 120.75554 0.0021773258
357.7832 2708.8147 482.7123 164.49107 0.0021688598
470.94424 1043.0745 196.46495 341.61597 0.0021670547
576.8384 1205.2247 262.0021 1131.0 0.0021648875
525.31323 1405.7363 226.65028 712.6875 0.0021632852
472.38934 1071.3761 154.15128 220.93945 0.0021592602
387.28616 1526.7964 590.5488 827.748 0.0021512522
465.83212 490.382 202.13809 367.3385 0.0021506697
702.6044 2473.5935 23.68306 331.1308 0.0021459556
646.7766 1669.8544 127.43867 357.85022 0.0021433074
351.5208 2078.3726 454.55762 453.06876 0.002142191
405.98636 2407.257 139.68967 257.11932 0.0021420605
534.98206 1359.907 284.8623 1048.656 0.0021363616
587.8516 1068.6707 75.36767 121.39006 0.0021233289
156.39543 1517.3569 203.73633 958.3758 0.0021184213
85.79905 839.87616 162.98755 614.55206 0.0021144352
678.53107 2600.672 62.5301 281.66736 0.002113552
285.32077 1857.015 165.01595 229.70879 0.0021134366
582.12036 1529.942 235.35864 823.1566 0.0021007203
296.15683 1918.0326 363.02695 539.30884 0.0020968614
703.44904 2551.2402 18.9992 377.6748 0.0020964653
313.547 632.227 132.58464 217.86981 0.0020950073
352.99878 1198.8882 695.6598 2207.3162 0.0020910047
218.22514 954.0 297.14694 444.45215 0.0020881332
666.54486 1741.8566 105.890305 274.90744 0.002086551
559.1281 1183.7507 245.40218 1178.959 0.0020865172
295.1815 564.6122 605.0505 579.5452 0.0020804051
62.280994 1827.9813 128.87459 533.65985 0.0020774524
513.4832 1353.1979 343.55496 486.03967 0.0020727138
641.8 2573.9402 130.39478 337.77002 0.002069295
609.3808 1077.2119 142.88596 390.63657 0.0020682663
409.2201 2588.1782 638.9479 357.85736 0.002068089
314.2389 1019.4285 112.42376 232.36385 0.0020670404
590.8246 1103.7461 81.11188 97.14049 0.0020596068
385.42932 1002.57117 513.70447 803.66974 0.0020554936
138.47908 1036.968 124.533295 205.2652 0.0020540787
364.84802 2318.5632 223.63376 392.899 0.0020487069
292.24948 60.647526 178.65025 116.64867 0.0020475578
312.3768 839.9954 274.70953 460.71188 0.002044917
382.81406 1423.8417 112.973274 211.70694 0.0020405012
587.18365 200.55313 262.0868 402.5885 0.0020254103
566.8471 2007.301 209.38162 395.6241 0.0020210403
582.0844 223.70305 269.8642 460.60452 0.0020134374
687.06494 2597.2727 47.19324 291.39062 0.0020057934
1.0247366 302.2796 2.4314704 188.06808 0.0020052304
287.80923 1820.3881 554.58984 388.48822 0.0019980073
538.7756 1570.1182 295.63074 709.04474 0.0019927002
581.3045 2664.2935 220.56352 153.071 0.0019915588
467.26215 1787.149 135.21138 230.3665 0.0019859124
293.22546 134.983 583.6256 264.4797 0.0019846512
292.15952 1837.9004 401.12753 626.1994 0.0019821725
1.4740783 695.81213 3.6203022 197.1534 0.0019777648
528.7101 953.10486 338.57654 1065.1124 0.001975149
46.751476 2483.104 71.77744 514.79517 0.0019724935
550.16797 1957.3905 209.14998 322.30865 0.001971371
222.52629 1290.3145 179.59445 274.14676 0.0019670313
226.98494 1995.0278 192.75716 189.81898 0.001965999
484.027 1860.425 177.49254 261.73923 0.0019648147
93.39161 2482.5076 155.15877 322.9171 0.001964682
78.80146 2720.6753 149.86757 45.76328 0.0019389985
5.6227875 120.65404 11.054913 228.77689 0.0019219677
219.67087 923.03784 306.29633 653.8434 0.0019154915
655.82043 693.4124 120.715454 293.51932 0.0019146148
549.8491 1935.892 137.7459 232.33685 0.0019098505
308.9023 1546.3153 527.04474 2389.5352 0.001895339
559.39844 1825.602 172.83305 278.9833 0.0018748145
583.4791 1338.6036 206.34857 586.6502 0.0018686258
601.72174 1344.5496 186.80775 391.50833 0.001866322
624.2056 1825.6953 138.76196 234.03134 0.0018525497
617.1531 225.41154 187.53264 271.96622 0.0018417264
258.4113 939.2862 516.95 1202.5991 0.0018352965
620.71906 1507.5707 322.93124 593.8869 0.0018350545
576.78955 1643.738 151.63441 369.0075 0.0018301299
102.72969 2583.1865 109.63393 312.74435 0.0018026404
576.5957 1659.5372 176.14993 449.06808 0.0018024679
610.43097 1696.2499 137.28137 288.03983 0.001800901
199.66045 716.27435 398.97064 874.1383 0.0017895381
352.7924 263.1372 674.8627 521.37335 0.0017795821
188.64267 2002.8738 118.62776 105.1378 0.0017635982
588.8269 2694.7468 207.78833 87.973236 0.0017359986
72.9478 2733.4092 82.24284 19.73833 0.0017228042
623.0356 1640.1987 156.63535 538.36816 0.0017154327
566.38385 582.0611 218.72987 429.53842 0.001709499
218.37958 1247.3906 360.83926 1041.6102 0.0016821215
348.12762 139.65338 664.1101 276.7572 0.0016664315
627.3131 1455.838 94.173546 225.26942 0.001664627
553.56177 1795.9847 128.32083 204.58736 0.0016580833
569.7681 1496.8652 120.011826 300.0063 0.0016551022
542.0361 877.63007 114.62534 165.90253 0.0016507171
73.788704 1770.6503 142.97789 491.93552 0.0016205452
638.1763 1339.655 109.1541 197.06215 0.0016151083
655.09827 1110.0503 91.3813 313.18903 0.0016102929
538.69714 1609.7715 171.58463 477.31577 0.0015721329
706.7371 2620.0623 13.035733 241.886 0.0015667276
652.5826 1314.5892 89.54038 177.87543 0.0015647098
77.20765 1362.0941 155.05396 2741.0417 0.0015517524
77.05257 2156.8064 153.82776 1167.5269 0.0015450286
610.1347 2693.388 175.2224 143.08443 0.0015236725
351.09888 1913.4534 629.15063 2438.8682 0.0014959822
705.4715 2596.359 17.287498 295.54587 0.0014502703
11.319722 2005.063 22.747726 1474.3048 0.0014367227
65.63517 1759.7467 135.23634 1965.8977 0.0014341336
312.8237 1323.048 698.8462 2108.0056 0.0014119712
303.59314 887.3024 422.33707 509.8114 0.0013393104
75.74239 1366.1307 151.1098 2732.9856 0.0012914126
111.00709 1124.3356 214.29652 1537.9243 0.0012843246
394.4301 468.52765 709.7515 874.10706 0.0012500922
331.38943 64.82118 623.40125 134.529 0.0012471944
643.46936 1441.3315 97.21449 195.54607 0.0012310792
364.85144 42.901665 677.7571 89.59858 0.001230015
125.08229 1114.7456 244.13249 1615.0957 0.0012183982
703.6578 2661.8804 25.115433 132.42809 0.0011952696
159.15744 812.1792 363.23276 941.9352 0.0011699476
539.6616 1151.5361 214.1018 252.42448 0.001152566
709.9521 2638.8962 8.670134 183.18364 0.0011441158
71.699196 1351.2916 149.46652 2738.2168 0.001014037
493.40494 1290.6245 326.13556 708.29095 0.0010087702
181.37582 1517.9053 399.28778 911.81104 0.0009883294
701.61206 2715.2014 19.973673 58.856297 0.0009490073
349.18448 1200.866 693.6473 2319.3962 0.00084538915
323.9202 1710.1531 616.732 640.5246 0.0008275794
