718.656 1529.1101 1422.1638 3044.1597 0.82017106
664.69403 2353.909 1293.2428 1308.5378 0.11580051
322.71744 897.1766 636.2395 1790.7423 0.099608995
868.97473 2263.37 809.5512 1047.4738 0.08909651
685.9121 2095.1448 1294.7659 1765.0986 0.06557253
700.4626 1897.9717 1215.729 1945.3206 0.05752219
694.8019 2314.1191 1170.8701 1179.5153 0.057120882
768.3884 2311.9592 1040.1752 1174.6194 0.055794384
710.58344 2094.94 1197.1722 1618.9884 0.054088376
707.85425 1740.0791 1166.5624 2130.209 0.05373955
976.0491 2199.9082 584.85205 886.42993 0.052371234
749.7004 2302.2788 1062.9941 1150.7501 0.05203598
706.2909 2357.4724 1394.268 1369.0858 0.049317274
703.79126 2035.8784 1354.3511 1931.3529 0.046137773
700.57684 1735.2833 1223.2588 2237.4045 0.036489207
439.67563 911.7613 866.27594 1820.8247 0.03456952
769.344 1959.7451 1018.9516 1635.5725 0.031588472
717.8792 1526.8372 1416.546 3045.151 0.031151138
757.44446 1645.0844 1038.5597 2177.0042 0.027127804
85.17542 672.97235 143.91896 256.51132 0.026423564
330.03888 1523.7745 646.48956 3030.638 0.026060093
881.1433 2297.9146 635.3095 818.5077 0.025352247
695.4117 1420.125 1153.6615 2009.0237 0.022529343
747.44415 1866.0856 970.5218 1603.6156 0.02237318
903.7729 2259.5098 822.66327 1126.2526 0.022043183
341.25327 1519.0337 667.68134 3015.439 0.021614758
996.371 2110.2222 526.6241 703.15594 0.019973887
649.75055 1183.362 1162.3895 2091.8323 0.019128442
732.1516 1453.8845 983.71545 1889.2828 0.018682178
774.76074 1956.9415 1058.9564 1826.5708 0.018623793
331.20877 1191.8417 648.0653 2380.7622 0.017632706
828.44824 2000.3676 960.6037 1637.978 0.017609207
830.3928 1759.9857 917.21295 1939.6586 0.01738385
829.05066 1804.369 965.9937 1969.8973 0.017222572
573.59576 951.84705 1107.2158 1877.8127 0.017206034
693.1208 1485.9799 1047.2588 1688.0001 0.016776323
832.27 204.1503 102.125206 367.05255 0.016686307
617.72955 1352.8689 1078.5405 2232.136 0.016639078
687.5142 1361.633 1037.0438 1788.4546 0.01651012
336.91904 1182.9896 657.49866 2354.9658 0.016313272
688.0492 975.83185 1337.5363 1920.724 0.016240029
846.3331 2099.5776 968.72894 1484.3989 0.016175758
1405.3746 2273.0989 150.40509 214.92406 0.016172025
572.6476 1307.1257 1017.1357 2248.263 0.015961092
320.56824 620.9021 622.90955 1228.308 0.015426798
770.622 1916.6729 988.3767 1779.6376 0.01501946
1102.0325 2561.6956 179.80292 135.23323 0.014263384
313.62482 464.42606 605.1783 908.5196 0.014025851
719.8053 1841.6185 1053.5272 1262.3036 0.013901444
313.37497 459.2471 520.119 761.429 0.013891727
432.7696 1516.5226 845.7242 3015.8848 0.013757957
773.4457 1381.1416 1036.7139 2192.881 0.013501165
791.1559 2519.4697 580.7504 555.3046 0.013436532
792.6339 2501.9768 519.5658 449.54468 0.01311015
403.99194 305.50378 364.2154 440.4309 0.013059729
917.83356 1580.3999 836.09064 2185.2764 0.013031905
1005.1915 2073.8389 488.37338 560.45 0.012755272
702.8222 1537.5562 994.9929 1482.3855 0.012721097
876.5293 2278.499 447.39008 659.43115 0.01233717
630.84955 1258.9181 1010.0397 1560.8983 0.011911907
798.98267 1187.7378 803.6523 1457.498 0.011863334
875.83295 1166.8824 652.0831 1403.3662 0.011322355
845.6724 1020.4698 607.107 1142.5046 0.011269531
675.3363 1119.7478 1284.254 2162.4531 0.0112625
735.2231 2581.2659 1432.2235 1789.9567 0.010902698
789.0747 1230.0885 1152.8701 2189.5303 0.010854514
754.3822 1397.6941 1083.6171 1930.1729 0.010429001
632.2877 1680.344 984.38806 1187.7085 0.010321755
690.00714 1571.1215 780.1017 953.8375 0.010228317
956.0185 1482.1414 930.27966 2725.412 0.010219935
456.02167 1250.0758 884.99603 2477.7651 0.010145121
531.2495 975.9292 1034.4336 1943.6378 0.010120973
680.6498 2372.4495 812.7594 910.44653 0.010039446
1079.041 2180.8113 439.75882 873.7027 0.009703408
774.2717 993.19794 1134.5936 1869.8306 0.009670992
427.30832 1172.1935 825.06366 2338.8438 0.009598916
723.2928 272.1778 322.26508 532.09753 0.00957729
82.13993 495.9797 154.91772 626.28204 0.009569355
647.271 1443.1198 1101.7039 1645.1686 0.0095474515
796.83966 1035.6556 868.0755 1770.855 0.009532629
677.53046 2567.6765 295.10623 293.6026 0.009527344
815.2492 1313.7754 971.3914 1821.926 0.009422923
766.06274 1445.9456 779.8171 1206.4219 0.009345077
935.7043 1351.7982 883.0956 2016.9047 0.009289422
839.4814 1828.8236 1019.45404 2047.098 0.009284999
805.8827 1444.0674 1026.2091 1653.8569 0.009228752
747.4958 661.21783 439.04678 449.84293 0.00921185
660.27155 1671.3164 872.4575 912.03296 0.009184482
982.23267 2133.7698 396.33383 425.34372 0.00916378
581.63806 1199.4417 1083.8757 1546.1205 0.009155891
1102.836 2034.9156 321.8177 550.2169 0.009075054
861.8417 1331.3068 1013.0442 2110.3196 0.009057652
999.4841 1641.2006 711.59094 2036.9576 0.009041057
679.14606 2694.997 1321.627 716.82697 0.009028245
983.5916 1213.3904 476.87595 1120.5907 0.008885903
551.78845 828.1489 1054.2501 1638.499 0.008877642
770.0182 2579.3118 618.0038 551.44196 0.008821818
746.59674 1783.1423 893.00433 1078.1298 0.008815957
443.77438 546.18 852.75543 1086.9667 0.008803783
555.48535 1801.8088 979.73035 2142.84 0.008723644
862.0083 2045.8145 230.75822 238.1683 0.0087190345
954.01715 2088.348 752.80444 1352.5902 0.008662647
813.41 1892.0364 783.3672 1554.5071 0.008655005
569.42914 941.6514 1098.2335 1873.4119 0.008612489
902.9856 1947.8549 755.76697 1558.7346 0.00855264
632.1257 1680.9933 422.92566 467.04706 0.0085458215
765.5634 200.85172 244.53677 397.47556 0.008472848
644.5302 1708.0564 811.37823 1975.6597 0.00847018
708.1244 1604.2474 697.0764 817.03894 0.008447128
933.12616 2340.9023 909.8494 1393.5648 0.008439703
598.12366 1648.138 949.60443 1294.5121 0.008399051
700.666 1420.8971 1264.9711 1524.3246 0.008396347
704.20264 823.42883 1026.8197 1541.7632 0.008381289
677.024 1143.5696 900.204 1414.7577 0.00837976
975.53375 2243.9446 827.56714 1181.9056 0.008364282
1040.5476 1621.7982 746.0009 2259.2185 0.008361889
972.60455 1150.8771 387.912 973.90405 0.00835004
982.8557 1210.6324 493.79953 1102.4951 0.00832038
386.03986 457.1197 402.35608 740.89325 0.008305832
903.81396 2436.5999 314.18246 350.771 0.008182285
1151.0975 2440.9192 305.8707 379.7523 0.008094346
817.17993 937.59393 656.4225 1041.0878 0.008091353
669.0227 2321.4194 781.54443 786.0215 0.0079223355
562.13574 317.75327 638.1125 621.7045 0.007899436
491.63324 885.5039 958.7845 1769.7405 0.00787068
1136.3655 2490.055 261.4341 278.2541 0.007843144
1003.04114 1685.9282 665.0321 1886.4614 0.007841571
325.05878 2445.2043 630.90546 1176.752 0.007736966
1095.4219 2144.3809 304.55197 410.2994 0.0076321024
748.4036 2981.9692 1471.3214 1046.5177 0.007629842
804.9738 2535.0437 725.2345 665.5928 0.007608706
520.9105 2220.0615 1007.94867 1413.7913 0.0075709326
623.95355 781.4696 1211.77 1550.8192 0.0075336243
823.4609 1329.246 851.737 1753.5211 0.007502712
979.1135 2240.721 837.8719 1274.397 0.0075012427
896.43134 2755.8564 207.49168 213.84718 0.007460326
362.12665 299.73462 255.19443 381.8085 0.0074600964
713.34125 901.4776 1404.6068 1802.2 0.0073828176
554.3373 1785.6104 588.9073 668.7665 0.0073752375
900.3649 2760.1064 137.49088 186.34566 0.0073703
954.0221 1004.6209 341.0654 697.8186 0.0073656794
559.7932 1718.0035 667.3909 913.943 0.0073617194
907.53815 1106.082 831.34576 1551.7267 0.007360939
705.0352 795.9255 548.35236 572.4935 0.0073526204
583.47095 841.49634 687.2654 1608.2002 0.0073456457
658.374 1686.2362 788.5907 1438.7318 0.007316701
652.42426 1259.856 692.16736 1258.7318 0.0072403005
371.95215 307.59805 270.43558 372.92163 0.0072110035
1409.9702 2285.0332 177.40408 372.9005 0.0072093136
624.48206 2054.0076 820.6596 1328.9159 0.007183857
750.8559 3227.7073 1474.4645 559.66797 0.007163769
637.1355 1543.8708 836.2726 757.6715 0.0071536894
1049.3699 1592.2793 735.4056 2290.5195 0.007121668
645.9801 870.57526 1260.5825 1723.1461 0.0070692054
753.0514 1896.4535 861.5874 1161.2584 0.0070103044
869.18414 1384.5814 787.2346 1891.022 0.0069825402
822.67584 1656.1995 726.16205 1871.2946 0.0069811256
677.6864 2776.6562 1321.7657 554.8446 0.006935195
278.00784 2619.4775 531.7794 741.3265 0.006923718
759.2455 1085.2365 563.24 845.62036 0.006919774
1147.8934 583.57764 696.4947 1168.1874 0.0068863826
448.21912 2434.7344 872.4258 1198.5189 0.006874672
460.4835 504.85178 891.31366 1004.4715 0.0068728686
752.1049 3270.425 1471.6292 477.15662 0.0068467828
749.2786 2853.3577 1466.6204 1301.1881 0.006815222
419.27576 2543.2578 809.9378 995.60455 0.006805807
576.45233 2069.2314 717.7813 1370.8403 0.0067864694
1069.792 2199.3755 515.6684 920.4849 0.0067863376
976.98615 1309.9553 707.6652 1507.3651 0.0067558177
624.5455 667.6882 856.28796 1267.183 0.0067378692
1023.45013 2667.4207 341.62723 321.75345 0.0067335623
692.4658 385.6233 437.33414 754.13354 0.006719013
733.0759 1542.445 1141.3953 1145.6947 0.0067076203
371.76758 207.56134 295.17783 262.42987 0.0066969665
926.45874 1050.1349 458.70914 891.0154 0.0066864286
1116.7538 2323.079 325.02014 594.8186 0.006651331
441.92633 2736.9792 848.04175 618.9956 0.0066364557
658.26337 543.06036 686.2268 974.7868 0.006631478
739.97974 1698.765 881.0575 1047.5985 0.0065956335
193.92314 1297.6116 369.82135 770.61993 0.0065952893
799.2435 726.7673 345.3758 273.71155 0.0065505034
696.04156 800.1671 630.7826 756.4634 0.00654769
553.37244 1588.4597 747.1121 792.84735 0.0065459404
1027.8889 954.8613 60.229412 104.88233 0.0065386603
719.03876 1683.916 672.06464 995.7433 0.006521758
766.4024 1505.168 605.8342 1208.4479 0.0064446945
1062.2983 2187.7107 712.28577 1106.5867 0.006408547
276.46323 2775.5237 530.08307 537.43555 0.0063703577
442.98788 304.1556 859.8276 600.2352 0.006313913
599.3117 1355.1069 1136.5444 1465.1108 0.0063029937
746.6543 1022.6774 748.6671 1152.9421 0.0062940014
1034.4508 1254.3096 294.83017 783.7545 0.0062931306
901.11456 1302.653 836.9692 1473.4604 0.006267547
606.0774 1427.1298 1057.0836 1138.8013 0.0062617525
700.18524 951.3301 614.2843 761.8553 0.0062606544
1036.2163 1607.2073 776.71783 2500.489 0.00625854
643.5431 656.06036 739.492 1238.6871 0.006233315
1000.9583 2124.3499 269.44208 367.53482 0.0062145684
705.7921 576.6244 627.91797 1066.9553 0.0062030177
644.8234 2560.0623 193.08455 219.7939 0.0061689126
910.62964 1653.5535 814.21796 1630.2698 0.0061439564
863.19354 863.35175 488.1942 774.23755 0.006135847
764.57367 1873.104 687.3387 863.4996 0.0061024423
215.17343 864.57513 412.55127 1577.949 0.006093177
617.8 2015.8691 122.36406 183.4145 0.006092666
272.4503 2521.3286 526.7365 1027.2377 0.0060609826
617.9971 1885.5079 825.98145 1005.65027 0.006052302
866.36084 1894.9337 846.9967 1967.0107 0.005971869
840.07025 1462.8368 546.96924 812.65265 0.0059713507
414.85718 449.81125 59.305237 86.40442 0.005970757
724.39856 1999.5768 1396.0359 2908.011 0.005947107
625.3704 2769.3865 1198.5768 567.9385 0.0059442385
842.909 1689.6411 915.39453 1128.4615 0.005919259
546.09186 2371.296 789.19336 813.02734 0.005888427
534.71857 244.1192 218.19637 471.39697 0.0058778916
523.92145 1936.9111 787.712 1951.7588 0.005853864
706.4476 1737.3125 571.4183 639.8566 0.005787941
575.8785 1299.8436 1085.3938 1312.0127 0.0057817595
557.5979 1074.7367 925.18695 1400.6433 0.0057711527
936.6988 932.68146 313.35693 573.4677 0.0057704365
781.79865 1998.3912 672.18835 1379.2545 0.005764582
847.66095 1800.9523 758.31555 996.41565 0.0057608364
723.47363 2249.8855 1389.667 2393.6284 0.005758717
892.44836 2025.8632 430.0392 526.8109 0.005748802
700.51807 1692.2152 681.5411 1120.2701 0.005702291
874.3931 1567.5297 695.005 2200.243 0.005662861
611.8184 2054.7583 179.35233 282.07108 0.0056512873
828.727 657.7359 603.85986 1292.6329 0.00565032
1059.1562 1228.0156 498.04526 1071.2902 0.0056383144
558.57086 1015.3426 870.1802 1201.2772 0.0056296135
370.26196 2080.599 714.2959 1861.5493 0.0056242375
629.3917 2364.4395 440.0299 730.7898 0.005550725
977.22095 1607.3011 714.19257 1882.8456 0.005525522
666.8974 896.9246 815.9102 1013.0991 0.0055251447
318.46375 258.18942 618.2246 509.48752 0.005507365
273.42636 268.73022 464.3563 447.69864 0.0054946863
897.1472 1838.0819 624.0021 1850.2167 0.005490886
1086.0631 1449.2957 606.99036 1590.1676 0.0054635247
1155.295 2171.8562 505.14917 920.98596 0.005450864
194.00491 1160.3645 344.46564 468.43903 0.0054263514
865.47705 880.34766 457.54428 719.1354 0.005416427
820.50146 2106.19 229.904 322.51596 0.0054013254
260.08426 2647.4834 478.79025 707.17303 0.005389795
810.1019 1509.4259 784.7801 898.5204 0.005385553
1082.863 1276.9877 437.98123 945.9591 0.005315325
1113.8595 1510.3867 617.9191 1725.609 0.005308868
653.3112 1457.0317 490.24173 1010.66425 0.0053062374
823.32324 1722.694 968.8249 1100.8079 0.0052995468
616.6438 1550.2594 1098.2935 1020.2375 0.005274837
235.29697 903.728 431.5342 747.10114 0.0052729263
474.32822 777.7627 930.6912 1563.8392 0.005259824
222.98798 1309.9285 428.30225 897.28455 0.0052492195
626.9563 1766.0133 832.4248 1020.69305 0.005244836
836.9674 1639.0614 584.2423 2029.93 0.0052190134
1143.976 1973.1456 252.51799 453.03793 0.005194082
1144.6334 709.9408 680.64667 1426.5376 0.0051889475
565.55615 1972.1433 590.67615 893.2876 0.0051624854
695.75964 1692.6852 644.7935 786.00116 0.0051600244
527.41504 480.4735 1032.2816 955.06683 0.005159366
870.28296 726.5537 926.76953 1444.5037 0.005154513
1148.1119 1668.1371 542.3993 1885.9467 0.0051456266
686.02594 1755.5444 461.91403 557.9489 0.005117073
873.53625 645.08026 308.57736 440.2349 0.0050997045
928.56964 1866.6357 623.3697 1708.8643 0.005081346
617.0922 1374.7078 553.7923 817.1527 0.005029566
1054.8475 1534.2505 737.3144 2574.3706 0.005010251
620.9212 1945.6711 650.2102 1805.1505 0.0050082025
358.68842 1990.6105 374.66745 394.21823 0.0050076796
660.00476 327.21274 472.38013 639.44324 0.0049961437
162.20972 435.94986 309.07205 750.7564 0.0049955985
866.0958 636.98694 206.20126 307.57477 0.0049841544
685.4482 399.7149 525.54675 755.3257 0.004971318
1019.9542 2417.8794 484.8584 517.62286 0.0049699997
791.01843 1012.2567 740.0953 1179.5149 0.004965931
1118.9614 2351.6636 330.39368 556.6619 0.0049650925
850.2211 1914.6364 557.4001 1526.9312 0.004955982
768.30566 1679.7501 425.82593 459.57428 0.0049547376
1172.7864 2499.82 172.79608 246.3434 0.004949813
1208.1624 2192.8882 431.0755 840.05566 0.004914324
740.16156 1635.9255 559.5388 1047.1407 0.0049062716
614.14246 1760.685 958.30914 1106.849 0.0048971055
569.22314 2004.5703 723.02454 1103.0756 0.004882201
729.35504 1812.7596 975.1091 825.7929 0.0048740115
1032.2932 2471.157 321.70688 335.293 0.004860812
981.9803 1841.8486 575.4952 1733.3679 0.004848747
1181.5488 1975.098 486.4673 1277.828 0.0048449845
597.2061 2125.095 307.09863 423.22018 0.004828397
708.1139 1070.2235 973.6486 1214.3767 0.0048269723
350.47076 1897.3287 645.49054 703.45935 0.004819449
662.1186 1545.6447 584.36304 653.1508 0.004818317
1120.457 2019.0758 343.7073 588.806 0.0048127114
813.8039 1251.6821 871.10297 1685.6105 0.0048034047
725.53955 419.8185 516.7456 798.48724 0.004801839
288.20416 2031.9425 549.64056 2041.2898 0.0047740894
651.1309 632.9076 1291.4763 1267.4031 0.0047704815
1043.4036 2347.0928 396.54776 537.8519 0.004768886
927.81854 1407.625 796.0509 1628.1198 0.0047684354
715.33136 2659.666 228.27878 234.02782 0.0047676302
933.7851 1714.9708 538.6672 1844.8495 0.004756748
592.6872 2062.2043 563.3878 1114.3191 0.004748491
1084.6898 1788.8574 608.84827 1763.9292 0.004742188
839.7952 2633.0369 639.9479 482.64145 0.0047392407
614.4759 907.2831 354.68045 395.06802 0.0047362116
750.7494 867.87885 749.138 946.5782 0.0047215098
993.03687 1301.5127 412.70786 716.6593 0.0046998775
880.288 2457.9854 261.33893 278.08014 0.0046961475
1086.9144 1946.4009 603.04004 1173.5543 0.004688235
1016.7411 1692.3992 646.30194 2078.6733 0.004687559
323.05316 2321.7668 382.83673 365.8564 0.004684999
646.4762 1772.5698 1190.0681 959.1283 0.0046674344
909.7149 869.3013 969.0794 1746.7133 0.004663841
689.53845 1754.0056 516.68005 1137.4075 0.0046514263
933.2456 1928.7683 570.3441 1622.0471 0.0046505807
718.7338 2839.7893 645.5358 425.47668 0.0046388684
760.3985 1865.6886 537.5811 1195.8317 0.004635061
537.4631 1729.399 670.8897 1887.265 0.004618718
634.8716 2557.7632 177.34323 231.6983 0.0046136566
1119.3501 1943.3387 607.1366 1592.42 0.0045997156
714.5085 2181.4243 557.8576 526.91156 0.004580517
911.18134 1867.5183 572.9843 1710.4249 0.0045665535
213.81226 521.2987 347.91278 554.78723 0.004553878
740.15576 2071.4917 291.80228 353.32385 0.0045508593
298.69504 2154.3127 584.3868 1769.4861 0.00454906
953.31396 1221.9614 752.24585 1270.5004 0.0045484495
723.8734 1208.0629 1163.7039 1508.1957 0.0045220973
1007.2126 1328.8549 298.51495 458.0545 0.0045049763
186.37526 711.8953 352.41898 1162.9332 0.004498809
299.78772 2899.4128 574.53864 306.56064 0.0044981427
665.6341 1255.9181 197.8062 254.39017 0.004474882
222.93596 2866.7266 418.0831 365.0535 0.00446606
533.5192 2044.725 623.04736 1660.256 0.0044284933
467.1641 442.7627 905.7002 882.9468 0.0044187456
502.97668 2166.5588 705.2221 1674.8243 0.0044158073
317.4559 1966.1667 585.5159 580.0256 0.0043987115
535.6887 1995.5526 651.2645 1752.5023 0.0043973564
879.838 1450.5286 239.79045 305.4448 0.004395597
1176.5441 1544.3945 466.0265 1363.2134 0.0043854793
636.5504 1518.0751 933.4577 680.3505 0.0043774894
1149.8853 1888.8701 538.71606 1288.13 0.004376415
750.17474 2099.2202 263.21487 356.77106 0.004358534
1215.9769 431.31277 564.0894 862.7333 0.0043559293
663.5595 669.5704 610.25653 552.074 0.0043279314
545.89124 418.4069 607.1438 807.3304 0.004323881
1047.2665 1762.161 691.7393 1601.4069 0.004315192
815.1409 1752.718 715.20605 2143.8228 0.004313211
723.4545 2116.3347 403.7905 909.98804 0.0043036747
747.8812 849.143 358.0805 484.80817 0.004298114
714.3041 566.6837 290.70856 239.47113 0.0042852587
740.7857 3319.9136 1306.3774 254.568 0.004265767
547.6919 2092.6365 285.02945 345.79202 0.004246754
869.2201 1482.3816 676.5004 1923.1703 0.0042262184
1185.7524 1904.9459 473.3038 1038.3265 0.004186703
1229.0486 1860.1987 393.35315 971.00867 0.0041862675
620.7824 1784.2803 424.5974 548.4581 0.0041607125
772.88965 2526.8525 504.65622 568.3808 0.0041585653
978.1055 777.05005 866.7348 1558.6776 0.0041551366
88.86546 670.1541 167.72992 1211.052 0.0041323584
392.76797 2166.2378 740.9883 953.8942 0.004130648
673.1918 2087.724 261.72006 364.7698 0.0041151573
957.3938 1901.5504 549.97107 1300.3961 0.0041125864
576.6286 1639.2699 631.09595 1918.0519 0.0041118073
1159.8652 2509.0974 215.86723 247.36156 0.0040858476
887.17957 1046.7881 333.3642 580.04626 0.0040826416
719.9605 740.07886 1421.712 1481.7292 0.0040653762
1064.1646 1612.6748 322.54788 466.06152 0.004064691
894.76624 1285.7917 846.7483 1645.7448 0.0040597385
950.8052 1557.4313 482.51422 2171.663 0.0040335427
798.9556 1069.0415 361.51093 1113.1406 0.0040022964
1070.8383 2035.5846 293.7041 442.43307 0.0039784135
133.68785 1109.0577 253.0636 1273.6967 0.00396887
701.2278 1827.4325 588.8686 1256.8754 0.00396125
901.01556 1916.7926 567.92456 812.55707 0.003941024
516.5411 263.02975 749.98364 515.84485 0.003939061
875.26495 267.56412 225.40643 532.4042 0.0039229835
1028.6743 1045.3264 258.38132 455.0354 0.003920041
498.0598 2916.291 229.35974 256.2227 0.0038996576
568.12805 2011.0687 302.85474 398.3608 0.0038882405
785.3407 2338.3567 464.98328 717.23517 0.0038690933
604.5694 538.158 1197.9767 1076.0669 0.0038598327
1130.1063 1016.0696 636.4909 1932.7216 0.003856371
392.13977 1988.7224 581.59106 450.10162 0.003855296
517.3262 2827.2124 960.9085 448.91702 0.0038529434
1170.1836 1950.6401 497.8794 1319.1235 0.003827875
165.3239 202.77798 273.4987 338.2736 0.003809623
1218.3466 1933.2802 405.46188 768.8361 0.0038071102
1115.5945 1838.2148 608.51984 1929.4154 0.0037987551
587.93915 2248.101 999.401 1637.7711 0.0037900168
1090.3853 2024.7247 673.2837 1664.3779 0.003745052
1201.6749 1818.0312 452.68527 1603.5875 0.0037284724
238.69638 2088.1875 104.830505 143.78148 0.0037284512
1048.5394 1867.2344 237.71811 313.12604 0.0037276486
1187.9868 2670.9546 879.11914 1666.5026 0.0037163165
1126.0808 1402.38 409.1754 827.8068 0.0037153878
1063.3477 1527.7906 405.00497 1272.3914 0.0037066187
816.91675 1863.0498 542.44867 804.4848 0.003695108
288.03375 2292.4917 540.2447 1519.4819 0.0036801118
853.98224 1889.278 474.03738 531.1774 0.003676475
1159.9738 2327.343 553.72485 1307.0408 0.0036687409
1173.2711 3272.7888 437.75595 464.17114 0.0036560718
736.7801 575.5296 1466.8892 1146.6387 0.0036464322
331.12344 2451.2583 535.77203 1001.08215 0.003637611
737.90326 2096.9683 1332.4667 2759.04 0.003632475
889.7928 2411.786 202.34464 235.27986 0.0036193565
715.93835 1618.5509 262.22833 305.7135 0.0036133137
921.35016 560.2042 210.94568 418.75192 0.0036090622
648.2302 1515.5789 911.3192 667.8695 0.0035976942
594.0809 1528.5833 970.83405 773.07635 0.0035795067
1282.9564 2273.4028 117.14253 192.80591 0.0035722249
735.9546 205.40375 290.5956 408.04666 0.0035609452
713.9704 2005.7996 1048.6396 1725.8055 0.0035491532
995.01263 1197.8376 684.30023 1171.3049 0.0035439532
935.06384 419.18338 356.9594 858.4764 0.0035383098
560.0212 1129.9495 806.00024 1235.6472 0.003532687
86.73752 784.3728 161.0332 576.94916 0.003530524
366.4261 2929.5793 415.56323 235.75972 0.0035077976
867.6257 2057.4802 202.47649 242.05779 0.0035016062
1244.6218 2296.9812 203.9165 363.268 0.0034818817
910.47 2844.2021 367.256 371.2645 0.0034615872
812.61804 1849.8378 393.28656 677.24054 0.0034603702
686.7603 2872.9355 368.54553 357.37375 0.0034550813
975.71295 936.5638 433.59763 653.7352 0.0034532791
1012.57886 2844.721 978.7451 1310.3918 0.0034525536
973.1712 1160.799 320.5882 982.3733 0.0034521385
246.90709 651.4831 227.40979 291.73788 0.003435202
962.7714 2110.4797 167.93282 297.67804 0.0034189422
552.6108 2866.4912 783.10333 545.49927 0.0034169073
814.05066 1940.0315 437.66992 960.2923 0.0034073843
749.05927 2916.0208 328.2231 270.9015 0.0034057994
1041.9198 1838.6615 223.113 280.41113 0.0033907339
832.1669 2830.0088 403.96417 427.56448 0.003377155
705.57666 410.02914 550.5442 745.4611 0.0033746876
907.80914 1419.9121 534.9231 1436.7003 0.0033688499
758.5447 1071.0917 887.0138 1022.231 0.003363048
819.41125 1856.9017 513.28174 759.93396 0.0033561413
787.5582 3458.63 1392.6782 99.66161 0.0033560137
746.4463 1484.4563 472.55463 1388.0892 0.0033514823
542.37805 1555.9293 572.845 649.9165 0.0033445484
264.6729 1829.9674 495.65375 1020.749 0.0033233154
1144.1472 1276.5731 305.97577 566.88696 0.003301145
952.01166 1329.0602 312.0403 345.00433 0.003300544
1094.7911 2572.3884 160.98808 151.67311 0.0032981231
509.31833 2309.2678 226.69765 290.83682 0.0032950179
371.69974 151.79521 544.78925 291.8175 0.0032841987
155.61494 1563.1885 290.84457 537.4409 0.0032758196
288.99344 1966.9613 549.90094 1973.2805 0.0032713076
1140.8558 1968.5614 421.57196 1625.8818 0.0032711802
313.91425 868.2915 612.2674 1727.2294 0.0032704838
692.932 447.31216 351.6859 653.641 0.0032556914
980.8445 3288.1614 975.42474 453.1386 0.0032550122
1400.4109 2100.765 211.7874 617.18243 0.003251717
600.25885 2831.5415 1129.213 452.9027 0.0032382759
1032.9927 2605.5872 457.8917 825.6829 0.003234427
1086.3201 1602.818 227.71477 218.56917 0.0032214522
1124.6144 1251.727 356.9129 791.70435 0.003214548
699.07446 887.81647 1382.3951 1763.9435 0.00321197
1241.544 3243.6938 457.8352 523.47003 0.0032073504
899.1581 2368.9644 998.8393 1349.3259 0.0032005676
346.26242 262.00043 427.8427 508.79684 0.0031994495
1170.2017 2072.1233 516.9953 975.6264 0.0031981876
288.0376 1021.41046 280.07327 347.87326 0.0031938523
1115.2118 1023.7153 287.91034 500.011 0.0031904578
715.21466 954.5947 353.67102 525.29663 0.0031881584
800.94995 1839.0024 574.6444 1858.9858 0.0031756202
393.87183 1719.4114 718.1814 1170.3243 0.003164088
1065.6736 2625.801 814.7507 1615.3109 0.0031617712
1093.1829 1938.9777 648.6408 2021.2179 0.0031612392
1370.9967 1856.254 249.03203 1019.61804 0.0031503893
673.07904 533.02734 413.07892 882.3203 0.0031489686
127.71575 1615.3127 230.11987 410.66116 0.0031433606
747.6885 602.5543 349.49908 459.05276 0.0031328814
1008.6667 984.5397 619.4043 1160.7721 0.003130489
720.7138 3305.9065 1282.5648 404.9814 0.003123993
1029.7305 1952.4236 396.86642 822.9591 0.0031123192
877.6462 2167.5608 224.6292 333.97238 0.0031118044
1112.8236 1826.5775 598.00604 2198.1875 0.0031080863
658.3081 1840.1265 411.29208 632.0328 0.0030987125
902.70496 2009.8215 342.5725 557.9032 0.0030983887
91.45901 1063.372 172.18181 1275.0947 0.0030971474
1096.6338 2014.9279 310.3426 666.8774 0.0030876216
976.2143 1884.4199 248.54692 309.69504 0.0030841306
668.8863 2053.7842 393.373 686.00146 0.0030833946
1046.2422 1757.5635 351.13 586.23706 0.0030592112
154.6418 2039.929 273.10272 404.34924 0.0030559304
766.38806 1980.6091 1107.1309 1929.3821 0.0030537085
1426.4469 1968.7963 155.45668 886.0024 0.003053327
1198.1885 1944.8395 457.86484 1429.4735 0.0030443005
675.38513 1676.9052 396.89432 668.27893 0.0030439442
1357.9834 3261.4702 261.30237 497.8016 0.003040956
917.6914 1500.7959 977.11914 2060.3945 0.0030394099
1264.8755 2001.3713 327.26465 563.77155 0.0030324967
1022.68463 1232.3218 491.80795 1235.0963 0.0030283332
1124.6593 943.2627 224.86354 293.17453 0.003020734
887.6855 320.05316 268.75458 643.3463 0.0030063577
683.5769 553.74133 430.74707 1057.3773 0.0029910894
1082.9948 3241.1426 647.0288 521.16724 0.002989126
130.77693 654.56055 229.70836 334.262 0.002982538
1198.3881 2486.9407 203.85284 293.65915 0.0029721628
212.74533 2226.8816 404.68112 1676.9666 0.0029651737
883.4742 1455.2394 377.197 906.47003 0.002964914
1186.6925 1889.4828 457.54648 876.56805 0.002961457
1416.6702 2481.8135 194.43767 1114.206 0.002959488
1367.3896 1721.0117 270.64337 1437.6628 0.0029531645
358.8091 988.2168 290.3062 378.8994 0.0029434562
767.49725 1618.2242 920.6358 1062.7778 0.0029355446
863.51196 2361.1077 185.89157 251.19606 0.0029291639
1161.9976 2078.8945 574.2077 1894.0581 0.0029289466
836.0625 2319.38 813.9695 1202.3699 0.00292733
1079.1957 2773.1243 547.3207 512.44055 0.0029150902
894.9972 1167.1155 740.92377 1986.5977 0.002903816
839.183 2369.524 791.8019 1441.2911 0.0028997725
177.31894 1535.9438 349.10736 3009.3042 0.002898864
1226.0006 1785.7946 372.77533 822.4388 0.002897088
1018.30475 1910.0817 462.43137 1631.9495 0.0028856709
1153.148 468.15738 692.31226 943.33484 0.0028763479
159.66034 2024.2151 287.5601 443.15668 0.0028744913
881.31805 2469.3865 745.30554 1121.5693 0.0028653175
1155.1499 1911.8986 528.3745 1247.343 0.0028631766
1258.6107 1767.501 299.09445 530.3171 0.0028515672
1013.7228 2518.165 154.44814 204.03247 0.0028359054
270.4832 1972.1179 424.0539 386.1433 0.0028297955
1071.9769 1883.0977 522.5471 1753.2782 0.0028200974
1391.8004 724.6451 282.3624 1452.1503 0.0028133858
836.36395 1708.8789 526.5673 2166.527 0.0028058966
847.42523 2505.6838 499.32285 373.07846 0.002804445
711.8703 3168.2537 1344.2382 754.7449 0.0028016423
1343.262 3346.004 298.65387 331.4296 0.0027983508
887.415 3301.9026 750.6026 407.48306 0.0027890375
774.3917 1687.54 602.7272 714.40985 0.0027810307
334.80154 1993.5675 575.57477 1099.6649 0.0027799928
1295.1025 284.28726 384.80115 512.24475 0.0027584026
439.36877 189.6857 845.05164 376.15158 0.0027569183
1100.6738 2259.3813 830.1082 1440.3928 0.002738081
271.91623 102.460365 518.7761 196.75478 0.0027270452
1017.81195 1963.0764 474.7896 1597.7122 0.0027253844
1245.3883 2144.2485 298.9483 394.75308 0.0027249553
310.83298 1879.2024 382.8668 484.73492 0.0027237053
742.3709 3218.258 1287.0499 578.0165 0.002716592
340.29095 2917.0247 486.91345 840.5052 0.0027090337
1004.55786 2757.8347 260.46378 285.46072 0.0027030807
1192.3783 1533.7755 403.16745 1179.5072 0.002698952
1384.1826 2667.4036 247.95515 996.17505 0.0026929881
718.89813 1535.731 1419.0464 3029.7188 0.002687556
858.52484 1676.147 887.25397 2101.4805 0.0026823538
643.0203 454.84158 308.7001 291.8696 0.0026715903
705.1233 1643.8849 612.96606 1776.5405 0.002666787
1008.2252 3243.442 724.5081 532.87714 0.0026515787
1157.3608 2638.2776 152.21461 240.84662 0.0026505336
180.05354 2488.3218 369.70337 1121.5312 0.0026500986
1260.7026 3302.2122 341.57516 417.10788 0.0026438637
1040.8257 2281.656 171.3916 232.61319 0.0026387675
1292.2181 3142.2883 384.00024 709.2455 0.0026267148
1384.8829 3365.0938 228.6159 293.3284 0.0026250514
977.8562 2333.7693 168.98537 219.40144 0.002624748
1003.42664 1482.8727 473.54828 522.909 0.0026199091
1195.8495 3237.1284 372.20038 511.9292 0.002616058
281.95 396.29462 207.8336 435.11697 0.0026129172
873.6559 1903.4974 742.1498 2130.7185 0.002610453
1143.9539 2768.732 432.58017 450.95773 0.002610443
1156.043 2054.3691 467.12167 1023.1397 0.0026062648
1261.4719 2432.217 633.37463 1390.2549 0.0026057616
1069.3306 1933.8365 560.65826 1899.9448 0.002603143
639.72925 1347.339 628.6144 1318.8375 0.0025925522
806.9649 2013.9359 333.4955 916.6473 0.0025901007
181.83182 877.5644 306.02798 431.0754 0.0025849002
1169.0636 3017.7505 646.6656 971.95685 0.0025580416
993.9211 1899.9476 673.7296 1864.7758 0.0025561396
1391.2031 2311.2573 219.57477 753.9991 0.0025492278
1195.0271 1995.8325 503.40952 2014.3225 0.002543492
90.46235 948.33276 176.86012 1498.7279 0.0025409237
1241.342 3348.8518 466.7729 317.42307 0.002534617
654.35284 393.68607 1318.1398 777.734 0.0025163875
853.3811 2025.1526 200.96106 292.61942 0.0025059185
735.4834 3025.059 1130.4158 896.97925 0.0025030167
708.8245 3433.2473 1377.0376 216.72676 0.0025003918
1280.6451 3140.536 278.8642 341.1396 0.0024971934
1216.9203 1797.7528 404.0444 1841.2898 0.0024900627
1409.9669 3247.7913 170.05173 520.8801 0.0024808308
1168.035 1634.5563 268.68494 277.09314 0.0024801572
362.9586 1343.673 747.2573 2691.7532 0.0024780782
1244.1923 1883.3545 463.9607 2078.8997 0.002474135
656.21576 2972.946 379.33426 382.98865 0.002465111
856.74243 248.30156 507.8054 489.11423 0.0024623158
1331.2714 2561.0957 340.79758 781.0617 0.0024604849
1246.6945 2758.7744 295.60968 418.75787 0.002460369
825.7357 3314.736 379.60428 381.0488 0.0024602308
1117.3153 1964.1428 602.40283 1917.9492 0.0024589838
1373.4694 3014.6152 205.63776 394.05353 0.002449811
1035.5018 1008.35693 550.5513 1419.445 0.0024455483
1285.9121 2553.2036 308.9265 550.76263 0.0024452994
809.7722 2469.8713 910.1979 1128.8499 0.002444626
481.79254 1998.3168 666.46277 477.92642 0.0024426524
1181.9305 2199.8853 165.98767 206.24774 0.0024387469
1249.8364 1722.895 463.8661 1347.9918 0.0024384765
1262.3973 3174.6914 357.78986 441.30872 0.0024378446
1214.3523 3340.15 342.68094 345.06042 0.0024365124
839.97394 2018.0829 273.36267 393.39102 0.0024344272
164.17863 3455.939 322.75613 111.950714 0.002425828
647.6951 310.5636 780.266 610.6734 0.00242534
868.43274 1980.4517 214.59848 329.6851 0.0024175064
1178.9314 1145.1288 420.41583 975.5283 0.002411784
1428.6967 1875.2264 156.26556 557.33606 0.0024108216
1316.5214 3264.726 325.3866 465.93463 0.0024107667
1307.7928 1325.9922 391.67444 2615.058 0.0024051243
1347.8335 2496.5137 220.04875 501.28668 0.0024034886
846.4572 3445.346 1109.2155 129.03148 0.002401161
1237.2991 2769.7803 278.42514 351.0597 0.0023980401
1103.4886 3108.5828 341.56317 317.68784 0.002394716
1413.844 1748.003 185.63008 1288.0773 0.0023860603
1252.0634 3256.3994 350.99475 467.5888 0.0023687773
192.94313 3135.0938 348.3299 234.26811 0.0023644902
1228.8036 1385.5756 377.6037 763.9233 0.002362771
1378.9395 2787.2075 245.58105 445.92093 0.0023545185
548.21014 2732.513 953.9661 860.9585 0.0023508093
1415.0615 2155.7039 225.8769 1262.3767 0.0023113426
64.70095 47.661144 117.59143 89.89865 0.0023034182
1081.014 3163.4192 300.92743 353.847 0.0023004035
1211.1213 2664.4858 470.38266 688.14374 0.002300198
696.6876 1622.1284 711.1144 1501.3689 0.0022992636
1295.2372 3404.043 404.62485 212.97194 0.002287544
1376.7856 3334.1 246.77153 356.29623 0.0022762583
793.9214 3202.7798 243.41385 259.34933 0.0022708392
1188.3489 457.05005 580.06067 888.2761 0.0022672357
1086.2551 1265.9923 368.4775 672.6983 0.0022655753
1065.1256 1428.5884 472.63086 1542.3118 0.0022644373
1325.7615 1892.0839 217.5499 533.28784 0.0022616982
625.3391 1936.2603 416.92944 697.94446 0.0022610968
1305.3973 3374.4316 367.19135 280.19498 0.0022601762
1070.8849 3089.6238 427.14963 533.9215 0.0022468935
671.72266 3260.0542 334.52536 311.6376 0.0022237783
1182.8115 1920.6307 513.242 1288.9377 0.0022237296
1265.1066 2459.6729 444.90704 1213.2556 0.0022130779
484.52228 3381.7625 339.56863 263.2257 0.0022105079
1273.3765 2142.4587 349.8088 1458.8678 0.0022103535
1261.826 3373.9016 423.61682 279.81448 0.0022084634
1434.0895 2901.0095 134.81607 524.8828 0.0022040766
1192.0475 1656.5219 300.8321 509.42703 0.002202084
880.6906 1913.2312 430.50357 737.36646 0.0022019194
1082.2668 2838.506 341.99506 375.8482 0.002201905
1101.9501 3353.2375 559.4044 322.50125 0.0022006857
1350.3566 2761.152 311.31482 1391.3486 0.0022006617
502.23373 2017.8357 598.50214 965.0058 0.0021962882
227.7275 3253.3413 432.79028 509.4242 0.0021940146
583.07324 3386.0388 824.6376 252.91957 0.0021771498
1411.2838 1284.3068 194.43327 707.07776 0.002176349
1180.1016 2616.1052 184.70444 280.8761 0.002174838
246.51125 3441.1865 484.27518 129.5292 0.0021668258
1241.3457 2104.2 522.53955 1322.2363 0.0021482531
1258.5099 1225.9606 466.47534 1018.74524 0.0021456124
1163.0394 3347.0059 556.6397 331.62366 0.0021452673
589.3367 1693.6849 528.7592 1494.8893 0.0021442978
487.9604 395.1892 957.89233 929.8472 0.0021423816
290.7435 32.697403 518.5111 63.28767 0.0021380698
839.3328 226.9301 71.19781 285.28046 0.0021300016
753.6592 3352.4133 834.3853 322.52435 0.0021283238
1095.2196 3408.576 721.9448 205.67424 0.0021272798
1424.7484 1741.7129 173.0564 1548.8882 0.002118249
830.4798 224.66016 443.28116 440.92133 0.0021114664
1250.8816 557.0984 518.39685 1091.9557 0.0021098435
1394.8069 2356.3535 216.02269 845.95154 0.0021081194
1166.9879 3361.956 565.167 294.0244 0.0021066163
1106.4391 3046.018 540.33356 564.8211 0.0020973624
1069.0404 3332.7488 313.401 348.52716 0.0020897961
1225.799 1598.8213 271.3489 348.42197 0.0020795462
847.25354 1922.0582 742.2488 2080.534 0.0020768119
1006.84406 1771.4237 376.8885 1614.1718 0.0020716842
954.1693 3161.9434 251.41962 301.5856 0.0020708072
1085.1813 2958.1824 252.54306 321.85117 0.0020662772
977.1889 3391.8613 570.0053 248.74065 0.0020655468
970.65326 1824.9108 559.71484 1824.7372 0.0020599018
708.4338 2765.942 784.6926 668.088 0.0020573
1352.6135 2766.7935 293.24713 612.96967 0.00203665
1140.9491 3347.3281 285.0508 311.414 0.002034179
96.417435 670.7712 111.226524 238.66037 0.0020306285
1128.7349 3325.0789 350.74252 321.38223 0.0020267833
1410.0841 3218.5608 161.71616 593.6963 0.002020172
1461.0555 2980.603 111.427315 565.3896 0.0019980606
1220.8486 2295.6816 500.1921 1480.2609 0.0019956117
1433.8278 2139.7876 169.05516 538.8847 0.0019944648
1026.5963 3182.8535 329.81042 403.21338 0.0019917502
1283.5039 3406.6848 363.95078 194.54008 0.0019891975
1258.2396 2024.5962 440.94257 1869.9612 0.0019890328
1084.5492 3397.8923 382.09457 226.93117 0.0019841045
1362.5244 3411.2693 279.70978 201.31946 0.0019776141
1126.1042 3007.3264 271.47943 218.58853 0.0019775087
728.3142 1716.6757 540.3387 932.7449 0.0019744835
686.0529 3370.666 954.7156 412.6504 0.0019741931
1171.7188 2620.2637 287.7564 388.13495 0.0019721498
1332.0668 621.87024 300.5026 640.14764 0.001968508
722.09296 1536.5673 1383.1089 2973.7651 0.0019655556
928.50226 3113.4153 211.31818 259.7931 0.00196208
1148.9329 121.94959 695.91797 241.1596 0.0019545308
81.13606 300.83325 153.116 291.5719 0.001953085
1385.0278 2369.9827 202.61505 285.14062 0.0019513404
835.77655 1477.6318 485.8972 1069.3986 0.0019490098
94.421745 670.5773 115.16191 239.54585 0.0019412191
1265.5363 1612.7872 422.23077 1606.5973 0.0019354968
216.08391 1132.5895 248.51822 326.36328 0.0019253845
700.2751 3106.623 387.40594 414.62228 0.0019229084
1225.6285 2909.1306 263.73236 290.5872 0.0019140628
1245.875 1758.4906 533.53406 1862.616 0.0019065158
1302.8024 1783.8685 346.90964 775.3053 0.0018966836
1115.3102 1074.2157 685.7063 1725.193 0.0018933257
1381.945 2576.3413 250.88524 1510.4797 0.0018884562
349.94745 948.70215 701.058 1886.7489 0.001886208
643.34973 2237.428 1019.3967 995.8783 0.0018861432
1062.3196 3363.8665 315.61923 305.77325 0.0018834368
564.43036 2035.8628 459.15305 1633.4702 0.0018752295
507.7264 218.66673 1002.1865 422.14517 0.0018664908
1369.7501 1449.158 289.296 821.95013 0.0018598844
1403.6318 2802.158 164.90634 345.5819 0.0018497162
735.5985 582.5808 1440.4584 1173.1155 0.0018391624
1318.4501 3469.8206 349.924 95.67061 0.0018341648
1426.6104 2316.5593 183.06921 625.1054 0.0018309627
660.2731 2241.4458 672.8172 725.68195 0.0018278412
449.41272 216.28581 888.15247 421.17188 0.0018277473
1335.783 2861.1619 314.17313 403.2459 0.0018251141
1403.7078 256.9591 202.89284 522.9387 0.0018217658
1079.9276 3382.3738 256.96194 260.13153 0.0018193274
992.5684 2987.4033 258.58887 333.0346 0.0018157734
522.48645 3115.876 538.3989 559.1331 0.0018079774
1044.888 1280.6498 716.77344 1329.712 0.001800194
1412.4573 3176.7607 145.35483 430.3498 0.0017952345
965.8438 189.13132 542.8474 373.34045 0.0017908027
1337.5782 498.66855 258.70657 567.2583 0.0017823855
454.65182 1505.2936 890.55255 3018.3252 0.0017804275
1295.3956 1270.5475 275.8822 465.23514 0.0017749007
1338.8823 2972.8237 372.4047 674.58527 0.0017702745
1166.5469 3476.8093 282.63916 134.80786 0.0017672997
1433.9558 2563.284 180.73883 409.11066 0.0017612946
1346.4896 3437.9685 290.32388 144.76338 0.0017606667
340.23547 1875.8547 378.63412 1089.5166 0.0017552526
1126.841 3333.0842 423.10864 409.8514 0.0017529908
1418.0364 1538.0486 176.55289 513.33344 0.0017486204
1253.4838 1276.0771 525.77765 1940.0466 0.0017448232
699.4266 1306.24 1151.1536 1544.4381 0.0017406571
1143.4509 1421.36 555.5251 2225.617 0.0017385655
165.37943 50.522873 312.94318 95.36504 0.0017301373
775.4108 2470.703 885.3952 1574.8928 0.0017270631
1293.0726 2683.1384 224.15308 312.1554 0.0017214105
1255.0708 898.96387 456.41824 543.8087 0.0017205987
1281.4568 2763.8318 218.87021 293.16678 0.001716279
1440.8158 2334.667 114.18715 598.4873 0.0017121352
289.08838 1320.9845 478.34708 1732.8118 0.0017038884
1432.2878 2149.2756 149.5877 1333.6458 0.0017036182
733.9752 1585.9387 560.86127 1176.051 0.0017024591
1269.2241 1654.2905 432.7802 2161.049 0.0016987651
1330.5525 3420.6558 259.30096 195.08191 0.0016977369
1337.8418 3441.1936 285.44968 214.15672 0.0016950526
1396.8937 359.3032 199.42865 677.96356 0.0016941507
1256.1929 2587.8635 198.35838 256.0807 0.0016916686
1445.335 3087.1897 94.964 482.73203 0.0016904073
1346.0118 3415.203 200.59158 129.13477 0.0016888067
1180.0254 2306.4155 530.8375 1675.2885 0.0016822097
1252.1052 2797.5806 194.62788 238.52249 0.0016770812
1165.4938 3472.0073 352.73956 175.73349 0.0016672853
614.16187 460.09708 1207.6008 958.283 0.0016664569
461.92224 92.41546 929.6226 182.50246 0.0016652825
1272.9624 2728.6594 203.16986 267.96823 0.0016647315
1338.551 2268.733 238.00185 386.993 0.0016642521
658.9259 1713.7406 685.5882 908.9282 0.001661602
93.58982 671.9973 114.9083 234.81456 0.0016580477
1419.4556 3289.8608 127.20528 454.36633 0.0016561719
1000.2585 1825.545 432.9463 1249.8195 0.0016476403
801.26776 1497.2948 857.5085 1560.8568 0.0016469447
969.571 2457.8347 750.56885 1145.9232 0.001639116
495.3798 1814.5167 801.8484 847.2544 0.0016350097
971.2919 174.69133 371.36917 346.58176 0.0016116605
1107.411 3431.2742 281.67108 193.81992 0.0016037144
1374.555 3419.6848 223.4425 238.89014 0.0015864258
1369.0243 1272.098 293.5006 464.9351 0.0015843917
1458.205 2828.3772 87.589676 514.3259 0.0015834604
1372.021 3416.526 235.66986 198.99002 0.0015834083
1154.0474 1278.2899 546.6394 1872.8381 0.0015680948
1472.6255 3405.9834 101.99737 245.24243 0.0015426693
895.97107 2625.0344 811.51776 1715.1011 0.0015399695
1068.7959 2561.83 770.7952 1685.4816 0.0015358061
1458.8867 469.28882 101.89109 969.1483 0.0015328323
730.0562 1421.4095 1040.376 1084.9008 0.0015316526
1400.0029 3438.5684 226.76463 136.84099 0.0015227898
1444.4639 3415.532 202.01242 185.07559 0.0015193701
306.77042 2057.305 341.2177 1306.5122 0.0015161386
1460.0875 1294.9467 87.83967 1422.3677 0.0015158275
698.26324 1307.2021 657.1662 1316.1908 0.0015085133
1451.6946 3173.2012 221.38858 277.89505 0.0015058568
1275.5665 2392.6245 799.2435 1312.5092 0.0014950424
1424.1604 3257.4663 197.83435 416.67694 0.0014859112
1463.8944 3206.3708 104.78125 393.9081 0.0014858864
610.13464 2806.9124 951.83685 603.8728 0.0014813492
829.80206 3311.3047 1232.3228 572.6105 0.0014789454
773.8078 3005.2812 1095.5985 1020.8095 0.0014767379
642.7121 3502.5613 688.48584 102.866005 0.0014709409
832.9408 1665.308 755.5959 989.3567 0.0014692856
488.9827 245.62444 1030.9435 480.9529 0.0014658092
1385.5823 3422.3066 197.44397 181.31682 0.0014653981
599.40826 255.74138 1177.8427 485.4246 0.0014604506
653.04425 2242.0535 1202.1666 1293.3641 0.001451963
1447.1677 1775.3381 132.06898 344.1945 0.0014356257
1434.4933 1201.496 148.15218 1210.1096 0.0014311185
1431.8936 1838.5826 164.91408 415.89206 0.0014223433
1429.2418 1781.3048 169.5458 485.32217 0.001422036
1445.1903 1584.8407 129.77895 715.90845 0.0014156395
1445.0856 3406.3704 93.27021 212.43053 0.0014124399
77.73587 509.53455 139.95972 603.7199 0.0014119046
841.95703 2006.1887 333.13394 1043.2997 0.0013570569
279.2635 1439.438 556.1288 2677.2146 0.0013501329
1112.351 1464.3876 648.3619 2897.7168 0.0013475913
1207.6804 2311.4766 502.45618 650.18933 0.0013169942
1447.378 3466.009 101.97727 127.05688 0.0013051635
53.27293 505.22742 90.45874 591.6232 0.0013016168
315.71603 1506.3462 611.6925 3032.3198 0.0012714554
1127.6758 3478.6003 548.09186 123.66545 0.0012612441
1476.6249 3383.4333 69.68322 254.61974 0.0012370028
1356.2963 2196.2727 303.31906 1622.1392 0.0012310412
477.96036 2059.1562 922.6837 1619.0776 0.0012190888
542.9393 1860.0878 797.5261 1140.0264 0.0012147456
1343.3751 3458.131 266.98764 162.56053 0.0012127507
1451.8097 3464.203 92.280815 105.721054 0.0012071944
673.3073 1741.3405 679.78046 617.53076 0.001206438
526.8706 614.71234 1079.6735 1366.8967 0.0012041809
778.6606 2278.3542 976.39795 886.7499 0.0011955571
266.4336 1513.129 447.0112 2986.3418 0.0011874682
1414.7594 3494.9358 139.76663 147.17894 0.0011743233
1481.2238 2440.1106 55.344696 599.3066 0.0011684736
773.4738 2023.696 485.71576 1328.479 0.0011505537
1493.9979 3284.7905 25.261576 449.0318 0.0011386425
748.1061 515.9931 1452.0161 1041.8345 0.0011333574
1245.5842 1806.6603 693.46063 1936.5128 0.0011332397
1494.9586 2302.888 32.29193 296.49628 0.0011315612
893.9482 2418.5918 733.73584 1235.8895 0.0011305113
567.65137 1554.277 379.27985 2507.5356 0.0011286815
1496.7793 2808.7822 28.580957 442.9078 0.0011203827
1119.367 3007.0925 801.24 965.5755 0.0011161339
1422.9413 2331.711 305.77606 751.98035 0.0011068201
816.7918 1886.375 475.8763 1627.0208 0.0011064401
714.7588 1289.384 682.93835 1237.862 0.0011032836
785.7558 2282.2915 409.66507 887.4397 0.0010987306
793.1314 917.16394 427.72 1357.4463 0.0010905152
1043.2201 1413.4937 688.992 2639.0637 0.0010846158
819.4187 2266.6707 951.6107 1077.2085 0.0010840034
1428.4841 3488.6921 125.100395 52.00451 0.0010758082
755.67206 2003.6188 449.41925 1229.0255 0.0010748166
716.1007 2073.472 377.68533 648.6349 0.0010677543
781.3773 1918.1534 326.38712 864.8945 0.001058339
73.88181 511.91934 134.78539 579.2161 0.0010459457
1477.0975 3491.6 99.1071 46.338005 0.0010285405
280.85275 995.36176 669.6749 1561.0095 0.0010149606
748.6905 1528.4629 640.92816 1067.2238 0.0010148416
767.9606 1686.5662 498.6446 1854.6447 0.0009936123
758.8126 346.65555 1460.027 684.9642 0.0009778403
933.70026 2074.2598 585.0551 878.34174 0.0009729698
1496.951 3382.573 21.05197 259.4698 0.0009682669
737.27936 1984.2865 424.28406 1448.598 0.0009595933
1179.243 2790.92 701.6228 1355.5145 0.0009556846
894.2321 2919.119 853.24084 1350.0969 0.00095436786
781.3693 1834.0533 415.68875 1330.8875 0.00093553116
848.94714 1837.3776 403.42322 937.3218 0.00092696137
1046.357 1429.8075 774.28125 1965.6941 0.0009216277
466.56342 2007.4917 750.9352 1625.3313 0.0009057343
870.4653 1872.4283 692.0556 1358.5985 0.00088444154
846.0475 1758.5182 519.3328 1746.1816 0.000880589
677.4376 587.5268 1361.0857 1180.307 0.00087646383
952.6124 2209.4407 569.72687 857.47864 0.00086246314
840.88873 1420.9468 935.4309 1423.1218 0.00086134946
801.2464 1668.8254 456.53247 1278.6705 0.0008600094
807.9183 1862.2882 409.31393 1291.5067 0.000859712
736.80084 1255.968 684.11053 1287.2808 0.00085764687
759.91394 2032.1918 445.99487 625.2686 0.00084303337
762.0503 1752.1713 768.1567 1789.6041 0.00083671795
509.2743 1866.0897 383.40594 761.056 0.0008320608
1110.1938 1490.441 576.684 1005.78326 0.0008319395
706.8961 947.1275 1223.9995 1447.7074 0.00083007314
1498.397 3363.2183 25.200521 284.45813 0.000813591
671.55676 1321.5703 1158.6344 1274.6382 0.0008086972
1501.956 3376.7024 18.090883 273.75287 0.0008075929
254.29076 1481.2338 432.72375 1535.3651 0.00080137845
1126.7158 2335.1143 590.5714 1092.0896 0.00077727047
920.29663 2291.68 710.27344 777.1255 0.0007603641
875.7067 1104.7285 749.0635 985.72253 0.000755622
1266.93 3502.8713 704.2071 49.96633 0.00075307506
1195.0045 2273.444 489.10583 882.58044 0.0007497693
786.6603 1352.9426 963.0549 1549.7196 0.00074286177
744.15857 1822.1489 477.3314 1620.7574 0.00071444456
818.66876 1993.3683 559.4635 928.78815 0.00067095616
895.8081 1626.8212 478.96683 1803.7664 0.0006546155
1156.6941 1708.7151 905.3603 1940.8339 0.00064220454
716.02655 3147.9443 1170.0199 318.70847 0.0006385499
726.9527 1461.2732 1102.7543 1223.7242 0.0006208414
930.586 2473.3386 736.467 603.0832 0.0005996144
969.6162 2014.2048 494.84174 674.6917 0.0005625507
758.6 2160.4749 361.9675 894.9379 0.0005424897
1166.1709 1609.1841 925.2374 1385.9166 0.0005330647
853.5973 2224.984 591.93896 970.08307 0.00053296436
905.008 1958.0573 569.9582 1321.735 0.00051790616
1255.6536 66.73292 544.101 577.74225 0.0005157659
987.3372 2197.4678 671.6934 1037.7369 0.0005108244
1021.17303 3383.1733 775.8664 287.35468 0.00048577893
1069.6826 1721.6821 655.2566 969.25836 0.00048418285
821.8542 1383.3835 751.86676 1405.3469 0.00048003704
868.6061 1941.8152 608.8326 990.3748 0.00046459463
908.5708 2390.853 826.1195 682.9525 0.0004360117
