464.25226 1106.5659 919.07367 2162.7349 0.89769936
420.58115 1159.8931 762.4442 1506.4652 0.058441903
431.45157 1081.2452 759.4644 1358.7358 0.055909295
440.42307 1078.0187 714.39014 1309.2987 0.051278602
546.99854 1528.7834 234.44379 346.90503 0.048660785
938.15875 1236.0212 136.67743 205.52043 0.035508715
418.23364 1207.9983 776.3156 1630.594 0.03126896
471.6725 1094.2584 634.0847 1228.9774 0.02977158
894.4225 1236.3569 225.8229 219.86171 0.029186187
344.0964 384.10895 38.50712 50.38999 0.026341578
462.5859 1108.3604 911.51385 2155.3728 0.026123561
449.76254 976.1129 708.19763 1094.4058 0.026108613
347.72968 386.58923 56.816097 61.474403 0.025313541
489.43176 1632.3688 97.3263 132.35126 0.02462412
449.26053 876.1033 821.191 1294.2573 0.019846056
449.74524 954.4011 793.67365 1159.8085 0.019605922
423.33466 1141.2517 577.54626 1082.7075 0.018924233
472.2322 934.24207 621.3712 934.2412 0.018468907
480.24786 932.6907 636.1094 951.2705 0.018053103
465.0098 922.8212 622.28925 915.5584 0.01750065
459.99527 698.1435 898.46783 1308.3315 0.01734816
412.61035 1388.008 759.5301 1284.1791 0.016927144
368.94922 1077.0162 616.42883 1250.6392 0.016699143
841.1866 1232.2692 136.88643 221.17918 0.016489413
487.66446 1174.8425 573.38544 1048.1334 0.016044151
339.46173 1230.1503 644.4968 1650.2263 0.016010206
790.4767 1192.608 45.27196 56.978313 0.015821442
453.46307 946.7562 804.80115 1357.1975 0.014926781
432.68063 896.4357 702.6319 917.85284 0.013915708
283.99307 412.43655 181.29437 112.06734 0.013903424
408.17685 759.78906 457.9531 575.524 0.013875838
451.78473 1286.6699 634.9603 875.62024 0.01372614
464.8954 1184.7804 622.8896 1457.8853 0.013602646
492.99844 1245.0778 563.9766 920.28424 0.013597778
314.94708 1234.3324 600.89777 1667.3286 0.013494626
467.94794 1273.8381 602.89404 882.9553 0.0134861665
416.71475 1633.4175 812.24536 960.4224 0.013394614
457.05313 1183.8123 572.5887 1308.6968 0.013248038
438.1251 1530.8226 853.67676 1233.2358 0.013048463
359.42325 1025.6521 634.2477 1203.0337 0.0130066
784.0065 1224.6196 76.03127 146.38399 0.01297126
347.39978 391.57083 91.3793 83.00367 0.012909312
342.568 393.3717 83.263824 79.569435 0.012875609
521.41565 950.7556 569.42725 928.9727 0.012743922
247.68849 1249.831 477.20184 1659.3855 0.012697822
397.22186 1166.0634 568.13873 1435.6676 0.01202801
423.64352 976.94086 497.71564 877.6542 0.011884734
785.9104 1209.0536 62.016956 102.779495 0.011761664
415.48935 1715.5468 809.4428 868.87177 0.011756749
450.17026 929.6374 855.30365 961.366 0.011729844
409.6187 1361.2245 775.87946 1108.531 0.011691048
400.07895 1598.2341 770.6688 966.68475 0.011527252
386.76138 759.02606 353.53952 511.57147 0.011491156
368.18658 782.22675 584.9547 715.3158 0.011259372
611.7527 1499.9463 358.25473 418.12247 0.011184515
531.00494 848.0664 729.4784 1005.67957 0.010909107
524.35236 1524.9038 355.2024 402.55566 0.010875206
459.45294 883.62897 876.2268 1573.9569 0.0106201805
518.138 1529.2699 304.37845 362.58527 0.010574764
412.35916 827.41833 315.22577 409.62314 0.010534806
347.392 748.5287 471.1625 614.7496 0.010407229
472.74246 1378.6001 436.6448 648.54517 0.0101126395
279.24872 1068.3379 526.9531 1308.7927 0.0100745335
456.78348 1022.8872 493.6424 824.5819 0.009995029
692.92084 1138.193 243.18137 392.7093 0.009799697
410.08643 982.50385 455.11676 774.2456 0.009695987
389.08542 1353.3657 698.1664 1077.2822 0.009641463
469.34998 1218.9083 582.22296 1478.3048 0.00958008
500.87546 1236.522 329.90854 344.90094 0.009523476
412.16583 1526.0054 780.56006 1140.1229 0.009251592
534.8508 1291.4108 503.6053 825.54755 0.009136143
772.514 1236.7319 106.44036 192.93346 0.00911182
711.24774 1418.0249 569.24194 589.67694 0.009105838
343.35767 921.5372 549.79144 948.7392 0.009089516
352.72113 1664.4755 663.6943 654.7968 0.009050815
459.9887 900.81506 877.21313 1078.2646 0.0090233665
423.49182 1388.1079 790.3157 1428.565 0.00893964
472.3265 1663.5453 928.76074 1054.1818 0.008890805
426.36984 859.1874 256.57355 319.40283 0.008822636
388.0606 1554.4492 652.34863 757.203 0.008819091
575.8992 837.77014 651.9305 1023.87634 0.008747836
369.2464 1577.3069 714.83453 1048.1282 0.008700212
453.9524 1391.7781 455.8861 622.9833 0.008660911
535.0035 1138.0056 502.4896 1117.7811 0.008506214
52.148426 1152.4346 26.583344 28.124311 0.00841811
722.35236 1417.0503 547.5765 580.99426 0.0084147835
534.2598 1171.2594 483.70724 507.79517 0.008339847
361.21454 1588.0837 634.44867 484.1058 0.008279112
516.8825 843.05316 764.8267 1023.5943 0.008243252
289.42993 1127.8561 560.23395 1951.1385 0.008239491
649.39575 1153.3176 103.15645 163.73413 0.008214144
584.7774 849.721 623.8185 991.31604 0.008183016
242.32353 1079.3156 455.53552 1112.1694 0.008084727
490.71478 1127.821 464.8731 1049.2039 0.008081268
532.41376 1133.1268 658.5886 1464.3785 0.008030115
415.8396 1470.4955 586.54926 649.7653 0.008018603
534.1778 1097.4797 550.42163 1208.9701 0.007962733
604.5389 858.1397 590.94055 977.2803 0.007955512
513.5407 1071.68 658.9636 1293.2079 0.007950072
610.2618 1319.607 390.01343 766.68396 0.007933012
243.41562 437.76215 280.64966 169.69716 0.007914631
506.79608 1458.2665 362.91336 500.74658 0.0077265836
432.24023 1154.8674 451.36575 1074.553 0.007721167
771.16235 983.4086 278.53345 720.4248 0.0077083437
582.3601 1254.336 462.141 885.8606 0.0077055288
472.50497 1198.8712 455.67563 484.5373 0.007648019
375.71014 1383.4814 686.33887 739.63727 0.007572449
369.42487 1370.9819 683.82745 926.0987 0.0075563076
805.48047 1044.1226 210.65129 595.70557 0.00740783
453.92917 763.2094 512.0385 601.18225 0.007388438
551.84314 964.9137 669.9865 1243.6471 0.007361793
707.5506 1205.0117 208.4568 268.2607 0.0072956947
572.845 1198.7537 447.10104 1000.7669 0.0072796503
383.6734 1372.5121 679.2307 753.37854 0.0072310353
492.67447 1175.1257 600.5832 651.14233 0.00722465
470.93332 1335.2031 169.35225 165.46205 0.007221118
434.29437 1618.9187 549.4923 720.7391 0.007178013
620.19226 1408.8423 381.00482 587.3386 0.0071701645
572.8768 884.33386 651.051 1014.67975 0.0071429512
569.2204 1055.2194 641.84094 1385.7555 0.007103928
244.44548 413.00482 117.229576 103.17151 0.0070701255
746.7871 972.275 322.99152 742.3103 0.0070530474
552.3227 1029.3707 457.16278 639.5762 0.0070187906
557.2458 1161.7369 481.65433 668.6216 0.006994182
585.59503 1502.2601 153.06653 280.0611 0.006956005
199.2036 589.2275 307.7905 353.1726 0.0069365515
438.0028 1516.4623 471.71307 397.24698 0.006924118
397.02826 1610.9977 587.85626 597.91626 0.006876541
468.9678 1271.2902 449.46655 882.4876 0.0068624513
465.81024 1531.813 168.37602 330.9002 0.00681507
463.19205 834.08887 482.2658 605.15735 0.006796035
655.4241 1139.35 313.64035 434.7258 0.006770027
478.43573 1640.128 418.82764 590.6548 0.006762656
211.43257 1678.2782 253.42175 199.35542 0.006742776
879.7695 1134.4523 252.42726 428.17767 0.0066888137
804.53516 996.98315 382.05737 711.8793 0.006627857
448.2211 1399.1733 549.64606 737.3154 0.0065958053
288.60406 1805.6146 560.7549 555.48956 0.006577001
437.4246 1271.8446 539.35315 942.85156 0.0065719127
535.04926 924.78784 59.457108 82.86897 0.006510827
482.7763 1204.5055 546.0106 1436.7423 0.0064816275
659.9286 894.90894 486.03958 903.69116 0.006468575
585.2477 1111.1466 522.9885 1214.367 0.0064662406
246.92502 1604.6208 478.54492 954.1706 0.0064570135
242.02379 1509.3835 446.77722 519.5336 0.0062769926
449.8578 1275.4882 396.31714 1091.5093 0.006263744
573.38727 751.9914 668.9016 1196.823 0.0062483996
522.9788 1005.2643 703.5601 1379.0177 0.0062462003
533.6332 929.6009 81.175766 112.98784 0.006227982
602.4189 892.3502 134.4027 137.79634 0.006210829
305.27197 694.1178 553.39264 648.19855 0.0061982893
203.04347 1296.6013 390.8367 1572.3333 0.0061979694
357.69464 971.9349 416.86786 835.7005 0.0061657946
244.02687 1643.1068 474.69952 892.8957 0.0061503653
606.40216 1065.6654 414.36713 652.9751 0.0061492226
688.7521 896.7168 439.0111 897.3007 0.006124694
634.78705 1312.8456 360.23425 751.3597 0.006118294
490.45694 1528.2991 127.52238 324.7533 0.006116479
584.72266 923.58405 459.328 807.4852 0.0060994495
328.15182 1433.2002 269.0542 403.43665 0.0060983803
502.57712 1202.0339 577.04663 1506.8416 0.0060651405
451.8754 514.28564 880.7506 958.41705 0.006061948
464.86807 1112.0319 391.5545 540.34467 0.006046777
472.6438 1198.2441 377.57532 747.6011 0.0060246782
791.68243 1131.6846 411.064 473.4708 0.006022126
435.1859 656.6736 229.29617 276.01483 0.0060176235
552.6073 1199.8398 465.78995 441.79156 0.005961481
299.21506 1219.9491 103.2 128.19707 0.0059578256
344.21054 380.40982 26.506319 34.809666 0.005935814
570.73615 1253.5275 520.6904 1220.6066 0.005934357
256.87628 1675.6105 484.8012 642.37225 0.005932312
471.24548 1636.5768 582.7145 852.14044 0.005929203
816.5543 1206.186 189.11816 288.642 0.005911837
413.32178 1464.5806 808.0415 762.85535 0.0058908537
476.38812 877.5298 269.20538 294.2679 0.0058619
557.32355 1186.3131 171.65137 210.85695 0.0058532255
441.09525 1044.2975 422.20038 914.2091 0.0058531202
283.80106 721.69415 215.50449 352.46317 0.005847784
363.0295 538.1127 316.1895 306.0442 0.005829967
893.6437 1254.1232 232.23004 274.50497 0.0058289054
515.3246 1396.06 561.29663 710.58905 0.005801795
531.15265 1616.7064 377.6983 563.46234 0.005778967
790.67645 1205.6871 45.872616 71.56618 0.0057750037
296.72098 1504.7786 354.95026 693.6211 0.005759771
720.2444 930.3078 379.5577 828.51764 0.0057373852
663.6327 976.8704 322.37518 701.0004 0.00571294
597.55457 862.63806 614.1509 971.0411 0.0056927125
253.29594 1707.3877 408.47375 280.33475 0.0056676613
515.76807 1371.2332 325.77512 654.41455 0.0056592566
235.00424 1369.761 438.74713 766.6295 0.005652699
811.3999 1090.8024 201.66753 509.66666 0.005632791
711.62396 963.8609 389.71454 758.54504 0.005594791
743.9071 980.6687 332.19162 724.86676 0.005594218
559.91437 1375.2865 501.82782 1151.7433 0.005578653
613.37665 950.058 409.17032 765.2114 0.0055654184
509.49484 1368.1948 624.93646 1269.939 0.005563186
281.2705 1486.5626 531.2957 661.70605 0.005529962
604.9798 1178.0565 163.08412 209.25558 0.005517533
705.52246 986.52344 380.2284 718.4317 0.0055093705
352.58383 1510.7533 216.56485 305.48175 0.0055033104
453.15094 1175.1322 369.82007 523.3443 0.005498813
263.8668 1719.9022 394.19537 295.21945 0.0054928735
646.9853 1123.7161 449.45596 1139.4169 0.0054803714
361.11566 1420.3516 510.4687 699.4379 0.005451343
461.13745 1169.795 249.8536 444.10574 0.0054444107
494.74637 1176.9684 408.37796 806.47064 0.005438656
260.0436 1485.8491 496.1357 731.3974 0.005428189
241.34981 910.15466 288.69275 377.75305 0.005421582
335.9095 1515.5278 368.91122 760.5962 0.0054118102
680.25867 1490.1295 243.01366 368.49948 0.0054077283
445.80905 1717.8862 178.94833 228.17001 0.0054034344
790.217 1178.6788 410.47864 426.87793 0.0053836224
681.19824 1500.6063 261.70822 393.90976 0.0053780517
617.13434 1106.2135 489.3728 805.86383 0.0053683324
589.0205 893.5158 162.9451 173.45685 0.005357891
443.5653 1147.789 853.2057 1143.6464 0.005353692
751.8293 1136.7664 307.33325 430.4355 0.0053454204
539.4941 846.8666 722.55835 986.84894 0.0053362506
578.6124 841.8559 649.06744 999.3096 0.0053200694
661.95 985.6973 480.4709 741.3831 0.005291632
608.8146 852.57263 593.4682 980.8914 0.0052642124
385.00385 1437.9852 522.36316 544.31396 0.005246976
397.24323 890.75995 394.83212 829.4043 0.0052230977
392.65036 717.2071 737.3629 717.3323 0.0051986594
723.92267 1302.2979 205.8447 327.5993 0.005194656
745.5274 1139.4537 323.11444 422.0478 0.0051616086
501.7693 1379.9658 560.3408 1422.9692 0.005160507
443.97928 1528.6976 209.33893 334.76694 0.005159038
403.51086 1749.1194 275.24066 352.82056 0.005156902
348.53735 1576.7632 593.08124 449.87344 0.005152134
720.0469 1461.3923 200.98625 338.28983 0.005148662
457.3193 713.66693 398.92862 479.18027 0.0051415693
406.88245 1679.9362 500.01645 794.1069 0.0051360964
274.87085 661.2832 151.68445 212.5521 0.0051341085
537.9198 849.23755 729.8387 1026.5438 0.005133441
246.84503 1629.3885 447.48206 405.9012 0.0051318537
469.71725 905.38934 170.08916 218.39423 0.0051216027
595.2376 848.7249 620.47455 983.0492 0.005107469
514.98645 812.0957 314.51102 425.14914 0.0051068296
637.7185 821.4731 545.10864 1039.9711 0.0051027853
588.50116 1638.2284 421.77408 673.1943 0.005098599
539.3552 1539.6217 512.0495 1090.8536 0.005061984
391.15424 1662.086 399.89874 591.5847 0.005042205
329.23724 1512.3516 280.5353 372.1926 0.00501629
473.55496 823.6633 872.7227 1074.1868 0.0050130757
503.15594 1205.2831 511.82956 1475.3188 0.005012605
456.59525 1299.7527 269.47318 416.89273 0.004977034
782.2362 993.26044 246.39217 679.15106 0.004976772
429.33115 1527.4622 240.7012 339.73813 0.0049607293
603.30255 1296.5225 569.02203 1596.0881 0.0049528107
310.2181 1444.4023 455.42923 598.7136 0.004939567
575.3746 901.3585 645.4452 1063.9812 0.004927757
587.7864 928.65796 651.906 1459.295 0.0049203457
498.73102 1669.7427 984.99274 1038.522 0.0048581576
387.101 1519.4152 186.04636 316.8552 0.0048508365
402.64096 1944.6514 171.68887 236.06189 0.0048208623
336.22293 384.67706 226.36969 160.28955 0.0048185824
427.1051 1317.9215 834.6925 792.759 0.004814418
751.68274 931.06696 480.8673 855.7569 0.0048126294
505.1549 1328.7908 263.57202 213.1087 0.004790536
378.72522 1471.8896 157.36522 222.0959 0.0047884593
801.3411 940.33765 400.25024 823.6038 0.004780526
211.69012 467.06277 364.2122 243.81596 0.004758261
293.73914 1987.699 574.4802 405.8125 0.004755137
801.63153 1205.2872 388.82983 497.86102 0.0047411616
470.7395 1007.47205 894.1958 1232.9896 0.004705591
467.11487 749.02814 860.9087 1182.4651 0.0046993736
857.3861 1234.6199 302.14606 256.89993 0.004673759
305.80972 1310.4807 219.99384 274.69598 0.0046715834
546.37537 1159.2706 581.43506 635.7008 0.0046673683
191.23145 955.71826 372.15668 1091.0347 0.004666788
297.23672 1215.21 164.3878 185.57648 0.004657676
753.5947 1138.3925 302.51678 417.538 0.004650179
501.97495 1330.4764 319.98193 346.4866 0.004633849
563.2492 1524.0468 194.70131 336.25162 0.00461577
535.5105 1123.1771 534.3869 1289.7743 0.0046116314
888.26245 1127.4812 236.30344 446.66953 0.004595316
468.96384 1139.1241 233.44432 342.5837 0.0045765964
459.89206 1865.0952 236.28758 337.57126 0.0045715487
619.0666 1380.667 449.62515 1162.5162 0.0045491015
279.57956 1998.1193 544.54565 384.64996 0.004544746
646.0377 1521.8652 113.23126 238.47192 0.0045414167
275.12692 1900.3306 524.4631 377.0583 0.0045379447
452.64276 1680.8408 379.64685 651.2987 0.0045259264
519.57623 1629.5731 161.08728 165.78699 0.0045248587
522.9665 1400.2344 795.47314 653.53723 0.004442148
679.6448 896.37463 454.6761 887.68396 0.0044385055
483.09464 1602.3412 68.98261 69.72798 0.0044355486
640.31067 1087.3978 512.8684 1347.4268 0.0044125803
530.614 596.21893 78.307014 107.859116 0.00440239
692.93005 800.617 220.81566 333.15427 0.004397158
616.7672 763.1117 591.335 1164.8939 0.004379354
763.9423 1225.7616 281.01758 282.21158 0.0043764464
574.9891 1101.8851 238.9579 330.61908 0.004349899
570.8574 958.6376 636.05945 1191.0582 0.004341104
472.56793 706.9362 740.26117 766.30945 0.004331424
823.34485 1093.3042 169.221 498.78778 0.0043103676
680.99316 1383.8751 289.06558 613.74255 0.004307853
351.95276 1807.1527 182.48698 200.92252 0.004302361
542.59143 1585.3479 294.4152 599.4454 0.004284443
527.9581 1554.0044 190.28973 293.39896 0.0042747427
474.85684 1398.5575 527.0894 584.41486 0.0042677987
646.6205 999.00616 485.20358 883.76605 0.004231708
201.55646 1951.7676 380.61774 297.7043 0.004219579
533.9173 1308.917 563.93066 1342.1934 0.0042128204
560.40106 1496.6339 489.64127 1221.7203 0.0041969353
539.1601 1249.8191 355.44855 782.6266 0.004188962
610.7662 834.03064 594.879 1017.8212 0.004184729
867.22327 1062.9854 211.67726 563.0456 0.0041772244
201.00768 469.64005 366.53162 239.0681 0.0041507
604.73615 1166.7701 436.79028 1099.6968 0.004130542
476.5851 1243.8475 208.02605 288.517 0.0041200165
416.12778 1228.6406 438.91217 770.7327 0.0041148877
469.05203 759.098 901.2586 1416.0391 0.0041140867
547.3095 1598.9333 289.35904 491.2831 0.004108977
517.3806 1432.9672 299.4283 552.935 0.0041006985
441.90207 1339.1246 371.25208 895.3756 0.004099542
875.54285 1235.46 255.3881 286.91806 0.0040873303
521.54736 1544.3346 339.12216 956.6313 0.004078173
312.09335 2008.5996 629.2789 368.1502 0.004071638
233.97588 407.84732 86.96069 78.99072 0.0040519186
611.2642 1530.8489 464.61084 1029.7129 0.0040491116
834.7049 1394.4784 337.96265 565.77014 0.0040396694
152.85724 1884.302 284.276 394.36703 0.004039146
650.4951 1470.5375 655.1197 951.37787 0.004029367
531.43353 1118.7521 545.97925 1432.6707 0.004020007
397.33136 1184.296 309.6327 581.4683 0.0040126042
192.2432 1508.7821 369.53278 1150.9222 0.004007057
808.9699 1417.464 390.95508 587.66626 0.004004243
652.1053 1137.319 455.3975 1098.9321 0.0039964877
688.54254 1160.7764 434.19138 1371.8077 0.0039933496
448.66684 768.34076 867.3507 857.36127 0.00397745
764.9532 1527.1769 483.34357 811.4259 0.0039195474
802.9631 994.45483 127.29484 166.26909 0.003919402
479.2901 1548.6871 951.1759 1002.44073 0.0039046525
512.3425 1118.8347 267.6008 444.46832 0.0038832074
290.4568 2053.4731 387.08163 267.13705 0.0038825674
422.19568 1869.5326 272.5069 367.51053 0.003866896
571.03705 1671.4307 332.0552 584.78876 0.003858304
669.2139 1120.1954 426.83054 1307.4076 0.0038501148
420.42456 446.26587 305.4026 251.47662 0.0038430933
593.19727 1677.8671 355.3377 738.55554 0.0038181958
911.6139 1129.1733 196.1769 435.56522 0.0038173741
386.08206 1804.0665 411.4804 543.69226 0.0038132442
343.27438 383.5654 29.793755 44.39532 0.003809216
643.40405 1595.067 447.45627 1003.6904 0.0037984469
771.85736 1596.0922 480.98038 938.32623 0.0037968808
176.88406 1327.9619 288.73605 1316.5912 0.0037967185
889.77625 1382.8473 243.60716 517.6868 0.003783426
276.9806 1890.6315 449.38272 408.66345 0.00377271
426.37143 1912.3365 846.0195 570.75354 0.0037631106
170.29504 1984.6493 219.80994 183.69511 0.0037616538
553.381 1342.6266 164.9803 152.24423 0.003758405
508.0101 1322.3442 535.2796 749.5465 0.003753894
471.73456 712.7952 177.03145 267.8759 0.0037442716
898.69574 1328.5286 231.58984 415.47214 0.0037415063
661.84076 1524.1013 467.1819 788.3558 0.003724181
648.94763 1001.74036 318.5476 722.936 0.0037137873
282.00943 1573.1206 306.0102 350.53632 0.0036994817
331.48117 1872.2738 478.3481 637.71375 0.0036889955
464.1396 1438.2146 274.6425 513.2127 0.0036883766
831.8275 1096.2474 162.36267 496.14737 0.0036831622
696.77094 1328.7305 344.7178 735.2714 0.0036769838
261.07056 1653.644 197.55922 172.45953 0.0036620973
597.9175 722.406 294.8811 468.2213 0.00363613
247.06482 1633.6624 348.171 289.479 0.0036207186
434.0541 2006.9507 173.10637 165.35089 0.0035833435
696.6246 742.99646 184.88605 285.65964 0.0035755648
614.3767 1102.8271 254.86942 362.32047 0.0035746763
211.71985 2078.7915 413.61212 231.54854 0.0035731124
534.973 1871.9154 221.3681 309.20392 0.0035600113
489.3842 2017.2524 969.789 379.47757 0.0035571235
633.8525 1016.20026 513.63934 1057.6686 0.0035487977
162.94836 262.39163 219.89915 206.94057 0.003539157
711.4316 1030.0148 540.6364 742.78894 0.003532051
626.16486 1149.3646 422.097 1171.6788 0.003529499
126.15186 1919.7122 236.04015 321.7068 0.0035269894
514.39465 1343.414 238.34113 441.29105 0.003512416
457.80627 1707.3551 361.3709 699.9447 0.0035080046
567.0731 1507.0092 455.58847 1179.48 0.003502791
498.50528 661.0088 989.59155 1267.7714 0.0035006711
637.7777 1689.0817 164.80188 217.0644 0.0035005196
579.4023 1381.4684 505.39743 1360.5741 0.003498837
728.385 834.9023 521.77875 1036.2545 0.0034932136
772.0853 1330.1956 364.7498 502.1548 0.0034752963
395.42035 1242.2645 297.28738 616.26685 0.0034733764
478.41943 1552.5452 918.30554 1231.7399 0.003470349
643.9556 968.2998 345.42358 783.8462 0.0034686956
483.18692 1882.3057 222.03928 292.59534 0.003466313
307.23068 2031.1086 617.9165 323.92432 0.0034630727
614.73975 1094.9917 360.81125 482.76773 0.0034615938
451.63858 1928.81 116.283585 163.40834 0.0034317428
652.3837 959.392 232.22537 358.13004 0.003429806
725.0824 976.92395 516.2646 812.1015 0.0034285106
478.2668 774.3156 183.7834 256.09302 0.0034269956
260.21396 2066.3093 512.7888 253.72137 0.003423901
460.79272 1444.9226 902.57764 666.801 0.0034209706
246.1562 2093.0115 483.23495 201.37341 0.0034182568
626.41113 1715.2002 187.99806 257.81418 0.0034145324
655.1554 1210.1921 420.73288 526.0185 0.0034134195
556.87634 888.2052 250.99191 352.58615 0.0034064727
519.40607 1394.4382 255.38326 555.91565 0.003401584
708.79486 1392.983 551.6163 1085.6432 0.0033926503
403.60623 1343.409 403.1815 1285.8008 0.0033877508
740.4138 812.13336 208.97792 367.62537 0.003375998
537.4213 1826.4784 366.952 493.2394 0.0033719286
333.42462 270.7594 224.71663 220.93532 0.0033716178
842.91895 1326.8392 318.77512 507.90356 0.0033707588
479.74872 1214.2573 128.82436 131.64941 0.00336728
393.17838 1260.957 344.22177 869.3945 0.0033536667
489.2974 412.61145 979.5542 789.99603 0.00334669
137.53479 1765.9214 262.24292 638.1744 0.003343347
576.8814 1379.6501 372.25638 1003.7432 0.0033362554
151.12288 2086.9885 295.27014 213.31621 0.0033189117
499.64838 1494.8799 241.481 487.0536 0.0033173647
580.3445 1344.0713 243.17352 633.2096 0.0033168588
445.222 856.14655 143.42873 175.33888 0.0033163605
510.0664 1316.1798 540.8827 432.59366 0.0033141659
657.91614 1675.963 162.02382 237.05606 0.0033060703
468.86932 1527.4952 217.10408 296.32297 0.0033032026
533.1309 1194.5422 617.8824 480.13266 0.003300795
319.04892 2000.5778 188.55736 186.67166 0.003285788
721.7317 1330.1595 521.1012 950.87946 0.0032620386
512.909 1179.7032 185.18916 172.54189 0.0032600346
901.034 1008.624 235.68251 674.8295 0.0032568136
660.9379 881.97437 134.98886 141.795 0.0032552117
966.41174 1233.4622 220.18338 225.8707 0.003249134
446.98422 1597.4877 222.96582 267.9935 0.003246337
487.8598 1172.8016 182.00926 199.34193 0.0032460408
262.38037 1778.3728 460.72073 658.4426 0.0032149514
705.58984 1023.64325 501.15274 1064.2184 0.003213593
898.28796 1346.9426 230.93916 451.7613 0.003205418
643.8192 1151.9272 299.82584 1124.0803 0.0031977666
290.79855 1380.1718 161.90569 195.86241 0.0031921705
619.0097 998.2939 587.09595 1173.463 0.0031670313
582.93036 845.28204 283.82367 427.6482 0.003165934
105.556206 2109.782 209.17603 168.20079 0.0031617142
428.87433 720.2323 137.82277 131.4798 0.0031549016
527.94025 496.27292 424.45706 453.89304 0.0031522093
575.19055 1543.0632 792.1426 855.8883 0.00314545
543.066 813.91644 712.24786 1033.4178 0.0031376742
804.2004 1063.3019 190.1323 518.6455 0.003133297
391.27405 1578.0881 749.5305 599.1567 0.0031295058
168.22296 1182.777 303.20755 401.67902 0.0031119613
697.31946 1589.009 267.06372 506.81082 0.0031059359
675.96893 1414.525 532.1727 1379.227 0.0031054856
137.78293 2111.6238 241.24034 163.84364 0.0031042031
732.30225 953.9683 343.38168 755.7458 0.0031017326
572.755 1701.8243 257.0509 555.92896 0.0030997926
486.7281 1830.5432 398.54245 497.02133 0.0030960508
692.2928 1568.1572 290.8587 547.76074 0.0030905807
544.97253 1898.5624 242.94925 317.20267 0.0030747922
290.52872 1225.6521 102.708725 124.50575 0.0030716748
747.73553 1574.8938 442.0257 895.3045 0.0030669766
513.3849 2107.3904 1008.86194 203.17285 0.0030369111
349.5406 1972.0763 712.378 465.65063 0.0030334524
348.68848 237.60124 189.57253 150.89188 0.0030288342
701.1992 1252.4658 338.29492 1186.9609 0.0030270838
481.01797 1478.0981 343.37463 715.47235 0.0030196127
708.31445 1390.0481 564.04767 858.776 0.0030189408
355.67126 1963.8843 186.13736 219.86626 0.003016561
864.2055 1181.3086 297.77185 1054.2767 0.0030091945
584.76697 1568.7861 110.388176 241.76424 0.0030060918
71.51389 112.814865 132.08452 163.34018 0.0029964135
332.57773 1275.5806 193.26935 195.65974 0.0029923667
585.8893 664.0691 285.63983 414.7679 0.002983904
855.5941 1425.1584 303.19366 618.284 0.0029714887
533.46643 1927.1985 194.54652 248.8096 0.0029669981
69.72486 2058.4084 126.99118 225.01889 0.0029562481
795.3789 1505.54 415.5645 778.5088 0.002939307
643.5704 1194.2333 512.6894 1480.773 0.002934342
815.51556 1433.5367 381.24475 625.6895 0.0029312493
467.2139 1723.2135 297.46887 530.98584 0.0029242963
261.90326 195.52711 169.90498 152.83946 0.0029204143
477.5799 1599.3014 182.9851 350.32828 0.0028854979
79.15179 2075.0605 148.80443 191.55916 0.0028835572
735.4836 1521.9528 144.53146 272.92523 0.002880655
561.15186 1120.1481 486.7884 1368.4681 0.0028766582
827.7905 1086.0511 160.05771 519.6936 0.0028715446
185.14836 2125.2847 329.31055 135.11504 0.002867884
385.52182 1454.5844 358.9459 1065.1122 0.0028350614
66.85923 2144.4417 134.48859 112.316956 0.002829116
528.2238 1506.1256 277.2706 418.7321 0.0028288416
669.4113 935.9414 232.3727 549.7824 0.0028212334
126.807816 270.2248 223.58134 323.6767 0.0028149704
346.4654 1714.6093 607.55853 319.6336 0.0028036106
473.4998 1871.7753 126.54546 179.82893 0.0028012425
430.21533 2036.58 275.13483 291.65744 0.0027932075
456.35583 1342.0378 268.16992 755.2636 0.0027929458
177.759 1427.4308 321.8852 938.25555 0.002785516
497.88632 1393.7637 220.79996 586.5975 0.0027808442
503.5752 1958.7635 296.32626 327.5649 0.0027776316
468.35718 1131.7489 153.95879 172.03008 0.0027762225
646.40027 1047.8318 397.31747 859.09265 0.0027696826
864.54504 828.9503 293.01706 1049.5255 0.002764096
528.2821 1500.9767 312.169 410.121 0.0027614145
521.4901 1458.2339 283.63834 449.78372 0.0027402483
480.62796 1752.6874 333.45514 376.38937 0.002738675
780.1336 1216.0941 396.60712 1146.8179 0.0027374483
71.96523 2023.636 141.57964 315.33572 0.002737404
450.2764 1088.2441 173.42543 204.71675 0.0027323684
519.4657 1714.6759 182.4365 301.28223 0.002719301
879.04675 899.5856 286.8481 888.8711 0.0027188668
548.9827 1856.2411 200.04543 274.68903 0.0027172547
195.64252 1819.4237 164.88112 151.39957 0.002716446
395.33633 1352.8342 345.36838 1171.0198 0.0027144137
368.62854 1251.6854 587.56726 1536.6163 0.0027078807
490.4306 1966.8177 143.27296 176.6601 0.0027033133
117.8976 1485.2838 224.927 1261.1168 0.0026999626
623.2844 1309.2577 387.11945 1359.7412 0.0026996469
401.67908 1844.5681 554.9564 598.8238 0.0026917038
396.1558 178.35905 157.57906 130.11404 0.0026885518
888.9935 679.8286 260.77097 1320.7351 0.0026880903
901.7726 1103.9885 241.81448 484.8946 0.0026847904
328.00787 1539.7556 146.18576 136.04811 0.002684336
702.5893 1181.6715 536.0659 512.7631 0.0026812814
475.11426 1103.1451 145.12422 184.26733 0.002677599
783.0398 800.0474 443.8306 1114.0935 0.002676546
880.3004 1431.3502 260.69098 627.9669 0.002675224
337.0841 1333.7164 154.92244 179.98488 0.0026366236
527.0045 839.22876 725.2757 1003.5308 0.0026320068
633.0462 1055.1096 560.3233 1397.8506 0.0026281031
785.2614 1247.8206 455.0142 1683.0566 0.002609976
433.58688 2070.1472 167.05406 153.80283 0.0026036804
737.5744 826.3313 471.82407 1070.5908 0.0026025367
652.114 1167.941 553.77606 1037.7788 0.0025976608
909.8637 1264.571 206.92601 399.3771 0.0025912984
465.86588 1541.2811 873.41693 1123.5679 0.002589953
741.77875 986.42645 497.2298 853.45886 0.0025755344
837.35876 1153.0452 155.42654 381.4341 0.002573366
554.71564 1661.5651 147.01834 313.52878 0.002567487
709.2396 861.7426 541.0047 1086.6683 0.0025662612
580.82935 1099.0308 338.3369 786.40015 0.0025629275
725.693 1333.3606 212.43835 403.7066 0.0025557217
648.8465 1364.6932 668.6491 843.1869 0.0025531324
380.6046 2038.4825 417.7196 288.3835 0.0025454864
416.0463 2046.3762 120.329025 189.98532 0.0025407013
621.1972 991.7058 294.66397 545.8098 0.002534659
443.28375 1566.2684 406.1241 359.83777 0.0025341096
463.9219 691.7921 145.79507 155.9682 0.0025236367
501.09485 2156.4956 991.68243 107.672905 0.002513482
543.68146 1769.553 284.7006 355.26175 0.0025128603
526.3591 1303.9631 203.61923 277.099 0.002505033
662.1308 1266.7784 425.52374 1439.676 0.0024898306
673.267 833.5256 584.86127 1025.5695 0.002486039
942.6069 2045.1426 165.49858 330.39172 0.002478215
605.63116 1741.6498 272.89493 623.0812 0.0024747765
784.9859 1477.8644 152.86969 278.9253 0.0024678258
388.92862 1560.5914 113.12898 175.16666 0.0024572848
151.66891 171.47247 202.47795 176.35918 0.002444468
373.20584 1369.2202 315.15985 639.3576 0.0024414698
506.5184 1777.1595 153.5923 262.46237 0.002434382
582.0462 1275.4781 398.23544 1216.8485 0.0024321144
754.1778 881.2881 482.42062 942.17236 0.0024286185
480.6237 390.62173 489.01746 591.40186 0.0024254345
647.60474 1765.7797 311.5766 566.528 0.0024122314
916.8653 2005.4614 198.95065 290.98416 0.00241123
970.27435 1923.3835 140.24081 567.5467 0.0024046528
682.9053 1177.7223 611.5248 1721.8995 0.0024045717
618.82556 1196.9155 330.64236 1169.4452 0.002394789
793.7697 740.3654 394.97403 1210.6008 0.0023886203
780.96643 797.9238 329.9043 1099.7621 0.0023649852
689.09827 1675.7178 184.75491 272.52914 0.0023640897
453.24326 1407.7416 154.67392 225.56541 0.0023620315
865.4563 1159.5625 262.5629 382.6613 0.0023414108
515.51245 2134.721 944.1834 151.18407 0.002333045
444.98648 2077.939 112.81729 177.58252 0.0023266221
673.3128 1346.0703 407.2169 1597.9429 0.0023025924
100.23338 1788.4685 173.78198 263.31467 0.0023012473
822.3992 1004.75085 149.30661 299.04837 0.002296135
925.7932 1953.9545 215.90141 355.3867 0.0022738685
649.63214 1285.8027 566.4036 765.72186 0.0022713395
499.96237 2045.6641 240.32993 240.97516 0.0022692669
942.25916 1635.5079 175.86404 1110.6697 0.0022596184
54.18212 1891.1356 99.25366 557.4537 0.002247539
829.15326 1754.361 351.60623 687.4419 0.0022349143
972.8376 1841.8451 140.10666 739.9821 0.002228814
586.09406 1948.4 246.73334 273.76627 0.002219505
882.0167 1863.5989 273.55048 495.00668 0.0022134674
461.59326 1111.6382 913.8058 2145.4573 0.0022096827
547.00397 1967.0576 156.83165 199.78024 0.0022062326
822.2175 1278.9308 360.76926 1283.0132 0.002206007
409.37323 1317.069 657.5795 667.71924 0.0022038333
853.9548 256.03568 319.7929 407.81833 0.0022020012
438.2757 2143.34 869.6281 137.66048 0.002200912
421.1473 1290.4119 617.4851 824.8919 0.0022004964
775.4751 930.2799 289.46338 831.6566 0.0021977131
257.19846 1207.3452 225.55902 244.83246 0.0021903599
922.63873 2021.2053 214.62918 374.19675 0.0021867142
718.4007 1613.5928 135.58565 193.68037 0.0021861026
739.72235 1286.5752 345.5049 1124.7335 0.002179123
942.91486 1244.3536 132.79231 187.4153 0.0021780687
499.2845 2085.8142 824.6465 268.9457 0.002177533
789.09015 1194.403 29.286716 39.274513 0.0021767966
883.25323 1920.7 270.23514 382.5707 0.0021641282
775.1613 1203.2885 407.55237 686.5974 0.0021599024
741.52856 2113.7268 435.0938 188.07077 0.0021583543
713.9496 2140.13 185.52129 140.70638 0.0021471065
710.314 1440.5704 220.5938 288.98746 0.0021466876
670.934 1173.3845 204.86588 354.90833 0.0021465058
351.48962 1528.5955 242.65439 350.01596 0.0021359366
966.2998 1834.2751 131.43372 438.21194 0.0021358563
660.06866 1709.2446 484.63333 695.812 0.0021288118
812.1978 1319.1252 370.51123 1028.0626 0.002119602
469.01205 1549.6328 935.5804 560.08954 0.0021182701
133.88806 1547.2499 238.65599 982.0023 0.002117859
802.16425 1628.077 281.60266 635.4114 0.0021168573
923.02875 1907.6451 207.36964 329.17377 0.0021053837
51.299343 1152.8208 18.08093 22.503824 0.0021006675
827.2469 1105.2838 142.78738 382.46918 0.0021004016
625.2079 771.3147 695.8563 1202.48 0.002097079
788.30817 2121.0708 255.813 169.47865 0.0020945398
887.10223 2090.8254 267.64923 230.32974 0.0020939212
457.281 1675.2721 792.33826 446.6586 0.0020937526
720.0771 1340.236 356.0176 1315.4735 0.0020835309
192.32474 2194.1985 373.5161 34.92713 0.002078997
886.51044 2101.3472 268.09073 214.78839 0.0020740072
959.4252 1933.8269 169.15697 195.53336 0.0020692775
771.5528 1197.0685 404.84033 1361.3572 0.002068599
559.615 1402.1749 287.5416 743.41174 0.002067909
568.41034 1200.5028 742.10443 1082.2555 0.0020613738
506.3986 1456.2513 159.81235 224.23154 0.0020544766
316.31848 1615.2922 516.31146 515.5711 0.0020487031
703.2864 1925.6051 258.52805 481.7843 0.0020356285
922.7497 2006.8231 200.97871 313.2822 0.0020347598
746.4616 1176.7968 530.1481 1419.9418 0.0020290106
845.5037 2122.2688 145.74747 166.01323 0.0020228974
874.6373 2033.235 260.8659 343.09335 0.0020128798
930.909 2082.5715 171.7092 250.49837 0.0020034267
354.6001 2069.9246 763.2687 269.36844 0.001995587
952.8849 1910.9489 177.65334 154.28162 0.0019923039
916.55084 43.694656 222.55411 85.28888 0.001991069
909.7431 681.0278 226.99304 1282.3455 0.0019910187
704.6866 1259.9519 362.0789 785.6214 0.0019790009
655.35754 1934.7592 324.71133 379.89804 0.001975899
589.3882 1889.0845 303.8145 342.77493 0.001962232
729.4822 1798.5668 232.04475 435.46594 0.001960398
839.46204 1881.0543 288.546 316.14334 0.0019493669
862.0797 1840.3889 202.60205 241.6063 0.0019283647
909.0884 228.50127 255.29391 345.9331 0.0019245527
963.2039 1900.9543 126.951225 263.45844 0.0019243759
658.4161 1205.6105 324.62952 1066.5227 0.0019215799
781.05743 1985.5807 341.9063 418.4892 0.0019191935
960.6132 2106.624 124.177315 202.36188 0.0019138877
495.9984 1108.0615 992.10046 2161.707 0.0019124172
358.81403 2133.8293 763.26953 158.19127 0.0019093762
830.7307 999.3472 180.08658 580.8701 0.00190785
542.06244 2065.585 154.21414 173.73317 0.0019050436
550.2139 903.4109 690.1024 1169.2214 0.0018965518
879.6329 2143.3125 201.55449 131.46605 0.0018905867
713.50244 1039.583 547.1587 1000.08075 0.0018877562
904.8545 430.75668 229.30875 406.0905 0.0018872782
768.91785 1251.7823 484.7048 1285.136 0.0018846287
485.06708 1661.9146 572.36304 592.5952 0.0018821573
697.2283 2115.593 204.95679 161.47829 0.00187695
602.121 2160.3997 276.7836 87.702774 0.0018768419
928.75793 1825.9752 158.02077 223.33272 0.0018741516
941.2199 1741.025 180.1703 335.07742 0.0018704588
865.84344 1600.0167 245.27495 539.82104 0.001868559
927.5767 1779.3524 156.61636 239.15517 0.0018675465
597.03687 2056.6072 212.7348 230.46298 0.001865013
703.60236 622.96313 257.72028 455.24487 0.0018585853
929.8219 1746.1371 187.83531 288.507 0.0018572022
627.28674 1959.4437 341.66928 458.38568 0.0018562011
819.5795 833.57916 205.44554 585.7768 0.0018538481
844.6971 1979.2864 154.9272 183.3026 0.0018533912
738.11206 2124.6301 293.9266 157.62866 0.0018519829
480.63834 2107.0642 193.76688 136.99533 0.0018510963
882.2324 706.2352 210.4207 304.94623 0.0018489178
879.7192 436.85205 276.0703 383.3814 0.001837284
880.8542 1089.6599 264.39368 540.01636 0.0018351236
818.5171 1764.2438 326.38086 421.13507 0.0018318362
749.54663 2093.7935 157.33537 169.85469 0.0018312373
779.19965 2061.9417 174.86589 164.97165 0.0018312095
935.2648 1830.3933 198.91484 382.11407 0.0018272941
519.6999 119.58976 1019.86273 233.19833 0.0018262515
824.5177 1980.3589 262.89297 255.57593 0.0018232646
824.537 1398.306 116.59128 194.12932 0.0018206692
763.9365 2051.0825 198.25923 201.8519 0.0018148368
349.2287 819.7203 261.21475 279.6351 0.0018079515
971.3442 2129.8806 116.67604 159.31421 0.001807506
616.59 2038.1548 219.52904 152.54141 0.0018036197
834.8934 2000.5641 100.0199 166.72864 0.0018010357
287.16364 2189.384 464.15787 40.65828 0.0017995584
798.74725 944.8356 173.87769 459.56592 0.0017972498
719.01416 2000.3396 214.64282 219.77934 0.00179592
783.04315 1243.4395 464.92325 1450.0309 0.0017954278
698.5304 2035.0928 157.91653 166.41724 0.001794183
811.774 2054.685 178.85948 181.67375 0.0017919965
537.01117 1319.788 444.44107 745.1087 0.0017918991
741.9791 2001.5963 288.14404 356.7552 0.0017852366
485.48602 2091.909 410.86276 211.95801 0.0017845553
487.99338 1107.8761 963.9858 2145.5864 0.0017839387
751.99677 68.617256 571.8594 137.16043 0.0017758707
501.66672 2182.5388 277.25226 54.375706 0.0017747392
867.7927 1607.0239 237.52695 420.1369 0.001771307
329.5935 2135.9805 263.50427 107.34337 0.001764726
475.56253 1601.0494 947.21246 1183.1372 0.0017635955
727.8035 2012.5966 185.0773 174.56268 0.0017590448
735.3679 1942.445 194.14354 220.2773 0.0017539705
946.9588 2097.6467 171.37828 181.74562 0.0017431065
742.4946 2038.1726 195.97574 204.03105 0.0017428866
921.968 2125.3154 198.772 165.17046 0.0017344952
959.4799 1943.91 168.57356 294.8501 0.0017331913
907.8924 1954.0194 237.47514 477.57138 0.0017288027
261.2008 1074.9719 306.88766 541.2688 0.0017247833
331.7311 1389.9834 410.2348 641.0117 0.0017204719
751.60626 2030.617 285.71222 310.79172 0.0017196211
988.2451 2102.6174 86.09829 215.13991 0.0017140547
900.84955 1555.8658 255.76404 748.27966 0.0017108765
828.40137 1923.6722 184.55159 221.96791 0.0017101893
1007.82465 1911.3132 71.011986 212.35263 0.0017034594
481.40796 1428.7018 168.0752 199.34708 0.001702732
463.12686 323.36078 913.7033 621.174 0.0017008446
887.87933 2136.5977 176.73103 142.64656 0.0016942685
918.0039 1625.8444 226.29434 413.9146 0.0016942443
902.0698 1663.4377 237.30568 355.49246 0.0016867403
994.21893 1769.9592 75.53172 486.72318 0.0016858942
710.92737 1915.9852 194.74959 234.42921 0.001684156
963.0154 720.97925 126.64063 1238.2399 0.0016766717
581.85425 1317.3855 165.38036 377.39886 0.0016719924
949.83276 1700.4976 148.73216 248.34471 0.001671895
663.4909 1763.7965 138.12921 227.08194 0.0016700117
969.9014 2021.0815 147.08365 269.89453 0.0016696753
748.5307 1830.922 140.84665 193.12347 0.0016634482
750.1968 1680.5138 243.37238 409.7323 0.0016605004
971.0033 1854.1812 119.826996 220.97025 0.0016492145
970.32385 2114.5906 100.63321 188.29607 0.0016481675
983.03357 2100.0247 86.20262 223.3451 0.0016474475
790.9474 1807.4537 241.51924 300.8044 0.0016465567
991.6517 1774.0701 84.40077 448.29944 0.0016460167
358.2821 1681.2906 283.51004 273.8268 0.0016444691
972.25494 1648.3677 123.11875 212.88614 0.0016417877
892.4337 1837.2157 158.12082 207.79796 0.0016398433
832.3193 1890.3429 196.66531 230.03671 0.0016381168
718.61786 1937.0476 169.33936 198.7837 0.0016363389
436.85876 2198.8606 905.5339 29.663094 0.0016339374
945.7373 2113.614 148.91756 193.12538 0.0016277954
981.7032 1652.0566 104.365326 258.76944 0.0016276133
682.7531 1968.4469 296.92508 303.51886 0.0016208291
405.05594 2172.861 824.75964 86.0878 0.0016141821
426.7377 1885.7295 525.53656 631.98517 0.0016040175
903.9979 2164.2458 250.67732 94.29005 0.0016017572
361.46436 1199.4221 329.96042 463.55563 0.0015995076
484.553 1599.3484 878.83307 834.97266 0.0015975822
980.37256 2042.0323 88.896194 348.68073 0.0015963841
854.72656 114.02249 311.70676 855.8372 0.0015960855
999.9902 1517.0533 77.1352 386.094 0.0015942263
897.53046 2156.021 273.29584 107.933525 0.0015925514
851.1323 1786.8123 198.91873 228.84413 0.0015907859
750.35345 1991.9333 141.67787 173.29295 0.0015873567
936.0858 675.6927 168.20317 1319.4968 0.0015824958
776.89594 838.7319 276.55768 854.0579 0.0015798678
927.44965 1698.4911 166.20833 213.28561 0.0015720624
583.45215 885.3726 424.587 857.51855 0.0015713883
389.17892 1858.3859 522.64886 696.09924 0.0015648641
672.2629 1863.0815 164.25153 238.12386 0.0015611887
884.09906 585.7148 273.54654 363.12762 0.0015516985
816.2244 1878.9296 178.3564 213.65825 0.0015431438
980.71765 636.4017 108.27995 1428.9333 0.0015387383
1004.08386 1522.2863 65.36838 859.787 0.0015279141
835.7091 552.63464 265.2663 420.7161 0.001524094
331.45132 1609.15 263.55957 635.2533 0.001517502
772.0836 1792.8317 179.57478 310.42413 0.0015151463
934.1027 1573.4489 190.69678 370.0787 0.0015108559
960.8368 283.7689 131.58875 378.39755 0.0015098267
738.33374 1714.9983 313.52313 399.9121 0.001509379
443.23187 635.89996 880.7609 773.5246 0.001507786
979.4924 1664.9373 112.120995 291.30954 0.0014936456
732.1552 1875.7063 136.28807 193.30196 0.0014900309
893.0267 1654.7129 178.90488 262.17944 0.0014703079
895.57446 1645.5491 201.81673 251.3261 0.0014674655
935.45166 879.9304 197.45416 456.528 0.0014590312
858.8126 1839.2454 182.58492 276.94955 0.0014509078
1021.85284 632.55707 51.040356 269.48102 0.0014489926
776.7119 722.911 259.03036 430.6889 0.0014376561
919.04236 1567.314 157.05232 220.91872 0.0014303452
918.27637 1602.8174 249.67737 441.87338 0.0014228867
1006.14014 1782.8352 55.363235 381.17618 0.0014226408
544.05597 29.654583 1004.1113 59.422398 0.0014206053
939.9747 2149.6572 175.97615 125.6018 0.0014089207
872.2304 2172.8254 195.9181 162.5612 0.0014067487
788.8149 1718.5186 145.45851 225.68471 0.0014055978
999.09845 508.64047 70.03808 678.4483 0.0014037216
956.0675 907.1181 170.61877 967.97095 0.00138782
950.3994 2143.598 148.83823 136.38399 0.0013876753
930.54047 1669.4532 193.62096 254.69852 0.0013859015
931.5645 2179.303 161.01677 159.2405 0.0013801844
956.9064 2149.077 132.40852 122.572044 0.0013796365
1026.9487 601.7414 46.374527 426.21158 0.0013701061
518.35913 2199.3948 247.70096 43.855545 0.0013591555
917.13727 1522.5435 169.21306 226.17249 0.0013577893
926.211 1557.4156 177.52635 284.61234 0.0013556605
992.1945 2134.6785 65.77382 151.45491 0.0013533822
1008.1395 2113.9111 53.284927 194.37933 0.0013457496
826.2984 1664.9316 114.311874 192.8527 0.0013340566
921.28754 2144.9385 197.56891 148.3562 0.0013188625
969.17303 2126.4116 108.91441 166.0109 0.0013175017
210.50333 1123.6316 406.16238 1963.128 0.0013159473
169.43375 33.862972 319.24582 60.628475 0.0013147879
528.7587 1803.4686 837.38586 796.6362 0.0013116165
175.26003 2001.8734 209.99956 451.5349 0.001310871
988.10364 243.2747 135.87288 954.04846 0.0013073761
130.16937 1193.3058 182.9697 1496.415 0.001288372
945.8583 778.0938 168.87245 809.1829 0.0012794726
781.2948 864.688 263.7554 961.8547 0.001273617
417.9631 1569.1908 632.2685 958.9816 0.0012696879
852.73236 1430.2736 220.99197 260.21442 0.0012414119
943.76984 2166.4275 171.28021 103.93732 0.0012361589
431.3979 1539.2015 266.79703 388.33563 0.001225603
993.6882 2060.8206 113.79509 207.98454 0.0012244682
871.799 2188.7302 195.72614 109.32313 0.0012237838
413.73114 1505.6415 120.12138 337.19702 0.0012173234
1018.39954 367.04086 37.85746 597.42065 0.0012152125
1006.78845 1224.4554 57.491177 205.05885 0.0012053107
983.39075 2114.5342 124.37849 179.8699 0.0012046621
817.9385 890.66284 186.98615 234.734 0.0012044751
991.4773 2161.305 85.2373 98.843094 0.0012026076
735.8895 1241.7739 522.55023 1002.8597 0.0012022073
1011.25635 1727.7354 50.600548 303.347 0.0011962577
384.58566 1246.0659 597.1448 909.2135 0.0011917918
969.8297 1467.8256 184.93698 227.1815 0.0011797925
941.85956 541.6325 204.6903 1227.7913 0.0011776614
220.37701 1255.9543 337.86664 1582.3219 0.001171284
994.0607 2175.9148 71.95506 72.844635 0.0011699236
671.0324 1713.788 533.19104 959.14325 0.0011534129
520.4965 1142.3396 535.54865 1361.4781 0.0011531261
930.25433 2178.734 175.12361 97.621605 0.0011310121
235.71457 1128.989 200.13452 951.3297 0.0011257603
407.1187 1080.0537 329.6781 1112.42 0.0011186273
788.4054 2200.76 278.38968 30.921448 0.0011159489
1026.2506 1824.6736 25.419651 251.58821 0.0011114193
733.41986 590.9272 474.5609 710.26434 0.0011110393
647.6054 772.5474 527.83124 1111.5297 0.00110113
1030.0239 2053.85 28.976105 282.60355 0.0011005885
1002.3827 2160.427 107.87059 105.394 0.0010974386
1005.01013 310.74988 56.14256 410.78204 0.0010950477
765.4878 917.18115 383.35168 870.8448 0.00107471
471.1343 1468.921 235.3708 444.69843 0.0010612897
994.3059 2164.4692 62.53988 133.01456 0.0010597964
709.8128 1112.3103 477.68176 1231.1765 0.0010531342
172.44066 991.38184 241.2182 908.66547 0.001047454
409.32513 1399.6096 207.27065 361.63907 0.0010439199
1006.70215 1306.0181 66.080055 229.83347 0.0010297808
1026.9078 2068.3193 15.689341 275.30646 0.0010227769
539.5416 1118.3488 357.35593 927.3294 0.0010059319
560.91583 1215.4377 164.34862 223.3373 0.0009965493
1025.4614 2089.4329 26.297558 221.29199 0.0009869927
642.86456 988.3599 523.6683 1247.8008 0.0009789706
361.7573 1089.3448 260.80023 390.4662 0.0009781366
658.15594 1412.2325 343.96667 989.4292 0.0009741121
507.04776 1585.5231 350.40442 535.6782 0.0009560138
433.4223 1523.9915 407.66992 1178.8345 0.00095104665
1022.89465 2157.2678 35.9183 102.96574 0.0009410846
502.71506 616.1226 943.45337 1112.1852 0.0009408215
380.94406 1412.5349 281.7742 666.26465 0.0009079147
1027.7373 1626.8457 17.394056 348.49997 0.0008973971
1026.941 2133.8513 15.580057 153.3423 0.00089549366
612.1406 1209.9911 236.59546 807.9417 0.0008919121
863.3784 1403.25 424.3379 904.5878 0.0008891429
382.8756 1369.2098 425.67267 667.9395 0.00087764463
597.2305 1132.0114 537.7274 1397.106 0.0008549897
751.48346 1390.0338 484.64923 484.0785 0.00083984755
327.8624 1420.4128 169.04204 624.8968 0.00082395395
438.47168 1008.5408 865.7594 684.30664 0.0008151004
598.84174 1138.2773 192.81895 285.28345 0.00077853247
424.5072 1329.1952 895.72595 747.2396 0.0007757546
328.95282 848.30585 624.6848 725.44226 0.000773797
535.14966 1295.6365 202.3299 526.08093 0.00076106034
265.5294 414.37875 530.1164 660.16766 0.00075219036
726.85345 980.39185 188.54141 285.185 0.00074862235
412.995 1410.342 777.1087 750.0873 0.0007361328
823.19116 2051.663 394.71967 356.0187 0.0007326168
513.0674 1547.4026 829.05554 656.9067 0.0007295662
549.5782 1208.2405 381.95032 880.1509 0.00072878
460.09772 301.42123 923.4544 504.21185 0.00068822363
638.05664 302.95895 643.9288 571.12463 0.0006663815
503.6243 931.37537 362.37354 839.963 0.00066356454
523.6239 2144.264 758.88605 178.26337 0.0006633811
519.27216 1614.8948 946.0311 672.3531 0.000660705
764.5916 559.4611 406.3082 617.1203 0.0006368491
426.41608 1069.4652 767.5198 1135.8799 0.0006304192
520.9365 1462.5518 374.65103 593.01575 0.00062745175
439.31995 960.4256 818.7 771.9627 0.0006240612
604.97736 1187.8868 375.30524 1127.698 0.0005986905
291.899 636.3718 502.8598 725.51276 0.0005982758
583.44135 1077.8962 361.46127 804.4872 0.0005938406
809.2571 1207.1342 247.32504 350.82782 0.00057507964
797.8438 1150.4282 197.84912 370.86774 0.00053886935
452.38004 1017.72174 940.31696 731.62384 0.0005326919
702.81683 1183.4456 383.84717 840.6924 0.00052904635
805.7727 1127.9161 219.99727 391.81644 0.0005200776
399.35083 646.4524 751.6836 862.33466 0.00049658614
455.52023 1206.5948 880.1959 944.0586 0.0004912475
337.51178 289.24487 651.64874 658.82043 0.0004900224
527.81775 912.26953 658.81146 820.49054 0.00044927606
486.174 871.9744 948.774 932.8378 0.00039819186
450.88586 1234.19 911.0511 938.06915 0.0003757275
439.23444 269.34686 831.3714 764.2265 0.00037480972
317.12357 168.14111 569.4928 582.7018 0.00037302633
