407.46072 1095.4734 805.1819 2143.4531 0.8576709
744.37994 1226.4979 140.27734 191.98114 0.11769572
324.1441 1041.2733 600.8423 1457.8755 0.05341425
333.40894 1062.3689 630.03 1524.3682 0.047204416
324.62808 1093.7373 616.7194 1620.1316 0.0392106
332.95996 935.4027 597.57104 1203.9879 0.035292674
277.2693 1079.6361 528.4999 1536.6156 0.034380514
304.06293 1009.73016 529.0032 1297.3918 0.034087308
340.58392 891.8936 635.7308 1257.7861 0.030883603
336.67606 865.25665 628.84436 1150.3813 0.029835002
338.0031 968.232 581.3257 1216.6505 0.028074495
325.11795 1205.0482 596.9813 1217.7781 0.026507474
407.4207 1093.8318 801.3555 2141.1663 0.0243623
332.46692 830.5867 614.357 1022.3128 0.023844117
331.8607 839.8212 605.7124 1005.44836 0.022745138
315.00446 864.8729 563.2609 1029.5363 0.022276405
303.2952 1010.6647 535.67737 1012.1441 0.0209568
326.79147 1280.5337 620.7689 1284.7169 0.020877557
342.0497 711.0877 655.60455 1203.6288 0.02010264
254.03687 1070.7922 487.92044 1534.1613 0.020081704
265.50018 1171.7654 511.88577 1775.0444 0.02005013
329.68347 1290.601 626.11884 1424.8951 0.019660586
338.5986 1182.8138 532.37006 1139.0396 0.018150711
331.2622 768.1865 625.0375 933.4998 0.018142529
344.21338 630.21533 670.8124 1172.8013 0.018029083
264.15305 1169.93 509.61844 1777.2124 0.017810803
279.50336 1431.4934 536.0028 846.26556 0.017561607
258.2806 1089.0858 498.70425 1520.8092 0.01718265
264.40768 927.061 484.75827 1140.7045 0.01678818
300.1914 1110.0438 573.90485 1892.1091 0.016608436
347.275 979.86804 528.357 1221.4456 0.016396765
298.24854 1207.2184 539.91766 1046.9703 0.016366752
402.6235 1630.6602 791.5305 1047.2258 0.015873762
267.48044 997.1353 483.11197 1149.1123 0.015845072
339.20627 1611.7334 662.6291 1015.2659 0.01525511
338.01175 1078.5427 550.7227 843.7019 0.0152294235
290.6117 755.26074 518.4764 814.9801 0.015191574
296.84097 1353.3722 564.9541 1060.0085 0.015101063
313.0865 955.5445 476.80362 947.24927 0.014821362
335.6146 716.4616 649.4224 900.0461 0.014543034
694.86615 1228.8292 240.95222 227.00902 0.014455214
344.26556 1567.3987 671.3683 1160.7075 0.014302894
330.34293 1044.959 601.3113 922.3873 0.014177583
402.13452 705.42535 777.97577 1323.0444 0.0139496755
272.83273 913.90216 483.79483 1110.739 0.01365866
353.62128 931.1013 538.9859 1266.0665 0.013612485
294.7576 805.97705 503.63574 776.97266 0.01356687
336.558 713.4332 625.2019 825.2183 0.013164576
327.60052 1300.1198 532.3013 941.7713 0.01310247
302.14804 1049.5831 510.34906 707.2959 0.013100552
327.27744 1044.6498 602.03174 838.82544 0.013016373
341.1332 1043.0496 483.3514 1024.9177 0.012981349
328.41293 1104.3568 599.0072 871.162 0.012903924
365.17108 1023.86224 500.68198 878.66797 0.012690388
276.27414 996.52576 486.63757 860.3662 0.01262568
407.63574 829.84656 785.6504 1074.9491 0.012478824
304.62595 906.864 462.85138 1066.7551 0.012393201
438.54166 743.4733 431.99182 778.59326 0.012351819
320.3663 1282.8062 592.4371 1155.0731 0.011911015
328.97427 1036.2218 563.06525 803.8523 0.011866202
256.818 778.7932 476.86127 901.47034 0.011675532
337.04532 1515.2045 658.03107 957.7428 0.011588751
306.41302 945.98083 415.58167 1068.085 0.011514926
306.65448 1369.5424 586.355 1404.2085 0.011417564
262.02768 1111.8691 458.5024 933.16284 0.011380159
319.2331 1048.1101 439.31818 724.8669 0.011358463
363.29916 839.38275 548.00995 910.08563 0.01126755
363.51416 720.91797 576.04266 839.3494 0.011168748
400.47653 999.85474 735.28174 1217.3456 0.01108359
283.80432 1572.0052 546.5606 1022.7506 0.011071498
286.6494 1259.168 522.6976 692.2543 0.010879799
290.81583 822.1784 416.1743 629.31775 0.010844949
729.94507 1225.7423 161.42726 236.83311 0.010807035
303.2344 408.21014 119.4102 89.7086 0.010725516
263.4988 949.6737 415.76776 921.0814 0.010714725
316.97693 655.8074 601.2689 1058.5609 0.010626401
316.13837 1067.2583 419.76974 860.53046 0.010580368
204.66083 1071.9028 385.18588 1433.1653 0.010545507
308.4761 1210.7432 442.05655 442.7292 0.010499679
103.81403 266.04663 195.5487 119.47471 0.01049687
297.28928 1510.191 577.1934 1264.1438 0.010474086
329.44473 1047.596 494.27045 598.12274 0.010438661
358.01178 825.57184 476.86514 683.6743 0.0103387935
464.4922 856.8514 648.95245 992.7749 0.010295766
309.93546 1093.8888 446.62985 603.1229 0.010248394
284.63657 1605.8394 553.37335 974.95465 0.010228462
290.1667 1302.7892 484.9276 1097.124 0.010226956
297.9431 982.9 424.07413 537.1637 0.010226029
347.4687 1404.7185 387.37866 660.9308 0.010210153
418.48477 1058.715 693.8147 1261.827 0.0102008665
294.1337 1287.9637 554.1181 1065.9 0.01019156
514.41016 822.79785 584.0977 1006.2341 0.010150893
257.4512 731.53973 388.25198 624.477 0.01001005
177.7104 1067.7775 144.60118 133.54922 0.009926802
424.09857 903.7666 481.3665 871.4023 0.009909912
385.12482 869.0286 739.6472 1521.2642 0.0098532755
283.9699 1442.4314 541.7109 1210.639 0.009851554
746.43066 1224.4229 131.14525 182.74052 0.009776372
279.9042 868.0481 532.16205 1524.4406 0.009769187
245.30469 1576.0493 469.87704 584.25024 0.009671006
294.6071 1433.563 488.02158 707.3062 0.009640201
260.60126 697.2419 492.7803 869.2885 0.009558225
226.99141 555.4558 398.66245 467.22717 0.009506025
398.28128 1484.777 775.95044 1305.5867 0.00935285
343.35104 1105.6992 404.0485 627.5518 0.009019632
249.88104 1034.1285 367.3232 1099.3838 0.0090064835
187.26071 272.1614 46.22382 50.863647 0.008954125
371.0861 1251.335 528.76044 1101.222 0.00894795
268.84882 1398.6526 385.94424 805.15027 0.008845353
304.9926 513.7048 159.92567 228.5825 0.008808823
401.42792 1488.4352 783.5461 825.7273 0.008768431
286.52722 1225.1342 523.2026 723.9012 0.008540571
78.56287 249.98915 147.3757 74.17116 0.008494411
273.59912 1156.3427 350.1738 312.32074 0.008472952
477.7846 1294.4839 138.70891 198.98819 0.008472864
354.30838 1449.6865 523.1391 787.08966 0.008400329
356.54434 727.6324 690.83185 1351.6493 0.008399079
209.45515 1138.4404 402.52667 1661.6256 0.00838425
437.6199 1148.0828 647.19055 1262.4523 0.00838282
531.9391 960.856 245.79039 347.9134 0.0083496645
252.67902 1693.7028 487.86383 636.10266 0.00832793
225.47565 874.19336 349.93103 466.42416 0.008312083
215.65886 1697.8992 411.97366 339.93073 0.008311061
250.54996 1134.383 295.9342 267.01364 0.008277323
320.94067 617.00836 337.65332 501.00436 0.008236814
263.36496 1231.7617 461.90244 506.95728 0.008198783
273.50607 612.80963 513.7589 646.05096 0.008139986
273.97708 604.74915 433.21262 566.9302 0.008138608
592.5979 1224.1334 169.09218 229.12184 0.008121835
392.4886 1219.4924 758.18604 1014.2288 0.008103586
369.5801 1284.2377 460.1805 769.21564 0.008079185
404.1156 1282.6444 678.2691 862.3116 0.008062995
536.9277 846.827 534.76154 957.26654 0.00805821
406.60245 958.5274 511.1106 1147.2117 0.008043404
276.38144 1673.1317 279.8752 270.9362 0.00799596
238.38306 846.87476 275.18488 314.58673 0.007990285
386.84357 1050.8025 351.2763 496.2546 0.007952799
310.1756 505.0216 595.03485 899.33344 0.007911257
431.21735 992.13477 417.46948 664.10046 0.007910412
388.4556 1358.693 311.96396 448.4098 0.007909338
112.60325 385.60342 208.02437 174.30286 0.007890182
303.60944 1009.6416 310.3811 344.61966 0.007832294
304.23212 1525.6353 347.53275 519.7136 0.007832057
445.37726 1445.2488 243.06145 477.11343 0.007830542
385.62567 954.68475 433.7399 767.76636 0.007829905
655.9706 1250.477 316.0782 283.18094 0.007829312
409.49673 1451.4205 284.4393 516.92303 0.007794309
281.38593 688.8957 534.2673 1140.8235 0.0077810404
439.96957 1047.3372 445.51852 887.9556 0.007676804
336.7758 1209.3422 528.771 484.6617 0.0076727225
443.6918 962.349 410.19604 688.8621 0.007658348
192.43166 1078.9386 174.93094 163.46597 0.0076316865
507.04788 924.1935 586.5252 1125.6434 0.0075870757
394.65305 771.54987 567.1507 1078.9048 0.007567233
259.94223 1308.55 361.48218 632.4756 0.0075566834
630.9015 1063.0703 360.96402 529.04724 0.0075439736
418.58823 764.6976 511.6299 984.8314 0.0075425957
205.48917 874.66125 383.0535 1101.3899 0.0075149327
417.01685 799.2209 527.6182 1042.1454 0.007470816
409.0259 930.74634 749.72986 1174.0321 0.007443633
353.7711 651.02686 261.13004 416.05045 0.007413722
675.36285 1131.7625 277.67657 401.23184 0.0073973467
267.27393 1598.111 362.85202 402.72766 0.0073869275
163.41498 1952.5182 221.9765 206.07628 0.0073478124
503.89938 993.0852 586.8305 826.4045 0.0073146964
502.57416 1048.2006 331.36053 559.3518 0.0073051215
369.11154 1504.815 319.535 559.09094 0.007283115
332.7711 1120.1987 409.34143 565.93463 0.007225789
335.40448 1079.5857 345.4515 718.0815 0.0072198636
487.62753 894.5256 331.1371 481.49542 0.007201782
413.2508 1464.122 463.371 752.23 0.007197944
489.8313 981.2286 163.05687 288.11865 0.007177014
691.0099 1069.8723 247.12814 510.54514 0.0071649696
393.51447 1353.0355 282.35114 337.8962 0.0071268114
685.98334 1221.8396 113.76908 212.53268 0.007098458
556.89075 956.24567 500.67432 752.94385 0.007081131
251.19025 1342.3987 313.72177 603.5391 0.0070775375
424.91635 1116.5083 416.59686 1019.6045 0.007074583
572.4268 1025.4117 158.43416 216.25685 0.0070733605
453.78973 1372.1202 194.09402 346.63147 0.0070169466
363.86618 1016.9526 168.27917 205.71246 0.0069933967
505.11237 886.28455 297.37277 495.1825 0.006951382
483.4528 965.27026 625.3766 1284.5764 0.006915716
374.0852 1030.8567 217.86241 275.55734 0.006893074
567.5111 971.78217 169.68494 310.49576 0.0068537025
239.1261 1179.8138 393.77762 375.32977 0.0068409
327.30988 467.98145 639.2773 875.5466 0.006797979
567.3741 1250.3345 216.47836 296.30328 0.0067951237
278.27716 1359.6808 468.8618 1533.2445 0.006777835
178.31123 1172.5724 342.29678 1786.0946 0.006773102
291.3747 1445.4988 310.5117 827.94104 0.00676133
585.83984 1065.8385 446.9656 570.57635 0.006758955
335.84735 1736.7783 656.3718 857.9236 0.0067397784
541.867 882.9772 232.20049 495.2548 0.006738211
372.25836 1043.9698 389.99393 512.986 0.0067285257
367.0009 1544.5464 273.96692 578.1065 0.00672439
438.31485 1134.4774 413.03082 984.21246 0.006678234
325.84863 773.14966 180.4419 235.48239 0.0066509377
459.53186 803.04034 384.50888 653.6412 0.0066467333
607.3594 938.1933 406.50198 773.50433 0.0066366536
397.27853 1444.1609 769.81696 708.2503 0.006632908
673.9418 1315.9856 280.8564 394.12225 0.006630514
401.10422 1529.937 147.6533 276.41574 0.0066301967
299.0085 632.87915 557.557 668.8108 0.0065957336
634.0978 1114.3717 355.69763 438.35648 0.0065758205
351.90176 1306.7152 216.95984 290.12372 0.006521615
245.42216 548.0781 461.65695 500.6202 0.006515366
594.9236 1060.3226 432.66827 553.6567 0.0065145907
535.6882 882.39716 541.4928 888.81055 0.0065114098
328.26065 1061.3531 356.30203 612.03253 0.006498689
539.86523 1392.999 264.84552 520.79364 0.006492088
391.50543 1199.5801 746.18536 621.81244 0.0064838175
156.08649 2011.151 297.61533 311.24957 0.006471846
503.1979 1457.7565 347.4662 669.87933 0.0064560864
288.97836 1470.873 258.66043 406.26965 0.0064184894
398.2962 617.32684 353.77823 548.14246 0.006388312
404.99573 1387.3353 428.90167 602.5893 0.006381127
444.29102 1080.9166 430.90674 1339.7567 0.006367793
558.7037 1350.5339 253.71326 478.34854 0.006354902
409.1818 1565.0015 179.58806 346.53128 0.0063207676
347.0599 853.7546 267.54398 406.74857 0.0063136704
365.86835 1385.0614 398.34393 709.16205 0.0062974407
386.84207 789.1833 179.82253 212.68565 0.0062788455
207.68713 1472.542 279.66312 411.17184 0.006263836
218.19966 1130.0708 224.98138 257.80527 0.006261969
526.16644 1033.7716 533.87317 1031.9291 0.0062309904
429.55304 942.88184 497.2676 1165.8397 0.006218625
314.03543 1091.3287 313.0515 485.89853 0.00620285
523.17914 973.21344 565.129 715.3909 0.006201339
337.29202 552.1791 278.6675 367.94772 0.006098342
434.5162 1074.4855 256.35175 372.37323 0.0060902005
430.90616 1142.076 451.7281 1477.4264 0.0060674665
533.0393 854.29694 109.86042 170.66647 0.006049357
537.0888 825.25745 262.89084 612.4296 0.006012871
232.63074 1804.2368 446.51663 601.26666 0.0060052895
529.9018 1145.6984 507.705 849.29175 0.0059796073
524.5897 1048.434 557.73193 599.8253 0.0059701907
665.6593 969.3279 297.9582 712.1659 0.0059677577
322.51184 1093.5325 240.83188 308.9355 0.005957837
251.1466 796.6467 168.59471 201.99365 0.0059163445
612.79803 1357.3145 395.10916 488.75565 0.0059058485
265.8632 1289.2349 438.5848 1227.3419 0.00589225
509.9306 1438.9556 306.5773 536.27045 0.0058616833
226.84682 1285.0742 316.50424 530.26697 0.005827914
432.37634 1569.7892 143.65042 261.60745 0.0058269687
386.71616 635.6863 401.4141 611.0443 0.005824182
457.65747 1198.3014 424.00333 1032.8618 0.005820594
93.48901 381.06924 160.53923 157.3393 0.0058150426
342.23956 734.6716 656.2572 1401.2405 0.005814268
395.44482 1276.81 761.22784 794.21954 0.0058018914
361.62244 834.9284 334.70422 810.32324 0.0057941317
340.27795 469.89334 201.23042 239.4623 0.005789263
580.64996 1376.3109 458.70047 555.1544 0.0057821376
517.60486 1309.9237 122.59484 217.3314 0.005757104
235.41577 296.59332 445.76926 476.30588 0.0057524685
335.2529 482.33197 657.7151 903.0654 0.0057523707
530.3107 1461.3207 208.87434 339.27847 0.005743748
340.46506 678.1649 350.83847 583.06445 0.0057399427
412.71002 1583.4982 500.61917 981.15515 0.0057099205
400.8378 1222.0845 758.33105 476.14386 0.0056891083
538.7888 1027.3854 535.0272 615.24384 0.005672024
415.6379 637.5053 344.20428 571.54553 0.005660773
522.1975 962.8647 369.03943 726.6631 0.0056485226
281.91525 1426.1337 303.3588 692.1478 0.0056425054
443.46976 1300.1029 181.15549 213.97086 0.0056306575
455.38043 836.15735 485.97528 1121.0024 0.0056275134
250.52061 815.0292 471.98972 1429.5447 0.005621036
323.8691 1121.5293 276.59866 558.2444 0.0056192954
519.03455 1546.3304 560.10895 872.5564 0.0054791863
337.22104 1884.771 160.89417 239.35278 0.005462315
473.62402 861.09186 354.7965 534.7488 0.0054602795
406.28226 1170.9683 775.20264 557.93353 0.0054512313
408.7183 1071.2744 730.4712 917.73596 0.0054356987
235.34328 1234.8549 419.26266 688.084 0.0054313205
348.64502 1074.773 294.43417 716.54834 0.0054104705
597.5827 1036.0599 107.90727 189.996 0.005409811
523.62366 1337.3112 302.20657 465.89072 0.0053951377
165.48505 1974.0203 316.26392 382.503 0.005393631
277.88156 1450.6863 466.03702 717.10565 0.005374406
662.5951 974.87836 300.55692 706.86066 0.005358468
506.11057 995.96674 578.1393 1186.3545 0.005337301
687.67474 1217.4227 82.331924 207.6554 0.005283927
234.80342 1181.1663 261.01688 350.61227 0.0052717132
521.80725 1396.472 308.73706 552.72266 0.0052598966
467.44052 1606.7133 430.13516 1014.1128 0.0052581728
422.79288 821.9407 116.39498 117.76834 0.005249082
682.0414 1314.3457 268.69534 392.61917 0.005247379
385.92935 1143.1067 340.08035 655.22705 0.005246899
619.63586 1111.7211 381.8768 480.28467 0.005236578
225.97873 1087.1691 234.6837 181.11604 0.005233226
314.92075 1247.1672 290.3561 567.01166 0.0052264533
342.95114 1068.8739 252.98427 292.65955 0.005222657
601.2731 1421.4545 417.99347 606.9489 0.005222434
598.23114 1414.4502 426.70233 638.0354 0.0052218987
227.68402 856.97266 119.736664 142.14027 0.0051931776
287.54004 1431.6373 266.75018 562.3431 0.005181883
455.45538 1448.4458 404.236 691.2283 0.0051698936
365.08548 1501.0283 454.89056 567.8171 0.0051403693
201.25206 1140.1237 360.71622 541.23566 0.005123928
545.39417 1465.6823 517.4999 740.99164 0.0051153935
360.54523 1108.0802 262.4959 319.2615 0.005058033
187.06004 239.3923 349.25983 314.6358 0.0050299335
499.99106 1380.913 580.3067 591.596 0.005021824
506.94583 815.7827 168.02304 269.895 0.0050137653
647.4782 1220.0294 104.96909 205.83635 0.005011594
340.87878 1127.7639 544.4748 380.37595 0.0050111497
131.80309 191.0137 246.66881 275.7429 0.00498409
249.02034 731.7743 468.282 843.411 0.0049833665
381.05347 1786.2137 205.82262 343.67828 0.0049762903
601.3957 1199.3086 421.599 417.78244 0.0049738144
355.67148 1177.9908 310.91855 718.6046 0.0049271537
209.94466 1477.569 330.92038 722.9335 0.00492082
364.91434 1346.3496 464.66458 563.5785 0.0049176873
354.61884 814.21173 334.232 426.65234 0.0049078735
293.79056 1120.9167 361.14465 254.7994 0.0048994715
400.08267 1177.2244 282.83472 710.033 0.004898098
527.0588 1422.9569 273.2824 460.79648 0.0048892596
365.31558 1565.5142 268.46048 668.33765 0.004863608
352.5359 592.0162 139.17435 194.51517 0.0048536966
336.12866 1831.8741 661.0732 696.1878 0.004843704
299.544 592.1193 576.59644 590.89386 0.004835342
502.6347 1280.4418 327.34604 402.77646 0.004810657
406.56906 1309.223 345.22964 1139.2256 0.0048071058
408.63196 1273.3617 341.08795 916.9196 0.004801702
475.4807 1565.4122 401.27002 869.49725 0.0047918255
373.82562 680.61725 153.41405 200.14305 0.004774112
494.3968 1603.1307 344.09122 685.09814 0.0047680777
440.74405 768.3512 469.4002 1002.27155 0.0047576693
410.02728 1190.8553 778.2586 353.59622 0.0047469703
651.37805 1007.5981 301.3697 668.81903 0.0047417916
335.45572 1063.7766 192.78123 229.54169 0.004734861
376.90985 1559.1011 320.63873 392.4738 0.004734643
741.25653 1347.9147 161.92761 462.26968 0.0047107013
479.27554 1240.0065 606.87396 1115.4325 0.0047096866
394.32083 531.46875 769.12714 1010.72076 0.0047005066
569.2031 1275.7985 481.61176 340.3939 0.004696212
447.3457 958.51215 489.96405 1119.0706 0.00469336
657.1058 1030.1235 308.95172 597.1521 0.004688638
439.80624 1545.2738 397.64832 920.68335 0.0046851565
369.41904 1352.0563 240.94542 315.1185 0.004678231
163.9907 1061.0222 106.735405 112.11148 0.004670169
467.77377 1344.844 385.46268 1087.7908 0.0046526385
177.41551 1132.7577 303.29776 280.59412 0.00464388
329.93515 1245.436 592.87964 478.5007 0.0046354746
421.328 1290.1157 431.58575 512.31104 0.0046284813
159.31485 276.36926 299.44 410.75473 0.004620562
630.44995 1099.1296 363.5992 457.5193 0.004608076
262.6679 1196.8037 289.0012 486.57278 0.0046063196
258.9645 625.699 496.3683 1175.4199 0.004595159
252.02036 927.2522 200.49173 326.08304 0.0045616445
291.47116 1831.5334 513.15045 578.7628 0.004555575
478.4307 1082.6746 401.726 983.7119 0.0045246375
454.92587 1271.9722 434.78586 749.4086 0.0045128483
274.5547 1513.7687 198.38828 226.41225 0.0044980147
608.5303 1444.3695 406.35025 671.8853 0.0044769533
409.5332 491.74698 806.6262 951.23645 0.0044727796
400.93668 662.0071 140.48831 187.75461 0.0044547953
132.09079 1934.7329 236.51465 374.3413 0.004453273
496.30377 837.2268 172.70415 189.09978 0.004407556
479.29218 1119.789 352.97607 634.89233 0.0044050706
725.94183 1075.449 186.74026 508.16858 0.004359587
414.93448 2004.702 814.0844 359.0603 0.0043562376
312.79074 580.1569 611.56 621.3198 0.0043482
505.90314 805.01416 603.4507 1039.2871 0.0043454096
625.75867 1061.2588 272.29367 547.46075 0.004339849
114.47258 300.02585 213.81271 262.67468 0.0043390435
590.4392 1011.91156 437.75684 629.8749 0.0043066386
577.2151 1524.057 468.94263 851.33154 0.004303916
517.4036 1294.7373 308.6311 665.5943 0.0042949095
695.68256 1033.1733 237.57355 589.8214 0.0042948606
355.55133 1253.6113 451.75943 468.39716 0.004287296
469.31372 833.0051 429.51385 988.8977 0.0042803297
179.87921 1671.5349 192.63791 351.1421 0.004275364
201.11961 1601.797 297.47092 997.8328 0.0042748866
378.4057 494.66827 220.9476 273.9653 0.004274637
512.5902 1178.6356 278.11926 284.56082 0.0042683864
79.12248 2006.2793 149.69775 305.7173 0.0042679324
304.62762 551.50635 592.83374 584.0394 0.004262062
513.8743 792.8089 591.4003 1060.778 0.0042532985
538.1446 1640.8109 537.6691 1051.967 0.004252111
268.79376 728.0693 512.71655 1379.8778 0.0042423867
634.78625 1148.3053 340.78787 445.534 0.0042377077
508.42426 1201.0753 317.23923 536.79407 0.0042283097
621.7787 1450.7393 383.3528 691.5481 0.00422196
513.2747 1547.1779 584.23016 1028.7747 0.0042140507
500.81467 975.64014 349.24423 995.12415 0.004209725
125.83726 2093.3835 246.31902 152.41985 0.0041910987
483.64478 1133.946 434.69067 1042.0168 0.0041832766
682.1683 949.4918 270.1203 759.4568 0.004167467
559.0956 791.4586 506.08148 1160.0908 0.004166169
584.35223 878.01184 168.0365 477.8666 0.0041491566
304.29056 1651.014 143.56685 157.96591 0.004146236
132.55075 1686.5579 252.35423 877.5148 0.004144466
408.91144 1010.09784 302.1125 1012.5902 0.0041330396
614.4343 1379.1086 131.79877 203.29242 0.00412666
701.4655 1362.9772 231.00513 501.55438 0.0041254787
355.4957 1785.4213 396.1921 495.49344 0.004125412
397.79755 1892.1355 781.6473 575.89014 0.0041230246
480.04956 983.49274 394.11313 1279.2948 0.0041014636
308.15347 943.1563 230.2521 241.86856 0.004098415
93.9575 130.2842 171.18864 196.81027 0.0040812474
338.2285 513.22345 332.52118 531.7458 0.0040585604
375.08743 1020.0088 89.12832 126.37198 0.0040576183
367.0322 539.1224 238.81656 348.23862 0.004051705
243.00763 1886.8287 399.63373 337.8477 0.0040484425
450.7479 1484.2771 276.40506 480.54935 0.004040604
574.7238 1404.4718 167.15256 240.31589 0.004036116
554.176 755.4361 268.53503 755.22003 0.00403594
637.02527 963.9945 119.638725 296.0067 0.0040090154
433.01474 1766.2504 149.38501 247.53807 0.0039998908
492.33078 977.22107 439.15002 1065.6136 0.003996539
393.99695 1469.2449 242.63107 481.0934 0.003996165
424.50854 794.4552 254.19159 393.35132 0.0039921626
351.08105 1121.8655 165.13345 209.76436 0.0039891168
436.28802 1075.1082 482.22784 1137.6584 0.0039861305
311.58365 1438.9369 144.38507 232.27657 0.0039797877
488.20587 1180.5021 559.68146 793.71136 0.0039790673
140.20366 1585.8256 270.46924 1122.0453 0.0039756387
183.78148 1870.328 289.1314 578.47125 0.003959734
496.0636 1583.1104 274.28122 499.6777 0.0039573126
477.0448 1383.6498 229.73813 534.12836 0.0039511584
293.31174 1821.7778 555.381 634.6307 0.00394598
187.85396 1370.1387 308.33633 824.78046 0.003942187
205.44855 1923.447 380.1229 486.79865 0.003932356
316.94254 589.4809 122.824135 122.179214 0.0039253826
337.63647 1500.5741 432.7506 1355.8093 0.003901164
623.33527 1383.4847 124.621315 171.42056 0.0038932927
734.8944 2059.0706 203.30612 252.68686 0.003889046
490.9673 1259.0726 356.8755 1122.7452 0.0038889647
564.19 1100.8499 368.9043 771.5932 0.0038746125
241.73553 211.71397 173.2343 143.99388 0.0038578329
526.73755 782.20905 569.3273 1101.4471 0.0038451988
630.2601 1571.673 378.4259 899.03503 0.0038426295
389.13058 1000.6095 297.637 1039.1626 0.0038378176
598.8826 1086.6417 265.52267 513.6846 0.003828466
382.74466 709.2066 489.448 769.31836 0.0038111215
292.02335 1982.9757 185.23552 226.60771 0.0038067866
518.59296 1520.8398 323.4871 808.6047 0.0037964333
226.91283 1865.7065 391.95288 613.5395 0.0037962769
522.14185 1208.7347 502.59894 1127.3203 0.0037890521
225.88359 1937.3932 286.21155 451.1782 0.0037631178
305.72644 1067.435 435.81595 325.58704 0.0037546842
418.49753 354.8739 823.92566 699.72107 0.0037457177
585.196 1291.4681 435.5364 988.7078 0.003744533
496.46326 1132.6755 393.7379 807.82263 0.0037175312
596.33417 1127.9302 415.4238 1043.1895 0.0037168548
506.9576 943.7979 308.44 728.1732 0.0037000335
540.7716 1515.5161 302.51038 790.9602 0.003691483
578.3639 1501.1337 199.68222 416.8813 0.0036887042
429.8287 1163.3885 181.23547 226.04005 0.0036802604
338.4906 1270.5099 444.77115 436.13593 0.0036685436
531.79486 821.9372 236.80856 605.9119 0.0036302009
650.9424 1102.5352 304.13925 452.81152 0.0036273957
600.8019 1179.692 410.97586 1148.1465 0.003623054
391.6169 1175.6387 384.51007 343.46664 0.003612265
216.59407 1832.7798 261.1925 399.84756 0.0036074182
635.3968 1642.9689 372.3753 1059.6895 0.0035966702
743.7483 1918.5511 184.39758 529.2696 0.0035925205
686.29755 1925.2783 294.86444 512.74036 0.0035888199
762.8512 1920.2836 150.22287 525.50757 0.0035868373
253.59763 1249.2454 335.59265 587.7292 0.003576783
426.7464 1240.6915 307.28772 959.8265 0.00357046
622.0524 1430.6729 363.2052 646.7404 0.0035643205
516.6005 1283.5964 486.17264 855.4674 0.0035639293
526.24396 703.61755 137.0673 228.27206 0.003554449
543.73444 1249.9834 247.22397 448.66748 0.0035473814
640.0703 1131.3425 180.85828 366.49814 0.0035410963
678.4662 230.91322 301.96133 398.88718 0.0035302874
479.6549 1269.7422 319.26218 1246.1365 0.003528275
529.4612 1155.5647 313.04337 746.3904 0.0035279803
626.33606 849.4178 210.49095 492.73846 0.0035196366
559.3317 1183.5671 527.1342 1718.0496 0.0035126163
740.07306 2063.9497 199.54796 247.21565 0.003499138
343.69565 1319.4397 273.70435 311.65094 0.0034905558
771.2059 2018.38 131.77551 331.56528 0.003488828
365.4743 1528.0896 218.23132 264.25458 0.0034806447
472.3783 1545.07 209.01888 314.87198 0.0034653775
575.4027 1249.9547 393.30032 703.1427 0.0034626648
522.1622 1587.0275 272.91458 624.1294 0.003460155
536.0615 1544.5854 284.64255 816.0601 0.0034576138
619.9826 1172.8672 370.83963 598.8982 0.0034565197
478.61072 1665.4108 270.67767 690.8474 0.0034364965
339.53857 1560.9381 467.55444 480.62418 0.0034316645
99.85182 1880.3204 179.42635 450.7252 0.0034299446
619.37506 958.1574 374.83173 732.1021 0.0034248598
737.17993 1169.89 196.43481 469.96136 0.003411835
510.0709 1174.3579 521.9967 1309.1597 0.003407721
496.85632 1499.326 298.87283 736.55304 0.0033990876
324.2115 854.8324 316.05963 468.1179 0.003381261
413.3299 1427.8778 246.81943 619.3692 0.0033770762
492.93585 1190.6661 408.62558 1198.3776 0.003373124
261.619 1307.2837 198.37323 273.95663 0.0033708776
530.2021 1268.433 224.06271 264.5255 0.0033648417
437.04242 1468.8555 199.51375 280.9654 0.0033537943
326.15945 1063.31 533.7386 346.26755 0.0033497228
719.5879 1132.6156 183.27296 394.9408 0.003347169
542.5551 1654.6663 323.085 859.1711 0.0033443847
580.66797 1457.3939 449.5886 1097.3728 0.0033194607
287.63715 2008.4441 586.73505 334.2625 0.003318754
465.10992 1308.1063 146.16449 207.36041 0.00331762
478.31885 1422.0276 377.28827 1223.5936 0.0032959073
629.4373 1076.232 335.1429 488.929 0.0032799481
465.8747 1344.762 370.13174 1222.1552 0.0032778378
169.312 2068.5154 326.0193 208.20131 0.0032719388
310.52014 1131.0536 302.50504 235.10321 0.003265481
413.97195 2085.94 814.19714 199.63292 0.0032151986
371.44565 1351.0936 112.48449 163.52512 0.0032110524
355.40396 1837.8514 310.35144 427.13666 0.0031847444
373.85928 1406.4429 199.42055 280.92184 0.003180043
222.60158 969.4892 221.39616 581.91425 0.003147752
216.28418 1183.1609 289.34958 432.5861 0.0031322245
504.22266 1436.3983 278.60437 685.4712 0.0031293184
476.25787 1560.1874 120.87003 235.75806 0.0031163252
662.14276 1475.23 316.57782 707.4197 0.003115321
477.9481 1731.1007 183.29485 321.66425 0.0031135504
502.3121 1326.5607 343.75455 1268.2489 0.003113284
374.307 1536.2185 483.54007 779.32745 0.0030959493
115.075775 1285.3894 180.24434 193.16672 0.0030857846
471.54382 901.214 486.29233 1041.5225 0.003079687
701.8604 927.74524 244.33888 799.3852 0.0030794702
213.47632 1822.2863 389.075 712.3369 0.0030647889
318.8303 470.2917 109.96084 145.87811 0.0030492914
726.72125 1849.2356 206.47435 263.93924 0.003040362
638.8076 1017.6737 133.22813 249.75511 0.0030402218
707.833 2011.1387 196.55095 294.68454 0.003033754
404.22906 1367.6326 237.43832 394.50192 0.0030328713
364.5746 1778.9171 203.60262 283.9558 0.00302659
701.49414 1882.2936 176.96068 196.59254 0.0030249748
593.4297 1057.9917 334.8236 963.6002 0.0030236994
721.79297 2033.8274 192.85852 270.70276 0.0030221
701.2305 1458.8547 235.4886 691.4297 0.00302183
471.626 1051.5804 201.61183 281.32724 0.0030134162
722.81134 2077.3337 215.64182 214.07043 0.0030131855
643.65607 339.13922 389.92365 548.6757 0.003012922
624.332 1244.2285 379.83902 1337.1077 0.0030000869
316.0564 1945.0756 180.65567 183.83992 0.0029971201
614.6068 948.4092 394.32397 889.28424 0.0029875976
542.6601 1357.1858 280.24768 918.42413 0.0029826048
691.7831 964.71655 264.04883 768.0619 0.0029749505
363.47372 724.47406 212.79701 227.08217 0.002968827
480.0939 1396.5057 118.22906 202.60265 0.0029553738
761.57355 1733.2355 161.22319 909.3252 0.0029483188
556.21185 1411.0824 396.66788 568.87195 0.002946828
659.38885 1948.5499 262.72806 355.8312 0.0029387372
324.02283 1345.62 540.3547 446.16617 0.0029346477
425.58798 1314.8253 175.88725 274.7254 0.0029289925
310.34418 1529.3916 311.89975 331.13626 0.0029186152
599.0136 1605.4337 374.4602 997.3211 0.0029131253
157.86206 2096.2512 258.55026 161.39209 0.002906243
521.7616 1601.0394 320.00644 952.33936 0.002905457
582.7667 1899.3995 337.22577 554.37885 0.0028913978
429.00726 1993.0265 752.19006 381.2939 0.0028880674
434.37766 1701.3088 127.625465 273.18488 0.0028746019
180.3928 1575.2524 247.68152 424.10437 0.0028665913
444.33606 1828.3699 131.24646 213.12964 0.002863732
617.58527 883.4047 379.51154 872.57404 0.0028632937
192.04239 270.44043 38.804974 37.181572 0.0028605135
592.91656 1113.049 456.02884 1500.9305 0.0028603505
301.8491 813.5466 366.16055 1010.0364 0.0028384188
720.09564 1019.3974 227.23166 612.7105 0.0028358311
335.77228 1939.892 292.9259 435.79025 0.002827384
479.10193 1694.6023 307.86404 948.2988 0.0028266676
640.8749 1030.0624 348.81268 1243.3687 0.0028203414
626.84143 1160.6501 264.7303 702.57 0.002811725
547.72876 1604.2168 221.34305 388.68353 0.0027913062
558.4559 1387.1677 132.1278 186.99466 0.002786646
536.4252 1725.2793 318.4052 624.91364 0.0027825017
403.805 665.3103 254.22346 319.9736 0.0027762793
625.15674 974.17206 393.89877 1282.6257 0.0027724218
641.09454 2080.8877 369.69315 209.57138 0.0027717233
395.3915 982.0449 242.56793 335.97656 0.0027553036
408.9456 1097.4701 806.8107 2133.0383 0.0027533676
527.72723 1731.2208 278.94254 848.94775 0.0027510866
615.5256 1397.7876 144.3174 202.02011 0.0027409575
221.40646 782.7978 260.35962 261.67804 0.002724043
467.93536 1102.2438 519.53406 743.00165 0.002706547
772.10614 1738.3584 146.00905 488.21396 0.0027052783
687.7183 898.73914 275.26187 1002.12964 0.0026941255
494.18704 1897.2959 318.24173 488.6686 0.0026868887
598.1659 920.7979 422.07675 913.1308 0.0026863215
400.255 1019.03894 236.27396 287.31454 0.0026853867
774.19794 1966.9337 121.140976 280.20685 0.0026847417
404.94992 1029.1406 135.37369 174.38693 0.0026806581
750.477 1732.3386 187.13065 532.02826 0.0026773354
537.00476 2082.7307 219.80289 202.28981 0.0026733112
456.62308 1700.781 108.49613 221.28061 0.0026711826
649.1348 1348.0963 344.47754 1378.148 0.002670263
683.86615 1879.4509 307.76758 609.3579 0.0026657018
743.56885 1815.3193 164.06432 339.97394 0.002656064
687.0148 828.53204 268.34686 998.2748 0.0026432425
678.17596 1780.3286 178.30719 241.9861 0.002640261
690.978 1973.999 246.15598 407.19916 0.002638125
624.05725 1215.9583 372.29694 854.7981 0.0026066306
466.9872 1196.2281 345.05844 977.9283 0.0026019746
404.0057 2109.5728 767.08276 170.08673 0.0025974668
623.09357 1888.3627 258.64746 345.93478 0.002587957
794.3776 1749.2668 89.2857 472.6664 0.0025818814
776.6943 1779.8906 137.59811 337.47333 0.0025806685
748.1889 1236.3728 178.48987 530.0274 0.002580326
703.83545 851.37506 261.9982 951.099 0.0025786527
755.13416 1927.2169 151.2955 185.0119 0.00255635
549.0371 1568.6843 137.12975 256.29147 0.0025544455
486.68134 1913.7727 256.6082 362.4231 0.002552761
633.2159 1414.1947 155.76985 226.96016 0.0025448462
559.0867 1955.7502 162.72913 202.23224 0.0025317867
601.1287 1970.0239 275.19162 370.15375 0.0025284532
701.70197 2115.5164 192.03593 128.6561 0.0025267017
581.76984 1222.7106 284.3967 891.7081 0.0025250341
272.44794 2000.17 567.5917 349.52075 0.002510226
575.68353 1424.3822 126.06684 225.62047 0.0025100424
669.63727 2065.9885 318.81375 236.00673 0.0025091816
689.9519 2019.5557 171.01085 246.44447 0.0025083001
376.53363 1597.4595 269.80032 686.1789 0.002498624
711.4303 709.7234 242.8351 1234.8723 0.0024936919
735.6032 1854.6482 151.08354 200.91476 0.0024924455
447.83914 1542.6553 120.333626 192.58221 0.00248743
805.673 1967.3142 68.230125 439.3253 0.0024850825
488.05902 2107.857 174.27116 147.70113 0.002479598
736.35583 1865.1378 193.0436 336.89453 0.0024786121
673.5899 2088.1306 183.60927 186.59645 0.002471458
503.16028 1319.7094 325.43097 1152.4897 0.0024684903
693.1427 1618.9513 283.0512 635.96234 0.0024501989
730.347 1982.5403 202.26707 362.52136 0.0024450226
700.8454 808.59796 275.1237 535.39465 0.0024397122
713.9271 383.26703 233.43007 380.00107 0.0024384814
816.5261 71.73853 71.38255 222.70195 0.0024334672
642.09454 631.61566 271.81345 490.80936 0.0024327
733.48505 1651.6721 151.80396 244.762 0.0024322555
530.46674 2065.1897 138.61586 186.7343 0.0024253663
771.53326 1815.4005 156.55493 337.5581 0.0024229046
320.71414 1973.2216 540.85175 416.58096 0.002421864
751.4252 2099.7087 167.23721 171.79788 0.0024201504
478.8826 2075.695 189.99539 199.40498 0.0024195851
658.53577 1374.1617 106.52131 138.77397 0.0024178687
195.78336 2112.4932 268.22003 136.97493 0.0024122372
271.31674 2054.9827 450.95245 255.2192 0.002412079
536.01904 1273.1515 422.5279 358.37952 0.0024116992
338.29962 1949.3864 586.64954 517.565 0.0024080651
598.568 1795.7184 225.66148 428.23538 0.0023987177
728.871 1476.6654 213.48447 697.01056 0.0023969419
148.34601 1128.6868 295.3653 1925.3771 0.002388278
694.427 1912.0137 163.40738 208.5371 0.0023870266
365.5799 922.4355 266.7152 390.26855 0.0023823811
641.42535 1197.1859 381.96707 1831.8451 0.0023793222
561.7928 2017.2832 349.74356 324.35623 0.0023782493
555.8001 2014.5535 246.39949 299.02496 0.0023724954
660.44183 2084.7432 221.54422 201.93385 0.0023682648
439.66003 1526.0717 88.48467 191.34354 0.0023645947
245.79 684.3221 276.32742 332.87738 0.0023624958
712.0322 1107.164 167.52888 425.0668 0.002360897
318.41516 1993.0465 411.47794 359.3171 0.0023575884
730.26917 890.43945 218.30908 872.68195 0.0023575502
570.1858 1143.6093 329.89163 807.95996 0.0023495795
651.50854 1592.1942 277.86264 643.3702 0.002346212
592.3308 1565.0938 142.08958 249.5593 0.002339557
659.3803 2107.6904 263.66876 159.05716 0.0023339565
673.18835 2099.1094 270.90262 175.65968 0.0023276096
631.5147 1878.8542 247.80911 518.4901 0.00232282
494.65842 1935.3741 191.83658 272.12805 0.00232091
159.7245 494.3892 316.89017 476.56256 0.002304533
567.7414 1224.241 103.12925 183.62656 0.0022983416
715.999 1024.3932 186.90202 194.74709 0.0022981754
634.6368 2065.3042 226.58804 188.47368 0.002292652
594.7477 2049.1584 177.4153 229.51157 0.0022908256
400.9544 2128.5315 784.0346 137.22083 0.002283027
468.75375 1385.732 360.74124 1138.8928 0.0022773512
627.62744 1651.2747 343.1878 432.1203 0.0022723684
770.69666 2082.0918 121.210236 204.0399 0.0022687647
475.40707 2049.8538 759.97473 137.15785 0.0022626088
722.9669 2100.8042 218.24825 169.44115 0.0022586572
387.4027 1180.9473 230.48323 580.3433 0.0022561292
622.5435 2083.011 152.42908 188.8061 0.0022540523
677.38043 1999.481 281.24042 349.75006 0.002238888
438.74448 1875.2639 144.11511 185.52951 0.0022368364
354.1182 1848.6447 531.5444 663.787 0.0022361544
678.60767 649.54004 314.76062 735.81866 0.0022211138
377.53967 1852.5933 411.54623 648.78864 0.0022180744
609.2536 2017.5806 143.65135 156.92589 0.0022177168
794.45056 1581.3634 92.50105 246.90414 0.0022121063
718.214 2015.4952 185.55849 307.9942 0.0022085842
686.54156 1767.3016 166.39041 248.38235 0.002198559
640.374 1329.1394 137.06488 334.51627 0.0021943122
493.9522 1957.0763 163.26224 235.55533 0.0021892535
341.0586 1118.7546 272.76056 540.9429 0.0021876656
659.7984 1399.1821 145.12593 192.44862 0.0021832567
442.90524 2024.649 158.60245 210.48787 0.0021806136
632.76843 1940.8221 152.0731 225.4646 0.0021733318
459.72702 1831.0941 270.01068 691.863 0.0021727588
547.60455 775.1279 539.0558 1098.6846 0.0021686596
501.10126 1981.4418 132.94841 161.0042 0.0021681911
452.83896 2110.6152 140.716 144.33363 0.0021656095
580.87836 1956.9591 143.64792 177.49734 0.002161172
361.76755 2098.2654 146.98914 147.79297 0.0021578653
509.7446 1460.0122 408.61038 1114.9513 0.0021559494
693.2737 1913.1439 127.75905 189.71892 0.0021527624
648.8061 2111.2068 162.03401 149.05508 0.002145141
473.98862 1505.4149 96.16894 176.55264 0.0021366074
770.84814 1598.3141 142.55115 285.26675 0.0021350952
770.0197 1772.3347 136.52222 494.46042 0.0021301222
688.9654 2105.0571 266.55365 154.12701 0.0021233724
447.9824 2111.041 180.381 147.34511 0.002119847
614.88727 2051.2292 155.123 221.0901 0.0021179656
671.8704 1744.6658 135.02214 184.51634 0.0021008202
733.6757 1696.1011 217.77136 357.28793 0.0020982279
348.86078 1895.9171 464.4038 584.4012 0.0020916287
588.358 1978.5916 138.2688 154.4091 0.002090371
732.6128 1758.222 168.40227 232.14034 0.0020815213
792.3306 1585.3444 98.996445 220.3849 0.00208023
731.4693 1531.7678 190.28223 561.2008 0.002078344
698.44617 1717.6375 216.6354 383.26685 0.0020780396
450.33417 2131.6152 180.03517 112.23295 0.0020772319
702.1726 777.7706 259.44656 1101.0553 0.0020737692
385.60873 1780.4094 408.9581 506.9302 0.0020735739
488.85654 1799.3745 124.90802 218.9412 0.002066647
637.63855 2128.5972 383.58795 116.50356 0.0020605635
416.8339 2071.547 154.34583 169.90697 0.0020590727
757.8307 2116.0874 143.40361 135.63147 0.0020588308
663.6488 1675.7454 191.99655 297.65985 0.0020530908
801.9308 1985.2142 73.354416 307.47797 0.002046568
492.9241 1938.4772 131.08328 219.2506 0.0020351761
477.7277 1948.5547 204.5324 245.28093 0.002035156
408.8659 1624.9071 511.99954 744.20416 0.0020284913
654.8054 772.8521 151.02428 223.90195 0.0020267419
730.5028 2010.8534 166.09024 337.082 0.0020218838
776.14514 2085.2012 102.73132 201.90053 0.002020342
512.2895 1900.4036 275.24832 547.94275 0.002015254
652.74176 1757.3796 188.71628 224.34457 0.0020131539
780.7849 2089.2405 94.937325 189.91658 0.0020078467
279.87643 2123.924 240.76971 110.80394 0.0020063214
747.84094 2033.505 138.53314 280.32162 0.002004245
413.9057 2140.4 223.7996 93.79691 0.0020016788
614.5715 1352.5536 240.09366 685.61505 0.0020013466
802.7701 1878.4242 68.515396 239.31665 0.0020011428
607.7065 2114.884 220.93091 148.42094 0.0020010914
711.8862 647.74036 256.3072 478.2735 0.0019999708
774.9611 2097.7585 105.179985 176.20557 0.001995136
470.1793 1834.4574 140.51602 182.33199 0.0019920839
730.9551 1658.698 176.421 399.05527 0.0019885018
497.0219 2146.562 178.29646 83.43099 0.0019838978
65.92862 524.7282 115.529205 165.16557 0.0019813736
783.5919 2085.9731 103.13662 202.36691 0.0019813427
640.1218 1627.6235 185.18414 403.9541 0.0019780481
613.27594 1518.8179 202.53946 392.89447 0.00197429
676.08405 1372.9088 228.43506 437.9909 0.00197299
548.4602 1985.704 151.17038 357.60806 0.0019683347
689.3274 954.4575 261.54736 926.8199 0.0019622124
419.4978 2131.0159 751.89746 174.28131 0.0019620778
429.26703 2108.6506 781.42725 172.79413 0.0019612368
88.67245 1132.0908 160.37135 1665.4825 0.001956801
570.3366 663.2952 267.98712 573.9782 0.0019397878
408.82748 1097.5157 802.0099 2128.444 0.00193226
701.33215 2096.3215 245.15944 191.07387 0.0019275841
599.15234 1476.3157 162.47282 275.4522 0.001927473
341.99405 1761.6334 271.61176 624.4817 0.0019225705
369.86572 1860.7584 431.52795 640.155 0.0019199272
757.5069 941.5906 178.3554 348.12482 0.0019143352
797.2553 2037.878 104.23377 265.22162 0.0019028037
554.1368 1269.764 240.71043 518.58215 0.0018766312
621.94855 1563.2992 130.50809 202.93752 0.0018713439
693.11084 1300.8588 282.03238 1181.6362 0.0018689192
507.00406 907.2968 86.03728 126.529396 0.0018521864
805.8157 2083.929 131.66309 204.40977 0.0018277308
774.33936 191.24998 133.76733 374.3938 0.0018259926
670.8196 1570.1583 308.67474 653.6869 0.0018127961
96.414474 1142.0874 156.01118 931.1687 0.0018113651
799.8815 2070.0044 145.72688 227.32675 0.0017941574
786.30066 2088.1853 113.20059 201.47447 0.0017859837
777.252 2101.1907 111.830696 171.59734 0.0017679646
488.59076 1296.1519 96.101135 148.27289 0.0017617733
792.5271 2068.17 106.039925 224.83498 0.0017611419
697.5288 1621.7336 193.65622 325.80835 0.0017558968
788.96216 1055.5145 110.870224 470.80945 0.0017551575
677.8009 680.5248 182.96223 340.43146 0.0017501009
585.769 498.1101 253.46738 442.14444 0.0017455103
377.4661 1496.4001 342.02954 624.1628 0.0017424395
349.6634 1313.8589 683.2542 818.90283 0.0017370732
493.056 2160.6748 419.88483 69.926765 0.0017342938
674.97076 1574.9874 165.83098 290.4038 0.0017301851
152.61397 646.19867 327.17383 1082.9949 0.0017300311
634.69495 1774.6333 170.57437 218.0432 0.0017276306
801.6596 546.1279 64.642685 252.05075 0.0017182808
338.80603 1893.0089 437.00473 596.6134 0.00171397
718.8522 328.4033 238.35507 519.56024 0.0017051023
757.4073 2145.4365 145.65637 73.13879 0.0017049278
344.21652 911.7879 348.82153 956.60913 0.0017043995
552.28217 927.0354 339.09192 779.6406 0.0016999018
732.3259 855.0916 227.30429 555.2685 0.0016922905
794.08356 946.74493 99.804276 303.9331 0.0016868542
813.7352 1765.811 54.648388 303.4541 0.0016682999
791.6596 1446.9559 109.221115 283.05954 0.0016586753
588.9619 1733.8859 130.39128 212.12263 0.0016543461
427.4435 1030.7283 353.2714 857.07227 0.0016432106
668.0407 1651.1113 136.20625 187.47168 0.001639731
729.9514 670.4099 215.25168 905.80597 0.0016380722
804.4937 1430.5813 79.311615 344.78186 0.0016280574
652.59656 1549.4415 127.65745 205.70773 0.0016224658
343.04706 1514.257 386.6222 531.4338 0.0016190129
797.4797 341.92853 81.154594 454.24405 0.0016147663
727.0893 1305.0743 164.6471 275.25513 0.0016147593
733.4473 695.59344 213.05681 711.1715 0.0015992284
805.9959 1441.3558 76.262794 345.0036 0.0015937126
817.1329 2144.0618 64.97071 87.71316 0.001593039
792.8229 1051.2443 107.81317 539.66974 0.0015915047
801.7733 1902.9567 77.6464 179.51476 0.0015826058
413.50595 1097.849 813.744 2139.0396 0.0015712283
489.1889 1126.1504 222.92288 429.92694 0.0015634402
581.5295 2145.5537 323.95624 91.8678 0.0015623538
663.9971 1701.3264 117.93495 180.56009 0.0015598203
236.64764 900.2034 444.6549 1127.7065 0.001553727
789.88947 2138.12 85.149895 229.03458 0.001525498
800.68933 1428.221 101.652504 432.89865 0.001514164
785.89935 1581.1722 147.1904 374.9121 0.0015052052
481.66434 2044.1877 375.3421 815.10913 0.0015013695
366.24536 1515.2645 462.26334 497.4072 0.0014846658
805.00757 1537.159 69.05803 328.93323 0.0014833361
735.5064 1224.2874 117.84801 181.27043 0.0014701538
292.36713 1297.5658 557.3168 642.95575 0.0014519029
811.59186 1629.2644 73.61399 244.11864 0.001439306
95.11506 463.71317 158.74503 182.72295 0.0014296602
809.6424 2141.7607 86.25615 96.92281 0.0014284409
764.64874 1060.2716 154.90906 148.88988 0.0014273877
338.5556 1511.9303 351.10913 699.3198 0.0014250339
807.91705 2139.633 63.092506 97.21202 0.001415907
519.0018 802.1024 524.58984 1039.7839 0.0014140778
142.61397 1727.4209 148.44397 748.3272 0.0014140394
690.7248 261.22607 267.9535 399.68137 0.0014057376
803.1165 2129.794 70.834755 113.44939 0.0014014568
224.14018 1540.93 348.09888 701.28357 0.0013968411
824.1577 1714.3745 39.514484 411.70563 0.0013857426
232.93886 860.95306 555.31256 1090.395 0.0013829746
818.1733 2026.8917 138.61052 247.92651 0.0013727869
815.2682 1884.0867 98.67139 138.31055 0.0013549842
826.2984 1878.3635 35.51907 320.492 0.0013487526
827.8604 1896.0624 31.30066 217.3388 0.0013348254
234.32182 732.9689 495.7364 1235.6372 0.0013234685
419.8631 1103.8253 783.74817 2093.294 0.0013050168
414.9683 1103.7333 793.98236 2116.0088 0.0012904776
819.85565 2117.395 41.390694 138.43364 0.0012838115
819.90906 2148.5925 92.471756 113.94397 0.0012771337
817.65594 2143.4236 69.40881 83.18644 0.0012519809
384.40982 355.71487 768.9173 665.58044 0.0012352678
423.79935 1140.6045 773.0913 2059.3584 0.0012182369
763.154 262.0002 135.25253 1100.746 0.0012159408
404.16107 1763.5674 476.36212 842.79834 0.0011994684
803.0249 2136.9836 87.49717 80.6159 0.0011919463
810.3425 1132.3351 72.00175 399.8553 0.001178428
397.11176 1039.8057 306.48102 816.6039 0.001165193
448.94016 1565.3967 571.6817 827.74274 0.0011602803
219.79208 1888.5282 184.50035 541.1156 0.0011365083
182.31358 1272.9076 334.98145 1198.452 0.0011298663
217.58588 1382.4569 348.54855 1093.1685 0.0011282832
611.46497 1254.4847 62.926613 232.75513 0.0011262278
470.37955 712.0045 267.61618 511.98837 0.001110815
145.56831 1638.0323 270.88736 456.5853 0.0010782517
176.33493 1343.8212 180.86623 427.81708 0.0010738013
168.6951 1682.8978 182.50185 863.11475 0.0010637667
290.0073 635.3831 581.06604 984.3621 0.0010615622
329.85614 1300.1237 541.68195 408.8256 0.0010480648
430.25385 160.2603 816.9209 318.32056 0.0010402248
833.9595 2108.6318 19.722298 156.03305 0.0010292595
825.8564 1168.944 85.93834 232.69427 0.0010273271
794.50146 1992.5945 128.88795 376.5879 0.0010271574
813.96173 1422.7413 54.38665 275.71173 0.0010152777
165.10562 924.6881 219.21613 923.77606 0.0010023304
258.8665 1505.0354 280.06012 776.0502 0.0009993784
374.15182 932.45465 535.23395 761.4093 0.0009877989
835.0435 2074.267 20.897339 203.08513 0.0009877336
386.76593 1222.9044 337.39297 521.4542 0.0009823678
231.23581 1582.9464 317.4581 911.67114 0.0009800302
201.89809 1132.9988 213.49512 617.16284 0.0009642526
132.74673 899.9436 199.56488 959.3151 0.00096078985
802.4199 2176.2012 66.01406 62.29593 0.0009353373
394.3689 1132.0201 780.0756 603.6288 0.00093259115
159.93887 1310.4631 217.3687 1075.2284 0.00093120156
254.88026 1128.0173 188.23058 438.44556 0.0009117458
240.65106 1517.1215 342.92752 556.5123 0.00088526483
521.18097 976.02905 109.9699 248.74265 0.0008726639
235.75804 1322.7015 223.49268 327.2387 0.00085252395
446.58127 1123.7605 340.48157 1022.33777 0.00084916066
347.40778 1377.361 568.5881 565.04663 0.0008463011
201.96367 1337.9048 365.91684 608.88745 0.0008352936
263.2839 705.4735 568.41223 821.83923 0.0008220589
404.54117 1575.6238 540.70795 888.909 0.0008099755
360.03647 1311.5676 567.604 265.75964 0.00079689815
464.09134 2117.2495 751.93695 170.96867 0.0007901299
357.91702 1414.2167 295.0183 1027.1979 0.0007702976
628.31384 1595.2365 344.91272 713.6894 0.00076681253
481.2539 2185.8499 798.4068 11.805139 0.0007224604
456.34555 2189.0247 706.31635 7.871583 0.0007006664
325.34293 1212.2738 259.20892 1027.603 0.0006871252
803.2381 2083.8809 110.273224 142.23686 0.0006870214
445.94025 1210.3036 693.2872 281.03693 0.00060292304
592.96466 501.91916 469.14853 489.55057 0.00057401316
338.64435 206.02966 693.2691 691.5988 0.00054850744
423.41254 1795.5425 770.2189 327.85806 0.0005222761
552.1251 883.6388 454.8207 878.6734 0.00051533594
587.17816 1027.9397 452.9101 596.199 0.0005123382
263.51538 836.0341 583.80304 1034.9288 0.00044978876
268.72144 822.9688 579.3568 1016.0811 0.00043620836
601.1686 1649.7922 427.6283 662.12463 0.00039657217
