431.761 1002.1121 855.0091 1946.4894 0.8537863
839.8267 966.71967 146.6702 146.00092 0.11538583
453.29684 894.0542 677.4521 1126.4929 0.10307538
264.82272 791.55774 193.70085 223.49283 0.10264035
417.80942 875.8668 777.1611 1194.7659 0.09694914
420.28812 875.804 745.3745 1168.615 0.091323346
809.5149 966.5792 84.53145 141.55998 0.07773929
461.71054 1030.1381 623.795 833.6007 0.036704045
466.43088 1158.1145 617.3137 584.3518 0.034755543
438.03473 1002.7183 571.0531 858.698 0.026382752
432.47427 1002.8977 852.66516 1939.8574 0.026010849
427.53293 957.0502 721.86237 1316.6161 0.024593245
432.2592 974.1685 560.7622 904.5208 0.024286617
444.25137 994.50745 674.7294 1324.4015 0.02073332
446.07666 1215.153 452.24966 450.22418 0.019584069
448.5405 821.008 598.93835 800.23175 0.015655717
417.68463 1479.3762 822.7008 961.33374 0.01477963
436.1441 763.0688 612.8623 789.82526 0.01460877
348.03836 1033.9788 613.14496 1401.8181 0.014235079
350.9501 855.1024 548.22363 830.0605 0.01350288
359.16318 927.79126 583.07654 1004.49146 0.013489098
479.3168 745.6244 190.02344 222.57863 0.013393372
360.98798 777.7534 625.38434 927.939 0.012985388
405.97354 729.2467 713.71027 844.7932 0.012260455
212.31169 1112.6418 409.6396 1656.7462 0.01207371
532.54407 422.4722 65.34922 97.2749 0.011875717
491.94208 895.7005 473.48312 814.01385 0.011830695
435.39743 1024.2532 638.88354 1324.1798 0.011681603
344.62393 876.24207 592.9008 1103.395 0.011635318
427.06787 780.2492 819.6022 1346.2512 0.011627506
282.6245 1097.3627 542.37354 1605.9016 0.01124568
434.23517 837.1326 565.99756 707.7298 0.011127872
408.484 1372.53 785.66187 1055.7759 0.010926887
420.8433 1142.7787 513.70526 591.36597 0.0108455885
421.8162 1083.0302 688.08057 1110.1345 0.010787767
505.1762 1231.32 556.4472 430.46436 0.010719845
430.769 1540.8158 235.70824 227.21848 0.010626907
431.82806 559.8968 839.2948 1035.0847 0.010539155
500.62982 735.79047 331.12637 475.03754 0.010465289
681.459 1290.3317 251.24677 348.9836 0.010305363
422.24478 1196.7565 333.95526 372.77643 0.010191098
409.67648 1095.814 740.0938 1535.2653 0.010013471
389.80627 1006.55066 475.62115 735.96814 0.010013386
481.84094 760.39856 285.4479 406.63797 0.009900045
490.3899 725.75116 142.10925 159.5936 0.00982439
509.7521 822.4336 496.761 840.4995 0.009808599
525.949 860.5292 444.18674 686.6951 0.009797643
275.18866 777.64185 283.09866 327.43628 0.009739627
451.35556 1188.6434 401.83246 398.57812 0.009734799
429.635 500.73447 840.93524 930.10626 0.009687635
239.69246 735.71484 312.79196 396.92526 0.009588925
361.6248 793.24243 390.02673 301.49622 0.009397343
839.9779 965.6305 139.28955 140.72186 0.009257319
242.92744 874.65735 451.27747 1113.0515 0.009256418
682.39703 1152.581 152.39143 228.1363 0.009242832
559.63293 948.5663 444.1693 899.87146 0.009211263
359.58066 1461.4219 701.20294 947.0529 0.009201724
531.1219 939.5708 446.49237 900.24554 0.009151536
380.2478 675.3129 441.51575 577.1915 0.0091314865
425.17874 1198.2781 454.06116 475.21356 0.009091062
338.27185 651.42224 478.83527 591.1686 0.009016874
747.0136 1212.2026 117.586945 189.98189 0.008980954
508.46002 728.3092 481.39853 662.2832 0.008928384
680.0387 1076.1593 126.03715 76.76727 0.008886919
447.5572 1269.934 429.9195 335.42313 0.008809157
307.18286 1666.2653 595.2826 525.40564 0.008754599
415.992 815.9992 766.8503 873.07886 0.008711097
531.49634 799.9569 571.886 869.2317 0.008708593
427.4474 921.33295 172.83974 122.97884 0.00861453
428.6587 1160.8782 220.18475 296.184 0.008549486
358.00494 1031.4785 411.0071 732.93567 0.008547098
528.7293 419.5128 51.771824 79.2215 0.008533936
326.71167 904.5906 508.21942 857.4637 0.008486134
247.62009 606.4915 442.88397 610.8427 0.008469315
266.8058 984.24774 510.46854 1342.5248 0.008433453
412.3754 1289.1014 773.1384 1255.7296 0.00837604
432.98132 707.3402 749.7567 893.93823 0.008358818
358.5634 1626.109 701.6243 675.103 0.008324741
501.73965 1279.0382 573.802 348.4035 0.0082324995
292.90628 782.00165 339.12677 447.29242 0.008139463
192.57402 1002.08606 370.6232 1390.3018 0.008129491
371.31934 688.351 439.85345 552.3193 0.008119193
252.03372 1055.2083 487.24 1759.8016 0.007938351
555.36017 900.8352 553.7144 1092.234 0.007866741
359.30402 1416.5978 688.4697 856.8462 0.007847067
438.95663 1269.4502 718.0184 890.985 0.0077794017
477.2784 664.88477 671.3266 772.53455 0.007710741
328.2022 659.13464 607.8464 732.9207 0.007654279
387.45535 542.04376 159.84605 221.77554 0.0076214047
474.34384 1171.8474 289.16238 316.84998 0.007588979
307.19568 827.40137 529.4978 812.3862 0.007510574
245.97243 576.9515 134.10977 171.67058 0.0074195815
359.22867 515.6083 218.81088 296.28748 0.007376823
409.20224 885.2805 515.9894 541.10724 0.0073584
221.9306 720.31586 350.43796 479.54202 0.0072459024
229.29724 488.14093 302.73877 362.29 0.0072226874
371.78278 821.34894 502.1761 625.6821 0.0072115017
262.16983 733.2121 426.3454 556.89246 0.007202429
477.66544 764.2289 211.32875 270.50137 0.0071331314
543.85895 424.12946 96.65776 135.64554 0.0070989053
499.19952 1292.6321 611.32513 1146.4835 0.007058907
437.15033 1424.9446 658.2311 760.1192 0.0070226504
376.30182 936.43427 491.52405 867.4427 0.0069744014
277.30832 1410.5632 532.4589 813.22943 0.006948972
466.2146 760.55927 549.373 686.3975 0.0068910834
326.90155 505.51047 269.30255 320.2689 0.0068862354
460.11823 1548.5586 299.30267 253.09068 0.0068791104
222.18529 1550.7479 237.63753 283.79425 0.006870982
322.99982 400.02765 144.09578 128.34146 0.0068461183
217.56815 736.0188 402.50293 850.01807 0.006820094
213.72974 1476.9572 414.66916 940.5667 0.0068188896
368.32077 789.0887 406.01575 293.59366 0.0068091247
238.63232 1074.2303 161.33127 195.64848 0.006782443
402.78195 1591.9911 791.19965 760.1443 0.0066392315
264.32898 790.7198 188.09517 217.8996 0.0066258893
455.91275 1222.3743 225.72285 241.88506 0.0066211578
410.2371 1240.2139 222.01941 215.50597 0.006593306
425.31613 1079.6057 601.71014 1177.1909 0.0065807444
511.07486 936.99414 359.7801 853.0148 0.0065283757
295.03854 509.8876 320.33185 347.99518 0.006481526
451.38483 615.39355 624.11615 663.38696 0.006430043
257.7188 499.35614 404.30255 414.53287 0.0063834647
425.4358 676.08014 658.53 622.9695 0.006351299
453.4549 932.09106 362.1336 856.83167 0.006329447
405.50354 628.8009 773.02985 736.2891 0.00631836
281.05267 797.84924 531.14746 1020.6783 0.006221428
323.0306 1523.726 620.5703 526.8372 0.006215906
471.45724 1236.427 607.54095 420.94968 0.0062124073
210.85455 1661.5552 407.54602 562.02435 0.0061703543
461.0179 1075.2881 415.76575 666.7613 0.0061693895
457.4243 924.3578 663.52716 634.4222 0.0061676623
447.35803 764.5567 458.69095 476.7792 0.006159921
378.64426 725.1474 601.99084 790.8687 0.0061081657
317.00293 475.97134 167.09897 250.25945 0.0060719084
411.22638 630.5492 790.7032 735.72687 0.00602906
346.96445 1824.8884 37.24015 48.800503 0.005992974
320.04272 472.47546 480.19473 410.30865 0.0059894617
823.74756 1038.5033 183.92194 308.74875 0.0059360927
275.8297 1554.6279 540.03314 831.9945 0.0059155063
382.47888 1615.4186 284.55408 387.698 0.0059111863
439.45618 1591.926 337.05533 340.7803 0.0058937697
836.71796 965.48865 159.79964 192.25826 0.0058864825
405.3323 1619.7264 369.67444 400.05624 0.00587994
664.2751 1349.8038 213.82632 231.92972 0.005820302
496.66803 793.6715 664.68243 1034.5826 0.0057847146
394.8777 1699.6294 781.13885 564.2581 0.005772611
318.19186 856.05536 477.12964 827.96857 0.005769676
471.56607 765.08325 209.31955 258.13138 0.0057546617
519.78503 929.1891 510.29742 967.912 0.0056961062
183.86798 998.7703 350.07736 1106.2826 0.005690494
480.41928 754.733 198.32362 247.26924 0.0056775287
492.7892 1380.4525 589.6628 742.9498 0.005649152
471.91687 644.75476 373.2567 541.8418 0.005614893
733.3467 1081.7816 236.98326 385.40082 0.005601533
350.96362 909.34717 382.13007 497.98843 0.0055916295
349.4445 1565.7261 410.81946 304.45038 0.0055854023
177.54955 465.6205 283.5784 359.31677 0.005574993
586.97546 974.9765 419.54886 906.7078 0.0055642254
322.122 1038.7494 353.15317 746.92163 0.0055627697
388.3231 820.5438 461.2928 821.37274 0.005554369
619.2979 696.68207 451.14114 693.51434 0.0055525783
424.87146 401.21225 832.6487 738.2661 0.005546184
437.00256 863.88934 649.5423 552.0918 0.0055313706
808.7715 989.1291 142.22156 215.64336 0.0054781083
706.2824 1171.3326 292.19406 558.3195 0.005465943
437.85648 1630.7147 371.48364 428.20825 0.005392541
415.01663 1523.6665 145.14265 155.36375 0.005392459
510.05185 1183.5602 333.9969 393.58063 0.005375033
580.2561 751.27203 387.2777 562.912 0.005343859
600.47345 908.4423 444.41998 1058.9252 0.005319787
372.01746 1495.531 107.74221 138.58498 0.0053001773
374.3307 1531.7999 462.36807 401.36432 0.0052888817
279.74463 914.77014 258.01346 488.44824 0.0052646967
441.58273 900.9417 340.01904 476.79016 0.0052634426
551.8379 713.67737 581.52563 837.5043 0.005261746
549.26306 1475.3588 494.208 723.6232 0.005224161
247.29053 554.6443 234.18713 266.03195 0.0051984102
361.75415 920.1836 420.77368 1046.3767 0.00519557
448.23822 1032.7916 389.77472 597.3511 0.0051881005
695.96405 1173.7214 313.82455 564.94324 0.005178401
303.4984 1025.3174 312.4221 708.26447 0.0051747444
399.98157 1151.8212 504.454 567.9706 0.005160272
387.5406 929.1108 525.757 646.3111 0.005133468
304.15857 1571.4396 198.91582 234.09674 0.0050943173
737.5232 1174.6744 341.24475 572.44415 0.005076245
194.52078 1607.555 358.94122 320.53717 0.005066299
651.64453 1008.86383 276.70972 743.4999 0.005062121
264.11993 1387.0822 509.54196 1002.388 0.0050550215
404.17273 519.44006 332.38412 343.94852 0.005040342
780.76544 863.7277 165.88553 358.15256 0.0050084614
314.1527 722.14514 487.64615 472.6498 0.0050081094
551.3938 699.54663 576.93097 805.00354 0.005005867
417.30692 1420.2582 622.4353 633.41943 0.004996248
651.20605 1358.719 162.64616 190.24312 0.0049833856
415.8905 546.7051 104.54322 154.68849 0.0049739485
477.27444 801.6428 313.89258 346.62872 0.0049578277
485.67822 1113.3871 380.1215 576.2246 0.004928061
601.3812 968.6034 446.13672 1039.0824 0.004890269
332.98373 841.18427 440.69904 757.2968 0.004869129
490.60953 512.51337 678.21533 774.81903 0.004840253
597.933 1431.7817 432.0161 639.84595 0.004823471
159.43045 1475.3994 308.1768 936.75507 0.0048230044
497.7446 1610.5236 325.47467 369.03088 0.004815521
583.13776 927.3898 358.7459 812.4525 0.0047993516
506.7814 1230.6879 544.61145 1285.9613 0.0047558905
177.7294 483.34094 163.85976 229.09517 0.004754557
374.0856 906.98065 411.9394 505.24966 0.004738051
425.77246 503.40344 229.01903 238.00456 0.004700226
277.92633 439.27927 374.37863 355.48386 0.0046537337
369.58386 935.0528 417.21127 482.91107 0.0046392446
558.4624 1410.8032 495.8863 595.38763 0.004638305
257.36078 500.52753 475.67276 473.3507 0.004631683
482.12314 1066.993 329.4569 416.63916 0.0046282397
536.83203 1553.7878 196.41325 237.70123 0.0046024364
180.16219 1219.636 340.3272 460.96936 0.004576429
577.38684 907.945 490.91342 1072.9331 0.004551438
372.72202 470.77792 393.74594 358.97742 0.0045093326
194.16235 223.36879 231.03075 198.46964 0.004497438
617.95447 1164.8251 248.75931 285.72433 0.0044967914
664.7356 709.21515 358.73917 653.34894 0.004481517
791.4647 1051.4635 175.88463 337.93234 0.0044728983
200.59831 1814.4105 389.72003 317.18704 0.0044680787
375.51205 1289.3452 399.12143 589.00714 0.004448145
345.01773 481.89523 556.73175 450.8166 0.004411181
200.10115 1838.0044 388.3056 287.54605 0.004408761
611.2971 936.0918 432.84726 1034.2937 0.004368886
639.51434 888.40533 282.8302 480.5768 0.004359461
724.37616 864.7598 255.97595 432.46304 0.004351785
260.0506 1670.5244 484.62888 470.45288 0.0043440294
398.2523 556.12604 754.8052 609.2263 0.0043048863
452.12735 609.69666 449.52338 603.6622 0.004301083
653.99115 1065.4231 328.43185 654.1223 0.004272381
571.09564 1412.4337 486.199 774.1279 0.0042582247
324.54684 1453.7665 648.7115 989.1901 0.004257927
305.14273 1778.4697 181.12578 204.95218 0.004249475
675.7518 1197.1237 359.73087 610.7963 0.0042228
839.33374 1143.8999 170.60884 513.79614 0.0042224173
326.11096 488.13483 586.5419 464.06516 0.0042192326
160.1521 212.81024 307.38965 332.83875 0.004210199
440.57593 1106.4366 239.26193 451.22263 0.0042015137
533.31323 569.517 617.96277 854.8975 0.004200959
596.09937 800.2884 529.3214 624.3271 0.0041895327
660.35065 802.5931 247.79547 386.6541 0.004179834
352.31393 403.93723 112.9661 111.60364 0.0041707456
479.30203 799.8123 193.17365 260.9028 0.004165718
537.16077 914.4495 408.60034 972.08887 0.00416376
411.27942 1272.3818 421.58127 1151.4453 0.0041529434
577.73883 1141.4487 484.54565 621.6684 0.004152819
453.85513 913.1384 214.47568 157.76851 0.004134349
316.73682 277.86185 612.454 489.98135 0.004129675
585.9946 1285.3766 325.92398 341.19324 0.00411616
632.2686 610.39105 274.06598 397.70615 0.004113768
481.28012 1056.6237 661.9079 381.7236 0.0040884446
420.3589 1373.5405 378.16946 890.42926 0.004072431
389.39362 1773.6171 138.59904 159.3148 0.0040653124
577.9145 1047.6871 511.41098 1408.6515 0.0040536798
667.9311 912.8532 360.43536 1050.6641 0.0040531945
351.95764 997.15967 391.53336 882.0023 0.004046144
364.3381 1679.4049 177.87885 220.27003 0.004036841
617.3019 1159.8158 311.91135 562.27075 0.0040356545
426.7611 621.32117 531.45844 601.8159 0.0040339204
634.20197 1079.6431 424.27267 1278.5762 0.004027708
444.7535 865.35394 283.94632 402.2692 0.004013313
675.69934 704.0219 327.26706 606.06586 0.004012086
756.8952 780.6797 120.42489 219.00175 0.0040116385
461.27594 599.8251 370.89532 523.48444 0.0040116343
419.39023 1521.9479 511.15662 562.18945 0.004003418
352.10248 1033.0996 356.03864 296.5928 0.0039928793
672.7119 974.8543 324.3594 845.77014 0.0039611617
562.9038 607.2332 345.0258 456.14993 0.0039482936
238.21056 224.44243 149.55565 110.95712 0.003941077
420.60703 1062.8195 506.74472 377.40222 0.003933761
815.8364 1015.33167 133.65723 274.35266 0.003930468
310.38705 1675.6556 602.3132 490.01868 0.003921117
589.6496 1267.3569 494.80893 1181.9952 0.0039145746
688.7283 761.558 182.64658 259.09955 0.003910737
297.47455 1214.2412 269.09534 455.1119 0.0038985407
163.84734 1322.7008 314.24524 1268.7976 0.0038945987
489.28427 1034.9655 302.87192 325.3224 0.003877757
460.70847 1001.94037 255.21088 716.86334 0.0038628683
586.9052 512.85846 193.96313 250.16776 0.0038614115
475.81085 1031.5455 432.0859 365.82083 0.0038337128
608.13055 1093.5168 252.53412 392.07764 0.003818533
511.55145 577.13135 496.49716 519.6471 0.0038138144
164.43106 1376.6467 317.5687 1182.6962 0.0037932661
442.90213 901.8929 522.86334 451.80002 0.0037896354
304.58383 788.16156 133.89163 217.11781 0.0037429144
409.46786 661.0163 761.3976 830.1924 0.003742539
441.11163 547.04834 245.215 281.76 0.003732215
410.2724 525.8427 115.70668 154.74748 0.0037304193
476.34628 521.60895 186.91956 213.21002 0.003728552
332.96893 1314.2689 324.58575 687.6108 0.0037171445
742.2218 1086.7299 334.23883 403.01447 0.0037156208
419.741 902.3153 303.2227 368.50302 0.003704742
348.69778 1298.7401 350.98572 601.4688 0.0037040014
485.41965 1543.4104 389.4389 319.08798 0.003695038
405.03998 1514.3899 427.02393 330.35986 0.0036944603
317.02264 808.3493 411.56006 662.9331 0.00368943
147.52277 1333.1471 281.3634 668.0802 0.003681565
205.9233 1689.5889 301.85022 580.2667 0.0036801693
144.05266 367.22714 253.22969 243.39616 0.003677656
424.49182 1434.7213 801.6494 1092.2379 0.0036653555
667.05774 680.6222 223.46455 341.80167 0.0036646435
261.40833 206.66151 504.74335 349.35275 0.0036481994
258.35413 1018.00397 223.73795 636.8401 0.0036375816
417.59677 970.7854 210.2634 201.52492 0.0036269252
531.80115 1129.1907 403.71475 1190.2474 0.0035932271
668.0474 751.98535 134.32219 170.39471 0.003575541
460.3411 1686.512 338.13403 514.14087 0.003553586
136.93744 406.06262 218.33577 249.65897 0.0035478093
527.9349 1579.0509 280.41348 352.68866 0.0035327086
209.03035 179.26045 215.0415 171.12187 0.0035258417
300.06497 1652.6426 142.57945 161.93315 0.0035250662
806.50305 957.2308 214.09293 273.97632 0.0035146647
508.56305 913.1402 126.688576 127.215164 0.0035090582
357.27606 1537.9127 189.31792 220.25838 0.0035090016
463.73795 1826.111 921.6468 349.85666 0.0034844754
515.5683 1258.5133 171.49094 247.3318 0.0034834228
574.01794 1268.0151 520.61304 1081.1052 0.0034691454
517.7812 787.7166 255.66095 295.74738 0.003468122
568.0025 1290.3065 181.61043 290.02106 0.0034635784
604.92523 1273.5419 434.9198 871.6786 0.0034546724
518.7798 1594.3374 403.28668 548.43823 0.00344383
457.10825 1724.2489 905.41077 548.8828 0.0034406846
591.38574 1094.3712 438.77756 1377.5674 0.0034368997
444.18173 572.7352 628.8068 602.1248 0.0034337232
701.5286 722.7463 205.2901 342.54086 0.003420709
252.44492 1145.3047 194.86244 327.13626 0.0034186775
575.75433 741.93616 369.10767 519.89215 0.0034142535
655.33075 1332.194 390.77515 850.396 0.0034134681
586.0654 1350.9757 455.19864 729.5635 0.0033980461
520.25415 1655.1294 731.27655 278.86652 0.003373331
552.9892 1080.396 378.01627 445.58914 0.0033681712
602.07117 905.47235 474.83514 1080.7792 0.0033426227
565.85205 1134.1794 474.17014 1127.6854 0.0033423952
345.617 1007.6861 333.72916 640.6367 0.003338122
309.43652 1847.396 136.40866 118.19538 0.0033272852
586.5283 913.5184 455.4533 1059.5135 0.0033103263
395.9985 1037.3818 276.23868 780.35254 0.0033053756
164.6421 202.32935 309.54736 296.46777 0.0032859582
837.0084 831.0283 172.93445 427.57385 0.0032515407
372.26212 893.5822 511.60547 1001.93835 0.0032473723
179.0516 1522.8336 302.97095 397.14435 0.003215639
533.25256 949.00183 144.75533 147.9156 0.003205735
387.8274 1588.4918 298.09402 538.191 0.003205398
211.54094 1606.9984 147.18372 144.44418 0.0032000078
575.9169 1013.64984 483.34216 315.60468 0.003198498
610.2429 1071.4977 466.60815 1338.044 0.0031961147
475.32193 1565.0411 515.3731 568.0473 0.0031813176
609.7456 921.1923 285.54037 537.9215 0.003173499
656.8211 1072.985 357.30466 403.3484 0.0031492217
97.71197 932.7549 180.30995 260.294 0.0031455485
415.3937 1005.9626 755.766 836.7328 0.0031453033
417.744 537.9675 108.208755 149.3232 0.0031400435
655.7217 784.7792 464.75546 651.3911 0.0031399452
372.46487 932.4196 372.72098 501.5714 0.0031385531
567.7379 1084.0312 160.32216 215.56172 0.003130126
432.70248 1772.1539 165.08984 167.03972 0.0031218375
225.21274 1102.6538 404.08325 1558.385 0.0031199846
287.6077 1557.6298 230.98543 241.92719 0.0031133404
610.971 965.91986 263.68143 394.49216 0.0031123413
659.508 1057.2462 202.81403 392.94656 0.0031102102
737.8246 1067.0968 214.66014 360.0142 0.0030998548
423.93002 1042.2898 262.69495 595.2603 0.003091186
554.3124 855.87756 173.30283 233.64796 0.003074905
851.27075 1357.5537 178.1046 950.9397 0.0030669793
98.56355 1226.836 185.53151 478.4804 0.0030663658
255.5799 1367.0573 201.37585 238.13591 0.003049654
185.15747 1805.6285 250.55971 246.48164 0.003049374
282.17822 1761.9939 324.89594 371.76538 0.0030385864
697.0955 966.64624 285.2967 872.89246 0.0030297975
586.665 669.78436 206.75037 276.9927 0.003029243
455.0154 589.431 376.60748 507.24902 0.003028526
263.903 1591.5078 166.59193 181.07709 0.0030277674
330.91956 647.20905 337.5413 504.1923 0.0030257471
188.52014 1094.2284 374.41324 1703.0936 0.0030203264
665.6496 1008.1628 347.9185 917.85333 0.003016224
121.347145 1690.3724 230.17636 521.2168 0.0030117736
457.7937 253.19618 920.0493 454.00446 0.003003783
637.7707 1136.7831 155.68503 200.13992 0.0030014862
334.71725 577.6935 232.86093 321.62103 0.002985215
598.42334 1157.1829 583.15326 557.58136 0.002979984
184.41817 661.3868 310.65704 498.57013 0.0029791046
426.14053 761.5716 152.91219 212.45451 0.0029748727
407.2534 1294.0519 209.27078 210.2074 0.002974232
557.93567 933.7351 130.7049 174.4777 0.0029601
354.8941 1343.678 641.7592 716.7421 0.0029562325
318.34048 515.4153 607.9651 508.28418 0.002951692
484.23846 1655.7577 135.79214 175.4049 0.0029493454
521.25934 1340.5197 260.85287 260.65674 0.002949267
751.89825 744.69 149.96397 264.75378 0.002941695
786.2022 966.0355 144.49918 155.2269 0.0029392177
556.4678 1084.1074 618.04767 723.5021 0.0029330421
99.940865 1835.6105 193.53302 283.32 0.0029187154
298.94266 613.4039 324.2564 456.56088 0.0029047814
342.13742 584.63293 156.86253 182.75424 0.0028993243
846.13666 1130.8718 173.77875 502.97263 0.0028988004
358.01926 1712.5726 463.7238 525.2656 0.0028970921
569.3528 1018.4101 264.54318 549.8488 0.0028841319
493.04044 1098.0997 198.23991 236.23557 0.0028807027
420.14304 1852.4839 836.7414 299.1948 0.002880485
840.80536 814.49286 186.25275 458.98483 0.0028788256
835.7235 1135.692 181.26126 503.7621 0.0028720445
110.28721 1272.4012 203.95088 569.3768 0.0028713453
798.85504 831.5459 139.20955 423.86426 0.0028689792
689.70526 980.67896 322.47955 931.68036 0.0028656076
319.13663 391.14026 92.60516 88.42818 0.0028566197
693.7029 1068.9788 139.78387 123.50971 0.0028565952
749.0645 819.3749 202.92778 443.78574 0.002851109
248.56644 180.71036 140.17406 115.685814 0.0028501835
688.61255 898.61554 343.65057 1072.3433 0.002844393
401.09445 601.08417 735.2746 688.88684 0.0028341895
102.70958 1852.0641 190.07294 235.64041 0.0028240855
494.37808 1094.3373 208.9635 239.30763 0.0028190168
781.6338 787.2129 168.1211 519.19653 0.0028163332
622.79956 904.857 282.63452 740.3578 0.0028133367
248.6599 1277.459 372.62085 503.9732 0.002811674
324.53058 509.74124 102.455025 121.55725 0.0028022178
825.7677 1033.1797 180.7265 293.64984 0.00278947
106.16014 1764.773 203.36223 398.18262 0.002783023
596.41473 1082.2538 434.63513 1351.7932 0.0027777967
516.59143 1287.7252 379.8267 868.51495 0.0027767336
116.12026 1922.1132 211.72774 129.9262 0.0027762717
414.75934 1730.1677 110.34097 156.39832 0.0027704532
684.5065 1130.2156 93.34226 148.01659 0.0027608776
692.0484 1170.7987 321.50943 555.49475 0.0027605835
659.9422 1503.8016 172.15656 218.1525 0.0027601372
407.16693 1519.3696 580.3408 418.69385 0.0027459594
762.46094 749.3546 284.53552 586.15186 0.0027434938
646.3587 538.7477 304.0637 400.06845 0.0027378988
464.62332 1513.9703 415.4279 751.8326 0.0027344741
639.505 883.8879 396.2868 1048.0477 0.0027224594
844.7348 1059.0503 164.87164 369.88138 0.0027195844
343.94144 936.3214 350.88623 741.2405 0.0027137373
680.0578 694.90436 356.93823 686.011 0.0027036346
664.0281 955.5674 378.23227 943.83606 0.0027024494
106.24456 1855.1727 184.46198 225.38792 0.002695575
368.06357 914.22284 410.27698 1047.5275 0.00269302
345.72888 224.87856 253.0842 200.08455 0.002676732
697.13635 1043.0402 310.2343 851.9272 0.0026614987
289.59018 562.42596 146.52402 149.26195 0.0026516393
351.71603 1593.0353 699.7455 447.67987 0.002650744
725.1674 985.18835 288.81238 924.0062 0.0026489997
484.6276 1071.1198 142.932 159.36317 0.0026483901
582.7755 978.1109 254.67061 639.3654 0.0026470127
702.9325 1146.2484 335.46628 1474.1357 0.0026467459
640.0844 1642.326 289.5534 410.80096 0.0026434765
752.6043 1345.6824 182.21695 497.0697 0.002641409
439.39597 1691.3278 230.85608 296.11282 0.0026372792
688.2147 790.7927 307.88675 498.49338 0.002635678
466.79623 1909.5365 912.49384 187.11441 0.0026276319
235.48077 1297.1624 339.85516 1045.8336 0.0026203094
185.13654 1898.2238 360.4541 188.79356 0.0026194395
118.42438 1563.9465 207.28795 279.1662 0.0026157708
186.2658 581.5241 168.00804 169.02687 0.0026153778
795.1831 1162.9375 243.63779 565.83704 0.002598051
497.98453 790.492 126.318565 223.51555 0.0025885885
311.80612 1741.071 366.646 415.04535 0.0025816346
454.98148 1720.1832 120.146866 193.08278 0.002578152
402.45197 1769.1458 224.2178 235.87225 0.0025721998
801.23773 1823.395 274.71063 353.8031 0.0025634225
290.47467 1384.7617 299.3132 660.69727 0.0025524744
705.0981 967.89594 275.12555 927.1127 0.00255232
795.9117 1052.8854 239.78601 579.923 0.0025464576
400.09024 553.667 111.4752 134.58289 0.002545496
716.45996 707.6437 354.10526 665.9137 0.0025376002
500.25586 1763.168 209.43018 238.44028 0.002534206
208.8963 128.66833 168.72041 102.190475 0.002529194
813.6639 705.7389 216.98845 686.30414 0.0025277692
178.27296 242.55223 181.1685 121.62278 0.0025164196
465.59482 426.19644 251.83409 207.35031 0.0025148713
103.09775 1915.1141 202.75235 150.50336 0.0025141276
555.66895 1669.8824 320.3369 321.0723 0.002479599
548.032 1486.858 123.17471 148.16978 0.002465947
82.89073 1628.662 159.58875 664.9125 0.002465627
273.47668 1850.6239 160.78787 172.36797 0.002463559
876.35846 1871.1033 126.96196 264.44247 0.0024505977
804.98035 1834.0648 233.18008 306.21985 0.0024405038
562.7693 886.66327 552.36127 1084.0481 0.0024322267
41.232544 1859.1471 79.49794 236.14862 0.0024312735
763.4726 1002.9058 237.91937 746.3231 0.0024296667
717.1497 836.9379 209.59166 395.89865 0.0024224678
260.60306 1854.51 515.7256 267.3122 0.0024201195
704.8603 1218.3748 335.04297 1039.0587 0.0024116405
693.0409 758.96246 322.26532 574.00116 0.0024069783
318.61777 849.62427 353.0332 627.4834 0.0023979535
378.28925 751.32336 370.52985 594.57007 0.00239661
840.33795 1014.8154 157.85765 414.62857 0.0023840114
463.10114 953.6427 260.5917 615.9668 0.002377211
198.44992 1931.0566 237.83163 120.76235 0.0023722055
569.1077 1517.3336 137.4262 171.3906 0.0023650911
518.6357 965.6131 274.08698 404.63947 0.0023578464
690.19855 969.0972 286.70355 940.81055 0.002351306
107.89736 1417.0889 186.96327 1102.3787 0.0023495718
707.84235 991.9425 301.1035 913.75977 0.0023462789
822.1905 1758.2025 215.65318 261.3567 0.0023448418
737.69556 934.1942 331.927 1058.5615 0.0023447392
566.5472 1280.1101 395.6194 306.8388 0.0023440956
532.02484 557.59644 666.83514 862.6258 0.0023334601
687.71783 1256.27 367.41833 1082.405 0.0023264086
472.08673 1477.0148 374.28873 551.13135 0.0023263055
788.0636 780.4987 112.80128 226.76607 0.0023195227
859.06146 1682.083 163.62169 214.6202 0.0023151536
866.0559 1726.6993 136.15111 297.67365 0.002300326
454.467 1004.8585 205.09326 256.2554 0.0022999756
66.22456 1990.5885 128.0926 30.119919 0.0022915157
764.99176 1721.6344 342.2295 552.33636 0.0022893504
691.8201 625.8596 248.85593 474.8965 0.0022890684
508.1505 872.6942 658.9082 1145.6998 0.0022775885
405.85617 1741.0903 162.60666 188.83345 0.0022764273
206.23938 1897.8135 286.80646 178.02243 0.0022759347
692.31085 1011.2798 273.08023 558.41895 0.0022759226
642.53235 1248.9658 386.40442 1133.922 0.0022755794
444.81042 477.744 630.0513 442.77896 0.0022739214
638.585 861.5149 140.66676 148.7399 0.0022732606
149.13913 1797.5975 222.45708 283.9543 0.0022690475
314.81354 1676.9376 222.57231 488.52863 0.0022674613
660.0857 1025.6057 297.28616 710.52515 0.0022657414
461.61145 946.4919 293.5069 452.38968 0.0022653425
829.58374 1799.6345 211.13031 370.10825 0.002261946
748.665 826.2511 187.53284 424.7613 0.0022601709
313.14072 1772.3788 393.02042 402.54404 0.002248552
350.47443 684.7272 603.45844 756.7634 0.0022419335
532.79065 1780.0275 133.78339 172.62564 0.0022251362
686.62006 912.7639 379.56973 1112.4991 0.0022250006
69.76114 1962.3574 137.09346 80.57205 0.002224587
793.3946 1823.7701 289.3267 348.9634 0.0022218293
471.84134 1149.058 137.98015 227.1383 0.0022159975
842.63525 941.5058 161.63902 269.78485 0.0022112906
887.84973 1660.3082 114.5042 695.0844 0.0022108078
895.92786 1859.9371 90.942245 285.79578 0.0022093116
380.9784 203.81793 180.24086 133.21487 0.0021952833
695.83234 1210.1344 110.01127 187.91481 0.002191468
411.07965 879.65906 790.39557 902.99146 0.002190189
731.7701 605.7187 164.80608 238.2564 0.0021845002
673.9304 1861.8041 257.8071 251.54712 0.0021802192
602.36005 1309.7122 113.811066 156.23936 0.002179936
235.11179 877.7524 339.74362 532.4207 0.0021772461
553.4512 1338.7521 150.85413 199.57677 0.002172698
694.5912 921.7163 351.68994 1118.7449 0.0021725066
693.35095 1519.5435 339.50696 719.9034 0.002170056
663.1526 1087.5695 459.6882 411.12796 0.0021639492
97.06372 964.45337 139.44214 177.57576 0.00216314
751.3554 1881.3115 181.97467 202.95436 0.0021592644
711.44434 1252.4781 290.28592 734.9442 0.002140914
794.44165 1916.4448 210.60226 156.91232 0.0021382684
797.4793 1918.4681 192.4886 165.6134 0.0021359934
560.5884 1929.5215 197.75188 141.00903 0.0021350465
435.64255 1008.21533 857.1034 1921.4652 0.0021349094
849.88745 791.1929 183.02829 503.32013 0.0021312474
566.7329 907.678 318.56836 790.0136 0.0021275168
386.6245 1045.722 287.99103 454.38153 0.0021245982
432.6437 1047.7426 145.9865 159.32889 0.0021209135
885.24927 1211.2837 127.35102 639.94464 0.0021187328
700.7332 896.25336 363.79526 1064.3055 0.0021127306
484.27866 1806.3534 520.3385 325.85138 0.0021120873
330.40002 943.13306 337.8961 1003.2828 0.0021094729
518.25604 206.17882 151.15395 125.260216 0.0021059527
647.30634 1081.1599 478.88107 1509.8281 0.0021046984
472.88986 1911.4495 923.6057 183.48415 0.0021012262
441.24478 1770.2355 167.45459 186.66078 0.0021001857
643.55237 1928.1903 250.25381 148.65656 0.002099693
506.99258 1936.2218 189.83546 128.94673 0.0020992993
854.98584 1920.4786 177.23315 165.08499 0.0020854431
364.7698 676.72107 397.04678 538.84906 0.0020778766
278.43204 739.0099 285.03802 384.79938 0.0020730689
390.7838 1263.9808 698.7657 509.90964 0.0020708444
674.3034 1296.8877 275.40833 784.1997 0.002066298
404.20447 1814.233 294.5326 254.77126 0.0020591384
848.9849 1568.2014 197.97293 438.09702 0.0020588632
403.52362 1409.0085 736.3705 693.83997 0.002051337
499.21713 1748.9052 155.47507 141.88548 0.0020469031
467.43713 1017.3541 125.30431 150.80367 0.002036422
814.0754 950.5787 103.36973 151.57745 0.0020270958
699.2136 971.9374 305.10144 986.1302 0.0020249123
555.3479 1284.9233 313.1 866.09314 0.0020247714
685.9657 860.84357 441.6419 992.99194 0.0020196529
429.5851 1948.2603 196.3287 89.18127 0.0020165874
460.6295 906.24854 588.8357 1054.3793 0.0019986862
641.9547 1518.5265 410.16345 954.17664 0.0019958378
585.3633 1920.4219 292.85037 158.66818 0.001986664
682.64307 1269.6636 103.65702 130.65901 0.0019826188
717.0208 1052.4218 147.283 344.7445 0.0019820423
359.66104 474.6955 216.46759 247.8603 0.001978368
717.6342 1856.9825 330.24542 277.8496 0.001974698
253.58128 877.57715 351.3881 471.72052 0.001974523
440.3629 1009.6585 864.0975 1923.2014 0.00197057
355.664 871.1103 336.20093 735.344 0.001970014
578.98816 996.76575 243.29367 388.53586 0.0019699286
774.80853 955.8155 259.4382 840.2331 0.0019672427
845.2884 1139.4847 159.54494 494.91977 0.0019639772
894.98517 1180.7998 110.40986 607.0864 0.0019553693
257.26486 1330.016 256.5241 518.24774 0.0019463198
459.0138 669.9409 136.80376 155.08466 0.0019388628
765.83826 1014.78143 255.7177 773.9568 0.0019382926
234.59512 1207.2399 381.35657 484.082 0.0019382291
737.423 1948.094 221.9774 102.76538 0.0019377115
683.765 735.69055 428.50784 771.27167 0.0019316053
635.9397 967.023 326.10425 838.06964 0.0019306118
797.8143 1697.0691 259.5147 557.9684 0.0019295657
828.7894 1931.3651 221.90181 144.89857 0.0019287743
716.14734 1159.1138 171.75935 243.03593 0.0019277995
863.9458 1516.7186 157.20056 284.21262 0.0019238228
803.3516 876.3689 261.8488 813.0257 0.001917323
430.10593 178.18526 173.01022 126.75 0.0019135079
886.6893 1547.0908 112.58895 404.04105 0.0019115411
438.38913 1949.2784 856.3222 115.33567 0.0019115183
820.04877 1654.1561 162.54066 190.83563 0.0019100197
731.35126 1066.4712 166.53659 361.3553 0.0019072273
889.8986 1744.549 103.32498 381.1008 0.0018972495
414.87128 1164.009 225.40204 488.21225 0.0018780439
763.9165 828.26984 174.38194 436.8753 0.0018750438
401.99756 1528.4926 190.99301 270.9108 0.0018745655
443.0535 627.74713 689.1409 672.6226 0.0018733508
523.8456 417.50998 38.47832 67.982025 0.0018675891
875.14246 1497.618 143.01878 221.86761 0.0018582093
676.52466 1871.6636 163.30891 174.97818 0.0018538517
765.8348 1478.4949 129.38799 279.44278 0.0018521828
265.33563 1900.7834 532.6917 199.15117 0.0018495489
431.87564 452.82074 617.4968 520.77515 0.0018475605
667.4777 1902.8805 147.54243 177.02505 0.001844667
382.95325 1943.7413 786.35657 119.1535 0.001844373
789.14264 1148.6576 245.16165 925.9672 0.0018424059
737.54803 954.22205 313.3999 927.92676 0.0018416747
296.89526 1502.8214 476.2997 704.6253 0.0018381779
481.62418 1422.7811 526.1566 315.96317 0.0018321222
256.94525 1543.8201 325.16214 968.13074 0.00183162
733.08545 180.2319 259.7037 209.84258 0.0018309079
399.27533 1386.1038 322.56036 790.57404 0.0018301673
792.78174 1638.4923 141.3383 236.58443 0.0018289456
737.3876 1551.333 384.13724 894.01746 0.0018277508
415.89932 1532.5338 274.99777 514.95404 0.001822026
276.44382 1930.5806 242.06163 119.44275 0.0018190434
551.36487 1924.8658 147.30644 116.17271 0.0018170443
828.76465 1935.1155 210.25198 132.07031 0.0018157121
911.1645 1771.6892 76.13847 459.22186 0.0018145941
767.93066 1150.2078 118.84741 209.12721 0.0018079627
704.2222 1957.1132 206.37575 86.12117 0.0018031441
680.20514 1511.6167 122.49956 159.14471 0.0018022835
887.069 1682.793 104.131096 224.65321 0.0018003553
889.7839 1674.3644 102.18745 239.67648 0.0017989563
822.5465 1659.7476 146.65204 170.85616 0.0017971155
406.98932 1710.1667 326.4564 471.31387 0.0017961612
776.85675 1464.942 279.55304 536.361 0.0017954423
470.61148 107.76814 935.796 206.43135 0.0017910891
690.3132 1095.5902 347.98572 1328.7153 0.0017906774
420.57376 1103.8717 205.73929 398.39618 0.0017867355
648.79626 1078.6648 458.26926 1486.1122 0.0017833886
634.7072 1930.0063 479.923 143.55362 0.0017822514
457.59317 1071.8684 213.3077 402.86975 0.0017808717
219.05167 1920.9126 432.01773 153.43591 0.0017795828
710.6588 783.6318 236.3747 346.22742 0.001768754
774.6995 1672.7661 170.1873 222.86244 0.0017681363
806.4504 1617.9806 171.62544 171.27516 0.0017673284
863.17096 1590.8226 159.6531 350.98157 0.0017651425
794.34576 1942.4241 223.19447 114.475685 0.0017643134
764.7598 1610.8021 188.89749 336.86188 0.0017625961
873.62866 1519.7457 151.8693 901.4138 0.0017515136
864.1048 1578.2074 137.61533 395.0876 0.0017509867
491.6222 1329.4569 638.95795 736.26715 0.0017498885
787.7741 310.74402 283.44354 279.7577 0.0017496961
745.6478 1867.3279 145.8093 179.39389 0.0017447502
773.1403 708.151 176.74867 392.17615 0.0017443224
885.4889 1419.5853 134.2341 338.16095 0.001743826
481.09586 1657.0237 334.58185 400.23853 0.0017420754
925.93665 1622.0438 68.420166 421.36206 0.0017372898
890.7708 1228.4032 110.3117 469.64578 0.0017359027
758.101 1274.8257 304.037 1084.4913 0.0017237229
870.406 1891.793 130.69977 225.0177 0.0017221072
684.2412 1667.2798 155.57567 203.34492 0.0017176626
890.37524 1374.7775 120.26805 219.8064 0.0017043743
795.40753 1536.5736 162.49615 256.9537 0.0017005726
558.46075 1852.1686 188.13705 183.61348 0.0016977934
878.7211 1434.5719 134.81567 403.66263 0.0016962738
475.63293 28.062843 272.91986 51.792976 0.00169223
730.18665 1361.6484 355.46988 936.4341 0.0016920093
238.87263 1935.0403 406.04855 116.107285 0.0016892619
766.24677 1156.3566 293.04468 536.54956 0.0016855611
715.80664 1945.6733 207.63855 111.32064 0.0016799713
456.7022 1809.8672 179.92761 201.08635 0.0016771188
261.85623 398.85715 474.3276 357.54465 0.0016714806
237.06076 1979.616 479.13046 48.063988 0.001669758
903.38904 1179.2743 99.6327 614.40985 0.00166653
712.9912 1325.5789 117.76011 162.56136 0.0016663182
827.2482 1327.0343 221.9562 409.10785 0.0016559708
899.85284 1232.4924 90.14907 737.5132 0.0016500595
388.44522 924.56665 277.45364 434.71927 0.001643508
785.6422 1961.2128 312.47372 93.56092 0.0016410204
368.60965 1041.8927 307.38312 737.1578 0.0016385496
608.41907 1103.1545 394.8464 1227.993 0.0016330697
772.8574 1208.1869 123.03775 206.24713 0.0016329149
874.3841 1094.6611 109.62099 414.16153 0.0016308151
852.8958 1873.3347 154.585 218.7025 0.0016255707
669.2959 1950.2446 191.69531 105.29835 0.0016234654
525.7435 49.651676 190.46544 87.71704 0.0016175691
222.0502 1989.6702 447.8482 33.57847 0.0016084826
855.5089 836.77155 186.92589 839.4569 0.0016077115
410.69977 1971.8695 309.00055 61.036232 0.001603325
660.2138 904.6449 257.6781 962.0598 0.0016012951
767.97394 1830.9478 198.40086 210.01071 0.0016005542
285.77167 1952.1866 585.52106 108.624725 0.0015909927
863.5881 1906.7601 141.20966 191.09949 0.0015875561
742.8077 569.29083 158.26634 205.18147 0.00158636
754.9685 1789.5839 313.2772 372.30524 0.0015850827
872.37396 1374.1597 138.67206 260.64536 0.0015815151
892.92236 1521.551 101.91784 501.09763 0.0015780464
591.46686 948.8703 250.62918 386.15134 0.0015776084
454.5429 238.58144 883.0394 435.98297 0.0015709926
325.01233 1150.5503 244.67888 400.08127 0.0015704287
873.31683 1492.7039 152.54527 262.70358 0.0015685643
804.9317 1517.6866 258.67392 722.34174 0.0015647999
902.10974 684.29865 130.31268 764.1174 0.0015623011
852.9532 1899.3617 164.26112 206.81989 0.0015575754
711.3345 1942.0608 247.86266 124.410126 0.0015539386
771.2136 1973.9564 199.03732 64.81906 0.0015497812
854.1442 882.85175 172.53996 318.50336 0.0015481493
663.8002 1771.6268 172.25552 202.41045 0.0015473505
629.4116 1356.9177 392.20248 888.7894 0.0015384782
879.1365 51.887413 128.08041 102.471405 0.0015338302
695.00635 1775.0778 233.72157 241.79297 0.0015325281
572.12476 1811.6947 422.03857 360.07108 0.0015261642
345.2617 1453.0387 514.2169 380.65076 0.0015201755
815.3585 441.8119 237.34427 337.6597 0.0015163501
527.0558 766.67224 142.86938 242.31412 0.0015142111
475.3059 7.8736334 922.3449 15.439222 0.0015121576
752.04205 1081.0784 161.79446 401.53223 0.0015097017
667.4817 44.062866 557.75 87.05569 0.0015058502
703.82983 1792.0211 154.53853 204.26459 0.0015041942
291.4425 1958.0814 599.72424 96.104645 0.0014990396
889.1572 1866.1125 105.59518 272.10617 0.001494231
905.55005 1639.2047 88.95894 287.58698 0.0014920187
820.30554 218.3267 193.12346 242.94511 0.0014907157
400.2661 923.7226 365.58212 371.4215 0.0014905666
805.5518 966.39545 84.9067 142.71457 0.0014894898
884.38007 1837.9258 101.26318 258.3731 0.0014843413
522.7955 1762.0459 402.12018 355.7883 0.00148433
919.9978 1725.263 50.595585 209.73177 0.0014771044
855.51605 296.56818 143.61319 545.6651 0.0014713835
843.34296 1936.9242 170.10594 128.01328 0.0014701419
180.08842 1062.1948 317.21585 1671.7031 0.0014692771
820.45197 1934.3995 211.09988 134.24876 0.0014546571
834.60376 1185.2642 164.90564 637.4316 0.0014507863
263.63495 1956.7979 374.70544 90.7187 0.0014473137
905.29956 1842.3422 123.45495 300.85675 0.0014401843
900.57214 1413.317 83.6907 313.94846 0.001431192
326.5351 1986.7699 698.0169 35.372818 0.0014278601
684.53357 1531.8627 183.08667 229.57903 0.001427835
744.78973 528.62354 332.3342 418.6172 0.0014276977
212.15524 1951.8878 415.11362 105.626915 0.0014202846
836.6593 1935.0732 202.58597 136.04741 0.0014165018
721.94244 1745.9248 206.5027 190.02733 0.0014140853
844.83234 1427.9553 130.83588 199.86119 0.0014086779
855.3005 465.5466 165.85063 345.7807 0.0014026533
582.4237 611.0649 575.9712 845.01294 0.0014022447
641.5668 88.35533 595.25806 175.85268 0.0013998882
840.0413 803.6512 214.39151 772.3452 0.001395709
498.54596 21.29033 895.4408 42.85788 0.0013874082
755.8142 850.82874 304.89685 819.6468 0.0013822227
858.8024 1950.101 162.76318 137.99261 0.0013819371
821.28784 1927.7622 210.05818 181.6205 0.0013714371
874.1064 496.80713 133.28285 315.97885 0.0013680037
872.50604 868.40564 110.81947 275.49884 0.0013661296
665.38293 1979.7314 267.73477 57.41184 0.0013617526
870.1032 1890.2249 127.02145 225.60287 0.0013611919
912.63464 1518.6917 63.974865 381.67654 0.0013598086
760.15497 1926.7295 323.16946 153.6274 0.00135685
809.9226 75.356346 247.86552 151.71666 0.0013555263
898.4777 1352.4766 81.863396 274.51736 0.0013517373
794.56946 1004.7133 251.93764 1055.028 0.0013511986
855.6806 1938.4849 151.6876 127.48102 0.0013504159
885.1059 732.26245 120.507256 294.8535 0.0013494131
895.0729 1245.1827 93.96371 309.2813 0.0013469304
923.0663 1692.5286 84.10079 249.17297 0.0013456771
913.8631 1874.0472 60.717064 262.31528 0.0013404512
752.75745 1482.7256 140.68367 270.30768 0.0013231895
887.32965 702.50806 105.618996 297.7691 0.0013188946
716.31805 1955.3616 246.21729 104.454 0.0013123463
889.5078 753.3383 128.11057 258.7132 0.0013102556
754.9758 1404.8713 142.15398 288.9491 0.0013098557
179.54466 1006.98785 376.9305 1854.5576 0.0013065353
817.81134 1966.192 214.0234 134.58847 0.0012985719
386.57617 1386.0044 344.13135 605.1757 0.0012977466
911.51685 1923.42 50.885273 157.45782 0.0012900991
901.2779 1047.1008 98.0705 843.9152 0.0012838299
820.97046 1952.9553 210.16031 150.61568 0.0012816894
715.37805 1977.3973 180.50316 86.556656 0.0012764928
903.355 1305.5851 97.14455 476.06314 0.0012753037
477.4756 38.003735 851.4433 75.671974 0.0012695211
910.22595 1936.482 58.573093 135.05713 0.0012673844
724.0474 1487.6979 174.83957 279.92023 0.0012621797
913.87885 1179.4689 64.65752 1646.8568 0.0012618761
813.93195 1074.041 224.14204 1014.27527 0.0012613505
907.5533 1908.6913 68.24813 192.51462 0.0012595442
387.7485 335.89197 765.912 623.1255 0.0012577131
903.1948 241.44298 78.2291 463.62604 0.0012555849
794.6175 810.111 104.60575 176.94856 0.0012551252
388.33936 1994.4812 313.93298 30.897385 0.0012481036
689.8837 802.0729 412.0882 1014.66656 0.0012406973
794.0715 1349.1891 215.80971 518.201 0.0012373333
904.5442 1300.2046 78.45563 279.67697 0.00123363
660.312 1036.4696 424.0891 383.67145 0.0012333803
652.8654 1282.4058 204.43147 327.75952 0.0012210621
892.70654 567.978 93.957466 355.40033 0.0012204825
503.28757 1120.9934 753.57996 651.40436 0.0012160937
898.3101 1940.4031 71.51599 127.580894 0.0012152398
909.7988 247.73654 63.033707 416.89093 0.0012105925
857.4958 1946.8544 153.94565 151.90721 0.0012097757
894.8343 1150.0625 113.795815 345.19174 0.0012026769
905.28644 1182.6881 89.77266 275.78522 0.0011949218
583.2347 1627.4734 459.68234 405.49588 0.0011885586
887.5025 727.2141 118.999214 260.04678 0.0011867548
922.9682 1934.0045 107.18382 190.13052 0.001181202
895.59564 962.94464 80.633575 135.20813 0.0011598964
915.01013 1195.1156 61.63358 363.9878 0.0011491434
923.2707 1876.9537 36.996223 255.45233 0.0011482413
877.4698 1980.327 115.81684 121.3668 0.0011455019
877.98944 1950.3695 114.651054 117.1952 0.0011388573
920.8791 1947.8993 71.29209 113.804306 0.0011374599
287.24518 966.01294 273.70203 679.22473 0.0011327335
817.3827 1267.4108 105.56888 203.78786 0.0011260224
919.5602 1368.5101 50.50481 277.62085 0.0011242443
577.6926 1797.9585 491.56668 366.4644 0.0011234168
920.5141 1199.6316 51.860245 1498.858 0.0011153808
881.7443 1171.0785 105.86279 225.94127 0.0011114421
841.989 974.16266 134.04955 135.14862 0.0011046281
632.6807 973.5832 311.60742 835.99524 0.0010963514
231.56358 40.187687 414.81793 68.24487 0.0010663911
410.56583 1220.9243 151.06451 320.3497 0.0010644185
389.0557 666.6696 709.62445 672.5691 0.0010579919
917.5125 1153.6981 57.86542 271.25 0.0010511802
855.0914 1991.2549 153.10855 23.429049 0.0010477933
132.48969 75.50764 252.74396 119.56674 0.0010386434
211.54327 124.163284 405.0667 196.3685 0.0010287719
376.35074 703.82306 400.0547 525.0654 0.0010259447
323.22348 1345.4562 373.85742 745.7744 0.0010178278
303.44818 1023.6201 312.89148 506.6555 0.0010168924
917.88574 1955.0547 60.09116 104.533264 0.0010134643
911.38275 1971.6865 58.60479 68.434906 0.0010069511
150.14168 1097.0719 271.00708 1510.8196 0.0010034187
469.32513 187.5494 931.0784 348.044 0.0010008113
430.50278 422.88235 802.71295 692.75995 0.000980899
905.0847 1183.655 100.71237 291.31638 0.0009806196
911.9117 1067.9757 70.777504 235.13129 0.0009789594
273.69864 1057.5248 227.50305 767.87354 0.000977053
235.98851 243.1639 480.5353 430.2165 0.0009761219
908.21796 1100.9944 74.18025 720.81647 0.00096654665
927.53925 1325.6675 36.247482 278.21466 0.0009604133
330.83374 1023.74176 268.3381 577.54755 0.0009592126
927.84576 1504.2793 38.36107 330.47308 0.0009573983
722.634 1995.073 236.30635 60.81396 0.00095233833
382.24924 447.30997 699.3334 496.0801 0.00094805926
424.33282 900.9304 731.41724 1165.1595 0.0009473871
896.0755 1969.7615 74.35236 115.797035 0.0009407207
438.13116 823.72217 477.22668 885.4377 0.0009323602
924.6438 1945.6891 62.105556 140.14598 0.00092420506
937.1511 1836.8857 15.812314 326.83206 0.00092380535
500.81903 1633.4388 355.40823 486.0856 0.00089757703
769.7513 959.0887 126.371346 171.98698 0.0008893522
185.49084 850.94867 316.27032 1176.2122 0.00088260253
923.91254 1950.6819 35.315594 159.89719 0.0008781344
415.84274 290.17932 832.61786 533.68964 0.00087411486
938.12714 1931.8882 13.679086 144.83241 0.0008264332
433.60526 337.2448 870.4878 598.1638 0.00081898144
736.3529 1161.1284 284.6405 567.28235 0.0008172313
493.96994 892.5007 290.09055 351.1482 0.00080913655
100.31342 1147.7809 152.20355 1312.382 0.0008077545
375.62692 1014.48285 214.53558 514.2735 0.00080513716
439.92966 221.48872 860.48505 481.2807 0.0008040952
385.75122 1470.451 280.23148 282.57208 0.0007843232
287.5334 874.24963 455.1101 1106.147 0.0007686727
181.06561 496.19562 394.16043 619.7852 0.00074117555
647.7204 1802.8455 734.07117 277.3338 0.0007330686
399.0749 519.8638 797.99225 538.1306 0.0007320724
598.44324 1020.3799 275.18106 639.2018 0.000707586
758.4928 1068.7222 270.821 358.5547 0.00069386826
413.23813 841.2567 741.1474 981.4453 0.000688491
740.92163 1736.2072 437.39832 516.2581 0.00068487984
224.97188 723.09985 270.45398 373.77682 0.0006830475
942.095 1914.831 6.576792 172.94926 0.00067711744
199.44203 889.8356 345.82343 758.8193 0.000655092
920.90137 1978.7437 118.51996 98.44203 0.0006476717
453.16763 669.33734 344.45135 447.76562 0.00063311454
335.3943 1086.8289 233.98912 677.9072 0.0006247402
480.63702 1299.0624 737.60126 392.38382 0.0006207053
743.90564 606.73364 376.41266 522.6007 0.0006128875
508.4934 1479.6775 515.897 538.01935 0.0005926871
460.0198 169.57562 886.9158 306.76498 0.000559731
652.1446 957.4704 494.6898 845.184 0.0005588298
527.9102 1528.8317 382.19366 574.174 0.0005295509
331.31256 940.5385 271.28064 499.91003 0.0005207604
381.66473 284.59625 803.30005 580.6002 0.0005153322
943.4265 1516.41 32.742996 109.249916 0.00048662216
553.84454 1294.3353 485.03818 643.6768 0.00048370496
613.45325 667.1817 324.18686 449.39523 0.00047142373
687.20605 1255.9806 392.55014 597.43195 0.00047024718
884.0731 2002.7183 168.98662 21.71311 0.0004664771
398.68777 1302.5339 808.71313 403.2614 0.0004633417
429.55176 604.4655 712.8941 493.0887 0.00045532634
430.83862 157.23523 788.3839 584.74176 0.00044349572
568.25464 1471.802 374.6099 319.17596 0.00038173125
