526.0414 1369.8427 947.63794 2722.4915 0.83929825
555.33997 1427.7688 851.56104 1768.1661 0.08776559
569.30383 1443.318 816.01465 1669.3328 0.07050758
525.54706 2168.6877 944.04517 1186.2185 0.048219226
554.22925 1244.6523 785.816 1811.3259 0.047936272
568.3588 1391.2954 760.9548 1535.8776 0.043819007
806.34753 227.67754 390.22693 453.1066 0.04276522
811.9618 301.14627 171.54019 168.799 0.03794871
530.42194 2031.1656 931.5251 944.3546 0.03773319
107.5686 1683.4573 130.64124 213.74841 0.035119083
557.7842 1265.157 792.81946 1317.9463 0.034490235
487.70572 1238.6807 639.3092 1208.1812 0.032469105
586.29004 1124.1062 711.18365 1845.8633 0.030608073
548.23224 944.42883 867.066 1797.7998 0.029223148
570.57324 1579.4618 795.27057 1385.4756 0.028860234
526.3966 1371.9265 944.928 2741.3364 0.028036729
567.8491 983.0166 782.41785 1580.3267 0.027533589
534.36487 1150.4996 919.5399 2263.24 0.026832525
558.6049 1937.476 856.6741 761.8275 0.026093
566.9063 1648.7883 819.5766 1303.9738 0.026080433
555.85065 1940.6969 869.1576 872.9688 0.025531583
611.07477 1069.0461 738.5156 1997.3508 0.024683032
551.7837 1965.9618 880.7719 905.8752 0.024295853
537.9562 1825.7942 909.5306 1328.0961 0.02403571
862.3853 226.59837 277.5741 450.15683 0.023393383
489.86694 1172.4855 574.20654 963.624 0.023360113
654.14667 475.81323 689.4097 945.5185 0.022931993
559.41644 1731.4592 857.67737 1253.6823 0.022168424
531.68695 1922.2214 928.0422 1218.4736 0.022106614
557.6375 880.0397 847.43427 1687.3354 0.020965146
535.77484 1728.4331 907.42883 1495.8527 0.020885538
634.77094 934.0005 715.0798 1801.5115 0.02067086
654.82214 377.05606 687.92377 754.82526 0.020601202
861.80725 226.47734 276.91248 450.25366 0.020261718
656.76825 317.64362 682.85803 633.6107 0.02018679
648.9092 744.755 698.1439 1458.5795 0.0199823
92.439095 1683.7 92.92729 202.94327 0.019655628
471.26776 1167.6589 692.946 1510.4154 0.018244542
653.75385 577.7582 690.7346 1145.3319 0.018045422
509.9922 1247.3031 707.2022 1341.6129 0.017328134
775.2853 197.35696 312.3426 383.58762 0.017070133
562.012 1892.2908 857.6717 986.0471 0.016834777
546.877 826.8733 875.9449 1567.4985 0.016540218
481.5271 1048.5978 700.88715 1659.3484 0.016412875
857.42096 327.70718 267.38623 247.1274 0.015854413
653.99347 1184.3167 681.09406 2294.0642 0.01552681
461.8873 1143.1791 639.7485 1495.5452 0.015488088
957.1523 2594.8667 87.910805 347.8336 0.015260857
576.32733 1188.2308 741.13715 1050.543 0.015166875
637.6663 1457.9515 662.49835 1505.237 0.014961731
528.6384 1758.0795 929.1732 1884.2467 0.0148793245
582.70953 751.8693 814.95166 1470.4142 0.014460446
523.8144 2018.7987 949.1429 1518.4656 0.014060129
919.47015 190.15791 163.1459 375.4217 0.014023121
553.2394 984.24817 786.7958 1318.4729 0.013993575
514.4065 1129.7896 491.62305 768.2601 0.0138520235
600.3254 1257.476 635.95386 1070.4152 0.013729376
658.83044 236.0568 680.4102 468.95178 0.013561059
500.69528 1343.1687 642.806 1510.5392 0.013511058
648.42206 222.71365 562.5815 439.92105 0.012733129
630.3279 1573.0662 635.62286 1157.3817 0.012439756
477.6837 354.4289 333.3498 594.2231 0.012401806
589.0598 1316.4899 682.2319 1046.9943 0.012287382
800.5675 333.70346 397.49155 663.3615 0.012115375
484.78543 1087.9673 495.0693 701.2428 0.012014509
497.46155 1429.8916 559.35 1422.4336 0.011963093
609.54834 1819.9049 730.0533 923.0333 0.011670626
530.8404 1613.9211 917.5817 2171.0298 0.011494456
574.9997 690.8012 833.64594 1364.952 0.011221962
633.26935 1651.0182 672.81775 1269.6614 0.010846161
619.1325 2003.1882 698.0362 536.7579 0.0108104395
414.0364 1175.1035 678.52747 1792.214 0.010739832
322.84326 925.2509 530.7135 1743.8451 0.010727766
789.0334 198.3355 243.60243 366.44846 0.010713541
514.75 1073.0222 418.09216 624.37885 0.0106646735
540.0229 1637.4373 888.3244 1741.8864 0.010663869
470.10406 1036.3567 536.47864 826.3073 0.010552362
713.35614 342.42273 538.891 648.6633 0.010548567
623.62775 2100.4377 725.32965 756.7079 0.010383977
920.1452 222.8891 162.26927 444.01404 0.01036964
254.6851 1182.4607 372.678 1208.4436 0.010267565
605.93115 2004.2833 616.8481 495.19235 0.01021804
392.08566 1198.6432 575.40515 1254.088 0.010132946
445.72632 1391.9757 600.15753 1548.5375 0.010015097
446.69708 1351.8986 686.7877 1693.8364 0.009824455
589.12646 1227.7527 459.61826 997.5803 0.009548254
590.9337 2141.0596 786.39795 682.8442 0.009542561
636.1191 1198.0432 596.5005 929.72 0.009341304
262.1242 1039.1237 416.18433 1505.722 0.009231373
316.79443 1168.1787 495.2832 1275.0405 0.009226184
693.65344 298.22235 593.9269 597.0805 0.009199521
570.7359 608.982 845.1793 1205.581 0.0091415355
506.3225 1207.7733 661.7249 1947.4962 0.00906928
347.82132 999.14136 591.2536 1661.7451 0.00898213
620.8439 2154.9128 720.1663 723.0407 0.008979431
702.775 262.0609 482.04422 491.70892 0.008909695
459.93472 719.10547 376.61667 437.32092 0.008860051
773.81244 113.827805 312.74048 225.43796 0.008830094
549.4193 1993.8887 746.37933 599.3984 0.008742879
570.12054 1094.3854 770.6315 863.65204 0.008695064
654.32526 1788.9792 645.28955 941.5051 0.008639145
585.49963 474.5343 815.13354 939.97644 0.008613956
528.8749 1237.8995 939.2198 2459.3142 0.008600199
588.4952 1188.4363 754.1534 1072.2341 0.008599264
451.32373 990.77563 695.79 1703.0089 0.008584658
641.48083 1244.398 469.49323 916.8158 0.00858437
462.0018 910.11127 566.5622 1540.6895 0.008548638
601.2799 1739.8398 691.2536 756.3063 0.008512092
523.99176 1913.0156 947.15875 1754.7988 0.008456011
529.6432 1736.1847 927.0875 2060.0154 0.008417196
447.07648 712.1216 312.22794 348.9389 0.00836145
518.0874 1388.8213 643.2615 976.21106 0.00831042
583.65405 2010.5444 674.6711 479.97452 0.008243712
419.33762 1333.3986 679.686 1558.5732 0.008155331
716.9078 199.51634 487.96066 393.5872 0.008155072
396.0925 1114.4755 678.3089 2104.9165 0.008152114
695.27216 1892.1562 568.3917 698.3143 0.0081456015
568.6745 2243.5823 837.22906 985.00836 0.008097284
678.4089 474.5042 467.94104 667.6732 0.008095587
482.25824 470.45157 369.49295 814.5546 0.008094105
363.21783 675.33575 194.63544 291.83768 0.008086919
224.03358 1156.9501 343.66403 1254.167 0.008069248
568.5499 167.72592 162.80196 210.92424 0.008038658
470.63 936.73425 584.18884 950.85516 0.00802048
582.16315 362.06662 312.93488 514.3822 0.007989677
593.7538 1075.5516 359.60974 656.1609 0.0079692975
361.49533 647.7559 139.3477 226.32619 0.007930585
607.9707 213.45245 266.89395 347.4926 0.007881847
758.77637 1951.0746 360.44305 470.7337 0.007869414
551.30133 2360.499 871.90063 824.9941 0.007865316
510.989 1321.6168 561.9796 713.75836 0.007821467
233.17233 935.6287 373.14282 1741.6483 0.007801448
692.80457 310.52203 593.1351 622.8765 0.007796665
541.94 692.86646 537.775 1227.2872 0.007787774
163.9176 1667.0897 235.1582 285.41037 0.007757122
865.6996 1316.2593 148.0298 169.86086 0.0077020656
452.13718 886.30597 568.9052 1217.689 0.007681132
578.1696 163.94211 284.00058 312.02734 0.0076701813
654.3294 2156.2485 655.95386 738.5914 0.0076695825
713.1311 1865.1617 543.05804 818.03784 0.0076482114
621.51337 875.8404 715.4081 1111.5103 0.007577008
649.9598 1581.1975 572.93524 789.08923 0.0075742514
527.61084 816.7911 255.05836 242.08989 0.007543681
450.02042 505.41898 428.64105 902.97003 0.0075063277
717.9758 396.7448 424.4572 643.2261 0.0074581685
194.72867 1182.3425 291.3869 1210.2332 0.0074536134
722.62665 2108.8645 430.845 303.88345 0.007327106
735.25507 2127.2788 333.1192 239.50739 0.0073151183
525.78516 1422.6761 472.80426 1307.9288 0.0073042577
545.0877 1132.0381 870.6929 1112.0732 0.007279795
631.53766 2234.27 659.04706 648.7299 0.007271254
578.20624 511.65698 831.5471 1015.86053 0.0072625475
415.1193 1053.6702 495.7053 1049.83 0.0072415173
355.33957 934.6531 605.61707 1784.0302 0.007240355
330.09985 1110.0358 300.70187 810.8214 0.0072095525
586.0947 477.9 413.50696 778.7515 0.0071814326
475.33884 2013.682 786.6574 852.8162 0.007103101
784.5142 622.22174 383.04272 570.3664 0.007076076
386.17426 702.0833 312.56955 417.18146 0.0070272638
579.0297 448.41016 163.38516 331.80408 0.006966645
705.72955 2235.7551 555.89825 508.2902 0.006953607
803.00464 463.54877 392.6092 928.797 0.006952264
560.5227 1700.0608 782.2756 659.07996 0.0069140326
792.09973 1889.7693 400.57825 698.3635 0.006821189
900.609 2582.2026 198.89474 395.8065 0.0067943227
263.86484 940.2428 426.2777 1717.2416 0.006782581
547.4991 1187.9092 364.9308 668.03534 0.0067736795
397.7168 557.54956 342.19794 606.58307 0.0067735515
390.0552 1087.0743 377.57904 734.286 0.0066889846
290.45093 1643.4362 311.7088 407.421 0.006651936
598.40076 442.48218 562.8244 866.8915 0.006622281
609.33215 1452.5386 443.44333 804.94305 0.0066151107
926.1168 2100.9856 144.79716 345.7548 0.0065353937
441.98926 1246.2201 700.55835 2159.9233 0.0065298947
208.04234 903.98535 330.21158 1771.0468 0.006523065
679.88574 1903.367 593.5661 678.3564 0.006517545
729.50256 811.5172 525.2942 1237.4784 0.0065119313
768.99805 352.437 445.66095 701.2581 0.006511363
537.9107 1772.9067 701.37427 914.47845 0.006499166
751.31726 616.86914 391.65585 567.99097 0.0064782905
631.26715 2315.1938 688.34106 706.1504 0.006463324
456.09332 981.8145 304.3534 445.40024 0.00645276
663.1995 1548.9382 262.22568 234.92464 0.0064181364
488.06223 474.7365 382.92535 822.76373 0.00641293
599.11163 869.83655 754.8082 807.558 0.0063757026
484.06555 395.66003 283.1076 487.0002 0.0063580223
629.81836 2386.579 701.4972 752.32825 0.006347412
521.3315 419.10547 215.51358 387.4972 0.00631795
202.84924 1745.0436 313.17145 375.38177 0.0063022263
723.4473 1825.8206 233.13518 315.5824 0.0062943087
663.6933 1556.1611 332.20102 316.99292 0.0062629306
668.2543 394.89456 302.60507 410.4637 0.0062596523
209.79095 1728.1608 325.0091 352.45135 0.0062439484
823.0123 1809.8588 321.48953 444.30673 0.006234307
463.88568 773.85284 457.61435 670.95764 0.006225182
838.51654 2544.5276 320.52518 477.61996 0.006145264
342.90393 1969.9568 566.8362 774.9987 0.006119184
552.8756 1596.7443 470.91608 999.1445 0.006100467
307.51685 1482.7526 381.71182 717.5835 0.006084511
550.68854 587.0452 875.7426 1177.2671 0.0060704206
566.1669 2001.9624 500.80173 429.09506 0.006006206
438.78967 726.168 464.8978 545.5287 0.005941337
804.894 518.8824 390.63156 1045.3351 0.005935102
769.1194 2072.5764 452.0561 726.0 0.005914713
828.63763 603.0517 292.33954 438.539 0.005898471
529.02966 157.5986 334.89084 311.76944 0.0058631254
724.3257 2022.0605 536.2278 908.7323 0.0058612996
353.69983 1088.4247 225.33745 450.10596 0.005859111
778.7712 469.15814 436.02112 929.498 0.0058448464
418.08572 768.398 508.38922 1380.4271 0.005833312
639.84375 1476.1511 569.4259 674.0437 0.005815357
665.84973 2309.734 611.93536 455.2414 0.0058069983
742.6185 1792.8103 156.513 220.37741 0.0057880697
508.95438 1224.5476 88.21563 126.2701 0.0057853265
142.03287 911.3611 265.3288 1787.3511 0.0057699764
688.8425 2129.8496 606.2928 1151.0911 0.0057636886
726.86285 1901.8634 534.6697 1171.929 0.0056955204
792.03784 1914.4366 188.4106 225.06116 0.005688555
499.07657 2603.8198 977.45215 464.83707 0.005672812
203.56244 2245.6829 373.35162 1169.028 0.005667798
802.8775 2337.1516 376.99557 283.84473 0.005639114
667.27405 770.86115 626.6826 781.0692 0.0056348746
721.4604 1596.018 402.23273 486.04025 0.005628055
663.10046 340.86508 409.75775 534.2977 0.005624024
224.37625 1655.0969 184.72388 259.30252 0.005617388
544.0826 178.32289 231.33403 297.25952 0.0056094434
794.72675 603.79706 405.24588 1150.4974 0.0056043784
596.3083 191.34322 148.88768 215.65218 0.005603207
377.9254 1459.1774 544.45935 1867.0326 0.0055837897
729.71704 2050.179 519.76697 786.5184 0.005536435
604.5668 1844.5192 457.21985 640.5975 0.005528738
772.8139 1134.9352 459.76575 2220.7068 0.0055169393
712.96747 1842.7863 553.87384 1161.1179 0.0055104992
815.6984 219.63083 223.44675 318.57965 0.0054983515
442.68585 455.01736 456.07983 885.2181 0.0054595517
666.8042 2222.7952 656.193 1096.6005 0.005447908
351.88373 1906.3723 571.59174 655.8188 0.005430661
689.92474 1737.549 360.98462 514.3639 0.0054291366
830.446 927.31445 316.12173 423.43768 0.0054270695
510.32138 536.59265 307.44467 609.4286 0.005399297
496.2612 310.32907 387.51523 609.72577 0.005387076
761.1529 1581.5907 478.90268 1380.0907 0.005385541
472.46317 1373.1246 630.5181 945.6938 0.0053701303
733.24915 1824.8875 519.85626 1205.5349 0.005356333
626.47015 2407.4114 696.2661 682.42676 0.0053516077
287.4556 1852.1461 465.95544 568.8312 0.005345773
720.63904 2322.5571 546.0745 831.84607 0.0053435653
476.2206 1112.0984 222.23204 337.89392 0.005339461
794.813 778.1389 383.06497 654.15875 0.0053287316
586.2169 1122.2483 293.4727 451.72577 0.005286943
412.49368 722.0366 530.0632 1202.6744 0.0052540344
606.2091 403.61157 778.1953 803.4542 0.005249249
743.668 606.1256 211.73906 352.85297 0.0052430974
754.1062 2329.0474 477.33432 741.82306 0.005237356
724.49805 2169.7095 545.15344 1110.4185 0.005231429
215.74673 1169.0422 296.9872 1073.9263 0.005220779
860.98694 2345.3857 262.9385 246.00555 0.0052087107
291.7595 1013.1149 493.80234 1585.059 0.0052034035
342.41455 954.634 236.5903 433.32172 0.005150152
855.43256 513.0319 284.14932 627.9012 0.0051233596
927.66077 2188.7869 146.10727 525.6665 0.0051053613
738.1108 1805.072 507.43002 1173.4426 0.0050834385
691.12616 1897.6438 594.3903 1282.5726 0.005067366
450.0324 381.2907 399.76346 756.665 0.005056883
148.94043 1498.3252 206.38608 592.90326 0.0050430642
755.4364 949.98865 485.06165 1797.0216 0.005036568
714.67914 2472.5215 553.13116 660.92206 0.005013052
662.8868 317.08698 272.9978 343.4378 0.0049982085
656.68365 1599.0148 378.39737 442.5599 0.0049959705
926.4566 2056.7205 130.36694 253.84033 0.0049831467
251.50873 1672.2379 396.2848 407.8812 0.0049830405
804.59973 2455.0122 381.705 524.5017 0.0049778745
854.9566 1952.9817 276.8792 578.3453 0.0049773008
814.6182 895.6033 371.18256 1778.879 0.0049694595
434.39258 537.12463 528.2808 1056.4924 0.004933285
521.70874 2005.6908 359.2015 348.6131 0.0049236435
780.203 867.428 430.8783 1393.3724 0.0049166325
494.84952 1266.408 157.30476 238.45337 0.004910578
791.58154 1801.7479 401.3959 911.298 0.00491045
624.43097 951.7124 714.50745 1817.9675 0.0049008736
708.6789 158.85663 447.07965 313.50284 0.0048959996
745.70807 1431.7354 321.43723 396.9078 0.004889434
572.21716 1454.4612 488.18036 659.2952 0.004887641
869.52606 2093.0322 212.34041 297.64148 0.0048736576
469.28625 939.2361 437.78583 1054.9358 0.0048509357
476.5495 2019.9177 289.7021 353.13953 0.004843653
535.9382 1951.4625 251.75443 259.07327 0.0048435363
475.35522 1891.1906 660.87744 1283.3202 0.00481831
814.23816 2225.2917 364.48254 554.6514 0.0048154164
559.8321 1318.4663 326.1255 391.04196 0.00481437
290.5753 1933.9728 475.0243 702.64557 0.0048094993
840.8301 992.47906 305.2647 627.61316 0.0047730883
618.3386 480.03998 765.51587 959.7659 0.0047725127
766.1763 2580.0237 454.5177 486.95245 0.00475822
854.7448 458.80658 276.92404 509.61386 0.0047494965
569.37244 1710.1632 468.87738 635.06885 0.004745184
780.7978 86.210434 312.1099 170.20457 0.0047430545
500.0246 1253.2208 250.39545 310.8818 0.004727732
801.187 1395.0247 249.35896 342.196 0.0047241296
840.81836 2176.552 313.84985 512.8897 0.0047158734
562.35205 1382.2507 513.18243 932.64246 0.004707807
594.1506 1687.8729 555.8124 476.82797 0.0047062924
184.94815 1929.8619 318.13046 707.48724 0.0046977056
506.90204 1938.6002 399.40195 595.2385 0.004684503
818.18353 1263.3309 371.20413 2526.3022 0.0046804207
813.7779 2346.071 371.9263 799.081 0.0046758223
748.93805 2219.5469 495.67648 1039.6154 0.004668301
543.6706 1574.501 719.286 808.032 0.0046645645
434.0966 643.70013 590.3655 1269.1165 0.004662814
669.38477 2403.0137 592.6149 491.25317 0.0046586706
513.8086 1736.9398 667.6017 950.7136 0.0046581537
878.6436 2418.7385 242.91228 687.63885 0.004649468
750.8754 1464.4045 455.18448 968.93463 0.004644129
755.00684 754.7783 476.15085 1062.5071 0.0046385536
459.43015 369.07053 194.73846 336.30566 0.0046124784
577.542 764.2577 798.8252 790.8366 0.004612056
673.3221 2422.8264 496.93234 760.52496 0.0046075773
387.3378 1828.5486 625.4712 827.46606 0.004597474
442.12354 2026.354 602.75543 622.96936 0.004594123
456.76178 858.7765 537.24005 672.6784 0.0045753713
513.60583 1299.1335 267.02524 342.34848 0.004568429
693.03467 1240.0383 167.5481 285.78842 0.00455898
356.44946 1014.2848 175.57245 337.40656 0.004548762
703.72534 1875.8162 271.6663 577.5658 0.0045150896
758.5298 2137.8042 484.63647 1171.6595 0.004507064
141.81505 2386.768 266.65305 897.2118 0.0044841063
616.9658 2272.0745 629.42816 482.0225 0.004462714
416.3787 1941.7477 375.43326 417.7006 0.004450589
276.3665 820.1816 424.61945 1479.9818 0.0044479426
786.9612 411.25656 421.4093 820.5078 0.004441393
729.70166 1978.6462 448.08133 758.3457 0.0044382485
281.07312 963.3513 233.92206 621.8333 0.004432858
536.6 178.80133 428.8025 355.9523 0.0044273394
439.21506 899.1656 419.936 731.5003 0.00441599
571.8432 1191.7349 281.94974 421.46542 0.004405242
395.57233 1958.3821 212.36356 292.7709 0.004404763
513.8266 580.416 443.43066 1055.3905 0.004399835
799.6534 2537.5422 363.05807 390.80106 0.0043776766
554.5117 421.9918 870.9637 840.5952 0.004371382
578.2594 2130.9055 405.15198 422.91937 0.004356922
858.9501 1452.4631 248.809 457.16418 0.0043554185
801.025 2016.8094 395.62537 935.3908 0.004344564
727.67786 1591.4601 456.6847 691.9536 0.004334458
644.97473 381.8291 196.8438 327.524 0.004324204
924.3581 224.1076 152.64514 444.4786 0.0043186434
803.80164 1559.811 389.38446 1411.6788 0.0043150443
361.6281 1597.3453 325.91064 479.04788 0.0043051853
841.0946 2331.6921 302.82883 270.73358 0.004282924
648.6111 994.7798 183.56175 337.4589 0.004269943
437.3143 407.0196 370.87582 743.3232 0.004258516
702.14856 2292.7488 624.4125 914.3274 0.004255864
723.25446 1620.4998 490.24496 1460.487 0.004247922
318.92163 1394.0267 528.66235 1827.5879 0.0042454274
572.729 1932.6603 182.12294 239.98708 0.0042439965
414.25647 2139.5042 713.92957 1107.272 0.0042412006
604.268 122.830025 355.3894 238.56422 0.004236823
795.83795 1614.7949 386.71298 749.8424 0.0042232554
535.7995 2628.0825 890.71344 423.37177 0.0042185555
425.3454 1638.9257 478.20438 1181.134 0.0042141587
364.04706 905.4368 633.75366 1764.9806 0.0042029982
432.71152 1873.0223 707.1406 851.02655 0.004190072
721.4096 2568.9219 549.25476 521.6004 0.004186931
553.4517 1569.644 459.86798 539.33813 0.0041823015
528.9613 707.27295 925.03876 1417.7623 0.004179941
703.819 1666.6356 412.27563 1175.8997 0.0041798716
579.6938 880.97095 306.05603 381.77625 0.004161432
725.7629 2280.0723 351.7197 409.644 0.00415792
743.4945 2115.726 311.04013 322.13095 0.004155719
205.06386 1115.042 287.16653 1146.6185 0.0041509126
480.984 1053.85 301.64648 627.5146 0.0041342312
559.95337 2180.8994 326.61496 401.38696 0.004117276
459.47546 1880.0859 629.0711 611.08026 0.004108265
877.8677 2393.8765 247.94662 732.58746 0.0041004275
611.57837 2178.4573 206.67593 224.076 0.004094847
833.5324 1438.3722 162.71451 241.88928 0.004084604
930.1126 2345.539 144.59276 820.45233 0.0040788255
658.93195 1665.7423 229.55876 344.4815 0.004065457
335.6214 1555.9368 524.4718 1666.1696 0.0040559075
692.6961 2420.9663 323.48038 386.2876 0.0040393416
876.3849 1736.5809 226.70378 374.92624 0.004033468
892.5467 1426.593 209.76123 416.44763 0.0040249717
370.87067 1523.4083 218.73354 319.92944 0.004022432
428.20267 672.8799 180.44322 201.91196 0.004020454
579.97723 444.13907 109.13015 238.52074 0.004015576
473.17966 1590.1136 349.50314 1492.602 0.004011381
237.90538 2359.9163 449.4966 945.15106 0.003990648
806.5399 2122.1938 245.01863 295.7685 0.0039849435
857.3079 727.95734 288.8058 1463.7513 0.003975686
702.44415 238.63147 301.12677 446.198 0.0039687227
812.9489 2339.9194 373.56284 811.8626 0.0039641713
485.8146 1519.1675 373.34625 715.6554 0.0039616153
343.06622 1336.8031 553.84564 2487.713 0.0039551854
755.59485 1695.273 474.87045 1430.3202 0.00394865
383.72705 1433.8217 556.895 1528.5786 0.003933783
711.66846 2420.527 255.95828 314.27765 0.003932029
817.3399 2545.6355 495.7169 793.4772 0.003926298
807.38306 656.0827 301.07648 408.90216 0.003925142
487.13 1569.3197 668.5011 612.5075 0.0039060013
740.44806 2344.9536 216.54172 211.34914 0.0039028025
613.1608 1542.7485 451.91473 484.46307 0.0038997685
454.1293 110.89339 230.93001 216.3526 0.0038900399
716.1449 1792.2958 538.123 1637.6663 0.003888379
670.5866 1395.7085 408.85986 536.8325 0.0038792256
915.28455 2550.3132 144.16425 331.601 0.003847965
544.8843 1692.5577 304.5474 336.7529 0.0038439953
303.02512 1344.6412 196.63504 284.65125 0.0038375168
474.48575 1757.3501 543.5115 1096.512 0.0038335158
604.5057 1979.4364 191.46637 224.06168 0.0038135103
861.8288 1741.7299 274.1728 1041.979 0.0038114549
547.2078 1073.7582 408.4201 1342.0083 0.0038104735
733.7266 618.89514 222.22473 329.74094 0.0037888072
834.96484 971.6596 318.63864 496.8492 0.003781435
913.34863 2594.9863 176.6068 410.71445 0.0037770995
334.8804 1550.3268 376.19016 602.6272 0.0037739
752.33954 1133.1375 280.26816 424.91687 0.0037635684
864.7403 622.49713 250.40662 448.39355 0.0037558991
450.8606 1695.4 194.74593 273.49347 0.0037480334
721.9802 2081.0793 214.84967 274.31564 0.0037182556
788.7348 2499.9978 403.47632 506.86804 0.0037126406
722.9299 1321.7864 519.124 1059.9474 0.0037109496
639.98395 1832.7218 244.69933 385.91797 0.0037088082
248.26765 867.3779 179.40178 508.30103 0.0037058105
305.78995 1165.4498 513.5314 1270.1359 0.0037040876
233.4473 1704.2598 203.42943 235.90378 0.0037009001
679.7218 1735.6812 238.51108 406.08377 0.0036988491
633.8681 1009.6426 193.99828 326.03458 0.0036976035
499.66046 1493.3785 507.31494 1115.3737 0.003693413
633.39014 178.60008 229.36754 344.1603 0.0036924635
542.6192 863.8101 233.9567 275.25128 0.0036921515
700.9118 118.151566 568.41016 232.90417 0.0036886118
685.66626 729.79144 200.56392 296.89835 0.0036775565
364.77695 1795.1866 419.26544 828.1692 0.0036760734
659.6379 2290.142 711.2201 386.78812 0.0036520895
875.12036 1866.9966 248.05777 782.4571 0.003649817
218.5529 2675.1868 305.44376 312.3763 0.0036495724
420.27512 1650.5264 549.24805 446.31195 0.0036412855
868.77515 1136.5063 268.33072 2286.5464 0.003630344
510.32703 1864.8564 349.1954 947.8565 0.0036283212
516.4416 1540.3608 510.38177 588.1869 0.0036257177
552.7174 1160.6617 373.39047 1061.4645 0.0036177402
544.2341 401.0684 918.9229 807.3084 0.0036050056
704.3028 1836.824 507.03552 885.3187 0.003603762
541.1274 456.32236 170.81236 311.55643 0.0036024356
598.935 1569.3787 476.20746 481.85416 0.003592708
559.69147 1819.9221 345.8829 477.8705 0.0035871016
809.614 1866.7826 193.63821 241.22665 0.0035835018
204.52818 2513.1543 391.0541 635.7818 0.0035801274
887.53503 2204.1294 230.40225 1094.7627 0.0035751963
389.0698 117.37722 168.26694 228.92616 0.0035446584
548.74835 2327.3826 168.43361 257.3017 0.003542549
601.92816 2343.421 179.65306 229.63216 0.0035415913
617.34985 2277.6611 182.84966 215.74565 0.0035380793
668.5982 1792.7893 207.27504 302.07275 0.0035348043
774.16754 2313.198 307.24707 254.17386 0.0035103187
423.07257 1443.5612 304.7224 496.29376 0.0035048123
683.51385 752.9836 202.91298 311.65115 0.003503818
453.43826 2086.678 294.71112 408.6435 0.003501937
320.40323 1658.6044 338.78482 359.0708 0.0034866352
763.5992 2305.918 452.7427 748.7519 0.0034827904
758.26044 1532.4487 462.90308 1540.7255 0.0034822559
148.76389 559.4169 286.5584 1112.2532 0.003466005
504.29028 2038.9658 248.77527 401.82 0.0034573213
333.1202 1450.4446 498.81503 2110.7725 0.003447001
610.4766 1634.19 176.6826 249.17159 0.0034469126
928.25476 2366.263 137.15025 212.28755 0.0034459059
558.8873 2612.528 790.62695 448.27582 0.0034454507
824.4722 2637.6526 345.75635 397.64594 0.0034304124
480.39883 1296.315 258.61798 471.89075 0.0034282466
491.33768 1712.1655 201.13016 255.59024 0.0034235236
674.41785 1222.3961 192.87918 291.8084 0.0034220796
839.9412 2135.6958 395.0122 997.42126 0.0034149413
895.2437 1327.9642 197.67049 218.94955 0.0034045272
477.11835 1928.419 752.99976 698.4946 0.0034027805
740.9029 2527.7266 592.86365 601.4236 0.0033920151
671.34985 2754.9941 806.94684 134.73589 0.0033871583
595.80334 1788.1989 272.03696 488.6765 0.003386579
956.2205 2523.2676 90.30497 487.70926 0.0033631506
919.0089 2340.1138 167.22778 834.51855 0.0033616163
800.47363 92.259895 381.23077 180.34846 0.0033563422
787.6731 2151.9187 466.67932 642.5098 0.0033406436
845.0847 2270.9597 403.15646 904.10583 0.0033390278
558.8085 1285.6382 154.02278 225.87337 0.0033380727
581.3025 2017.9976 144.25037 187.37843 0.0033335846
835.8118 918.1049 314.50623 412.404 0.0033331648
733.80054 2220.7124 165.07515 185.32706 0.003325393
355.0276 1744.4514 578.7813 1089.6481 0.0033161447
746.557 1673.4396 493.5617 1646.0875 0.0033142145
506.44772 1182.9836 267.29074 617.4762 0.0033134192
932.1503 2346.9558 133.82043 263.8862 0.0033056804
458.94534 2246.7456 700.12994 964.0322 0.0033011385
811.83563 2033.0406 194.90718 328.33447 0.0032931108
639.0752 945.20605 167.46513 239.8179 0.0032896209
834.94836 723.80786 307.33615 731.78687 0.0032794366
536.77203 2707.2708 878.9114 259.04132 0.0032756715
609.7902 1920.2639 206.90617 281.3265 0.0032666808
455.96814 613.6104 191.32228 169.6528 0.0032576045
625.6621 2216.3557 193.43013 213.76566 0.0032548762
761.7075 1401.0641 429.06207 570.12463 0.0032542697
228.32619 901.42706 358.9197 1784.557 0.003253201
791.84283 1111.8636 406.6163 953.93384 0.0032514296
684.88275 557.94403 235.83292 441.245 0.0032358603
283.90115 1620.4939 217.67326 304.3147 0.0032343348
635.12396 1264.0382 388.6317 472.5508 0.003224709
586.8267 1562.9384 147.52008 177.35982 0.0032244562
956.8074 2581.5713 94.75318 368.25085 0.003222838
810.9805 614.4708 256.44803 293.37396 0.0032219207
489.61707 2730.642 976.2752 210.16397 0.003220324
537.01996 2319.1897 315.58194 411.46954 0.0032148687
896.5876 1472.1627 209.38492 517.65 0.0032095616
431.40433 2199.344 308.2696 434.85846 0.003208064
510.4563 720.68115 258.003 330.44806 0.0032039038
480.5919 2225.125 200.94177 238.3886 0.0031876506
243.31143 2010.8109 349.77823 500.99875 0.003183219
513.6266 1686.1981 309.6495 1031.1702 0.0031778596
363.35138 1800.9883 586.96063 743.7021 0.0031778205
723.5194 2803.6494 750.3183 105.615974 0.0031734188
849.3845 2155.5178 152.79778 203.56479 0.0031682325
809.3988 299.09515 160.07613 160.64409 0.0031648672
562.9793 1678.6139 306.9318 949.5824 0.003158896
362.14453 1810.4583 578.78406 579.2845 0.0031575179
805.0973 225.64706 391.122 450.0485 0.0031572971
783.6194 1974.5444 234.71564 410.5576 0.0031540932
555.70935 228.65889 464.5356 454.61154 0.003152413
493.1556 364.95038 178.27994 345.24063 0.003146223
841.7978 1244.6609 325.73532 2539.0393 0.0031458433
785.8661 2126.952 186.30154 214.9937 0.003135256
472.40515 364.21744 504.30353 720.61633 0.0031311128
718.1059 1267.895 241.73848 382.49423 0.0031236857
862.5939 752.2726 239.95352 400.0138 0.0031230533
919.7261 323.705 166.5246 641.8361 0.0031141588
468.1091 427.3784 376.35416 861.3191 0.003113531
904.25146 2353.383 173.89926 209.86575 0.0030909893
962.5828 217.96425 83.16373 433.50528 0.003080747
894.6496 1616.4961 193.24324 292.44418 0.0030718807
443.4367 1973.5111 162.27744 210.85042 0.0030700471
609.624 278.198 133.10551 198.45567 0.0030685998
661.76447 2342.6335 190.42355 244.15121 0.0030677277
954.51447 2473.574 90.07457 153.01999 0.0030663542
669.1737 182.78235 193.38737 336.2617 0.0030609495
406.51535 810.1791 522.5117 607.9649 0.0030606047
787.4283 706.1981 418.68307 966.8411 0.0030569069
484.22305 1447.268 384.80643 843.487 0.0030453743
891.5906 1840.5308 220.77072 867.3947 0.003030447
866.94086 925.499 246.06038 348.1385 0.0030292026
767.5615 602.2352 432.18472 770.1499 0.0030236319
466.99747 1600.213 337.04626 410.13086 0.0030216791
343.4088 1916.654 581.51587 647.70526 0.0030121128
275.76157 1834.2013 268.17123 354.44366 0.0030114555
884.67664 1362.8629 228.58594 302.03763 0.0030099584
801.5136 1859.5431 398.9696 1181.3773 0.0030060774
430.183 1802.6829 193.12672 231.73106 0.0030014093
607.33276 2325.3962 166.92625 252.05151 0.002987792
853.46735 2548.5183 209.79346 240.1934 0.002987086
833.5501 2529.5916 297.9203 478.52744 0.0029780227
863.86383 676.94305 274.7042 1303.0195 0.0029761996
808.5732 2050.3672 401.0154 1325.5084 0.0029701483
733.9139 2423.5107 573.0114 624.2031 0.0029696175
251.07825 2246.406 363.01407 439.37143 0.0029691812
246.12024 2556.9775 480.56406 552.6309 0.0029680918
529.09296 703.86346 929.5012 1411.6776 0.00295001
496.03323 1541.924 337.0609 377.98975 0.0029436776
490.68826 2774.255 977.40234 134.65266 0.0029354638
774.6089 2172.531 448.67044 1172.4113 0.0029328663
767.4167 1142.0721 446.45053 869.9201 0.0029326475
412.3061 1866.5511 171.10983 223.13994 0.0029297487
220.82797 2643.4263 219.8361 302.8388 0.0029279494
685.2559 2021.8091 276.90585 502.401 0.0029257121
896.2331 119.71125 207.70358 233.4612 0.0029254893
716.6909 1115.8638 320.71625 800.37335 0.0029242476
91.039505 811.40924 169.17984 598.0713 0.0029210544
382.85385 2233.8853 357.80545 513.47754 0.0029191163
655.89404 90.18667 684.7274 177.60593 0.0029141894
433.55414 1754.2994 170.82256 222.76111 0.0029001185
581.57983 1728.6063 279.5509 587.4629 0.0028938088
644.5826 2377.237 264.71002 265.5294 0.0028935352
531.1889 2508.0144 413.48645 471.01062 0.0028753346
771.01373 1828.6246 141.8212 232.3729 0.002873361
750.599 1626.8201 491.8321 1654.931 0.0028662644
348.30447 2577.3892 307.28992 482.41464 0.0028648651
678.1958 2471.9614 256.7694 574.8859 0.002864767
856.73 81.86617 211.51337 164.32315 0.0028626772
869.8218 2572.437 259.69263 444.2398 0.0028622781
159.53535 2508.6785 304.07367 640.6346 0.0028597126
365.96332 2185.615 615.912 1202.5803 0.00285847
350.11078 1636.8505 406.32877 1526.6534 0.0028503
753.9323 792.5601 170.13358 242.86426 0.0028484545
950.3027 2511.8545 100.026886 179.77228 0.002834234
880.6692 1561.7898 170.74188 247.06065 0.0028330053
141.59764 345.3951 276.05 692.33765 0.002832597
398.0997 2628.495 182.34755 268.7397 0.0028304993
404.9455 1132.6631 55.440277 92.62417 0.0028266837
169.51476 2361.9062 250.86565 326.25314 0.0028215877
638.95496 223.57837 192.5918 386.99597 0.0028211474
350.24857 2607.6653 193.0692 277.0107 0.0028139788
700.84717 1429.2043 220.02122 383.6924 0.0028127157
811.42523 2151.8076 188.5431 222.35083 0.0028097765
434.38983 2313.031 193.93207 207.44008 0.002800879
451.23892 2284.9377 337.91287 469.52768 0.0027981822
567.36053 473.7174 110.00749 235.44916 0.0027952802
250.62047 792.79346 89.86206 151.3926 0.002794168
557.0464 2490.3247 256.01218 229.68205 0.0027896953
506.37964 597.0488 274.42648 359.92984 0.0027889898
875.68225 952.7885 246.46472 812.50073 0.002781155
584.96564 2609.7063 679.5956 757.17664 0.0027767045
652.95105 1469.0199 235.74312 447.73108 0.0027676246
868.8019 2333.2644 223.39966 313.5901 0.0027653212
238.12146 2762.0317 272.3198 148.20526 0.0027644313
586.4632 2456.1575 170.1218 341.42957 0.0027624944
471.28552 2401.4836 249.16835 394.22177 0.0027609104
371.2656 2384.0798 412.34576 843.0743 0.002758105
703.7591 2511.4365 214.469 512.6222 0.0027503748
882.01117 2180.7734 257.84003 963.96344 0.0027462505
495.61176 2429.5383 274.88358 422.91653 0.0027454384
499.798 1226.1191 90.51697 143.98152 0.002736493
769.3304 980.90686 432.9084 668.88477 0.0027329505
130.38663 2772.4424 180.3075 116.47637 0.0027297684
544.8574 1021.5486 254.13693 330.60446 0.0027293984
512.73975 390.4108 165.01263 288.23254 0.0027285276
754.3566 1817.1816 545.49805 1193.1378 0.0027279556
571.7675 1450.8811 230.13625 334.37946 0.0027239046
703.0915 2655.5496 375.74112 351.53427 0.002723297
478.17944 2021.575 238.01173 353.93295 0.0027189106
529.27484 1453.4384 209.30974 278.2222 0.0027165392
878.46356 1549.8224 243.3404 934.1952 0.002716127
573.2453 2203.9185 252.26208 526.0525 0.0027135797
625.4387 2373.427 171.14821 272.2421 0.0027130907
190.7608 1030.9788 223.23735 833.7284 0.0027083096
956.9393 2428.6985 87.02452 290.65997 0.0027040013
484.3159 2499.898 188.49168 214.64548 0.002696075
878.117 824.0813 220.80379 502.4368 0.0026893779
752.9424 2719.8384 480.11722 232.02545 0.0026838202
896.2026 1292.6942 207.0677 1945.0538 0.0026810253
903.955 2084.7737 177.41034 353.55627 0.0026488174
344.4998 2278.8591 294.86032 315.2804 0.002643827
850.30566 2536.8416 141.12 228.14006 0.0026427372
359.97275 2744.7605 508.941 174.05832 0.0026426015
826.3287 2238.1394 359.86255 737.92865 0.0026281294
475.8626 2590.6707 185.78885 299.76144 0.0026197198
727.31396 2713.065 469.3914 239.76201 0.0026116737
735.10114 1954.019 444.1016 1037.6241 0.002597253
622.03595 1812.3094 210.20259 321.22583 0.002592492
894.7682 1541.6653 190.07922 270.4411 0.002584169
816.5449 2389.3704 398.7446 751.9852 0.0025834364
582.0466 2616.5469 851.8223 255.12271 0.0025757537
770.1118 2484.77 173.49 228.4316 0.0025656389
120.58973 265.07172 223.52272 494.60773 0.002565396
891.77496 1218.6409 230.71388 2456.1375 0.0025628922
922.5671 94.17409 162.07443 183.27754 0.0025626996
657.76306 2741.6086 689.8731 408.19852 0.0025601133
322.83514 2728.794 286.093 208.6811 0.0025565762
833.9304 1561.6555 367.5436 1407.6031 0.002554906
198.2325 2560.7708 244.38737 325.50513 0.0025519233
674.4473 2673.2385 632.2243 332.92798 0.0025453216
902.8167 1850.8097 193.9992 786.7856 0.0025366864
737.0754 2457.1116 183.77612 217.3567 0.0025356503
661.0601 2573.727 193.11818 257.25623 0.0025306898
603.8446 2691.152 440.7111 289.64444 0.0025047222
432.51248 1711.8862 224.58376 261.34555 0.0025031369
839.8121 1014.06775 313.4257 1650.8097 0.0025006295
420.8564 2465.6404 503.03885 643.88727 0.0024992279
859.06067 683.08154 236.50703 406.7478 0.0024944227
613.5741 2639.4202 368.472 366.72287 0.0024936467
640.5525 2712.469 239.5818 226.39426 0.0024898625
922.40356 2657.7158 142.40388 272.00653 0.0024885375
844.4717 1417.2483 297.9708 990.03815 0.00247898
787.7415 2670.2654 182.59532 225.19449 0.0024775348
859.93414 1252.4276 265.39047 956.56824 0.002473109
456.08508 2726.2312 444.61197 212.14972 0.0024617927
765.5269 2546.0037 474.0061 574.0054 0.0024556057
941.02 2127.608 125.83603 396.33206 0.0024518182
65.679794 706.8074 120.87738 590.4769 0.0024467492
909.95386 1090.278 173.11458 269.49106 0.0024395948
357.40436 2511.7197 235.61922 235.53629 0.0024303962
526.52185 1387.8173 946.4201 2742.5928 0.0024246098
534.309 1663.8085 886.197 1709.827 0.0024172442
105.645874 2779.5417 197.8603 116.04719 0.0024127306
788.58844 2445.8018 497.66315 226.32112 0.0024040148
837.6761 635.8919 275.5125 419.67038 0.0024031573
679.14746 2629.625 219.97704 273.348 0.0024005463
793.4067 2581.2937 464.26685 576.50836 0.0023970024
747.22235 2664.3555 718.7524 250.18063 0.0023858175
741.8686 2156.3643 405.3393 596.1338 0.0023823946
738.3941 2627.106 261.54724 240.18967 0.002378712
791.27704 2625.6462 161.72139 230.0389 0.0023736705
942.4748 2103.9595 122.16077 1172.5709 0.002368303
522.3057 2196.142 407.35236 973.48773 0.002363956
431.7875 2456.9463 334.6594 381.42648 0.0023630082
837.3962 2324.0718 160.64188 174.29082 0.0023589625
659.13684 2717.6638 167.64499 212.5511 0.002347412
854.2111 1307.84 261.67435 1467.9899 0.0023360616
785.2864 2095.0037 341.37607 354.621 0.002326817
105.276146 2784.3696 195.14674 103.78453 0.002325197
850.11096 965.86676 282.47617 1140.7952 0.0023204708
725.744 2404.625 212.11945 147.95488 0.0023178216
477.17847 2622.6223 335.3944 394.1769 0.002317244
479.23776 1550.4099 210.07199 302.37445 0.0023130334
94.81676 1679.4398 97.94369 200.00723 0.002299259
764.01483 2740.6963 218.28983 189.2329 0.0022966703
757.773 2499.3496 244.83798 253.23785 0.0022922615
544.80835 1834.069 239.61642 376.88947 0.0022821212
750.3459 984.20465 189.77774 268.60498 0.0022818856
916.7358 49.2586 179.06992 94.78772 0.002281864
57.33371 1876.4594 106.11702 378.27066 0.002280875
937.0159 121.951324 136.70149 237.94492 0.0022752027
935.8939 2334.9282 108.38827 256.53647 0.0022710823
928.93225 1434.6252 147.63657 451.6988 0.0022706902
809.3083 14.230951 392.31744 27.439987 0.0022462106
968.2472 2592.5017 61.871784 299.61905 0.0022349015
650.798 1762.8933 603.4862 1605.5015 0.0022348163
134.84319 260.55807 271.69373 524.40704 0.0022214688
518.9172 1222.2778 60.268898 108.944756 0.0022146632
147.0568 1348.0186 175.93373 786.2287 0.002206427
929.1945 161.92625 137.87207 319.86218 0.0022040065
965.49554 2201.8926 87.956055 507.8634 0.0022019362
465.1054 1135.8788 642.7376 1604.6783 0.0021920071
342.9833 1816.5171 507.59695 999.2255 0.0021748056
705.3323 2780.0022 427.00287 118.23783 0.0021554162
925.4056 2659.609 158.48355 229.8588 0.002151464
842.2156 811.3684 292.35828 1260.4377 0.002148712
910.87604 2617.7788 160.42162 270.55286 0.0021322444
92.956764 2770.2366 186.13373 129.27933 0.0021217978
933.55316 1936.6716 124.553406 497.87408 0.0021109309
621.45557 2103.1184 526.9169 1173.684 0.0020946865
661.6498 11.261128 691.1529 21.890764 0.0020905838
426.01337 1434.6393 541.3993 1496.4443 0.0020666223
966.36066 2271.4934 66.919334 452.5641 0.0020638765
706.311 1439.2444 473.2389 978.36414 0.002060958
942.4099 1735.7482 123.24044 386.0272 0.0020467658
524.49414 1595.5809 697.9437 1324.5101 0.0020445008
588.9743 2797.6316 855.2901 264.07605 0.0020342632
935.925 1343.3632 132.94945 435.89578 0.0020265433
31.846375 2677.553 79.42627 274.19592 0.002021632
941.2076 1692.3177 120.50466 308.76447 0.0020068563
655.38654 62.872257 684.05975 121.69047 0.0019975747
598.53564 425.9109 109.27208 224.73906 0.0019530645
602.5762 1174.2415 584.60657 928.0655 0.0019457818
828.2841 2602.14 392.4645 532.8304 0.0019170283
514.248 975.4 440.8385 974.41626 0.0019017862
354.17966 1702.9922 462.20227 895.2636 0.0018894864
648.5844 1713.1866 308.93256 574.79486 0.0018876152
909.6812 1146.6138 181.04817 1658.7128 0.0018785604
919.32776 1385.739 173.96124 1653.5905 0.001864344
907.55084 1832.1707 172.52185 904.37286 0.0018575029
924.48694 220.94133 139.02217 453.31433 0.0018563167
513.3982 2721.3718 365.95557 365.17444 0.001847564
780.01544 1068.8765 421.02988 1403.3784 0.0018444273
867.2121 2564.1838 279.85498 377.7121 0.0018406643
974.449 211.10124 61.31318 432.0688 0.001833606
935.588 1467.8943 126.93992 344.767 0.0018127107
880.6733 2722.5137 212.94154 226.49263 0.0018030636
924.5312 1329.2664 158.2577 2250.5198 0.0018024258
474.4677 1806.4224 476.1319 1241.2014 0.0017871752
918.43866 1900.211 139.78502 775.17175 0.0017562889
398.20547 625.3459 555.7528 1244.5016 0.001752485
929.70044 2781.7944 121.57958 84.48441 0.0017508359
938.40173 844.8313 127.39398 336.9817 0.0017434799
754.76733 2510.8367 470.56622 637.9311 0.0017242595
506.05392 1373.5276 630.27264 934.8655 0.0017205554
952.58777 2486.0276 108.67916 486.74768 0.0017121229
24.270794 552.67175 45.667698 535.55817 0.0017101754
869.01215 1830.6008 257.4972 1225.4645 0.0017092841
960.2523 826.2307 90.54249 470.01538 0.0017087961
613.8776 2615.209 532.466 224.62392 0.0017054944
644.057 1925.9716 442.61105 323.19452 0.0016874758
709.225 2018.766 497.92126 997.0382 0.0016793525
989.44904 2650.6538 48.744373 315.7546 0.0016758075
531.585 1401.9556 937.40186 2727.698 0.0016731578
923.95703 59.973614 133.43454 110.887245 0.0016671313
702.8823 2108.049 408.6724 336.34048 0.0016635552
960.4006 1639.5946 90.504814 500.30432 0.0016592448
553.8971 1484.2367 318.96304 1378.1729 0.0016547857
639.1533 2701.9575 509.79636 538.374 0.0016532573
655.1776 342.5207 151.40128 245.67041 0.0016511871
944.40985 2684.6553 106.891045 239.7855 0.0016396561
949.28986 1652.375 99.90336 295.0352 0.0016307172
917.82404 2047.2625 226.07043 1345.6575 0.0016273685
946.05 2784.8374 100.829216 99.31575 0.0016132549
622.6312 2017.3428 222.13213 334.61465 0.0016113758
439.11523 2507.0764 682.7091 816.7299 0.0016104501
945.0874 1303.6042 124.131424 2348.0298 0.0015878993
959.9153 2817.7522 66.244965 37.712406 0.001562116
970.6427 2064.3596 68.01277 370.87772 0.0015491748
946.1286 1687.2145 100.97042 535.50665 0.001547164
37.301174 147.35191 75.564095 295.65073 0.0015353501
934.7384 2761.8594 116.46538 138.29926 0.0015303115
962.4771 1615.7639 82.8161 337.67108 0.0015283078
181.12233 49.02696 358.22604 94.36688 0.001527544
949.86 2776.2466 89.41964 116.605896 0.0015214317
961.5877 2285.4404 80.34019 399.10278 0.0015169523
969.42755 2117.109 60.476727 293.7229 0.0015133894
963.92334 2819.3684 67.64048 51.535145 0.0015112314
537.72296 1419.9626 923.3967 2708.0688 0.0015018056
952.401 340.78726 91.535416 218.03 0.0015017506
35.766624 165.79018 72.03136 323.5024 0.0014910188
930.067 2728.7346 115.10047 157.29994 0.0014896805
948.0498 480.2637 106.071335 392.0055 0.0014779479
964.16223 2771.0442 72.25295 136.04263 0.0014693043
9.812612 233.99455 19.75032 393.211 0.0014504595
972.4075 1112.2478 66.50694 621.31384 0.0014404332
910.47394 349.73456 180.32256 214.39818 0.0014386551
804.0242 1530.9592 450.94568 1753.4602 0.0014345926
476.018 1914.1782 625.35596 986.45074 0.0014216371
664.0108 428.9493 695.71466 847.7034 0.0014123147
938.44855 335.20447 120.67778 248.80746 0.0014119779
355.86514 1531.1249 644.68475 579.13635 0.0014087295
710.29663 1153.8568 503.70767 889.5334 0.001401166
961.0825 1200.9216 69.700356 584.42584 0.0013968545
958.5249 2776.7434 78.118324 128.37871 0.0013649805
968.2801 2122.3342 69.18654 259.07562 0.0013621158
704.1366 1510.8179 358.11017 973.1961 0.001356927
740.0581 1956.3306 394.4762 701.1966 0.0013533301
794.06946 2716.1892 540.41864 126.43068 0.0013479199
973.1415 2695.7764 67.56623 187.22972 0.0013357709
646.52185 2732.5852 760.3365 178.0822 0.0013061333
654.41376 2052.7158 640.5447 656.5677 0.0013017011
984.6437 2633.3965 44.836506 245.09119 0.0012937943
454.23883 858.75824 527.72485 1030.0529 0.001284532
757.3347 1896.8279 427.87985 1214.0426 0.0012633109
499.02316 1238.0293 527.2854 710.8617 0.0012569807
519.9013 2669.1958 529.5219 338.2432 0.0012545078
940.3566 228.15639 126.98721 454.39688 0.0012385289
653.3345 746.7507 711.43 1470.2375 0.0012041362
764.1543 1774.3785 391.7096 1643.2426 0.0012039136
648.6121 1409.4813 421.17624 1299.1862 0.0011738144
978.7605 151.40282 55.610806 311.33408 0.0011624697
268.7173 1228.7633 260.71246 1788.6697 0.0011608514
390.63464 2287.5974 469.74954 849.8673 0.001156826
564.6609 596.21466 841.3457 1081.3408 0.0011408373
982.8087 2771.3665 40.51046 99.59647 0.0011334853
257.4928 1258.7286 249.21698 1288.5021 0.0011329607
638.6638 2205.1938 631.05945 353.60046 0.0011310779
846.3283 736.4395 349.06223 1419.9406 0.0011209528
786.14813 1750.1166 467.06287 1000.18134 0.0011193857
459.87213 1443.9039 735.821 1632.4261 0.0011138003
685.44385 2240.4397 538.75543 721.0083 0.0011094413
392.0741 461.49725 683.1158 1120.9596 0.0011076571
969.20276 507.4125 66.49626 558.723 0.0010994712
719.47284 1283.7626 412.25217 838.76697 0.0010971758
984.61743 2787.349 45.974037 78.77124 0.0010821321
268.25125 1350.0995 345.45142 1903.6433 0.0010743958
986.04834 2732.3699 36.87417 176.71165 0.001069813
703.6707 1823.3936 325.34818 665.6334 0.001066793
594.40045 2754.054 706.33435 379.7167 0.0010575207
3.2123005 323.48032 6.355638 481.80545 0.001041836
973.2949 108.30624 89.72293 217.06963 0.001039359
472.25433 1750.1377 447.4974 704.21045 0.0010327317
979.64026 221.9125 50.24662 454.48868 0.0010154954
988.8395 629.66846 60.538017 234.21532 0.0010152177
982.80695 493.39297 47.030315 653.4925 0.0010117751
544.3617 715.5325 597.26337 1014.81177 0.001010623
528.9066 2172.671 941.69806 1181.1603 0.0010041412
990.7005 1390.1459 30.897415 633.4775 0.0009936468
616.6827 1589.8778 561.5601 565.72003 0.0009931907
988.36127 1839.7906 40.323944 278.2096 0.0009919547
677.27405 2681.2275 567.736 268.09674 0.000991334
529.8265 1056.2545 358.76398 892.29926 0.0009912084
622.0808 1635.433 359.42868 723.2342 0.0009750011
598.28815 1942.9017 325.58493 669.5475 0.0009735623
996.597 703.8346 30.482008 570.1585 0.00097224844
996.54114 2397.97 21.920979 287.26883 0.00096095016
574.70624 1536.7122 434.4734 1017.5119 0.00093459117
216.04413 1406.5432 225.70485 1793.2041 0.0009293677
832.3056 2841.194 411.00754 5.7274394 0.00092569436
619.2233 691.30994 734.3141 1381.1118 0.0009154638
596.89575 1787.2789 473.82632 789.8955 0.00091009075
996.3057 2688.1313 19.983465 232.50658 0.00090706174
940.32947 2543.7244 139.62177 242.01749 0.00090549525
723.7772 2371.2637 583.01263 822.5441 0.00089266954
564.75305 192.23526 838.95435 374.4972 0.0008921454
860.0495 2453.0847 318.66748 936.52057 0.00089078926
399.9815 2082.0837 833.71893 1016.0139 0.0008905139
662.6717 2105.1228 323.3973 912.4527 0.00087996584
499.7709 1223.7906 376.7217 950.10815 0.0008721107
665.8034 2726.992 524.6435 330.61664 0.00084792404
659.56274 234.78218 703.1558 464.06955 0.0008313075
440.12918 1203.5708 418.372 468.49298 0.00083008816
748.9256 2519.4614 292.70447 335.5862 0.0008211769
1000.0291 2840.0725 55.013206 10.680532 0.0008041212
982.9434 2831.4875 30.991806 72.112816 0.0007842986
909.72876 564.4444 170.31125 485.87735 0.00076089357
555.74176 2840.6543 924.0632 9.370798 0.0007594581
807.4814 46.287807 470.6406 89.13591 0.00074993796
509.91647 2553.289 799.05084 542.0116 0.0007468677
676.13464 809.47314 572.5264 1045.8241 0.00073101453
822.63385 505.7283 423.91498 807.12744 0.00072903174
541.0827 1025.6897 364.39493 1078.492 0.0006673736
534.65826 580.6777 910.2842 1045.3159 0.0006515597
765.1761 1449.7844 431.54373 1251.0244 0.00064898346
639.8495 2836.0881 756.6171 30.10497 0.0006467341
814.6416 1123.7131 411.2282 1190.9165 0.00063896
697.9087 143.32782 653.3789 281.56244 0.00063445006
899.7166 857.2102 376.9492 903.1767 0.0006045172
592.75903 2839.697 887.81775 17.702059 0.00059640757
1000.3991 2837.34 43.75718 39.997986 0.0005961896
943.8583 2210.727 278.69443 601.2544 0.00058583776
597.4595 1912.8307 754.39453 496.256 0.00057422003
761.5126 1689.3264 404.27197 907.6381 0.00056765426
653.7431 2827.088 739.4401 50.600765 0.0005654433
835.42194 1025.1189 477.72903 837.41113 0.0005102217
754.2149 2767.431 426.88828 88.58482 0.00049056316
