657.9943 1164.513 1306.9481 2276.7097 0.9168571
1260.6769 1279.4298 122.593445 183.0051 0.053479336
597.96 1195.1987 1012.93604 1537.2885 0.03823522
591.2258 1047.6842 1046.6051 1598.4412 0.03508163
589.6627 1177.9479 1087.9305 1912.6992 0.030045515
657.7723 1164.0417 1302.783 2270.3877 0.025662879
1243.7325 1282.5012 163.00383 238.40794 0.019435044
589.74426 877.3767 1098.9622 1341.8002 0.018561352
366.86182 483.94882 635.19037 530.70734 0.017399983
575.78644 1388.0953 1105.6299 1565.513 0.016738588
465.30353 1201.4291 889.7791 1965.3566 0.015867423
462.28094 493.11017 831.9263 561.979 0.015528945
593.82153 856.4171 965.1674 1177.1243 0.014030746
592.62756 928.10187 965.97644 1334.5378 0.013695377
536.2115 1413.3397 984.508 1418.8047 0.012620189
416.4624 1219.227 805.3802 1978.3601 0.012569143
463.43607 1063.0042 856.13654 1588.6608 0.01216664
1228.7896 1248.6078 186.98637 299.37964 0.012014632
754.3747 882.8276 340.6575 330.9116 0.011936829
444.89505 1446.5328 852.78357 1436.0901 0.011469874
567.3065 841.62616 961.32477 1206.5747 0.011340379
508.3085 661.58026 910.3422 888.6185 0.01129032
315.51562 478.0636 411.29965 366.1011 0.011129683
545.4519 1175.739 750.8158 1089.3488 0.011119145
720.55597 597.181 312.46762 245.78336 0.010819245
433.95703 1426.342 835.7893 1513.7183 0.010806841
545.83307 1185.3649 805.8539 1106.3593 0.010719764
1229.6089 1313.6315 188.62956 279.4579 0.010569646
605.4641 1600.4625 263.60907 213.36237 0.010566973
418.7359 1343.6249 785.62756 1259.4435 0.010477122
429.79163 1289.2734 677.83954 960.7406 0.010101314
604.44775 908.6788 882.13354 1110.8696 0.010077687
526.3618 680.06366 201.16437 158.53546 0.009977455
451.8844 1325.7457 854.58344 1433.2706 0.00993945
507.3925 1166.3689 856.9403 1157.4154 0.009890248
412.31128 540.5355 490.5057 415.36746 0.009833588
649.73236 1640.8615 1273.4296 1282.6283 0.009713993
578.54877 1143.6932 1094.0455 1133.2771 0.009445176
479.232 1411.4321 796.85803 1276.055 0.009373089
542.17316 895.9915 975.8578 1348.6173 0.00931278
372.35654 500.06766 522.449 482.00992 0.00925219
577.8854 1318.4895 711.0162 1378.9563 0.009232332
572.3231 1589.1692 1112.6793 1229.7656 0.009171676
532.15594 847.4938 975.5418 1266.8156 0.008971016
451.62766 1487.1924 866.62396 1401.8021 0.008918167
582.0376 1604.1824 1134.1276 1265.1117 0.008901013
703.8295 1342.0334 812.1567 1371.7709 0.008680892
496.3219 1346.654 743.46063 1157.0044 0.008663687
588.0851 794.3794 1106.3672 1175.3992 0.008569469
495.9097 1400.3362 762.11365 1147.0637 0.008499344
517.2011 667.5022 967.7849 918.12445 0.008497368
517.20807 820.5802 963.6572 1237.677 0.008479011
473.27274 499.93988 688.7931 492.79474 0.008400722
367.6767 1161.1467 706.76245 1807.581 0.008221734
436.57965 1469.8016 686.5088 1025.467 0.00807499
1155.1442 1439.9652 330.96207 539.9119 0.007902553
596.5226 1523.5187 295.2244 355.24744 0.0077396347
539.8777 664.7041 263.75388 216.92624 0.007707228
396.47476 979.61304 753.33344 1483.4844 0.0077058026
408.16595 1141.1656 777.76044 1377.714 0.0076575507
628.3001 1002.25336 785.15454 1131.5988 0.0076557393
684.57764 541.9587 398.22964 386.50778 0.007540769
415.77274 1502.8423 812.5167 1451.4974 0.007388893
1199.425 1387.7278 247.06482 437.2389 0.0073885224
652.2313 1759.5385 1284.9865 1083.2299 0.0073881056
508.64316 1324.8998 593.29675 915.9996 0.0073833764
482.27167 561.6069 898.42444 712.72284 0.007230224
507.42862 666.559 944.5877 905.4463 0.0072271647
1226.5533 1170.296 194.94983 437.89856 0.0071829287
476.8208 1444.9293 925.9152 1548.5463 0.0071261404
758.76447 1211.621 713.23083 1177.4194 0.007123664
547.0954 1698.5771 1062.3936 1018.08966 0.0071166423
531.3037 779.20154 974.013 1133.954 0.00707797
712.18304 1402.1206 772.0918 1468.8165 0.007055693
584.1692 1160.499 736.26556 991.7648 0.0070130937
393.36813 1291.386 718.8928 852.7379 0.006930842
269.01337 415.7165 458.95303 409.98825 0.0068926234
535.37286 1345.8125 650.7657 1112.4484 0.0068350094
601.412 707.4094 1172.3722 1015.7809 0.0068297517
723.32336 737.9658 463.8718 624.0045 0.0067804325
509.3454 751.92126 952.1928 1090.167 0.0067782756
680.2113 1230.6284 717.32184 1289.5819 0.006722371
600.5738 947.55865 825.1322 1187.9662 0.0066415877
609.667 1122.5588 746.09485 880.5465 0.0066403924
610.95105 1479.8763 1198.857 1530.3687 0.0066288495
712.58923 1248.9373 677.37854 997.9461 0.006594799
467.6817 1763.1157 910.8568 886.8847 0.0065412913
627.6157 1804.8622 1229.1047 993.2122 0.006530563
527.88257 1178.7252 774.2108 1368.0078 0.006480651
400.22345 1800.6388 775.8748 801.36194 0.0064535574
753.02985 1370.3489 721.629 1390.9706 0.0064429874
610.29535 612.86273 1201.5651 1163.6589 0.00637799
523.1232 659.7941 821.8849 704.7373 0.0063304906
387.95602 1427.0707 754.5498 1550.9551 0.0063186022
672.33 1026.1619 736.5167 1192.1606 0.0063142064
585.3543 726.21344 1123.0559 1047.7466 0.006312872
527.1561 1345.1195 468.77255 703.54114 0.006261097
344.36716 908.1014 588.0297 572.9549 0.006243179
484.19568 1398.6473 935.01917 1636.4672 0.006242155
734.33264 1062.2633 519.48865 752.356 0.0062412177
798.57336 1277.3372 669.7372 1398.4591 0.0062353793
591.64777 1238.5353 880.7799 900.096 0.006222392
879.9878 1245.8674 545.98444 1103.4645 0.006193014
607.4781 538.0791 475.82187 411.0315 0.0061101574
586.13025 893.2773 1045.7523 1308.0546 0.006068447
803.0351 1107.982 679.011 1278.944 0.006061267
881.7232 1235.3079 541.379 1115.042 0.006053969
791.1675 966.43567 683.67017 1059.4773 0.0060251323
554.15045 1506.3745 597.8292 1077.5466 0.0060178544
528.4028 567.2033 1000.16394 731.7704 0.0059953406
346.83884 1018.0994 644.58997 836.03284 0.0059490358
706.2543 792.82605 487.79153 541.69666 0.005912156
638.9192 581.2099 270.9938 266.79562 0.0058715283
860.16846 1023.67413 535.4027 740.2708 0.005849697
813.7332 1078.3575 739.3333 1410.087 0.0057927826
361.99146 1168.545 643.26385 671.9024 0.0057903617
392.3227 894.1644 417.71844 334.24774 0.0057606916
634.25543 570.55914 164.26779 204.61285 0.0057566212
311.3405 1214.0869 603.31134 2005.7007 0.005754463
825.1052 941.7506 220.17746 218.92699 0.0057525286
579.2228 1395.0349 462.32684 716.5048 0.0057452624
349.06055 1161.0936 651.298 739.2745 0.0056749615
818.43195 1036.1562 654.38104 1088.4275 0.005651944
776.0674 1221.5365 753.28546 1459.0425 0.0056293393
516.247 893.79877 841.0016 598.261 0.0056245043
651.90216 618.12115 456.21667 372.39648 0.0056171594
617.6227 1351.3309 416.15292 724.9342 0.005544067
676.66876 786.92676 443.35413 459.34756 0.0055424245
668.3047 998.3086 1039.993 1047.3485 0.0055312132
669.6427 746.26996 576.25726 738.20215 0.0055311164
820.55615 1259.9563 722.96515 1645.2229 0.005507156
814.22815 770.86707 488.37384 611.487 0.0054701357
811.713 1010.8086 450.4711 623.37103 0.00546754
323.73145 821.3734 462.7563 370.4537 0.005439159
730.3294 882.01154 872.31006 1119.3885 0.0053949608
365.95804 1261.1982 701.5058 1176.9453 0.005379534
591.0435 1493.4098 348.61655 443.37375 0.005364382
376.5994 1119.148 541.2203 492.74426 0.0053531383
831.7897 1262.858 650.1845 1349.4252 0.0053434717
797.3644 1002.17285 495.22833 669.82965 0.0053280564
715.262 1632.0831 767.6166 1068.2224 0.00532277
792.31555 1025.7444 819.0091 1431.5487 0.0053148135
957.03296 1069.682 388.06473 665.1514 0.005314486
533.9983 1562.4951 450.55386 581.0335 0.0053057536
1057.3236 908.75964 257.9654 529.03094 0.0052815843
809.7874 1242.179 475.36264 643.5531 0.0052726106
468.6134 488.44275 782.01746 537.4432 0.0052655404
864.34247 1378.2897 576.6107 1338.9695 0.0052522155
781.3467 967.3488 655.6645 868.6606 0.0052441917
907.8044 1183.2123 620.83026 1177.8868 0.0052354382
713.7879 1229.7848 518.6473 869.46027 0.0052289753
603.5982 613.5944 254.01619 238.12837 0.0052055717
814.14716 1311.4966 683.095 1692.5189 0.0052042627
825.37555 914.45306 223.11003 245.59785 0.0051938086
425.29886 607.20123 611.4105 563.3138 0.0051860507
279.2124 1511.8147 541.9287 1385.0825 0.0051767994
519.87616 1644.4891 495.90518 962.16675 0.0051727663
873.13214 1125.6466 529.4008 875.9461 0.0051628966
694.6095 1658.3038 1147.5151 1082.4199 0.0051400154
1115.4738 1033.2979 402.0553 811.1782 0.0051168036
553.7273 1586.6556 466.2858 699.04364 0.0050917994
1005.9975 1150.4435 307.14386 542.15436 0.0050609754
847.9285 997.32544 586.4269 974.33105 0.0050561302
762.6572 584.19165 227.89337 200.99307 0.005033051
559.6019 1319.1448 522.392 661.5707 0.00501744
881.75446 1697.5929 852.72406 1100.9371 0.0049849465
802.071 1238.5398 419.54532 580.4859 0.004982289
858.30786 1801.7366 384.3354 393.4585 0.0049817027
511.54117 1042.3358 857.8178 701.1415 0.004951201
788.2332 1687.4137 974.8316 1085.6206 0.004932651
782.0526 1542.25 690.0345 1040.9773 0.0049259453
530.3187 1157.178 267.7946 350.3275 0.0049083955
805.3913 1346.711 715.98126 1648.6682 0.0048570395
1119.2656 1459.9996 400.59732 646.58655 0.004854097
579.2308 750.15 668.9989 598.356 0.0048508067
939.33167 1495.7869 448.98148 713.7302 0.0048288214
867.9296 1786.525 344.8558 315.68854 0.0048236474
1083.0205 1263.3768 200.61407 290.61374 0.0048123393
279.8377 459.34412 297.7197 265.95215 0.004811615
465.76935 1889.3801 687.03094 613.3956 0.0048076576
998.332 878.15607 259.21857 429.20624 0.004797318
1027.1426 1595.0858 575.2846 867.633 0.0047677592
613.76385 1251.1418 393.6843 570.0368 0.0047571887
732.0654 1159.0679 976.7109 1188.7555 0.0047518117
407.02277 1221.14 775.4911 932.30493 0.004751385
1001.9253 1438.0076 346.07727 597.0311 0.004749372
1058.0508 994.5101 295.44705 722.1128 0.0047198315
865.51276 1563.6036 580.9616 902.5 0.0047189626
1082.3363 1013.0054 463.23944 896.6947 0.004705886
799.16223 1184.6927 829.0482 1102.7783 0.0046904185
878.7671 1636.7063 807.62683 985.9136 0.0046890764
512.2342 1781.6882 428.83334 500.67285 0.004687819
789.8301 1078.2567 862.63715 1244.4583 0.0046618516
451.9246 1148.2991 784.101 1260.3783 0.0046585537
646.1407 551.3149 1285.7594 1037.7788 0.0046475753
745.6063 1563.7598 635.10785 865.58246 0.0046378006
864.8561 1279.0239 600.593 1640.7466 0.004632303
1008.0966 1626.2554 176.87874 247.113 0.0046235365
533.28485 1821.9358 403.1025 581.8123 0.0046226326
607.6756 760.96204 815.0213 753.4456 0.0046159606
914.0629 1131.756 742.2458 1572.3949 0.00460302
883.6936 998.408 597.156 871.6551 0.0045981305
994.927 861.8848 372.06372 693.2364 0.004589206
539.9446 1925.257 1063.1123 734.3796 0.004587412
975.17737 916.9993 156.29755 226.94041 0.004581019
717.7925 1714.572 578.0459 830.7976 0.004574633
762.7858 1605.1971 683.5094 919.7695 0.004572449
716.78894 1579.444 667.44275 921.67993 0.004554401
722.1148 1465.7029 541.6023 576.11426 0.0045042066
578.844 1789.203 436.38565 646.17865 0.0044828183
562.2132 748.8343 397.10385 419.28076 0.0044778697
614.1242 1705.7653 994.94806 976.6654 0.0044724992
551.25146 1203.6145 392.4191 477.37198 0.004461754
868.4175 1563.1422 507.50766 707.8335 0.0044534463
905.5829 921.52527 722.93994 1046.5385 0.004441549
589.2923 1902.7974 298.1076 390.57626 0.0044295513
420.4415 976.73065 795.7776 1056.7014 0.004428534
477.37607 1691.8141 540.3857 469.36963 0.004426476
933.085 1020.1416 707.28564 1153.0629 0.0044212844
534.3761 1107.6152 238.34024 305.20508 0.0044191713
764.5537 1604.4749 608.7127 751.1907 0.0044024196
1077.687 939.542 241.86484 504.34653 0.0043933606
724.1273 1753.8163 547.0011 814.594 0.0043926532
647.5997 1342.8175 429.2908 1058.3904 0.0043619615
380.79846 1699.7025 729.00867 1012.7763 0.0043614525
382.9192 1782.1844 743.808 848.4408 0.0043393997
1013.2286 1227.397 340.50665 892.2953 0.0043387595
393.7828 2007.9629 567.61096 379.68286 0.00432682
719.53906 1602.5627 1093.8118 1099.6002 0.0043226397
671.7788 1728.642 424.89957 703.16864 0.004321634
1177.4111 1062.1774 290.01196 671.31384 0.0042994735
272.74124 1220.9227 376.88593 455.89932 0.0042959396
386.42566 1758.0265 694.5495 834.64825 0.004287764
318.3174 474.66443 316.8422 268.03162 0.0042813257
822.4442 1806.0507 460.11523 555.4673 0.0042692213
444.98468 1466.4166 676.7911 1253.6786 0.0042676083
731.8742 1385.4143 978.0289 1080.732 0.004255597
611.7255 1546.1827 547.5417 1214.4664 0.0042484263
561.28784 1860.6156 374.04532 555.6256 0.004233732
578.33636 1607.7625 508.53354 1234.7422 0.004220555
810.39856 1798.839 527.1369 746.0967 0.0042152256
796.13617 590.9016 185.81526 184.07947 0.0042136186
670.185 1795.714 419.58813 594.3718 0.0042015235
384.90125 1379.4119 321.8378 400.00565 0.004196798
772.62244 1911.2421 464.95026 548.7103 0.0041854326
1148.9751 1095.7395 340.11035 658.1013 0.004176901
895.07513 1131.6218 695.23236 1356.1134 0.0041713496
993.9587 1485.5443 316.14227 480.8151 0.0041655637
682.1179 1829.3485 279.82843 330.4402 0.004163954
344.91574 1993.633 639.6173 422.2583 0.0041523045
619.5529 1164.7953 562.37573 741.0 0.004149129
758.56915 1263.6931 344.60706 455.4401 0.0041275756
358.1932 1222.156 581.5075 563.5335 0.0041205897
928.9492 1282.8308 519.67694 1553.3337 0.004112823
382.204 1023.0888 494.0149 884.40326 0.0041108467
896.7632 1687.7767 408.52097 482.52155 0.0041060904
437.93958 1904.3497 333.74347 393.12354 0.004087008
928.3655 1744.19 232.05923 265.09445 0.004075679
935.83356 848.7675 429.26016 685.5054 0.004049098
607.03326 610.59235 266.19003 213.33284 0.0040428727
1202.5835 1130.2186 246.03899 591.2146 0.004026815
594.1307 1640.6927 859.85126 768.55756 0.004010065
522.6306 1998.0978 494.63135 412.16785 0.0040003615
265.1293 2057.2117 277.9507 269.44995 0.0039923596
906.80054 1580.9608 345.2609 412.94626 0.0039847866
1017.8965 1539.1351 263.22092 403.74347 0.003961749
842.1711 1301.1328 637.3704 1697.8307 0.003949877
644.4246 1566.1986 377.79852 880.9377 0.0039362893
883.4761 1716.0132 420.75446 662.0939 0.0039326865
221.44066 472.98557 381.67285 500.97003 0.0039158277
1143.8479 1548.0359 361.2266 779.3106 0.003912796
1182.5913 1173.9496 281.2002 543.87085 0.0039057285
993.6708 1254.579 550.48175 1027.1162 0.0039035343
1148.2799 1487.6699 349.74777 654.0718 0.00388532
442.13083 1177.6057 805.0774 1007.9511 0.003874668
759.27856 1607.1223 616.7023 589.8764 0.0038702695
334.8565 1091.5698 647.4094 1145.0382 0.003868419
1084.6742 1183.7537 457.1022 1208.366 0.0038672355
842.6288 1328.7441 652.99005 1701.2435 0.0038625177
1060.868 1251.105 468.70834 1119.5505 0.00386019
428.41614 1761.6141 286.87112 334.14145 0.0038585933
656.39996 1292.0801 422.71378 1131.5573 0.0038575141
671.418 1923.9507 748.20953 635.2217 0.0038473527
676.3752 1959.5541 509.31314 545.7752 0.0038204945
697.94836 1818.57 550.7244 749.3155 0.0038165876
792.4221 1508.0376 617.18854 850.9822 0.0038145413
897.27783 1782.6064 411.2952 613.66473 0.0038130232
528.5535 1696.4642 548.54694 748.037 0.0038014252
734.5156 1877.6241 386.90146 454.39914 0.003800703
608.0843 1169.217 416.83838 1017.67444 0.003800255
604.4467 1670.1781 872.1677 1029.4277 0.0037925926
217.41817 1392.1947 424.7996 1632.6982 0.0037794097
393.2322 1960.7915 412.9208 434.79306 0.0037773058
666.7498 1968.9766 396.1986 441.6631 0.003776915
382.31125 487.00168 622.3386 536.8938 0.0037680154
781.2654 1267.3429 720.63074 1641.9673 0.0037678902
923.4883 1048.1892 467.39267 943.4305 0.0037525515
743.5946 1850.9199 446.01968 464.3017 0.0037499105
888.3883 985.39014 485.42197 654.7355 0.0037331993
1208.4395 1237.5709 177.7247 240.92741 0.003704019
420.8498 1806.5868 361.6054 474.33374 0.0037033663
880.3886 1684.1392 608.0587 1033.3936 0.0036982922
469.43353 1365.4802 574.7919 857.2377 0.0036964777
205.89291 1847.623 399.24744 715.79004 0.003674291
1060.7145 1210.1128 272.69522 973.04803 0.0036598588
967.03467 1177.1864 655.94354 1482.571 0.0036566257
986.2542 1152.6864 377.26968 1205.7169 0.0036524797
436.12503 1962.8208 792.071 679.85944 0.0036348295
1208.9586 1219.8055 195.74875 312.49698 0.0036304614
377.60297 1830.0215 723.5779 766.5215 0.003629756
188.36057 2002.1232 357.53015 407.81085 0.0036280162
773.82526 1330.369 218.08301 291.6987 0.0036102985
213.50693 910.0365 278.72873 225.26413 0.0036069928
818.50336 908.2253 849.9943 1097.94 0.0035992994
648.1191 690.7584 261.0536 225.59908 0.0035943468
436.0991 2090.082 264.36053 226.37054 0.0035857963
1045.5006 1326.5187 180.4219 238.9884 0.0035828263
510.43683 2062.3154 327.51212 269.94907 0.003580236
1030.0376 989.35364 553.2987 986.7744 0.0035786782
370.23672 1574.309 560.14844 1200.3188 0.0035652607
552.9831 1181.7448 405.54358 1007.9491 0.0035570543
1131.8568 1076.7124 369.94827 641.1648 0.0035509327
619.76825 1687.2465 453.85226 750.7349 0.00354352
391.35126 1227.7533 325.80496 358.2094 0.0035365215
821.1878 1581.1761 653.58887 1238.3103 0.0035304988
597.3265 702.74524 1186.0598 990.9997 0.0035264129
1000.29694 1455.1217 605.8075 684.36816 0.0035213898
234.41832 1917.7323 435.4489 560.3612 0.0035202606
537.9171 1620.3937 397.06528 385.10825 0.0035120656
478.8181 1276.6884 539.50446 607.04834 0.0035046425
904.12756 1318.2963 457.91992 1279.7819 0.0035026362
372.9687 1523.5353 690.8062 1521.7982 0.0034906038
790.3617 1864.2878 577.6787 725.9277 0.0034884398
1024.3029 1377.1279 566.8299 1441.7874 0.0034864214
874.09143 1649.3684 567.1048 989.511 0.0034828514
552.9924 2127.8618 302.35043 294.79895 0.0034791694
1067.6381 1257.8102 271.50568 849.8128 0.0034752602
824.2335 1736.391 533.25555 994.2293 0.0034703754
650.91345 1293.6339 355.77747 690.7788 0.0034699698
942.45996 1272.8846 369.73694 395.14835 0.0034569926
556.1496 542.7141 1078.4493 678.50006 0.0034536973
705.3323 1875.3226 375.68674 525.7827 0.0034308736
521.49084 2179.7341 309.32993 226.23253 0.0034186305
181.24023 1526.3606 353.95795 1377.3822 0.0034177012
1030.0599 1570.8054 570.93085 809.75977 0.0034108008
250.68552 437.32834 280.29446 301.52692 0.0033825564
941.5548 1681.628 629.4993 1105.5052 0.0033799598
814.8369 1902.9094 334.01025 451.04797 0.003378044
865.4777 1295.3964 529.34143 1550.9331 0.0033770616
854.2212 1727.4524 745.4538 1091.8447 0.003371121
841.8004 1723.8427 487.318 662.62933 0.0033619967
749.0476 1330.618 769.2355 1589.6575 0.0033471019
565.2707 1456.631 460.8068 907.4119 0.0033449999
643.467 2050.8994 1273.2544 528.78705 0.0033293066
553.5068 1639.374 946.99963 978.3751 0.0033136664
540.25433 504.87234 1051.698 604.99426 0.0033097034
625.81573 1751.9976 309.5296 508.24335 0.003303438
667.4331 1496.585 385.14706 572.3667 0.003286138
602.38983 1955.8645 593.1596 518.1863 0.0032722251
160.56558 2011.306 305.94843 409.3675 0.003271045
1119.5981 1117.102 332.65613 522.4588 0.0032662866
772.19305 1278.1208 518.48663 1468.197 0.0032576958
695.9479 1635.685 411.52673 718.979 0.0032511498
891.71204 1408.7927 769.3963 1055.1095 0.0032477968
736.0508 1318.2014 232.18246 302.44427 0.003246544
1087.1758 902.06714 237.87866 500.2068 0.0032465146
608.04626 1896.921 291.48578 580.5204 0.0032413092
714.20825 1751.257 427.62885 475.1913 0.0032378295
720.05475 981.22437 373.08148 530.44934 0.0032162624
509.80972 1079.0913 227.24905 249.88483 0.003215448
936.0129 1435.3368 372.00833 485.28336 0.0032153518
683.2292 2121.9062 350.31018 309.99692 0.0032067376
510.5666 1393.1699 491.275 726.964 0.003204676
659.01776 2147.83 281.32928 252.86111 0.0031999287
929.60077 1193.5929 724.0469 1677.4012 0.0031989387
498.35846 1847.9397 435.10626 708.5218 0.0031978274
238.86436 2008.3834 458.651 405.40842 0.0031953782
757.76996 1627.491 272.06235 367.856 0.0031888464
467.2678 2101.1777 918.43335 418.4039 0.0031814491
1077.356 1304.6787 485.62854 1498.6251 0.0031749744
613.128 1141.4261 448.40805 1287.7905 0.0031745306
975.0875 1296.7747 305.3252 340.10498 0.0031700796
900.67896 1224.7717 810.11664 1849.3481 0.0031635873
666.1025 1737.1722 423.81052 874.04535 0.0031606052
692.62866 2081.5632 412.12946 413.66583 0.0031579472
877.7418 1169.9121 550.6104 1486.0553 0.003157416
723.02344 1592.7186 175.45685 250.52565 0.0031561286
494.89853 1236.7894 499.01868 1130.8718 0.0031532387
470.1303 940.1623 679.84033 1347.8335 0.003152915
371.70184 2152.7952 684.31555 303.95514 0.003143217
659.6404 2122.2104 1306.8201 386.76105 0.0031420921
627.7707 1997.1124 239.74985 224.70006 0.0031373014
642.2768 1227.0887 366.82968 942.7117 0.0031363799
458.821 1834.8789 291.47092 279.79434 0.0031313926
247.24092 683.71643 124.55993 123.33 0.003130336
653.8569 1956.4468 455.80338 465.72916 0.0031289659
499.3114 2207.0393 267.4678 193.12643 0.0031286622
1089.034 1099.0542 415.37845 582.6604 0.0031207812
1142.8346 1300.4985 227.15688 328.06998 0.0031200766
815.18994 998.1466 712.2022 1132.8853 0.0031016795
407.83945 1260.5115 472.76212 580.9993 0.0030998325
313.45862 1746.1335 602.00336 1106.2418 0.0030960522
235.30878 900.92926 347.20523 241.43039 0.0030948457
947.5793 674.1849 326.5894 441.50903 0.0030906557
248.35088 1187.1976 501.2457 2194.2651 0.0030855003
863.6079 991.12244 660.1354 1210.1108 0.0030819834
628.5898 2007.187 316.27936 343.54395 0.003080942
936.77966 1164.6489 222.08354 262.12354 0.003078696
782.6767 1988.3102 234.36177 287.97812 0.0030514651
209.63791 1852.423 314.61322 282.9699 0.0030495555
365.49234 2226.1125 178.87413 140.08334 0.0030486465
845.60724 1050.1189 698.1866 1270.3245 0.003035615
519.3621 1025.96 959.201 759.8832 0.0030351316
1118.8658 1405.3765 394.25085 604.9523 0.003028487
958.5972 1259.6277 477.94986 1536.7792 0.0030207182
354.57483 1085.4694 664.0878 1230.101 0.0030057572
1097.4108 1301.2963 417.06967 693.1681 0.0030018473
385.39206 898.1528 536.45844 480.62518 0.002999187
841.42957 1318.9789 777.7656 835.7372 0.0029855228
580.8506 313.60666 241.11208 175.67636 0.002966262
764.828 655.09845 295.25177 315.72934 0.0029599508
533.2254 1315.3994 592.9793 550.1734 0.0029546602
253.5898 182.0879 491.05997 319.8018 0.0029482783
756.33936 1318.0223 492.41876 717.4095 0.0029464832
316.08527 435.15695 226.17627 151.80013 0.0029464217
606.38275 1600.912 242.31128 257.37183 0.0029448825
539.89813 1753.84 606.1806 777.7855 0.002941878
1092.443 1688.4854 472.94632 1074.6908 0.0029400438
1026.869 1604.2657 368.13904 865.3191 0.0029378023
689.3749 1805.2712 333.12604 688.25867 0.0029236556
571.2188 1368.4167 461.8467 1008.5628 0.0029196716
594.774 613.569 1202.91 829.97705 0.0029177882
187.60066 111.09028 337.05624 146.05273 0.002913426
207.69392 2122.3347 405.58527 366.3986 0.0029105325
905.0249 1304.8168 476.28253 1597.4644 0.0029054498
524.62885 1303.5773 483.8809 1244.2805 0.0029041173
768.93097 1636.4595 487.50775 456.89407 0.0029022372
1116.45 1110.9053 390.51523 618.1054 0.0028928458
645.61487 1017.23846 496.1914 640.58527 0.0028825786
786.23926 962.4671 613.9148 796.9514 0.0028672866
149.12486 1889.0627 282.5745 645.43805 0.002866297
1166.2944 1244.0454 339.54633 867.2788 0.0028632719
759.3585 1326.3685 531.575 669.86017 0.0028573016
730.8592 1196.9491 239.5784 324.64728 0.002855954
282.95703 2141.8154 552.9826 332.01666 0.0028554015
1017.0111 987.80865 423.8099 936.60565 0.0028549563
391.77197 896.69305 677.3607 554.1031 0.0028541228
178.81079 1307.1486 351.18417 1826.2335 0.0028472384
942.8156 1566.2417 426.9186 741.8967 0.002843391
906.7357 1766.7234 413.08405 676.9968 0.0028419718
722.1058 1366.7251 766.53314 1614.8717 0.0028409031
673.7612 2203.1455 1322.2928 226.61804 0.0028404938
768.834 902.0927 176.93625 162.91733 0.0028401818
1024.8268 1493.2429 575.622 762.70184 0.0028392798
969.46216 1224.513 673.2204 1739.0009 0.0028363706
782.1987 1728.5118 462.6522 1015.2333 0.002835072
580.94574 1521.0457 485.68475 978.17126 0.0028276045
1081.9468 1314.7549 445.22775 1006.83374 0.0028254353
559.7626 1525.5917 318.83136 329.4327 0.0028196725
606.1369 1927.6011 854.70264 874.3808 0.0028116954
831.51117 1860.8396 742.04535 885.1577 0.0028090682
402.20712 1356.3905 697.79474 745.6352 0.0028075648
354.1636 1392.473 609.83997 1611.3774 0.0028061767
487.83176 2157.3125 298.49915 214.35448 0.0028046228
552.463 1796.5928 269.70074 277.0608 0.0028041971
604.55835 1297.7823 204.8032 246.29625 0.0027991163
1202.5017 1024.1078 263.39423 746.3187 0.002795602
369.23584 539.2667 244.00848 149.27608 0.0027941028
167.60884 1662.882 324.07703 1091.4937 0.0027924546
740.18036 1270.7517 746.47516 1648.1603 0.002785871
357.16492 1081.9214 640.19714 816.9549 0.002778954
841.2607 1667.1351 329.3639 408.25473 0.002778732
1146.4531 1294.0546 330.83398 415.94965 0.0027778705
368.41934 521.7051 192.96646 169.31013 0.0027766123
832.26154 1768.264 305.48865 286.01028 0.002773594
698.0645 1217.5135 472.4506 507.902 0.0027716297
945.87146 1122.3026 339.68042 562.0864 0.0027709564
279.4764 2047.3087 212.62306 217.66202 0.002769348
1054.8594 1377.5775 264.34796 566.8883 0.0027685738
658.227 1022.6889 338.46918 573.0362 0.0027629922
534.06366 1582.3357 885.684 1372.4037 0.0027561672
963.31146 1358.7814 427.2872 1413.465 0.0027551726
741.68225 1706.644 282.6785 474.2807 0.002754743
615.0898 1927.6757 448.7256 524.0457 0.0027520824
723.6853 1136.313 409.63177 666.3404 0.0027490114
472.35455 1995.8815 957.2226 649.04266 0.0027455871
589.66956 1085.102 469.3792 644.56384 0.0027443615
983.5203 1334.567 398.87674 1353.438 0.0027417461
659.11755 1168.3674 1306.5618 2265.2188 0.0027358346
670.3767 1671.9233 449.52435 927.7723 0.002720279
229.11293 2208.0254 449.1191 210.9553 0.0027174125
489.87595 2217.3616 243.86026 177.5836 0.0026891644
1039.5326 1464.3445 561.4029 1397.1227 0.0026888316
239.92052 2225.0884 362.2633 154.81322 0.0026610265
689.6258 1681.9834 386.6305 917.3469 0.002654363
940.8812 743.44885 482.57547 809.57153 0.002649064
634.17993 1987.91 447.73923 757.07196 0.0026438888
924.55194 1287.1497 511.122 1641.1187 0.0026319104
770.871 1648.1177 174.81325 244.73672 0.0026289544
771.0762 1624.8444 283.015 340.80835 0.0026181815
698.0807 1783.8251 252.27641 395.90848 0.0026088965
694.9373 1323.6882 517.66583 805.40967 0.0026058063
1208.1113 2164.3726 294.30093 305.99823 0.0026029698
529.0019 1921.7628 570.3374 552.0211 0.0025831184
130.55649 2203.2625 254.98734 208.4342 0.002577928
811.1023 1731.8866 660.42035 1114.3792 0.0025578958
64.36168 2159.871 128.4191 277.45874 0.0025438184
768.15594 1785.5934 548.57007 976.29565 0.002531558
539.75464 1542.9512 496.61188 1032.8286 0.002530116
1018.985 1488.9109 295.01068 631.6832 0.002521531
1099.508 1043.4723 438.66812 1205.6934 0.0025192124
276.61853 1591.188 512.28375 1204.052 0.0025133993
796.5347 1390.9905 248.47221 338.24362 0.00250788
1076.0817 1252.9075 493.13632 1683.9379 0.0025002572
1090.2236 1272.6993 198.88174 274.56842 0.0024964975
759.1646 1680.4567 187.2205 271.48703 0.0024933289
103.6771 1999.4044 193.89464 418.63422 0.0024899843
843.6027 2023.2582 416.52258 438.17035 0.002487966
932.1564 1311.0957 475.25098 1581.1676 0.002481789
595.0115 1292.7104 673.8649 779.0855 0.002473376
1133.9834 1272.2552 387.92972 1444.1318 0.0024654956
623.7367 1532.3276 297.04077 301.2415 0.0024556923
586.492 1524.8593 560.07324 1303.9528 0.0024533395
1033.5801 1109.154 535.40045 1324.1317 0.0024503248
438.55106 1482.4022 359.52597 399.66376 0.0024368218
1251.0814 1161.6746 183.15367 426.9736 0.0024146596
93.01233 2234.4153 169.66908 141.83194 0.0024078416
659.0783 1942.228 317.62836 689.37274 0.0023760442
865.67255 1835.2103 372.95844 294.44937 0.0023756803
1216.2994 2016.3864 281.20523 601.3137 0.0023749843
488.09457 2153.0566 1044.4872 318.06958 0.0023721298
578.21765 1204.033 966.0741 1660.1255 0.0023667421
1242.0891 2171.912 215.26003 291.94012 0.0023661985
290.47147 2256.322 570.0447 119.76113 0.0023628564
681.7807 119.590324 1345.3405 231.25294 0.0023623405
290.14413 2242.6516 571.0635 137.88055 0.002361663
636.23315 1879.7329 799.5499 895.89197 0.0023614317
331.3245 1375.3868 524.9491 1079.5239 0.002361098
1240.2587 2039.8348 221.72704 552.27985 0.002359846
1243.1462 2155.3987 211.65738 324.59497 0.0023551479
727.6713 1472.6497 550.90265 875.6467 0.0023524717
482.98734 1109.4501 791.4241 1449.5045 0.0023490263
887.02637 1611.0789 250.457 495.0389 0.0023384043
510.36148 1955.5635 905.7142 849.0764 0.0023349216
419.66974 1232.9298 750.78876 890.7121 0.0023312457
867.08356 1448.7981 568.40826 1064.9907 0.0023232256
826.159 1563.762 365.25943 480.32358 0.0023204288
985.6599 1697.3048 127.83541 156.62282 0.0023201485
633.81415 1387.9431 381.97025 1305.328 0.0023170987
1136.5016 1261.1099 385.04248 1460.5968 0.002311534
653.2078 1519.5369 353.7397 998.83734 0.00230746
1248.3252 2047.4403 209.77847 540.92896 0.002285719
1263.8849 1984.1732 184.32603 673.50867 0.0022841024
728.6163 1438.3754 536.7041 962.26953 0.0022730895
781.3267 1439.5592 170.06523 191.62448 0.002271266
402.4908 1920.8164 759.35175 801.2658 0.002269934
1136.7333 976.8158 365.79144 755.44586 0.0022681032
533.2366 2039.0071 850.3194 682.1054 0.0022663192
639.37384 1356.5748 425.05896 672.7679 0.0022656303
1150.2559 1221.8126 368.47763 1256.0712 0.0022603278
1222.3077 2194.093 245.1703 245.08244 0.0022546216
741.3723 1593.6471 548.7721 1242.3943 0.0022450811
581.5347 1364.908 407.92517 721.3814 0.0022411433
839.70685 1491.2747 332.9535 1097.049 0.0022350366
95.28908 2258.582 187.63469 110.551025 0.0022323192
1055.6775 1210.1982 259.54507 1008.77075 0.0022317637
594.77893 1492.433 546.40247 888.86816 0.0022298384
1087.2446 1250.7363 410.70132 395.36578 0.0022233436
537.9976 1426.7543 465.53906 1116.8503 0.0022081546
678.5319 1815.0295 772.275 1027.5406 0.002207331
493.9152 1979.1145 936.08185 668.76227 0.002206301
501.52002 208.27896 345.265 188.41283 0.0022007874
1271.4257 1351.7756 182.54312 344.6756 0.002200488
1087.4583 2169.6533 335.89557 280.27176 0.0022001988
845.13635 1992.4749 192.32903 252.23651 0.0021996452
1281.3578 2070.7512 139.46733 496.3236 0.0021916328
464.57492 2068.53 913.34955 503.18967 0.002185013
466.6307 191.71075 308.1911 152.5844 0.0021793563
851.8748 1143.4316 332.47385 420.2552 0.0021782564
1263.4335 1567.9497 182.52174 782.9377 0.0021636074
853.6308 2021.8041 771.2315 573.22754 0.0021623652
444.64822 1658.3279 717.09296 555.21704 0.002160912
820.39026 2057.0 190.19534 233.6471 0.0021589408
257.12506 2287.1606 502.30798 59.62445 0.0021574672
558.1902 1362.393 453.1849 1250.43 0.0021382582
1144.349 2165.4387 262.91602 279.16406 0.0021381166
857.1961 2043.557 572.9999 497.64038 0.002131638
1108.4918 1577.5876 424.02557 719.14417 0.0021296132
1091.8125 1551.2223 328.84073 798.34344 0.0021284188
82.845955 413.9757 150.5589 360.44296 0.0021251685
939.9086 1333.0403 411.4231 1520.5889 0.0021244092
818.00916 1178.8894 462.59338 1283.4772 0.0021234723
527.53546 1717.4368 493.60938 782.99493 0.0021211961
296.37793 2180.7314 580.5117 272.65582 0.0021091006
841.25995 381.96832 229.6559 224.63426 0.0020987052
569.1572 1550.2345 501.3013 886.5833 0.002097551
1136.1582 1540.5146 308.5413 694.93726 0.0020930902
248.75333 2290.8364 379.5091 52.28528 0.0020892723
1153.559 1346.0452 311.68948 773.32697 0.0020878967
886.07513 1168.8925 386.62167 547.9829 0.0020873097
154.62556 1795.1877 291.88864 777.3079 0.0020804428
877.1419 2088.0713 247.42741 239.26541 0.0020744384
518.2628 680.7182 126.590065 121.951996 0.0020732414
681.8442 1985.1188 448.04306 646.98425 0.002071911
968.9887 1833.76 357.11456 445.41092 0.0020693983
249.01059 1437.2192 446.29333 620.5168 0.0020663105
833.8671 1040.5791 278.3712 472.40115 0.0020639512
697.47144 1525.2441 442.71225 837.74023 0.0020631617
1189.1261 1212.8389 297.18842 946.76483 0.0020570857
725.0747 2218.9592 248.00381 160.38857 0.0020547162
1171.9908 1610.7109 294.43277 849.2788 0.0020517772
575.3817 1294.316 458.30322 795.45325 0.002047243
323.48355 1443.2712 568.35 772.34314 0.0020435601
1002.47296 1712.6001 406.02057 762.36365 0.0020423003
846.01 1492.8087 320.4966 1097.8584 0.0020422458
756.0622 1390.247 235.40178 341.16293 0.0020408963
1105.3794 2142.0784 481.04517 348.28503 0.002036802
659.59686 1169.5847 1303.9567 2269.203 0.0020348432
930.239 1968.3815 266.63318 314.12695 0.0020194934
1214.3984 1479.2594 252.0071 752.1842 0.0020171585
441.0641 2262.0066 931.2486 110.234695 0.0020139453
1086.6282 1936.1777 423.34183 860.02704 0.0020094104
719.0133 1402.1525 680.68225 1495.3704 0.0020078698
308.05017 2246.658 609.46814 130.18895 0.0020009875
413.9031 1867.2225 669.56537 960.86676 0.0019993922
1067.9901 1625.3658 422.78693 588.3991 0.0019970357
637.5532 1286.544 495.09714 936.73157 0.001996194
1019.59906 1883.8463 444.75995 810.6192 0.0019952527
777.53674 2162.55 405.28943 263.91504 0.0019944687
119.58399 1706.6984 226.5956 1041.7301 0.0019896755
1190.7836 2105.5415 240.5546 282.18973 0.0019878177
846.8056 1092.6959 857.99243 1289.5908 0.0019849243
368.8412 1745.4598 538.1326 874.19434 0.0019802642
441.68536 2205.319 830.86456 224.98006 0.0019724579
1202.2152 2053.1125 311.22916 519.6331 0.0019638818
205.44937 1307.8665 332.69553 288.61487 0.0019611695
1267.8036 2146.0874 161.67018 342.29248 0.0019547886
504.05014 2252.2183 213.54482 114.04351 0.0019540845
1232.5558 1988.7493 240.0067 241.24275 0.0019481491
475.0146 1367.1561 305.90457 346.50674 0.0019474261
1091.0608 1307.5005 501.0371 1919.1174 0.0019470942
1140.0598 1449.4772 378.22427 789.9577 0.0019466811
1164.0369 1381.3732 331.36575 903.3271 0.00193848
260.3904 2052.1829 503.60916 611.12427 0.0019369796
989.4401 394.48285 262.86533 268.5017 0.0019309693
1026.4321 2192.4946 274.78275 228.81377 0.0019243072
902.57605 2083.8308 243.48758 240.3731 0.0019231004
283.06317 2290.042 562.2914 54.723156 0.0019068841
465.65308 1451.55 660.9986 1538.7289 0.0019016857
1241.2478 1594.7795 192.30476 844.045 0.0018974565
1082.8303 2122.3035 294.83618 320.90887 0.0018955808
1220.2646 1911.5729 268.56033 323.47955 0.0018880699
978.47046 1516.8287 406.38086 1303.3446 0.0018868939
867.8609 2180.6726 458.5054 256.3378 0.0018866137
484.20935 2105.4158 1010.2358 522.82 0.0018854853
1208.0096 1003.6926 218.10806 367.39563 0.0018759561
942.96844 2234.5776 328.76028 164.64658 0.0018757149
1312.4336 2098.919 80.877945 440.08347 0.0018678656
403.01627 2259.979 836.2708 119.02899 0.0018638968
706.1565 1976.5175 756.5709 674.2155 0.0018613951
961.02576 2217.78 235.2475 189.97797 0.001856816
1138.896 1993.7263 360.25262 398.06525 0.0018537315
1178.948 2219.7715 332.1809 193.4887 0.0018507835
1097.2145 2146.2026 268.46725 338.4477 0.0018462832
1205.6764 1705.91 252.61172 444.7729 0.0018415186
1132.4224 2123.9678 223.26614 230.37384 0.001837988
1319.8188 1520.7007 89.70856 828.08997 0.001833244
987.6812 1883.5935 260.7543 298.2244 0.0018308555
862.68396 2201.0605 587.59564 219.6428 0.0018284739
266.6245 2282.7915 509.94574 66.655396 0.0018256701
1178.9316 2094.6003 237.42046 204.51097 0.0018242333
774.0915 1188.502 368.9479 826.6309 0.0018089603
1259.5585 1114.1542 202.02872 519.52264 0.0018058531
1092.7451 2237.7346 354.38083 159.53377 0.0018038917
1060.3634 2099.5208 545.28876 420.51968 0.0018020689
1285.0007 1823.1669 151.40038 1008.6056 0.0017936152
1289.9628 1794.0208 136.26503 445.84634 0.0017922635
1227.5292 1728.4825 177.23796 249.96227 0.0017849563
1273.023 2212.1023 150.01288 210.5659 0.0017840296
1022.06635 2195.5242 216.50607 220.02904 0.0017829363
914.1715 2174.469 371.12317 270.76782 0.0017775958
886.931 1356.5748 414.35175 1466.6368 0.0017769082
601.29865 2227.121 481.96796 173.50113 0.0017751694
1104.3707 2237.9824 232.91173 160.81128 0.0017718954
433.36005 1605.9495 628.93463 1392.1691 0.0017684123
1038.3346 1983.8881 410.94424 688.03827 0.0017658082
431.88834 1522.3877 514.4161 775.2496 0.0017618596
993.15906 1093.2283 538.1118 910.84485 0.0017616047
822.1028 1907.472 759.7334 848.72076 0.0017605174
670.4038 1248.4647 390.78857 654.55084 0.0017590282
1267.9077 1596.3129 182.04552 855.18536 0.0017580638
690.98444 1127.9935 514.9486 710.0266 0.0017528422
1281.1102 1759.2982 187.57442 268.64453 0.001749941
993.5625 1239.3599 665.1086 2019.6521 0.0017437688
1275.3779 1886.0839 153.24065 281.12314 0.0017385026
744.51324 1574.7063 591.0354 1003.07477 0.0017363854
661.8278 2153.1497 727.04596 443.0709 0.0017323771
1137.7045 1902.7771 331.2678 397.7215 0.0017218326
1280.533 2087.6152 176.79115 448.71786 0.001715502
968.0524 309.28546 415.94232 383.31396 0.0017127906
447.8622 1812.6519 530.3993 749.05414 0.0017102772
1318.9415 2215.4773 96.01687 204.34363 0.001708844
976.9869 2186.2578 227.454 213.88904 0.0017066882
302.5283 1414.4065 528.5866 689.89825 0.0017063933
538.808 1591.2605 810.35376 1695.1497 0.0017010876
483.0072 2271.3416 1053.9281 95.59777 0.001699747
533.87695 1069.3052 987.6796 697.54254 0.0016971397
1041.7036 2058.4368 346.5088 446.18945 0.0016958121
713.12354 1279.0248 389.14215 1076.4891 0.0016952083
965.7385 2195.444 589.2902 254.9391 0.0016930052
1161.6257 926.57806 298.8424 522.77203 0.0016880503
1268.6348 2047.5933 163.09967 350.24054 0.0016846587
636.4285 2252.241 994.7101 219.03368 0.0016843724
1256.7378 1756.0676 216.70805 358.76392 0.0016811842
1260.0021 1454.6208 197.88135 551.77423 0.0016767578
1280.0945 1883.6729 189.81743 263.8586 0.0016707781
1296.6111 1280.1941 94.8202 196.61925 0.0016644432
1227.5355 1839.812 251.94156 404.62158 0.0016590252
1208.7988 1632.8422 292.91235 1139.7463 0.0016571324
1084.0985 2133.497 207.55841 266.94098 0.0016563485
897.95215 2169.9216 205.5131 228.84865 0.0016465246
393.45627 2188.0698 785.76874 275.74493 0.0016445568
1179.1318 2272.1807 285.18802 87.295006 0.0016437968
519.13196 1467.0977 457.42032 890.143 0.0016405133
1157.7567 824.8316 318.29797 437.1981 0.0016387149
903.7082 2269.7158 618.583 94.41393 0.0016278744
711.30835 1682.4047 564.1033 874.3632 0.0016258089
1238.6572 1482.8113 228.1175 570.8752 0.0016257239
1043.0963 2261.0295 538.84625 110.50943 0.0016112837
1235.0181 1754.3676 193.61218 276.15826 0.0016078937
1220.883 1232.1128 265.78687 1093.1722 0.0016063735
1302.26 1940.0522 98.46213 353.3472 0.001605077
1016.59564 2242.1648 241.49475 153.79488 0.0015999501
1288.3868 1552.1803 142.94916 655.2828 0.001591035
1182.9323 2269.382 328.67346 100.91504 0.0015846535
1140.1841 1768.6736 297.1684 528.94763 0.0015839218
621.40686 2294.143 1281.5557 71.17491 0.001576456
717.6392 2244.0618 635.47986 205.28502 0.0015713158
754.1236 1479.1709 386.75525 560.1384 0.0015598373
1260.7958 1058.9386 193.26729 641.2537 0.001559426
1116.6027 1925.638 339.5813 541.48175 0.0015579818
389.1749 2275.136 575.63214 83.048874 0.0015575865
1299.1619 2118.641 114.21625 397.58328 0.0015570172
1067.2094 1899.3921 276.46136 358.9794 0.0015568311
662.44586 1172.984 1282.6361 2265.2869 0.0015533514
638.0105 1697.5774 864.4229 1352.0255 0.001551437
1237.5435 680.79285 239.83469 823.45496 0.0015464048
428.8312 1644.619 635.73236 1017.68445 0.0015454465
550.27106 1617.2767 958.152 1658.692 0.0015358969
1099.4907 1869.0806 263.072 315.29703 0.0015352543
1135.326 2279.1243 434.76505 80.15363 0.001532258
357.475 2296.3323 724.2948 60.471684 0.0015211102
1066.8788 1964.3868 214.72067 221.64658 0.0015207821
1238.3137 849.04877 237.75806 437.0044 0.0015173582
1300.0712 1682.7776 122.66311 340.87305 0.0015162325
402.44104 1634.4689 491.34082 841.0694 0.0015141201
1249.5433 1310.8433 222.38528 965.3238 0.0015019915
394.4777 2300.9353 801.8615 42.02589 0.0015006884
867.14813 1379.2811 382.85953 1337.2222 0.0014986842
1299.7404 1470.9817 133.62181 507.57846 0.0014909591
1292.4364 1901.5016 169.39746 245.7809 0.0014881258
1318.5247 344.56442 115.50863 599.3743 0.0014794151
1313.9419 1876.2019 74.55998 292.95786 0.0014746132
739.1515 1416.6945 381.05194 875.50464 0.0014681441
472.76932 1031.2793 786.5026 708.463 0.0014667802
1301.7063 1714.9708 118.04906 1189.6426 0.0014660298
821.2165 2277.0933 257.7342 85.05945 0.0014648715
1271.5471 2227.8037 148.74336 181.17845 0.0014617362
1306.9106 2129.4165 103.435555 387.7269 0.0014547588
1158.2017 1664.2446 267.09232 444.81992 0.001450896
1148.8197 875.94653 358.07187 972.917 0.0014503505
582.4877 1067.6903 417.15225 581.64404 0.0014485732
552.39954 2266.4177 394.2841 102.89619 0.0014460008
1219.563 1757.8628 255.2472 512.6927 0.0014432803
1054.3616 2034.7769 186.957 171.39882 0.0014412043
1059.2795 1968.9635 197.19801 203.96834 0.0014405203
1140.7928 1942.7805 348.2601 545.1634 0.0014377834
1266.2048 1788.7933 154.67538 614.02106 0.0014308793
1239.1727 2244.1418 201.6115 146.22485 0.0014291145
590.70245 2020.3446 942.5998 579.94385 0.0014130009
624.0151 2263.6604 392.61514 117.231155 0.0014112358
612.1234 2280.6772 917.938 80.06444 0.0014040451
1233.7849 2246.868 233.00386 149.56516 0.0014000188
1294.4513 2170.0952 108.76455 298.14044 0.0013965181
916.3166 2286.2258 326.64536 66.306046 0.0013867604
579.65674 1782.4481 794.223 653.1755 0.0013866983
1333.7208 2121.9995 51.434822 395.0766 0.0013745453
1186.3475 1548.282 311.2265 1167.3857 0.0013646873
1057.0586 2274.0098 197.80081 97.5733 0.0013329999
583.5375 2276.3286 1215.6381 155.53365 0.0013298164
1294.1631 936.6477 133.79295 319.49243 0.0013294966
1318.1182 1735.7065 87.737076 779.6672 0.0013278276
1319.3203 1741.4856 85.97913 658.8614 0.0013262571
1273.7683 2171.4292 189.30003 281.98685 0.0013253196
592.8098 117.84304 368.9488 167.13748 0.0013236313
349.88922 1199.7986 547.29 1302.3134 0.0013231655
1313.9655 1532.7045 83.108246 334.70605 0.001317193
1291.4891 1625.515 146.70651 826.7889 0.0013109391
1330.1354 1904.2811 55.52945 246.64525 0.0013001448
1318.4982 2053.238 84.114555 373.47824 0.0012990884
604.0182 1618.4354 476.208 756.7694 0.0012948613
1132.2899 1811.4885 196.03783 246.89339 0.0012936261
1092.6063 1699.7125 168.88962 223.72574 0.0012838141
1259.4468 2269.756 170.57457 95.05449 0.001279154
1305.2684 2243.9019 99.33635 152.16678 0.0012751987
1279.0374 1214.5873 152.31775 2183.1387 0.0012745848
1266.5247 758.83844 228.44492 398.2423 0.0012724341
1271.6628 2276.4265 171.56598 93.86215 0.0012703598
1324.895 2102.7515 58.96669 449.80292 0.0012552423
837.5189 1172.6151 404.3794 501.00104 0.0012513204
584.3285 363.73767 1112.0775 646.80896 0.0012508681
1240.8422 1490.5452 186.31807 316.53708 0.0012426777
1332.9105 2238.2542 54.220867 164.71896 0.001241409
1332.177 1438.2783 51.953514 583.1787 0.0012099463
724.3996 1789.066 553.5245 795.6011 0.0012069109
405.31256 1510.9686 599.17645 1089.5283 0.0012052945
1334.2665 2072.4019 51.86003 245.41084 0.0012036797
1206.3187 1411.6399 303.1419 1249.3246 0.0011863518
1334.2782 1634.4652 54.243572 253.74362 0.0011849193
1043.823 2275.468 278.09827 93.77192 0.0011832911
700.79926 1317.8253 578.3996 1442.3488 0.0011815464
1327.7533 1410.7659 58.06819 582.58356 0.0011769874
1350.4862 2101.9553 41.37263 319.10776 0.0011679077
252.86757 1291.383 409.01852 1373.0863 0.0011673621
1320.904 2209.6287 72.23464 232.06865 0.0011668841
1329.1085 1968.3457 66.372986 745.25354 0.00116152
751.3938 1468.5396 499.16663 1224.9205 0.0011577195
578.74817 981.5145 1052.0258 840.0913 0.0011522142
1308.5315 2259.9973 83.87954 118.80911 0.0011488004
1336.5833 2080.549 41.97203 487.12262 0.0011354916
1258.8995 2258.8232 170.18375 131.5267 0.0011337003
1292.7822 2133.186 144.47768 238.74123 0.001122915
247.67334 1228.0443 479.5768 1919.1191 0.0011188799
380.77606 1776.5664 583.3606 1045.7667 0.0011182511
539.31647 933.7244 602.65283 675.92834 0.0011127578
1063.1292 1945.4957 650.699 739.49695 0.0010836512
242.1335 1167.2319 473.04083 2187.662 0.0010808303
349.8697 1058.6029 511.45166 1335.7172 0.001078694
546.34247 1394.2921 1031.3784 671.3727 0.001078658
1242.7592 1108.0121 227.63702 529.4495 0.0010769818
1326.5295 1749.5288 67.59805 516.32544 0.0010636749
217.03445 382.1701 385.21585 365.87482 0.001052552
1297.6428 2306.5608 118.6921 40.022697 0.0010485346
1308.6908 2164.6086 134.53502 319.68173 0.0010400104
1260.2644 2296.3772 160.249 60.877113 0.0010298397
649.70056 1178.0339 448.83707 637.2475 0.0010250752
415.73276 1225.3151 751.863 1912.2617 0.0009981404
1347.1503 2071.8594 31.078901 203.31306 0.0009949494
402.27753 1232.7162 734.9833 2007.8181 0.0009818957
750.80914 1169.7456 519.87146 663.2025 0.00096939126
245.3361 1572.1198 359.33224 1250.7144 0.00096611894
538.992 2024.2155 772.6852 584.63477 0.00096346287
1341.1317 1991.6887 33.521294 378.62375 0.00096111675
538.98047 1444.1884 433.49814 842.66754 0.0009563909
471.65234 633.80853 802.0427 766.79254 0.0009452056
1349.4703 2186.7925 26.04251 236.08678 0.0009272922
570.0278 1214.2627 438.1811 658.81714 0.0009017693
1342.8933 1970.4623 29.956017 390.3706 0.0008965583
571.62915 1256.1488 499.3746 714.3167 0.0008804267
708.3518 1596.2406 574.2219 979.982 0.00087544636
1345.8472 2230.2925 21.815083 178.76712 0.00083894696
728.12 1359.9055 493.48654 1119.3407 0.0008343828
1335.4114 136.18607 89.38995 636.6772 0.00082735706
1344.8308 1767.5721 29.027996 411.5498 0.00082544115
1344.7542 1679.4601 29.351946 382.85144 0.00082157174
826.22314 1194.9913 543.6232 1290.6022 0.0008084102
884.3338 1262.4452 440.83032 1431.8773 0.00080417446
1350.2786 2228.4338 19.989565 180.1563 0.0008026376
484.1243 362.10498 977.1224 759.5035 0.00079991703
588.02484 1409.6497 1060.5724 805.0182 0.00079259195
382.85013 930.31946 530.48486 1227.2268 0.00077081163
544.4945 1524.4819 786.39954 797.8245 0.0007699542
374.03644 1590.031 523.5626 1211.1947 0.00075665454
884.4535 1862.7074 537.4349 728.6041 0.0007519087
1299.2068 34.74877 196.02193 392.2686 0.00073945103
1347.6038 2189.81 20.770546 253.82458 0.0007373021
431.06506 569.36316 953.0978 1062.96 0.0007282846
432.7444 1706.8247 614.30347 1188.8494 0.00071609585
477.85712 1478.8353 526.306 1062.0736 0.00071311096
1345.4957 2278.2678 22.118565 116.13093 0.000708628
645.10724 1368.6128 653.2464 741.1552 0.00068145455
1345.6802 2285.5369 22.048592 73.761215 0.0006663053
239.43385 740.0046 462.4472 790.6235 0.0006365145
677.8419 1487.8561 850.24774 767.73517 0.0006202938
451.55917 642.01733 924.4299 788.79443 0.0006199837
727.1738 1913.2303 793.0257 584.6377 0.00061841955
840.2822 1271.1765 859.8956 792.3212 0.0006077987
609.1579 1066.5175 764.9337 783.78357 0.0005115679
584.973 1203.6779 1148.162 709.6745 0.00049025816
682.56213 410.45184 1069.322 748.40326 0.00048636226
1149.1824 1287.0635 608.98944 605.2304 0.0004851336
1098.0391 1588.507 520.5868 581.3887 0.00046648594
615.12024 385.76816 1123.6787 790.8683 0.0004440181
816.38605 863.10956 653.0257 842.6936 0.00044001173
619.5459 716.52985 1290.0049 929.3796 0.00042602932
930.8508 1374.3538 702.6559 664.95917 0.00040888984
648.45245 228.30334 1293.5428 669.6215 0.00037724394
921.04254 1239.5063 650.56213 808.49506 0.00037467183
1075.6171 842.5842 672.2097 564.27997 0.00035258598
635.76746 289.38742 1286.1913 883.6154 0.0003255075
