533.97577 1555.0121 1060.5968 3092.2021 0.6386116
514.96747 2105.0017 1019.1898 1926.6146 0.16904265
562.9545 1829.1016 560.78217 1204.4784 0.15501298
479.53937 2036.4698 902.7633 1750.698 0.14641723
488.80457 1940.0538 841.8796 1525.0946 0.11668695
567.27295 1860.327 517.34515 1037.5244 0.11247398
520.8053 1873.7836 1028.9287 2386.2412 0.11090288
505.91205 1700.0952 907.29456 2095.5986 0.08302538
515.4686 1945.0859 961.0439 1546.5656 0.07850015
547.83185 1971.0831 680.51904 1521.7756 0.076152384
498.03787 1682.2224 837.7392 1961.2015 0.07468396
452.29453 2126.358 875.6483 1900.8763 0.07031423
565.6882 1849.445 530.0917 1085.574 0.068073325
509.2657 1845.6576 761.83344 1337.2495 0.066299655
482.53928 1849.8428 883.8601 2097.232 0.06616721
290.3679 261.81583 579.816 522.1991 0.053323574
74.65971 3293.122 147.55722 438.83826 0.047463078
40.822845 2857.4053 81.43682 503.6665 0.042833287
505.0276 2626.3948 1004.4878 940.07623 0.041276243
42.317375 2821.6636 84.5626 578.08594 0.035635732
587.4713 1966.5946 741.2835 1532.4207 0.034634516
287.68198 206.01022 573.41284 410.69556 0.03434193
39.92152 2920.4775 79.40341 374.64706 0.03327273
533.34174 1553.8269 1056.1514 3089.803 0.032290686
294.25476 1555.242 582.55 3096.3633 0.029092917
291.55933 806.9165 580.8831 1613.9657 0.028188627
433.87582 1432.8604 817.8537 2205.5332 0.027560696
516.1163 1595.941 732.63104 1694.0502 0.02749393
622.26263 1832.4772 721.3168 1232.0734 0.026602069
487.3173 1481.9408 770.13776 1756.6279 0.026555073
533.82117 1633.5316 826.2765 1584.4044 0.026059257
429.3702 1721.1603 828.41504 2419.2087 0.022144409
584.7752 1814.373 743.0229 1246.8308 0.02139764
313.53024 1555.1592 621.60535 3079.3352 0.020743448
74.19615 3051.972 147.71228 914.7843 0.020683276
607.59045 1811.5352 722.4196 1210.1609 0.0204543
527.3474 2264.5786 1043.008 2447.8848 0.020416494
522.0324 1255.267 1024.1702 2365.0095 0.019951688
290.90692 544.0571 580.8219 1077.6937 0.019840142
534.16754 2869.6707 1055.1177 1270.5347 0.019637099
530.6834 1060.237 1049.391 2110.191 0.019292712
519.0391 1785.5408 927.67444 1299.7974 0.018611709
420.00928 1569.9735 814.4924 2672.202 0.017910173
293.22256 676.1856 584.0642 1348.401 0.017739357
447.69174 1283.5546 865.0333 2302.6895 0.017373914
43.098095 2704.2466 86.2726 830.9358 0.017112253
575.6486 1523.3088 842.9418 1897.5402 0.017077712
468.6967 1974.2782 640.3248 1074.6909 0.01657945
495.33148 1854.2657 363.187 953.42834 0.016412329
293.77832 1156.583 581.36554 2308.942 0.016326766
38.76255 2982.0608 76.86453 243.992 0.016196512
304.39484 354.83093 606.42163 703.82837 0.015641829
527.4517 1961.7809 1044.5204 3004.4724 0.015485479
384.245 246.11804 763.51105 487.27594 0.015454126
385.8035 1590.1006 741.2021 2109.4805 0.015208691
508.44208 922.19867 999.5447 1765.5863 0.015177541
634.03326 2083.771 737.52844 1781.1312 0.014984862
508.73044 1258.7686 980.08594 1682.7538 0.014779137
867.8893 2231.1409 229.4149 254.01115 0.0146328015
110.35671 1004.9975 218.5786 1258.6718 0.014118165
504.28613 751.40875 996.63446 1492.4338 0.014008598
529.06213 2503.3076 1045.0857 1971.1365 0.013921558
504.60593 1220.7483 875.1092 1582.5809 0.01377372
290.02356 1235.8483 574.089 2479.4153 0.013412484
562.49347 1745.2303 456.78577 646.07294 0.0133886915
501.66354 1312.5262 939.6737 1683.4171 0.013051176
532.3328 270.1662 1056.4385 534.7568 0.013041917
870.1061 2260.208 277.57455 339.56125 0.012941908
459.92786 1735.5123 776.96576 1160.7551 0.012910875
86.392746 2840.7178 171.07991 528.7106 0.012897372
452.76666 1246.8085 111.68351 144.575 0.01289026
413.41754 1226.3019 793.9986 1938.1846 0.012809668
404.36636 1731.3429 624.59796 1788.8147 0.012766734
530.874 1772.623 350.68872 518.4062 0.012484872
598.7352 1613.2538 805.4429 1697.5049 0.012407128
513.6351 825.7198 1014.18805 1636.065 0.012385039
511.03046 2182.3083 383.44858 356.96848 0.012354514
435.459 1270.9747 162.72708 201.51491 0.012199258
444.122 1862.6791 602.8541 1285.6816 0.0121213235
524.73267 1551.5759 550.30273 1594.0123 0.012062846
206.34448 2762.158 409.09775 668.5015 0.012005738
444.6252 1372.2782 713.3361 1602.2134 0.01197976
374.72272 2028.3726 710.8671 1621.0889 0.011872784
310.38873 1215.6602 615.9194 2426.1824 0.011791971
35.58368 2663.6648 71.47318 893.4005 0.011608234
421.8116 1818.3491 574.2099 1180.2489 0.011503247
504.46332 1254.7789 969.5317 1580.7855 0.0113658225
22.363823 2842.9814 45.075233 523.76526 0.011212447
435.13995 906.26764 620.8796 817.04333 0.011071508
133.44382 2812.6584 264.6779 575.8565 0.011065991
291.72177 444.06415 581.03125 881.83575 0.011062093
72.63931 2877.4214 144.27634 1267.3505 0.010802968
252.73807 2735.074 502.62415 714.7135 0.010717417
378.65997 264.25754 749.2093 520.52264 0.01068822
622.18085 1950.3336 650.08136 1128.7855 0.010676679
292.1359 1892.8091 561.814 1382.75 0.010585431
54.192467 3049.7178 107.958954 919.0031 0.010514858
459.194 1853.0405 313.9936 1004.37683 0.010476602
340.0805 976.91394 674.2549 1960.6998 0.010470361
511.6973 682.9302 1012.4301 1355.9779 0.0104651945
399.16068 815.6477 788.544 1623.6084 0.010415064
275.28357 1756.8148 542.70953 2544.3342 0.0103889415
649.9013 1863.2878 668.1085 985.1307 0.010342365
104.66198 926.9907 207.19473 1087.8555 0.010244318
234.58629 2783.7878 464.71594 607.65436 0.010243322
43.603775 2541.5706 87.13067 1138.1268 0.010213777
432.9762 2292.0889 861.39526 2373.728 0.010189342
122.63764 1673.8584 242.30833 2862.1672 0.010169312
426.3884 715.32544 840.65076 1416.3937 0.010030502
357.3954 1343.1542 681.8036 1835.4681 0.00984981
441.2632 2224.2803 236.2956 251.08185 0.009807483
103.714905 786.17236 206.33109 807.7392 0.009740836
178.09708 202.85356 350.68817 400.63046 0.009704223
526.7009 2270.7725 760.8541 1083.8483 0.009680588
548.51556 260.92725 1099.4877 518.7087 0.009650495
463.90652 1116.2745 854.1869 1244.4117 0.009546455
423.6701 919.15106 837.4634 1826.4536 0.009544052
850.3878 2196.0042 180.39523 168.86522 0.009524303
103.03261 2746.441 204.79913 719.4358 0.009522756
324.61752 2104.309 635.72766 1784.0403 0.009515162
429.6462 1061.9468 846.67786 2090.116 0.009511428
152.20195 985.8857 300.37555 1290.0492 0.009506049
444.80524 801.6924 747.08484 1084.5359 0.009489822
396.44916 900.9263 783.49945 1788.0931 0.009454193
525.8207 1452.308 712.0829 1397.7758 0.009291102
427.74954 2686.8633 841.7467 770.3958 0.009202785
524.87665 1713.1428 1016.24457 1180.9929 0.009076302
41.333622 2423.0317 82.3115 1371.7029 0.009074042
330.6462 476.48737 657.9027 942.81116 0.009055538
420.25836 978.63043 542.6334 627.92773 0.009045223
112.55699 1281.722 222.58794 1913.3472 0.009037836
394.01892 652.9329 778.2342 1293.4199 0.00899375
403.97232 675.6966 644.61176 973.3514 0.00894467
281.91336 1650.9918 555.13477 2286.5024 0.008929718
152.57605 1458.1411 301.9238 2885.3828 0.008914585
108.169685 707.0365 214.85886 664.7018 0.008856417
72.57883 2742.559 144.77812 1536.6132 0.008846992
421.70917 1881.8074 532.86115 983.66235 0.008843417
448.7265 234.6266 887.92816 461.3047 0.008812063
197.22649 1200.9628 390.95587 2376.7898 0.008801149
475.06473 1171.118 792.71014 894.15173 0.008773679
630.30695 2223.2942 665.8802 481.6758 0.008678447
185.85004 815.42786 369.82745 1608.0793 0.008640252
492.35574 1195.4882 631.019 1247.4866 0.0086237015
90.08765 2532.5085 168.39859 152.92862 0.008582628
181.30592 2845.923 358.4043 491.3339 0.008545462
391.09637 286.39926 770.43317 560.62964 0.008522267
256.54965 2533.9236 473.5805 368.18314 0.008462799
354.17456 1030.8285 592.11224 1023.112 0.008427473
432.8865 947.8018 855.38916 1880.21 0.008426369
488.63156 1274.4803 935.22906 1436.0032 0.008346278
448.14392 2518.5886 855.6076 596.2143 0.008339657
426.53357 326.82953 848.8953 646.4278 0.0083239265
544.96375 3290.5146 1078.5713 440.64322 0.008246332
686.62854 1548.2802 710.96606 1809.1228 0.008239416
527.5448 1633.552 276.83286 333.5595 0.008238825
35.5776 2500.972 71.25027 1216.6829 0.008167006
506.0989 1525.1124 398.48032 510.26202 0.008143802
350.22354 421.46793 500.26178 672.3818 0.008121774
185.77887 168.00667 348.90665 332.56793 0.008036308
158.991 205.17677 314.89606 406.37103 0.008019467
110.336296 2925.028 217.34863 353.5169 0.007986442
536.83813 1514.7921 514.0294 1700.5133 0.007984115
928.11926 2343.3508 141.45512 197.99805 0.007953149
477.66037 969.0663 725.24304 976.9515 0.007948729
525.1735 2248.3022 514.9369 531.61804 0.007921928
551.45105 1622.1089 461.435 539.15686 0.0079132635
439.34222 1923.1268 255.53323 804.3592 0.0078770835
246.6018 2604.9138 490.91525 964.9182 0.007876431
372.02658 740.6269 633.372 815.57404 0.007860194
336.34137 412.39465 509.52856 685.3353 0.007854633
503.5706 2509.9678 853.4171 595.2343 0.007835052
728.2387 1904.6482 554.356 980.5737 0.007774343
187.22322 2094.1606 370.8219 1999.4451 0.00775888
152.97809 2172.5488 304.4037 1845.0272 0.007757438
90.23067 1732.949 177.61256 2751.2942 0.007753655
77.59283 1013.4624 153.57361 1183.1321 0.007749473
536.1633 523.2633 1056.3329 1033.8132 0.0077435435
314.867 2473.8345 274.13687 248.27048 0.007673253
756.806 1600.1256 588.59863 1405.9451 0.007618657
556.3497 1346.9236 844.65405 1195.4744 0.0075138947
73.97415 2652.5054 146.31027 1711.853 0.007504854
535.6154 384.81226 1051.8721 762.82794 0.0075016934
919.20844 1941.0884 284.1775 667.90784 0.0074442457
499.04254 1631.3177 923.5466 1385.9857 0.0074284435
95.38853 2357.1096 189.59651 1502.1732 0.007393357
726.4052 1569.7212 631.71075 1440.8541 0.0073916665
773.63916 1712.4762 551.49304 1189.8105 0.0073722573
440.31534 579.8105 870.26697 1151.9172 0.007361343
449.1822 744.2678 555.36285 602.868 0.00736081
537.64154 923.7039 1066.6349 1855.5736 0.007354051
511.48303 2497.4404 1047.5161 1710.4111 0.007335021
41.893604 2204.2905 82.82114 1807.2438 0.007334816
390.75577 1077.3689 571.2399 710.578 0.0073178825
304.01276 1368.6307 600.2826 2031.4191 0.007314724
568.87524 2180.1868 239.76471 273.9786 0.007277359
543.19727 3203.302 1075.2097 614.13947 0.007275058
460.76086 1215.0015 863.6618 1088.8529 0.0072743176
185.03018 556.2549 369.27676 1092.5249 0.007264782
523.5099 1728.4006 1011.59235 1153.2545 0.0071943905
76.56628 803.47894 152.338 552.53 0.007180505
644.8192 1940.098 504.3526 802.135 0.0071716956
10.433175 2804.5527 21.483887 603.6345 0.007104843
537.49365 883.7976 449.0025 652.6617 0.007096852
146.04364 260.02914 289.07196 514.0369 0.007096264
160.00964 2205.1113 318.219 1780.8767 0.0070883455
80.32829 2303.1768 160.05203 1609.755 0.0070839236
436.80725 844.1849 834.31757 982.00055 0.0070832064
135.12909 198.4752 268.02948 390.441 0.007077689
432.29532 572.1568 660.24225 941.0705 0.007020871
375.80292 828.63904 687.0689 751.82214 0.007010116
89.07623 2597.1433 177.44724 1016.5935 0.006977728
473.77942 2141.6702 412.30835 532.9112 0.00695953
9.024921 2816.6572 18.846376 580.00507 0.0069376365
69.15887 2458.7407 137.80833 2088.9094 0.0069306847
134.37955 799.4042 265.52975 927.44354 0.006910203
625.93036 2190.7625 617.9753 375.00342 0.006907618
521.03754 1438.7755 489.97153 1254.5186 0.0069069215
479.18658 1197.8982 637.06366 823.1716 0.006896728
514.0236 1377.9927 337.79446 377.64688 0.0068669505
324.04153 92.56855 386.63458 182.58318 0.006857585
129.74074 2380.7256 258.16953 1435.6642 0.006841279
29.92724 2531.973 60.31364 1148.6744 0.0068163867
423.2869 1318.4407 203.9532 281.03598 0.006797284
421.0455 2224.913 166.47643 213.3239 0.0067953365
785.70636 2145.068 54.80591 83.2499 0.0067605716
507.04614 2513.8462 1004.8811 1341.4734 0.0067419554
455.6693 2436.121 579.3289 628.1311 0.006695828
41.263256 1571.9833 81.101524 3077.0347 0.006695485
161.93326 2603.7485 323.2049 982.8541 0.0066843443
258.35477 2423.3774 515.4127 1336.8485 0.0066705584
447.58832 448.54007 390.09155 516.539 0.0066626514
795.9881 1940.869 464.41757 892.13934 0.0066427295
132.36441 3035.5232 258.80203 939.7586 0.006639685
232.35408 1763.5243 453.31302 1168.399 0.006637537
578.72784 2459.6294 493.77023 549.9199 0.0066188755
522.5322 1496.0336 384.81357 416.91342 0.0066167056
52.649006 2277.6396 104.366936 1661.4634 0.006599199
71.199196 2400.6543 141.58832 1417.9303 0.0065849097
516.1392 1065.1809 903.5929 1232.2351 0.0065643927
682.7504 2551.8467 586.3549 863.7872 0.0065567996
495.64227 990.24304 421.93646 541.3507 0.0065540117
269.7585 866.56 522.4789 981.7389 0.006549387
627.3824 1829.4486 329.5449 482.3651 0.0065476494
159.46385 2917.0757 314.94968 359.7286 0.0065448214
367.69107 2734.6912 728.1341 675.8877 0.0065376787
421.86404 1762.6462 188.72163 378.48495 0.0065252003
659.2118 2607.003 664.43695 758.24756 0.0065153223
419.0197 1079.8363 602.0724 618.4775 0.006486339
884.86774 1772.5302 354.38214 1044.6785 0.0064820326
322.62802 2509.9016 321.45746 318.28595 0.006475112
592.3149 1352.0165 675.2059 1042.9099 0.006470644
611.33746 1084.1118 481.8689 708.1392 0.0064569954
380.60568 2562.1091 252.21638 347.97415 0.0064302348
181.65668 2565.6602 350.5367 361.3403 0.006419058
123.22436 2537.7717 238.8327 250.05621 0.006414835
447.2362 485.86594 887.4698 962.616 0.006408453
486.68567 1374.4557 856.7379 1265.3898 0.006384968
331.48257 1034.2483 387.28967 511.77634 0.006360448
718.8263 2244.3784 495.8278 438.89722 0.0063479715
361.4264 433.35938 393.67676 396.9441 0.0063419347
224.06223 99.51144 384.06927 196.60258 0.006336369
419.79514 2548.4404 651.192 470.6229 0.0063297735
567.2561 1513.0674 524.2219 663.9797 0.00631578
144.46979 533.4966 287.60034 1042.6335 0.006309161
558.3166 2157.1108 556.76495 631.86035 0.0063080667
189.9153 3032.3125 377.50214 948.63336 0.0062790653
284.68832 115.95593 557.99445 227.98662 0.006272098
379.67862 2351.6028 379.25473 436.0473 0.0062713497
499.43338 2563.305 482.97256 504.803 0.006266095
617.01306 1763.0826 273.1612 422.34973 0.0062655783
324.83136 408.7671 635.67175 805.0134 0.0062369667
459.55566 2576.0225 397.7184 426.41168 0.006142259
826.99915 651.72095 522.9659 1310.8517 0.0061402684
407.2089 191.72821 369.87198 378.14188 0.0061387527
486.06735 1415.497 333.90207 454.1417 0.0061286744
330.8027 1986.8151 604.3663 876.8012 0.0061253877
411.53375 2258.2266 258.32806 303.9442 0.006124279
105.89132 2232.494 210.12866 1740.759 0.006112104
244.03578 1216.1449 503.50174 2411.4934 0.0060976315
75.231995 2473.9214 148.63704 2078.2078 0.0060745245
110.222534 582.74774 216.40276 415.10406 0.006052199
515.8176 1117.3073 563.483 835.77484 0.006006405
210.58775 2523.9126 419.19342 1109.1243 0.00600054
442.11386 2025.5067 344.17072 646.64307 0.005997322
72.72826 270.6653 144.54692 530.3262 0.0059808604
166.44585 2045.1737 329.87552 1052.8846 0.00590432
24.631178 2499.716 49.64358 1219.0223 0.0059038475
483.66092 2112.6226 365.69293 500.21744 0.005897305
594.6861 2612.2214 229.68797 367.17435 0.0058951695
553.1548 1030.5999 596.5738 950.82544 0.005883486
663.1279 1402.5609 609.83685 982.56055 0.005866289
631.706 1620.0671 681.4394 924.58875 0.0058630756
879.8559 1898.0146 364.2903 951.7451 0.005849636
295.5198 1652.4977 558.8319 1165.4719 0.0058074165
141.47047 3291.4312 276.7917 441.0056 0.0058063515
39.29355 1771.0961 76.70399 2664.426 0.0057778466
375.80096 2363.7507 470.4315 470.51758 0.0057747876
149.41902 1934.8707 296.9067 2315.562 0.005769252
913.53784 2101.6257 297.67526 401.5242 0.005750696
254.2983 885.9758 250.21661 302.43582 0.005686996
36.98248 2212.022 73.08931 1789.6459 0.005661481
614.3415 1098.4296 321.9115 402.2502 0.0056542135
361.21017 1314.6547 646.796 740.3011 0.0056474167
494.38956 82.27706 369.50693 159.82643 0.0056472104
401.8221 2268.8364 185.9772 231.29301 0.005616283
831.8015 468.60678 524.8936 942.7038 0.005587325
478.53644 2470.9497 435.4934 666.98804 0.005556474
658.57355 1161.5215 400.2834 516.3616 0.005552836
849.0646 2316.3506 343.561 487.69174 0.0055505116
183.75584 2757.2397 363.56232 1494.6934 0.0055184546
520.6118 188.03052 1021.9864 369.8619 0.0055145356
11.879377 2502.483 24.13701 1194.8158 0.0054960153
699.29224 1229.6322 329.0552 464.68808 0.0054848036
879.2647 1960.4851 354.54013 679.98596 0.0054752952
196.41222 943.03925 388.2454 1189.6863 0.005473779
77.966286 722.1672 154.68835 404.02145 0.00546881
219.45197 2301.1028 431.43463 568.70276 0.005465344
92.7809 2181.6196 183.56892 1845.8857 0.0054649236
831.2241 1890.8691 447.2343 1008.4005 0.0054499074
108.244675 1245.4326 214.70375 1761.5773 0.0054378617
121.163086 1084.8326 238.0467 2215.4897 0.005432485
411.38257 1001.67444 823.3711 1987.1642 0.0053984188
28.25397 2267.198 56.34019 1690.1505 0.0053893193
361.20566 785.83 711.5604 1484.5944 0.0053866953
445.87445 2326.6794 846.23083 696.39355 0.0053796945
129.40887 1901.6246 256.69778 1372.3947 0.0053386632
137.35417 2279.4258 271.71378 2418.2302 0.0053343102
244.30724 2938.3125 484.35904 1130.6476 0.005330931
607.1595 2347.375 627.25854 760.72534 0.005314768
155.01614 661.72723 311.41656 1319.8358 0.005302569
452.3578 2221.0583 178.37811 205.9389 0.0052846787
331.4459 2963.9575 660.5842 1084.4989 0.0052775675
19.282494 2535.5332 39.62832 318.59436 0.0052697705
266.247 860.51605 177.34218 208.57922 0.0052670497
279.40234 3036.8586 555.175 936.73517 0.0052613337
391.27106 1783.9878 646.4015 1901.6871 0.0052233087
92.64075 684.23785 184.1875 563.21844 0.0052214065
740.5454 1220.0951 390.22617 642.4986 0.00522125
124.585625 2356.8025 245.99104 2329.315 0.005217331
281.412 8.47637 571.8149 16.538578 0.005211684
657.3316 1039.3633 485.5716 862.94336 0.0052064257
596.4519 1876.1686 272.04248 444.37308 0.0051933452
733.7217 2250.596 224.10565 301.9197 0.005134491
272.33716 13.858559 517.4701 27.614042 0.0051341425
601.84576 2148.8943 183.10936 242.4899 0.005093143
600.37103 2677.895 304.18732 412.68332 0.005063997
2.2452588 2898.8235 4.6900864 452.4632 0.0050629205
64.1213 1704.173 125.89395 2796.7598 0.005055173
300.424 1400.1508 491.96762 520.6444 0.005053866
123.802505 2987.868 244.83443 1036.4636 0.0050535663
658.2246 3286.1907 812.553 451.59528 0.0050469106
483.43915 2260.9255 363.61533 527.83813 0.005041167
16.822104 2413.8677 34.34058 1391.0981 0.005018159
310.01575 1677.3424 381.17227 971.62085 0.005012726
612.59406 815.75757 303.41287 448.69577 0.0050000544
690.7241 2496.4966 309.56073 424.97552 0.004999926
124.059166 2774.5176 244.8033 648.0067 0.0049967575
435.58725 463.18817 639.4639 771.06006 0.0049759764
397.78586 2020.5409 376.18246 674.9789 0.0049708295
294.70578 60.837063 581.5189 119.40232 0.004970733
508.3292 1091.7656 360.55188 438.8956 0.0049262797
517.7143 1997.5359 964.86285 1526.7806 0.0049194987
247.68831 2290.4558 489.7031 697.41187 0.004915588
317.36603 2719.1128 652.5034 754.2606 0.0049070166
4.0192757 2636.2163 8.565255 927.2312 0.0048971055
476.35117 1267.4846 839.2359 723.15686 0.004872758
662.0037 2185.1895 216.45631 282.01526 0.004868891
394.56577 1171.3486 783.2066 2120.3372 0.00486866
340.6866 1460.6609 264.0651 543.1279 0.004866392
192.49036 2182.157 235.9038 321.97473 0.0048626848
59.48667 2591.3962 121.55598 1023.8497 0.004857964
239.25972 700.3242 463.88342 687.9464 0.0048562028
351.02417 67.69067 254.74275 132.69627 0.0048425407
267.1294 1290.1296 524.27155 1507.6769 0.0048278063
707.3239 2341.1753 200.17763 261.90546 0.0048206793
186.68512 2582.8594 392.27432 1025.9064 0.004794366
812.37695 1548.8973 496.47064 1545.867 0.0047765053
39.552513 2075.6821 78.083115 2054.926 0.004772633
60.444817 2590.451 126.49236 1027.5209 0.00476877
101.21088 738.56464 202.18091 601.3744 0.0047532823
70.19344 3417.117 136.9795 188.44589 0.0047478913
292.25937 1.3377494 514.01697 2.6052427 0.0047478625
529.79205 257.0345 1000.50214 512.5041 0.004740156
281.5194 1549.3151 522.6891 1366.854 0.004732502
174.9317 1811.5938 339.0709 715.795 0.004717812
531.5041 1923.2075 927.4643 1297.0586 0.0047170594
61.542736 1808.2767 120.684235 2687.5994 0.004713609
526.903 2692.7231 180.12999 306.7462 0.004709805
816.0406 3295.915 394.75925 427.59918 0.004709289
760.0708 1329.4177 613.41534 2368.7507 0.004690935
596.02454 1134.6022 831.1871 1406.4967 0.004677074
207.72482 1584.0029 394.09457 822.48315 0.0046569863
46.95209 3285.2166 97.44714 446.81216 0.0046470063
884.97504 1770.1334 109.4824 161.54648 0.004640064
522.66766 49.05475 332.94193 92.8418 0.004632963
581.7525 2649.4116 181.56664 273.35065 0.0046190377
71.18782 719.4772 141.61069 1444.1782 0.0046130195
230.19502 2893.8164 217.66815 251.03473 0.004607081
171.29999 2090.551 330.71915 533.8135 0.0045977705
35.09481 3225.9873 73.04879 566.7273 0.0045970352
890.35767 1764.6775 76.77253 99.42053 0.0045927973
414.52173 1983.9799 241.05704 592.89874 0.0045786193
534.66626 2727.9143 236.74382 353.60693 0.0045781215
669.20325 2184.7664 276.7169 342.82034 0.004571724
430.6008 1454.3329 769.0072 1019.17206 0.0045689237
212.81987 1418.6102 277.28186 483.92914 0.004558119
87.94447 2233.5713 171.707 2591.4102 0.0045544724
833.1275 300.3208 533.67566 604.1618 0.004533755
173.91466 1389.5668 258.30206 443.11478 0.004528333
901.11005 578.7686 390.43176 1167.5265 0.004519561
116.7783 2551.146 230.43056 301.8691 0.004512684
813.52234 2062.5703 465.5536 1217.0377 0.0045113727
919.5355 2227.8188 278.772 378.69266 0.0044996166
115.48699 2677.9744 252.08212 846.7106 0.0044866763
561.86273 34.923298 229.08868 64.70434 0.0044860905
301.27905 2420.6223 573.3632 575.6109 0.0044825547
142.76303 1819.5851 267.89368 533.62006 0.0044429433
541.90466 2661.9128 265.81232 346.23157 0.0044410117
30.494143 1912.6791 59.751972 2394.7576 0.00442726
5.987781 2481.4995 12.423208 1247.9606 0.004418309
530.68195 2633.0825 342.5982 456.82053 0.0044158474
30.079035 2054.533 59.81283 2121.7134 0.0044158367
511.74265 3324.2107 1041.2648 378.4165 0.0044130078
897.333 50.50193 408.21396 99.96744 0.0044111013
103.211624 2550.5518 215.29494 1089.9264 0.0044003073
597.89795 1309.4326 427.73276 463.7897 0.004400115
46.475174 833.1292 91.93952 1713.281 0.0043965196
130.98758 2164.9614 250.38626 548.7228 0.004384886
6.9744024 2398.7104 13.856889 1423.813 0.004363822
393.70078 2455.6926 160.93625 200.8057 0.004329249
453.346 626.17584 800.82837 948.3488 0.0043269554
171.58096 2680.3416 367.81232 837.7509 0.0043030926
137.59953 2720.368 199.11957 267.60712 0.004302343
388.3933 423.88223 799.7272 849.1753 0.004299835
182.99094 1521.7244 309.76505 641.07806 0.004294863
827.42645 43.367672 547.7941 85.2609 0.0042677666
532.4632 483.21283 270.94516 418.70212 0.0042511015
552.4059 2123.4885 241.75844 333.18488 0.0042370744
21.888844 1574.3356 42.47158 3061.656 0.0042282916
264.79056 562.9618 545.84 1136.9125 0.0042256666
330.12878 2504.6824 370.5577 565.25305 0.0042208075
699.1341 2883.7932 736.4973 1236.132 0.0042168875
618.62036 1016.79974 466.4335 692.79614 0.00421578
743.2705 2671.688 485.78317 871.9468 0.004210109
405.36417 2167.7075 213.01746 361.8469 0.0041899825
265.6656 2723.5952 544.58105 742.90894 0.0041688387
65.54359 824.4775 129.30545 435.51343 0.0041310205
21.787401 3263.2043 43.654545 491.76566 0.0041285576
115.60481 15.883114 230.76038 31.004705 0.004128322
413.4036 711.91675 551.1462 521.11993 0.004118033
604.0282 37.384083 163.99709 67.51247 0.004115705
46.54123 960.4847 93.81196 1153.7067 0.00411078
324.37762 2832.5085 224.11124 286.14236 0.0040966147
180.81395 66.90497 355.56693 130.70387 0.0040959693
197.83983 1352.2809 434.6746 2066.255 0.0040776636
597.01965 3251.0996 764.09015 649.40173 0.004071947
54.6376 3414.9749 111.166595 179.13744 0.004068634
68.03762 2698.37 138.30298 806.55554 0.004067581
569.0389 1862.1555 405.56046 797.5893 0.0040603303
27.098719 2227.206 54.079 1561.3981 0.004049987
654.83795 2698.6377 217.17644 324.238 0.0040483563
208.3154 2923.4807 410.00497 364.84225 0.0040412624
162.11272 1205.2515 312.80066 865.87024 0.004040744
547.13605 489.57922 1083.6718 979.7115 0.0040338514
845.4816 1372.7845 241.81166 444.0825 0.004031949
273.46823 2485.6262 342.29703 230.71915 0.004018497
80.43158 2527.8318 163.33408 1144.4485 0.0040111067
763.528 1169.8868 611.5001 2197.7974 0.004008564
468.96524 1136.695 781.67 570.44214 0.004007997
144.94351 2127.614 256.55682 362.18958 0.003998973
521.90625 98.05651 1019.57764 188.83809 0.0039838497
179.03589 1220.6938 346.83652 1129.7404 0.003966211
84.93472 1924.4712 168.60506 725.8687 0.0039542783
98.13243 99.64997 195.51079 198.34178 0.0039510303
14.504829 2175.7188 29.499662 936.9236 0.003935878
958.73376 20.663263 292.8723 40.517075 0.003922108
837.15497 979.02924 499.23682 1981.135 0.0039192517
124.39387 46.13705 247.3445 89.52137 0.0038950413
437.7738 2554.5115 289.183 331.10083 0.0038914646
680.98425 63.89869 824.54425 124.05866 0.0038768398
437.81085 2936.842 671.7476 1137.4819 0.0038654413
551.46423 104.6806 1099.9106 209.32967 0.0038647347
534.74255 119.75287 1035.6267 232.31316 0.003851099
454.3313 3306.7314 910.9552 451.36514 0.0038484458
59.722935 460.53354 119.37021 913.397 0.003845321
50.82269 864.1643 101.628876 1845.8088 0.0038404672
765.5068 2648.1267 312.01608 434.93915 0.0038382113
151.71469 3308.1453 295.18503 408.4104 0.0038241784
812.9373 2212.3667 457.83273 1675.525 0.0038049803
13.867756 2835.617 28.126356 525.2904 0.0038019144
285.728 1995.937 288.52307 563.90015 0.0037862184
777.258 1555.6151 565.06696 1660.1779 0.0037825566
326.18625 846.6919 219.4848 227.0026 0.0037557136
30.27194 2261.0156 60.23326 1763.0967 0.0037511988
994.21844 3151.3884 197.62073 707.63654 0.0037424895
367.76752 2533.3362 187.758 257.33508 0.0037422031
567.6229 1103.1924 258.6667 341.25653 0.003739751
637.9663 2739.243 216.49664 307.47723 0.0037192784
706.87024 2017.3368 286.29617 579.14777 0.0037066122
283.79745 3324.586 579.8254 378.68753 0.0037040398
58.659042 179.28934 116.57543 352.4567 0.0036869089
529.41034 3227.5322 820.9255 854.1063 0.0036862378
798.5977 1304.6604 372.2726 765.5059 0.0036851433
3.861739 2290.416 7.931895 1455.0502 0.0036846097
555.7889 2012.9786 247.64581 442.2283 0.003682807
48.681187 2681.3015 97.92877 388.00372 0.0036735944
539.0982 118.54348 1035.168 228.5436 0.0036732857
45.23544 731.24396 89.89848 648.9653 0.0036726643
300.00275 2914.7737 592.9898 367.27927 0.0036706566
575.895 2467.4736 179.05858 270.43527 0.0036677227
797.44556 1258.4175 252.08466 401.11392 0.0036652945
7.579563 2075.4648 15.575032 1006.0882 0.003662873
458.46118 74.426956 478.7805 145.41591 0.0036618449
533.8373 1554.0282 1062.4193 3089.9377 0.0036488636
368.75174 1782.7126 160.05098 414.46646 0.0036460806
432.3888 838.35486 861.0691 1679.8484 0.0036371842
536.1165 3336.1917 1006.634 345.9401 0.0036097702
35.46962 3152.2173 68.2729 729.9995 0.003605326
220.61592 3298.256 433.4101 427.41718 0.003596103
590.63367 3377.0625 864.2825 272.8553 0.0035937272
706.4981 2190.9375 669.8312 2063.901 0.0035817898
55.166355 888.6113 101.62351 357.457 0.003577762
495.32562 2756.135 163.375 271.42938 0.0035767744
641.78973 1206.8813 426.45163 961.30066 0.0035649573
653.69147 64.47999 362.36978 121.77281 0.003554096
523.20996 1449.7397 780.2951 628.60693 0.0035500845
511.26865 2810.6675 416.5384 484.19528 0.0035423755
316.49408 957.59705 646.231 1207.9258 0.003541793
455.69098 1424.2653 840.1978 889.38 0.0035411587
94.29851 3317.826 180.73967 393.2883 0.0035333654
38.804466 362.2696 78.48998 373.4056 0.0035179998
459.4269 1197.991 611.9415 1075.9072 0.003505002
893.6208 353.54013 416.44153 711.9333 0.0034977035
606.0246 1245.097 504.47745 1066.0941 0.0034763834
324.87534 2433.0264 117.02146 129.88138 0.0034739708
8.8666935 3205.3254 17.4113 604.6938 0.0034729638
489.64038 3209.3364 807.467 611.66504 0.0034710136
423.99124 2236.2297 163.52937 274.43912 0.003451963
970.18024 2003.5887 194.99515 495.2489 0.0034421007
6.82477 2141.2544 14.155456 1945.9255 0.0034417475
549.62256 2108.5886 145.00977 188.25182 0.0034393931
555.1312 1935.7904 191.35663 309.9514 0.0034274156
795.1087 37.56591 466.05328 71.91574 0.003423184
738.02374 1591.8806 476.65625 819.21 0.0034165028
204.37042 1327.4386 122.84636 209.18614 0.003414185
585.1697 604.72546 289.8735 510.49387 0.0034066474
821.064 1578.275 477.10056 1635.0123 0.003396091
9.086702 1787.8918 17.913559 2623.2476 0.0033941711
979.3249 1939.6718 185.03236 618.8979 0.003385678
98.4172 869.2435 194.44742 330.74695 0.0033849943
807.5092 7.815264 535.5032 15.171075 0.003384703
792.4068 1322.4915 354.57672 631.1038 0.0033815454
421.55518 3334.3284 897.19293 476.12167 0.003381433
431.5526 1731.0858 363.57278 1251.2295 0.0033558765
23.938656 2056.4363 49.006714 458.0339 0.00335565
400.76147 2837.741 156.76674 234.16882 0.0033536842
342.15005 2715.34 231.99959 259.29254 0.0033520926
706.796 2699.1113 238.32945 266.34662 0.0033399945
531.9573 1471.4695 485.63687 558.3657 0.0033381
88.09618 1483.3728 159.43005 398.51126 0.0033359015
1048.3535 2275.568 116.8013 626.3074 0.0033305301
323.38184 2572.2947 221.18352 321.8961 0.003330226
406.22043 2114.2307 650.18787 1300.0326 0.003321433
745.066 3268.2078 290.38348 471.42773 0.0033199526
1018.6311 116.757355 171.93326 230.90811 0.003308637
12.142163 369.43628 24.88306 403.84384 0.0033051246
654.784 2216.9048 205.1936 256.47348 0.0033018715
249.03735 2874.288 385.07776 557.6283 0.0033006931
9.714543 1786.2255 19.854395 2615.3713 0.0032942428
329.22937 2738.306 477.37527 1528.7246 0.0032939184
34.222153 2452.2307 72.065056 600.7442 0.003285237
952.73035 5.8815536 306.2622 11.314318 0.0032828674
9.893237 2059.6543 20.412777 2117.1477 0.0032771884
319.27817 1920.362 224.44966 458.0339 0.0032686421
242.80148 1904.8749 209.43428 382.70898 0.003266642
584.58716 2837.3665 249.23239 393.0059 0.0032645033
500.21118 1358.0481 268.17078 325.26514 0.0032597869
338.0634 1168.8473 675.1118 1289.5682 0.0032578846
489.80347 1364.8527 934.1592 1162.1279 0.0032556
854.21857 3320.697 208.51947 349.8423 0.0032545389
554.70557 308.88443 1077.2102 636.61285 0.0032480238
505.95917 3279.691 756.33936 475.36102 0.0032434699
72.0147 1220.6501 140.69737 364.69882 0.0032413169
75.91234 3292.932 148.29807 435.218 0.0032404605
124.12292 1940.3373 255.92416 882.2877 0.003199941
744.5369 2686.9775 579.35254 722.068 0.0031747767
728.1499 3408.459 476.7936 200.92494 0.003167162
593.09265 3285.4995 457.97565 453.76248 0.0031647303
867.991 1754.1082 260.72995 437.54272 0.00315517
348.57144 2907.4329 706.2521 394.99362 0.003151938
199.50288 3305.1064 404.14612 436.17023 0.0031473106
25.159319 3180.2651 42.820866 261.59314 0.003130254
165.67542 341.48373 178.74014 197.48436 0.003130229
52.499367 81.424225 103.7065 157.70087 0.0031255854
533.54407 1279.7098 390.59314 1222.4962 0.0031255824
3.829925 2091.3628 8.155083 1569.7306 0.0031205483
971.4596 87.0207 268.76025 169.91437 0.0031163266
394.85623 576.3885 317.33615 271.81354 0.0031134838
829.1294 1523.0859 505.89853 2941.1418 0.0031077273
516.46204 2443.379 194.45094 234.96423 0.003102318
978.30115 664.0044 241.47633 1342.0879 0.0030999016
883.86084 3168.8286 401.31036 683.46173 0.0030902121
74.43668 3408.8523 135.26053 178.54749 0.0030884275
991.3984 3242.3909 176.17766 535.27405 0.0030837434
456.55423 3249.4397 862.55774 463.0344 0.0030663395
343.90176 2313.2947 187.126 322.69418 0.0030640315
337.147 2600.6658 569.93726 996.4852 0.0030621763
519.37164 1911.9884 193.8835 351.23276 0.0030619784
192.2335 1513.4713 349.813 1613.8921 0.0030545753
212.13646 1530.5978 173.14357 285.31882 0.0030468542
425.8977 1406.3068 408.20837 1123.7839 0.0030419494
526.06165 3209.515 1051.9286 633.49426 0.0030391437
84.73729 1391.1466 155.32626 407.7234 0.0030252766
666.151 2778.2615 260.6717 387.0248 0.0030217655
795.0667 1615.354 239.3691 393.57843 0.0030187126
851.28723 768.08765 487.38098 1556.1556 0.003009372
117.41691 209.3079 170.62173 374.71643 0.003003405
334.48672 3056.7449 570.26056 873.44214 0.002999619
750.32916 24.667835 366.9714 47.36789 0.0029984643
553.90137 1631.9762 1026.1918 441.0271 0.0029980224
467.50424 3287.9634 397.18042 440.82654 0.0029955078
212.69728 1781.1499 200.30373 360.3913 0.0029919199
831.66364 479.55392 530.70654 970.2173 0.002990415
660.5509 2847.2495 388.85388 531.26904 0.002987045
1026.7041 2841.8625 137.72472 512.1062 0.0029869499
725.1567 3406.592 209.71494 217.12961 0.0029861617
972.1656 113.88141 265.3652 220.76625 0.0029686887
997.9293 2864.9534 183.4585 429.1597 0.0029577424
902.79517 1530.8727 214.59254 318.74197 0.0029550397
560.3237 3402.8264 668.95496 224.44894 0.0029516502
583.5621 3324.8606 266.61777 364.13812 0.002948835
873.1748 3271.3032 359.05432 473.85074 0.0029415062
244.85371 2828.124 442.5175 1261.035 0.0029406908
916.5401 2659.3074 340.35226 849.18524 0.0029351038
439.679 2910.8848 248.81082 367.0325 0.0029292905
701.6757 3311.906 260.56876 385.00638 0.0029256705
841.15497 3386.659 275.33856 248.12613 0.0029142504
919.9554 3188.5237 234.36736 355.30658 0.0029041308
550.75415 1887.4266 159.38771 261.54977 0.0028893694
798.02264 1059.2792 223.7008 360.6053 0.00287427
5.343128 1650.8514 11.074034 2880.0618 0.0028693094
707.77014 3371.4343 329.22592 279.9939 0.0028607952
50.66297 1828.2052 101.42535 1522.1917 0.0028583775
792.59076 778.3417 580.0938 1538.8843 0.002846754
374.88086 111.27995 744.5736 228.5652 0.0028411814
1055.8733 301.89417 95.22097 606.09125 0.0028180531
726.97235 3372.4507 393.93604 281.0906 0.0028105085
28.979706 3101.3416 55.51189 168.48381 0.0028026442
549.4359 13.552234 1047.591 27.244862 0.002801027
875.9153 3331.8823 230.01076 332.34763 0.002800578
394.12946 2859.4753 123.725426 195.32257 0.0028001892
790.98035 3076.6833 255.84674 331.94327 0.002796365
41.49297 2823.5842 77.06114 580.4657 0.002784524
1.4414604 2254.8274 3.3217907 1068.1907 0.0027749925
1008.90845 2645.5752 189.28008 734.78265 0.002774168
185.52406 1917.6644 173.62817 283.76184 0.002768459
706.7131 1805.9636 286.87305 481.9244 0.002767942
31.689255 3294.7954 66.98105 423.13022 0.0027628515
52.67335 2872.8857 82.93212 413.55597 0.0027445701
1029.1471 1850.801 123.40149 805.3453 0.0027410227
396.29953 3446.5571 643.525 122.660675 0.002737473
477.20126 3425.0051 519.42035 166.46605 0.002722044
920.9519 2260.653 298.5488 461.54346 0.0027203993
661.24567 3395.127 582.9331 237.74683 0.002715857
866.03204 1434.9867 424.56918 2210.7275 0.0027143385
948.29047 2820.7847 231.1919 455.4596 0.0027122472
337.2255 3459.141 624.69147 91.141716 0.002708025
14.529832 1078.1985 29.069208 663.25494 0.002700443
574.5768 2368.2651 179.51346 273.0415 0.0026887897
471.21442 3444.3167 863.6078 384.08954 0.0026885606
1.7878823 2166.118 3.6247847 1850.8767 0.0026824623
32.86027 233.84941 66.05718 386.09747 0.0026816549
876.024 1475.3961 412.2462 2945.887 0.002679325
674.3327 1349.0116 233.15474 322.448 0.0026783452
3.1089869 2106.0571 6.3375826 1973.473 0.0026761857
304.76822 1064.3584 452.94736 516.35364 0.002669514
583.3725 2832.7456 144.669 223.19098 0.0026660934
2.2397335 1845.3312 4.9467645 2491.9202 0.0026559404
508.02032 3378.3303 168.4451 254.95078 0.0026407447
2.2830417 1611.064 4.8690634 2929.477 0.0026369132
755.80804 3333.119 239.02798 326.0437 0.002635632
913.3558 1694.0524 327.81128 1352.1356 0.0026294533
398.28976 2575.57 222.85146 556.46576 0.002625753
557.65295 3153.2507 191.87839 292.3368 0.0026174868
1073.5315 247.91809 61.058224 499.39618 0.0026164015
67.346634 3446.7405 130.13994 136.40651 0.0026162534
871.1422 651.2284 409.04538 702.80206 0.0026096771
367.7386 3344.2366 652.3734 362.35602 0.0026090008
380.38077 3303.974 355.35526 411.27505 0.002608827
545.04114 3480.5115 910.95984 267.66376 0.0026024487
917.49493 1798.0112 301.89426 953.3184 0.0025991288
398.56927 55.14078 790.97266 104.60009 0.0025947567
83.919876 378.33197 161.06715 287.34174 0.0025822942
446.4203 2446.897 150.90732 198.39383 0.002574801
287.73688 3419.547 572.0686 182.12238 0.0025684177
541.1151 3166.5505 240.22136 298.50943 0.0025680757
641.1088 1976.5107 181.39534 214.07503 0.002566443
531.3729 1563.4579 1052.105 3065.991 0.0025581233
592.8631 2072.8987 708.2183 1426.3983 0.0025572036
493.12 3150.0693 986.47314 375.43036 0.002552308
54.492096 3325.2478 90.420525 365.7016 0.0025496315
221.57426 3310.9478 205.52896 405.58243 0.0025492955
709.9724 636.3469 304.11398 531.71423 0.0025477405
640.6557 3220.5032 329.18835 274.33316 0.0025357879
539.5011 1559.5172 1066.6852 3056.8088 0.0025298393
873.34674 1693.3884 404.25198 1797.0598 0.0025194976
166.9408 1871.3473 202.92157 316.30142 0.0025057339
597.17316 3128.7317 1006.44714 788.7059 0.0024990696
930.1306 2328.8394 317.0204 1307.22 0.002495289
722.8042 3337.5972 210.26422 315.2645 0.0024864753
888.0758 1505.0549 357.18723 1112.3896 0.0024754887
538.4777 2031.7546 615.8783 1594.9575 0.0024637324
53.993156 3393.3054 102.78129 233.09055 0.002458365
824.66003 1513.6886 458.9506 1515.4276 0.002434632
568.97064 3409.1658 409.4961 208.5337 0.0024321123
707.1621 3141.595 258.61975 337.3632 0.0024266012
657.57947 538.8732 222.28307 347.47137 0.002424492
293.25128 3279.7458 572.0884 454.10913 0.0024131795
653.0961 2948.504 181.33293 338.39343 0.0024087606
681.2262 2915.677 180.82788 301.50974 0.0023956457
344.04977 1735.7711 387.00018 1097.0767 0.0023917288
1061.5796 498.1941 83.84619 1008.3459 0.0023826612
207.7934 839.80365 407.12613 695.98804 0.0023822654
13.270917 206.48254 27.01573 410.39746 0.002381008
707.06494 3223.1152 289.0936 345.19846 0.0023771918
58.63442 3423.7302 115.10883 165.0295 0.0023754002
1053.9435 2831.902 84.07586 690.48737 0.0023706711
853.0809 3422.7168 226.17934 183.15611 0.0023562552
352.22696 3452.5964 702.6325 127.86384 0.0023544065
377.4449 3302.5325 224.34285 347.94626 0.0023517055
1013.9953 232.90967 178.08841 466.75302 0.0023301865
947.551 639.0872 270.9839 692.88245 0.0023300836
33.635796 3311.981 59.1423 377.58157 0.0023154765
216.69804 3276.408 398.68054 465.94772 0.0023114383
417.08624 2982.1782 147.17525 255.71062 0.002311238
432.61295 2086.9023 822.934 1978.026 0.0023018925
188.42065 3387.5718 368.98843 258.15378 0.0022993148
534.59 2975.9836 182.14574 323.19452 0.0022947525
1044.5415 3080.0522 96.19056 511.46484 0.0022858416
408.13885 3335.432 332.50702 318.27863 0.0022845566
705.07 3073.247 256.4259 416.87183 0.0022826684
801.45496 3413.6172 198.05232 200.7376 0.0022810998
261.54385 3435.9138 517.08185 162.62651 0.0022667495
58.617146 3283.4773 96.683914 437.11945 0.0022655234
393.1874 1984.0651 186.37996 531.0204 0.002261126
320.33237 2152.9414 106.59334 436.32437 0.0022599795
545.31665 3373.5383 1078.7977 281.40082 0.002235329
499.90735 3477.0198 925.1532 320.62473 0.0022336196
1023.1917 1222.4336 153.68382 681.9671 0.0022299306
369.246 3033.2239 169.0226 175.47742 0.00222955
419.13757 705.8215 823.5047 1233.4171 0.0022289485
1056.557 2246.667 88.2875 562.6479 0.0022285753
856.1827 629.9119 258.70334 403.1435 0.0022283262
308.81317 1670.4001 604.2345 1761.5819 0.0022201175
486.58707 3471.8643 918.0997 309.3622 0.0022161123
496.17697 3447.1423 176.10532 134.64334 0.0022080904
1049.4321 2519.3638 111.572426 536.6579 0.002206556
298.42786 3476.5059 448.95673 95.842094 0.0022046012
256.21823 3276.7593 476.3853 447.5204 0.0021998745
838.2946 223.00047 520.7007 582.2223 0.0021925005
252.13968 3466.2363 481.96494 116.805565 0.002188894
633.9992 3069.4692 179.13058 262.29022 0.0021787528
381.82443 3389.9463 554.95184 255.1569 0.002170396
12.4924755 3340.0017 24.76561 341.96777 0.0021501337
1062.7512 431.66553 78.27896 917.67163 0.0021396738
946.2572 853.68134 287.44098 679.94525 0.0021267282
1037.414 3106.1462 126.05725 680.36145 0.0021193265
289.3808 2282.5493 306.27542 668.8973 0.0021182417
162.6528 1984.0715 169.60518 871.60754 0.0021169963
163.61827 3431.673 269.78357 163.06729 0.0021041797
1058.5524 2568.741 85.228134 608.3442 0.002097568
339.1765 3446.5928 654.1592 353.97833 0.0020961273
412.38092 3181.9814 346.67664 298.38666 0.0020886222
876.73517 771.3853 430.93155 1569.0411 0.0020863365
363.27563 3080.36 195.39299 219.15811 0.0020849938
280.90872 3183.642 382.10358 417.53595 0.002075265
1011.4724 1589.0099 169.85014 1336.6962 0.002069362
224.68724 3428.5032 429.95294 169.77737 0.00204786
549.6842 28.941492 1099.8363 56.208748 0.002046312
979.4206 852.78046 223.03433 667.8207 0.0020454603
442.1585 3325.0977 574.8787 459.9288 0.002040774
529.6544 211.17032 991.50696 428.356 0.0020373187
1048.0469 1386.8385 109.89741 504.47842 0.002033939
820.52936 1439.3328 418.0092 759.2295 0.0020192906
313.67813 3480.0303 573.4074 146.98624 0.002018324
434.86023 2182.0273 886.1671 2530.7283 0.0020105354
993.77277 914.14325 211.29991 937.9541 0.001994797
337.17502 3419.4434 275.88666 192.29997 0.0019890554
189.73132 3437.627 362.96255 148.02882 0.0019793021
211.2129 3383.2683 213.15115 271.5725 0.001976756
1019.8637 2138.2473 119.04998 313.5642 0.0019670161
1023.6036 405.4491 140.75662 525.1347 0.001963193
124.49637 3333.7312 190.37425 333.33282 0.0019548147
218.52147 3444.1777 211.41046 140.97702 0.0019539767
948.0568 1569.0498 250.40375 1624.2617 0.0019239491
927.7172 2512.4968 352.37296 1138.3328 0.0019239023
135.36052 3379.4407 234.04211 274.44077 0.0019201137
476.09753 2204.512 212.57797 207.10558 0.0019180549
1004.2658 3436.368 158.26602 266.10242 0.0019104496
116.412415 1617.0981 225.9392 3012.8892 0.0019063842
501.9634 2082.6365 1026.3658 1119.1141 0.0019058216
144.38647 784.71594 340.75098 1574.3783 0.001900181
1062.6119 2808.2534 73.23451 451.24994 0.0018932717
967.225 1194.0193 265.80164 458.08795 0.0018921872
215.0538 3478.449 406.65686 74.715744 0.0018776496
335.73132 1967.1393 305.13763 696.2889 0.0018755712
649.1975 1298.0668 488.05273 1604.6439 0.0018685655
46.192486 3398.6306 75.2951 226.92934 0.0018663929
139.18965 2046.7742 247.53435 1422.8208 0.0018568601
110.52424 3467.0881 167.85478 95.05022 0.0018474638
80.21433 3459.1416 151.11867 83.45248 0.0018375727
167.65 3324.1138 254.63577 363.7647 0.0018346171
316.9275 2205.437 626.72534 2572.258 0.0018284633
1067.2224 3087.5176 77.99237 448.99478 0.0018190918
968.932 1143.0698 259.12442 734.4906 0.0018177088
1041.7245 3432.0542 109.64906 165.35312 0.0017950482
988.0615 3434.1213 230.23575 183.69379 0.0017940233
707.5171 2471.532 543.4253 1872.4429 0.0017816781
939.01 1571.7056 233.56548 519.12616 0.0017717438
1079.7534 2796.777 42.991066 616.5867 0.00174784
575.24243 96.76234 1098.6031 190.1577 0.001743357
1081.58 2284.432 41.590714 404.06506 0.0017412523
552.32666 357.37582 1063.4597 726.16583 0.0017407731
91.32954 2136.1975 177.46936 2034.0538 0.0017319501
961.55664 3443.291 284.12576 271.84558 0.001720168
98.836235 1692.7809 190.75569 2419.7644 0.0017144139
72.26348 3312.167 127.86527 371.20038 0.0017126218
668.7835 1033.6028 701.6316 2026.5602 0.0017026162
575.7034 76.47681 1046.0889 185.30551 0.0016911718
1055.4708 1684.4144 92.8782 413.0673 0.0016706581
73.01457 3456.4177 139.28609 113.55218 0.001647725
1046.6062 2318.1455 124.69732 389.97147 0.0016451676
435.37723 1700.7498 288.75885 967.9087 0.0016437889
829.0436 406.68048 532.9008 618.3801 0.0016426899
25.392042 3475.3457 46.3301 140.66058 0.0016086756
484.08734 638.0225 1048.1857 1242.3258 0.0015807563
663.83777 2254.3708 599.73016 420.26825 0.0015684704
1085.7521 3383.333 37.83792 236.1651 0.001566023
761.78 1104.663 600.3629 971.69275 0.0015575488
269.94354 965.2971 393.29938 967.10486 0.0015398088
800.08496 1550.0695 531.0469 1406.8846 0.0015319401
968.3586 2112.8772 160.84618 283.67386 0.0015193131
574.70074 2814.5408 408.33368 1376.0073 0.0015086038
299.0541 1977.8811 573.0275 1563.9541 0.0014903935
1079.1027 1258.5562 43.659794 1207.6255 0.001467205
38.33883 3478.6453 71.07323 207.49329 0.001454975
576.41815 113.59142 1037.0648 314.12473 0.0014417341
52.331127 3479.813 76.35171 158.73677 0.0014387037
1089.0789 3338.033 20.806345 338.02814 0.0014359662
38.170616 2997.2703 77.66133 1032.558 0.0014292736
437.86157 1926.0449 532.8071 717.4206 0.0014122522
1090.2102 2716.8362 20.606333 622.467 0.0014073933
1074.7776 3435.3347 39.235653 139.2434 0.001406426
1093.772 3260.9795 12.505121 462.93527 0.0014006951
47.55165 3495.5261 85.06973 139.45628 0.0014004569
423.0355 1784.5638 666.2028 1219.7317 0.0013818864
416.41232 612.97144 649.34674 998.62585 0.0013606054
110.86852 1607.8514 148.60861 1398.492 0.0013373857
357.20804 1614.1484 557.0303 1393.3678 0.0013296905
1082.1261 1240.2827 37.67849 430.3786 0.001313254
487.91406 1337.7246 884.8472 1320.3435 0.0013087465
1078.1011 3464.2341 37.876385 99.9199 0.0012706618
849.5298 445.8998 596.38306 852.9729 0.0012691746
712.6334 2448.2173 440.08154 1321.5084 0.0012673247
475.1346 2304.586 404.64432 352.65195 0.0011601582
283.17667 2053.914 261.85297 924.45325 0.0011556223
205.9941 1298.6366 355.85144 1236.5677 0.00115539
602.72565 2382.0132 349.19168 771.8324 0.0011306944
795.78107 193.4662 589.82684 556.39716 0.0010780211
727.77856 2576.4453 408.77914 1118.7485 0.0010704263
280.98016 1168.7157 327.39612 1125.2825 0.0010340554
662.40234 2726.953 525.0454 1515.256 0.0010336078
451.59207 1714.886 430.5227 1403.6777 0.0010281844
818.3869 1090.9835 652.29565 1335.9495 0.0010247764
224.81163 1919.9572 171.05832 618.0756 0.0010239746
229.96806 1847.4943 228.15994 1181.9756 0.0010220186
719.407 341.79266 716.8555 793.30225 0.0009932654
985.36646 2741.8474 432.74564 918.89453 0.0009747759
533.2666 543.82556 1006.56396 481.31494 0.0009699562
502.01022 985.0972 925.06366 987.6132 0.00096415856
548.6646 926.46796 743.6436 972.98285 0.0009509284
178.2151 1544.5331 177.5298 814.0951 0.00094977574
736.6391 2700.769 709.97864 966.6643 0.00094686507
638.9756 1717.6571 507.55673 1679.4669 0.00093935075
502.91113 700.31866 1089.2124 1383.3452 0.00092012295
619.0318 2095.1436 693.1313 1873.4609 0.0008981434
242.57944 2219.4272 248.38684 548.3691 0.0008911675
978.9839 1116.9365 417.21857 648.5373 0.0008699226
889.54456 1258.828 634.0365 733.085 0.0008164063
530.1907 2145.0583 815.29913 952.5249 0.00081126275
649.40344 2387.896 661.2959 644.7191 0.00081103283
578.7831 432.38748 1005.059 553.52747 0.00080078194
872.41534 597.8661 658.7166 452.11395 0.0007752171
924.4823 843.328 432.67618 823.91785 0.00073798466
853.3222 1809.8618 445.55072 866.76733 0.00066438934
1045.4496 3500.42 232.06352 95.67362 0.0006600416
968.7355 1412.3254 494.5737 486.4186 0.00060482265
941.9892 1602.6896 489.68454 656.9189 0.0005583924
955.567 1615.3939 517.5432 498.20395 0.0005085095
