570.3604 1136.7286 1129.4265 2213.4312 0.6106006
573.93176 1346.4664 1134.3188 2644.2312 0.25639826
326.87637 2479.7249 648.34784 418.45898 0.15326883
531.47424 1219.6694 984.0516 1701.8488 0.11724592
535.03906 1258.2738 933.10425 1486.1371 0.10471805
527.4406 1361.8585 1004.18665 1539.1781 0.061056457
1068.7024 1131.163 111.12982 196.74538 0.040712435
534.767 1112.6895 930.85535 1374.491 0.0366594
478.95947 1528.2072 249.64236 209.69345 0.033838283
510.09894 1168.6147 801.78503 1209.0094 0.028698264
530.4716 1523.6442 918.9893 975.36566 0.023354342
525.67645 1598.5331 1010.3876 1167.2496 0.02259314
271.71198 1481.6503 273.01187 271.10266 0.022521442
572.1363 1136.8375 1127.0171 2212.988 0.022189194
449.70447 689.1539 282.94443 167.13414 0.02216497
496.9169 1558.2125 748.2038 777.0735 0.020102724
527.5325 1344.2975 862.93774 1096.6617 0.019944713
428.52158 2128.152 40.877064 41.03371 0.019085653
530.3123 1536.6481 873.0207 901.5865 0.018825892
378.02518 1504.4149 472.5649 346.08612 0.018747184
468.99182 1595.6919 662.9983 691.37775 0.018366143
527.7995 930.1605 978.28754 1423.8802 0.017729688
526.70294 1015.77594 953.56836 1162.6965 0.01757075
452.84778 1465.9465 640.7436 519.73376 0.016603654
533.00214 941.30963 922.8132 1318.7517 0.016551765
633.6891 1257.786 753.24316 1358.6746 0.015556847
457.39514 1191.2755 760.8254 1433.9327 0.014946609
519.47375 1736.3306 1000.5664 921.0897 0.014790325
407.5536 1838.2195 166.3425 107.05411 0.0142922085
471.40292 1788.5961 342.11215 307.4674 0.012829038
494.01404 1309.2538 763.3003 946.87537 0.01269897
525.7746 705.99554 440.55716 243.8938 0.012236865
484.2731 1005.66077 829.02734 1445.8481 0.012222269
473.70248 1455.9249 793.65137 1046.9152 0.011838308
480.6172 1673.2378 366.54617 505.8569 0.011549524
526.27405 1322.4368 871.2472 1018.84766 0.011376308
503.69583 1149.6006 741.6088 1514.7015 0.011058437
525.91437 867.6948 982.72327 1262.1646 0.010790583
683.769 1259.8486 682.4609 1334.1835 0.010736571
563.54736 1608.4922 1093.3818 2104.1506 0.010438159
448.43332 1411.9337 622.9339 533.74866 0.010213093
472.03516 955.3428 747.518 865.61865 0.010106178
583.3144 2476.9846 1153.2783 421.641 0.010084625
405.61264 1214.4379 727.09515 1670.8696 0.0100738965
529.46765 952.3739 860.10297 909.0212 0.0099566765
485.74097 1246.1276 677.67303 1246.7256 0.009909219
452.4378 1296.2606 747.4753 1489.3363 0.009865606
532.4458 724.3761 457.3557 309.84073 0.009295173
656.3241 1401.4463 222.13364 327.81528 0.009152188
425.61124 1848.9874 221.4705 151.6616 0.008903079
972.32764 1200.5021 137.14319 512.3523 0.008843843
763.62805 687.0231 83.81201 153.2766 0.008758411
566.7645 1857.9463 1106.308 1628.9739 0.008725
490.86197 904.78094 861.5564 881.83813 0.0086985305
497.69727 1094.1372 582.7097 980.3714 0.008677069
525.2605 1870.6266 1019.4637 725.38837 0.008615169
433.3789 1640.3683 490.63458 584.12616 0.00857856
529.0498 1080.5142 636.43823 854.08905 0.008562507
537.5668 1891.9169 1045.3668 697.6204 0.008532475
442.63504 898.7671 786.4823 1222.5367 0.008399595
408.28076 1041.2411 729.23065 1359.9216 0.0083221905
465.20413 1207.537 673.54626 932.0613 0.008257977
489.98294 1737.5106 208.72856 209.704 0.008244781
451.5028 1336.3136 667.055 671.3823 0.008158463
254.60373 237.18982 82.395676 153.17169 0.00812424
878.66156 1132.4441 324.6175 1021.81287 0.008108006
542.544 1428.7965 861.5383 603.4966 0.008065222
431.18427 898.61084 731.315 726.4455 0.008057181
48.612732 190.51219 91.58182 306.8627 0.00803876
570.2078 1991.3906 1118.0702 1384.9485 0.008035932
671.63257 1099.5856 690.62146 1072.1245 0.007963226
565.5059 617.0585 1093.9948 1152.3551 0.007936713
452.6967 876.67834 814.8206 1262.5741 0.0079033645
415.61874 2084.0063 92.79478 145.38066 0.007870829
642.4958 1401.4072 261.72256 341.38776 0.007845308
642.80176 1088.0327 742.03156 1125.6967 0.007814332
924.36365 790.89874 231.22882 344.88733 0.0077909753
878.7841 1197.5952 332.6546 1164.3069 0.0077762855
325.65976 2479.8093 646.6375 417.25757 0.007716098
524.2303 922.2443 992.00464 1114.2212 0.007594997
946.9875 1199.8442 182.03554 519.8532 0.00755071
430.6838 2538.9114 400.8009 301.59787 0.0075173876
691.4946 1123.1624 644.90826 1064.3998 0.0075097885
388.068 1151.4478 723.3757 1835.2667 0.0075059687
922.5413 1381.737 90.64092 139.89726 0.0074504605
881.0484 664.8564 135.4143 97.06479 0.0073806997
372.64014 980.7438 672.49475 1295.0627 0.0073414575
672.02203 1477.7454 176.47812 184.38626 0.007298051
412.40973 1665.1608 731.9742 867.77795 0.0072690165
477.31378 1180.8545 191.7116 162.45526 0.0072599384
448.91104 830.0689 803.7743 1094.2389 0.0072382716
557.8681 493.93744 1084.7823 909.78204 0.0071554305
886.51764 1040.6215 310.5785 850.6415 0.007138935
519.1698 895.5335 984.3655 940.2518 0.0071214996
251.469 2002.2556 268.41602 224.91475 0.0070884097
537.8691 803.91394 1015.60657 1345.08 0.0070796018
522.1949 923.2767 993.89264 1031.1248 0.0069673676
967.3356 935.2129 318.37558 630.425 0.006913892
422.24008 1348.9187 730.41486 559.3011 0.0068869693
900.8833 1255.6226 267.21262 647.8369 0.006836502
599.1987 1681.3217 549.67505 548.22424 0.006755761
231.2339 1211.2498 313.74188 168.41252 0.006732667
421.65244 722.1801 685.42914 430.46326 0.0067157587
574.3182 1344.6658 1131.5077 2641.0598 0.0067036697
509.1828 942.41425 549.57794 662.6595 0.006698299
352.6145 1363.7535 692.0421 2593.4182 0.006692182
1019.5739 1278.4858 221.8821 517.2289 0.0066630202
424.60828 725.08844 765.48975 521.256 0.00656824
257.43973 1233.3206 392.4183 230.40816 0.0065638423
571.61456 2128.3135 1126.6107 1117.0507 0.0064955647
512.35175 773.08856 920.58014 965.1765 0.006417069
485.5749 1177.8169 284.1689 208.39133 0.006390476
902.285 1304.4342 274.31503 735.2397 0.006390428
803.2808 1268.8232 473.66492 1340.0272 0.006385912
533.59326 1862.9061 425.93384 200.43979 0.006350005
458.18652 760.23035 831.4148 956.7019 0.00632909
793.42883 1082.8732 471.73593 959.301 0.006291002
526.0471 861.14417 609.4428 665.94696 0.0062767956
240.27512 2531.1409 370.8405 306.73633 0.00626616
670.4817 938.3494 811.0876 1292.0645 0.006246144
799.22705 1169.1648 477.39948 1146.6492 0.006239319
551.24603 1427.6155 400.475 402.43115 0.006237206
409.98935 1869.1077 644.73364 526.317 0.00621423
833.58105 1131.3164 404.38422 1010.4301 0.0061725746
236.3446 2017.6152 221.3314 189.48322 0.006156031
509.52652 788.989 959.7954 623.2834 0.0060982066
1036.6827 1097.9127 177.51108 309.9736 0.006053731
253.35649 446.94412 295.96216 303.13452 0.0060536307
513.34607 903.62823 889.3422 766.788 0.0059934203
214.95676 2483.5046 418.91647 404.14032 0.0059730667
408.31174 2068.1035 147.13417 185.7321 0.0059549743
520.9068 959.611 996.4102 883.99963 0.0059505166
629.4122 917.5457 685.1574 739.6851 0.005938755
820.8413 1252.7737 438.96503 1305.0211 0.005928138
703.2715 1080.7646 664.0317 1156.6427 0.0059235115
575.19183 1813.2571 557.908 391.938 0.005905703
405.13675 670.1546 191.00122 120.54544 0.0058885305
899.3975 1201.9182 254.81354 495.08392 0.0058772117
694.1585 1386.2472 650.9955 1151.455 0.005875134
570.1138 2092.1924 1121.0109 1182.6115 0.0058630477
963.7296 1090.7758 332.81036 960.4256 0.0058513973
1038.709 1151.2697 174.15591 358.2944 0.0058169756
879.4549 675.96716 138.69508 122.3391 0.00580704
321.31418 511.9956 558.1155 485.58014 0.0057604676
243.18149 2003.8671 236.75761 192.46245 0.0057123764
598.4087 743.21576 619.332 377.44138 0.0057075415
345.3864 705.8298 498.56345 290.96057 0.0056925076
391.79724 660.5001 694.6274 651.72876 0.005681779
483.42664 1787.4326 391.46594 722.8714 0.0056708273
632.9763 855.97156 643.8677 618.7393 0.005663841
607.7639 1672.8047 539.886 864.82294 0.0056250407
817.7255 1054.5171 431.63934 903.3846 0.0056096828
935.56854 1213.0453 374.8231 1222.48 0.0055731004
353.63684 1627.8082 653.9553 999.6252 0.005540664
582.2655 1373.6188 478.66132 938.95734 0.005518585
789.36487 1397.0632 482.264 1039.9177 0.005515647
356.84024 855.715 666.2792 1116.7727 0.0054992978
809.26184 1376.3264 446.48285 986.2769 0.0054991934
619.2134 1400.0693 266.7491 336.43292 0.0054565542
557.07874 1407.9138 872.67554 496.79776 0.0054564173
495.98126 1066.205 373.1557 376.4831 0.0053737783
353.81613 1389.8546 456.51404 461.27942 0.0053356076
505.11472 1996.7699 982.78064 491.067 0.00532675
900.4997 1348.6726 287.49536 864.1317 0.0053214044
230.44395 2071.3918 443.66187 330.34875 0.0053199586
988.2934 1265.1752 287.6287 640.1656 0.005306818
839.87366 1383.0984 400.41333 986.9266 0.0052923523
503.31644 1448.0082 482.6148 920.31915 0.005241499
657.3577 1511.8778 682.4049 797.0092 0.0052199773
526.53845 1384.1519 486.63373 791.0293 0.005208822
952.18787 1288.4016 158.83002 334.5972 0.005206648
454.08615 840.30255 607.72906 930.5433 0.005205433
594.10205 1809.4575 776.3701 689.2001 0.0052052895
547.70026 1493.5309 842.1996 424.01053 0.005203115
406.70044 727.9859 768.16296 1163.3053 0.0052008866
573.2634 1864.8679 412.61984 223.62354 0.0051952475
430.46796 480.77313 349.98795 315.0074 0.005164974
622.3922 1603.8945 505.48685 715.0434 0.0051503307
418.50803 1294.6085 703.7372 380.4743 0.0051472336
177.89247 434.96564 164.85736 213.36365 0.005135921
352.19632 561.09216 623.84515 556.59344 0.0051327227
228.10426 457.8469 391.1966 359.4291 0.0051217265
584.5451 2477.6753 1150.9045 417.7016 0.0051212697
174.30653 467.26108 280.2765 325.8734 0.0051063597
601.02527 660.21454 360.5565 319.45728 0.005082927
524.3229 562.4124 456.72726 476.8462 0.005080213
899.80927 1263.0938 282.75082 713.8688 0.0050767506
881.11194 1252.235 229.30394 377.0503 0.0050697755
688.66254 1275.3954 546.30457 895.63354 0.0050667915
421.88907 320.91626 302.38785 270.48386 0.0050489437
431.81946 1219.927 598.3055 893.6772 0.0050283684
388.58768 1586.1055 599.3749 1040.8029 0.0050130947
598.5036 792.35236 786.3293 730.8254 0.004996563
604.3299 919.2952 737.7153 873.2659 0.0049914075
480.1576 1247.1984 468.79355 1270.0533 0.0049732714
676.3031 1017.36444 715.3465 1258.8297 0.004968967
458.17587 1489.1742 654.4364 427.4198 0.0049678497
393.97574 1005.5442 629.89874 988.36005 0.0049607456
538.8375 1661.9338 547.5843 890.58594 0.004946653
565.4825 1796.4468 574.1659 332.57104 0.004936268
331.64484 2241.461 650.1998 890.6921 0.004918077
137.28824 580.20605 127.15005 111.76312 0.00490898
235.0657 1892.9498 451.0513 571.40393 0.004876276
961.85864 1280.4999 169.35776 722.9641 0.00486077
570.1462 2332.2769 1124.9978 709.8714 0.004851481
356.88126 1934.0063 678.6517 503.2413 0.004848142
541.9328 927.5858 472.83954 599.68646 0.004837874
830.60693 1230.3608 393.95248 774.5659 0.0048341583
840.77905 725.8399 223.2687 256.36823 0.0048265415
554.2088 763.2875 525.1762 401.63687 0.004810442
718.87286 1027.1332 607.9514 906.5414 0.004803667
1044.4603 1295.8419 176.54776 547.4879 0.004778033
950.42126 1298.7108 197.646 763.2546 0.0047684964
485.03976 1378.7325 92.723495 110.00884 0.0047391006
519.6285 852.96173 920.2459 712.74304 0.004739002
764.46027 1285.6311 495.62067 911.40204 0.004713278
654.2977 1300.4453 540.57733 1099.988 0.0046913377
397.97235 2020.216 524.7017 304.6357 0.004690401
428.5251 2049.6426 828.31775 381.89438 0.0046882173
221.35365 404.56473 407.83292 543.8086 0.0046422603
686.26495 719.28705 191.73012 238.97736 0.0046396214
309.0511 449.35062 540.23376 397.84937 0.004634828
679.6228 1764.9243 304.35013 307.48315 0.0046320395
501.34824 1260.8293 430.1917 370.38956 0.0046182927
254.79707 234.34668 68.655655 144.87148 0.00452073
415.36176 2013.4662 251.26907 248.5273 0.0045155506
738.91455 1290.9773 585.6359 1409.8306 0.00450679
728.44495 1057.6593 166.77206 229.79376 0.0045045596
735.5644 1022.49536 109.13804 147.6716 0.004492243
151.13512 2615.1482 292.91187 148.59953 0.004476023
944.3409 1276.1271 179.0559 410.9669 0.0044703274
586.69385 475.25793 232.43396 243.61015 0.004435102
1004.6505 1143.9933 245.6017 348.71588 0.004389224
720.7725 1076.7233 230.6539 326.94464 0.0043782983
334.50623 373.44434 635.4939 566.87213 0.0043734326
603.3056 741.70996 390.34653 320.22482 0.0043688836
889.83356 1210.835 157.82555 231.90677 0.0043681064
141.70781 2482.2217 275.2745 406.24374 0.0043505826
664.20325 875.327 119.74378 139.4608 0.0043097213
604.35645 834.4484 802.2202 966.0551 0.0042970493
634.33014 1335.8806 302.69293 464.6865 0.0042892243
845.13293 1248.2584 396.08426 1289.9617 0.0042541083
750.867 1717.963 320.6533 369.93353 0.0042474377
492.87253 1218.5294 446.26453 652.52655 0.0042171497
488.19766 1814.3868 774.26996 1704.0984 0.004186542
118.02131 561.1182 191.57777 177.48572 0.0041776868
751.9669 1242.0406 490.90555 1046.2886 0.0041690823
894.8835 1204.7252 280.14014 584.93677 0.0041591837
600.8168 770.91943 378.68256 339.14972 0.0041521606
649.823 1668.8542 358.975 555.77765 0.004148662
763.2073 1158.1003 707.1477 1724.9243 0.0041379174
921.213 1627.7119 231.03711 287.5483 0.004132624
31.9099 143.79329 58.765636 218.22702 0.0041322373
654.6355 1628.0101 680.7512 962.90125 0.0041179312
650.5403 1805.1906 618.5508 691.46625 0.004111169
835.3072 1140.256 477.8082 1239.1204 0.0041047935
594.69147 1318.1254 454.79462 591.11096 0.0040936684
927.94745 1135.6938 377.2636 1078.1338 0.004086804
228.81938 301.49637 228.3167 315.1664 0.0040851454
543.06976 1530.005 559.09576 846.7846 0.0040737404
667.63617 1638.3177 628.258 907.9802 0.004054804
551.3643 1788.3889 229.27298 291.32355 0.004044632
792.13495 1288.9403 494.8272 1400.1243 0.004023577
217.15222 1722.6605 414.38794 928.21704 0.0040188613
765.7837 1270.7006 487.8984 883.4324 0.00400777
602.2003 1785.0798 352.6609 330.0416 0.0040067695
731.6632 1755.5566 231.49411 252.94647 0.00400296
446.19278 630.2597 349.19846 298.43323 0.0039946586
361.03195 1658.8271 441.37912 460.72406 0.0039942963
1066.9261 1203.9324 129.95004 361.22305 0.0039762636
861.7094 1399.1948 363.7492 1106.6428 0.003972496
808.30225 1231.2681 415.48245 647.5447 0.0039695823
671.40393 1685.2776 365.0478 533.7994 0.003956091
559.12933 1441.1276 884.18933 503.078 0.003949162
572.49335 473.9213 1132.5914 885.7158 0.0039455886
682.775 1115.3813 288.17065 379.3028 0.003937782
633.4396 1686.196 529.9019 703.4034 0.0039262795
652.335 1163.43 401.88028 762.65924 0.003919497
719.56714 1035.7291 606.13666 962.6589 0.0039086365
810.55115 1267.7804 547.7314 1438.1367 0.0039038088
658.6306 1102.4031 175.00323 221.9288 0.0038880298
428.61063 1284.4435 603.32996 911.23303 0.0038872617
772.388 894.1901 458.76883 591.4466 0.0038831593
776.9733 1024.742 526.6006 953.8912 0.0038698027
528.16235 1232.8408 436.4507 751.10626 0.003857941
687.4439 1504.7394 660.70374 1248.5726 0.003846759
258.07883 1972.0494 486.345 453.88977 0.0038387855
169.03578 415.85043 130.6372 151.58379 0.0038292098
404.54248 701.0337 704.57263 339.9394 0.0038212368
139.4383 2481.416 272.03146 413.21548 0.003807526
932.1297 1246.6086 127.8022 243.65292 0.0038042846
634.5186 1975.3085 304.03897 301.22272 0.0037985512
694.52704 1054.773 678.9637 1184.4514 0.0037886004
730.73834 1478.5487 715.08453 1188.5968 0.0037864414
649.217 931.5912 727.2585 970.48596 0.0037817315
775.33984 1457.9517 165.64731 225.46564 0.0037815124
354.6905 883.1405 633.4451 664.4365 0.0037734788
744.3652 1299.0834 563.41473 1434.4011 0.003757555
583.3826 1334.1482 358.4034 518.53046 0.0037512823
554.40076 1535.2417 1053.9333 2281.4722 0.0037511326
544.1171 2486.64 1065.0448 404.97916 0.0037395626
866.5131 1123.9055 184.04343 286.6557 0.0037324599
928.9036 1297.164 127.7705 270.36145 0.003727629
923.66473 1010.55035 253.67377 783.2768 0.0037261578
710.0119 1983.5153 182.80879 190.59267 0.0037179799
430.6658 1319.8617 186.56535 200.35988 0.0037138755
572.09247 2262.315 1120.8845 847.7111 0.0037126532
720.24457 1336.2986 631.1613 1489.9666 0.0037126266
512.09814 1460.4432 464.70193 1024.0675 0.003702652
615.485 1334.4149 297.19797 433.74768 0.0036976228
585.3743 1139.6414 378.6614 878.33 0.003671654
538.9525 1245.5299 478.67737 649.5488 0.003664605
287.6264 2616.8809 569.9353 146.46164 0.0036564157
442.5817 1242.3387 583.3344 622.81934 0.0036464615
754.1496 1771.3229 195.25061 236.93422 0.0036396822
29.635681 109.864 54.587105 158.32677 0.0036255885
829.03986 1435.7175 546.2706 962.66425 0.0036250595
675.26056 1901.165 242.41765 246.60101 0.0036185416
577.70807 369.36603 1149.6394 690.63544 0.0036122939
740.5729 1361.235 432.27383 482.26562 0.0036099881
405.37204 1326.7285 669.4507 455.97604 0.0036040964
968.5187 1298.4026 135.03477 281.53818 0.0035971457
611.2047 421.1927 332.99002 359.6402 0.003596963
583.87463 756.9165 779.82025 623.7852 0.0035935924
835.32837 957.4424 416.2784 747.37384 0.0035802072
392.76697 1828.8287 470.37238 818.9835 0.0035749122
601.27203 1039.2385 410.83676 738.38477 0.0035691436
463.70056 1480.9999 263.91095 321.2582 0.003555753
849.4862 1465.5521 378.14093 1021.6101 0.0035542801
1067.3451 1187.166 121.2287 331.92432 0.003549138
602.3569 1002.234 495.94342 767.0711 0.0035411674
716.2824 1348.2233 330.12747 470.49472 0.0035285265
824.99054 1434.9016 389.10672 614.83276 0.0035109427
830.47253 1034.5834 416.9536 863.2374 0.0034990797
553.28754 1825.5267 227.85408 256.8506 0.0034937265
593.79956 873.8694 799.3535 737.43835 0.003489002
311.32794 2582.2957 224.67714 193.42892 0.0034612978
926.18524 756.9035 235.4609 276.02927 0.0034603504
388.68152 1358.2712 324.55392 410.64014 0.0034449513
722.828 1266.4656 629.9645 1360.6536 0.0034404162
519.0659 1459.3435 287.01456 289.0495 0.0034334573
765.1821 978.0499 144.36322 185.21802 0.0034283735
866.0663 2570.4814 606.5173 314.09705 0.003425478
701.66284 863.12274 493.5779 550.0417 0.0034221008
572.636 1329.9225 186.02333 210.72403 0.0034041714
671.0789 1953.8956 398.64532 341.9374 0.003399152
920.2329 1236.9891 221.31616 579.2618 0.0033957327
774.0103 1244.406 194.44286 259.00452 0.0033935548
432.33606 2015.1833 68.16248 118.79253 0.0033882582
488.27975 1992.1301 717.58453 496.97583 0.0033837222
782.56366 1303.3446 430.34866 601.36444 0.0033810716
571.3659 377.95685 1106.1556 709.615 0.003375462
518.3035 1952.4457 251.34814 219.99179 0.0033711002
789.9024 1926.2391 318.47638 297.2564 0.003356508
704.32214 1575.9421 325.09238 463.24866 0.0033443465
894.2207 1258.1099 440.81894 1432.3638 0.003325671
694.4608 483.77194 487.88007 480.33023 0.0033232695
814.6765 1134.1644 417.39072 629.896 0.0033182288
805.1666 1397.2872 163.05928 260.702 0.0033060089
292.71942 859.66785 521.58716 545.58826 0.0033017786
586.74316 1090.5255 618.5063 868.2846 0.0032988063
486.61325 990.0863 384.3723 468.51697 0.0032747579
758.5199 1075.6323 251.95406 362.58633 0.003270476
1036.5326 1259.5187 148.21326 501.16022 0.0032646814
626.49347 1395.8944 348.75717 476.9948 0.0032620342
810.0224 1502.3458 377.18134 516.15515 0.0032339783
826.8822 1103.1393 362.1414 517.3202 0.0032331499
435.66238 1345.8628 789.1399 628.05963 0.003225221
542.97156 1433.8047 526.65674 546.4151 0.0032170177
188.47868 1887.996 338.04285 460.18713 0.0032052915
864.7328 789.37946 322.5571 387.5236 0.0032009918
328.96448 683.7821 608.55023 719.0046 0.003195448
778.88513 939.2748 439.63855 690.2326 0.003192996
822.8063 1172.9773 390.95267 845.4594 0.0031868613
976.3012 1319.5975 328.7913 1515.9911 0.003186348
943.5941 905.72064 351.41907 600.8458 0.0031795157
473.58795 1063.1298 225.83366 216.64088 0.0031740281
261.32565 1442.9512 509.39102 2358.9583 0.0031723147
810.2927 1202.4578 427.3417 1217.1152 0.0031706793
572.22766 1440.9994 327.77063 296.1827 0.0031657203
95.53821 2648.0483 189.91272 84.56729 0.0031606804
762.7841 1585.1233 397.83414 691.6814 0.003147867
355.7562 507.01492 283.8496 175.0612 0.0031272082
953.8026 799.679 263.17697 376.7604 0.0031103743
524.4295 1992.7035 755.32556 500.19498 0.0031033547
867.4219 821.455 498.57602 896.92194 0.0031008879
557.9417 1809.3724 520.2115 353.03174 0.003078453
640.3672 1346.4996 278.0713 566.46027 0.0030774975
932.6619 891.46655 355.53152 557.1763 0.0030719477
215.74988 592.0483 253.15039 175.61203 0.003069446
214.3408 2661.0286 377.9757 54.540318 0.0030601057
567.34924 1501.081 395.70154 538.871 0.003058606
827.6267 1155.9662 513.5955 1333.1571 0.003055582
614.44763 2659.028 1016.98016 51.95365 0.0030446171
548.70245 910.5272 440.14813 735.15906 0.0030373803
197.15706 1068.6287 318.2367 335.888 0.003034801
411.24445 1455.5383 452.9642 713.0385 0.0030276752
877.55835 1785.8647 203.0535 258.0029 0.003027118
377.62244 1566.1139 446.52798 791.5473 0.0030113854
271.81744 2615.8203 202.5722 141.3123 0.0030050701
1007.4725 1147.4384 249.45004 858.9794 0.0030024939
942.66565 1378.2603 393.78775 1697.282 0.0029958198
918.70746 1338.6229 431.5055 1558.5305 0.0029837976
633.09326 1745.5101 377.882 325.30826 0.0029833564
822.0793 1059.5564 390.02502 760.87964 0.0029808767
109.14782 2605.6863 189.76031 170.1185 0.0029731393
626.6227 1947.2118 270.15567 296.56644 0.0029643308
556.5206 887.20184 522.2509 925.3684 0.002962302
259.02267 229.80429 101.37155 159.20709 0.0029603112
289.63904 1981.3555 295.06326 327.85925 0.0029587268
798.2238 762.4914 359.08734 390.29742 0.002935641
313.13742 608.01154 598.0754 788.16437 0.0029347453
464.11078 802.10034 474.30142 385.0481 0.0029329709
282.842 2074.2512 120.19377 130.04843 0.002917099
946.27167 1258.1543 227.62029 1023.38043 0.002908535
795.70496 1605.6772 451.82275 624.2823 0.0028953252
635.6906 1774.2572 358.50308 654.55896 0.0028684088
946.7089 1254.03 374.46832 1394.5413 0.0028617217
650.7475 1530.8844 271.3838 442.48672 0.0028615706
726.9181 1455.6621 316.2923 759.3489 0.0028567135
271.10754 1468.1459 209.38315 226.02312 0.0028491684
545.02606 1591.192 353.6848 597.43536 0.0028482839
722.52844 1762.4927 506.57327 757.3798 0.0028428112
429.42896 1218.4198 247.24626 206.36198 0.0028416596
1029.601 1187.1864 175.62749 512.46375 0.0028331385
417.49008 2456.093 427.1333 462.91214 0.0028328798
812.088 1299.667 436.14926 1441.3617 0.0028276113
838.282 1420.326 187.89131 323.42105 0.0028260895
824.16077 17.08922 700.9114 33.82967 0.0028258585
568.93005 1287.6194 367.51553 678.18463 0.0028230047
815.1774 1798.4747 209.29266 268.97018 0.0028101197
834.4007 1037.3119 506.50687 1240.1953 0.0028094077
505.03708 866.6087 971.61487 677.7849 0.002798572
896.08997 637.18854 373.8941 558.0474 0.0027810028
605.33795 1146.3795 231.77625 379.98587 0.00277971
833.7206 1082.7317 411.9136 958.621 0.0027788852
645.7487 1383.2384 202.89241 319.3646 0.002774854
599.8441 1884.9282 242.55891 213.85315 0.002765829
952.4239 2440.4038 407.80362 494.45496 0.0027657012
593.3175 1208.2795 333.44537 713.8181 0.0027632783
834.3266 1638.9093 354.04816 583.56836 0.0027630657
975.35236 1332.2614 333.33606 1625.9983 0.0027429655
837.69904 1590.5796 368.29016 661.8362 0.0027403699
248.87245 1237.1188 355.78784 1523.6086 0.0027373375
529.53973 1890.3303 620.5102 403.76205 0.0027335146
162.3224 2667.064 279.6807 47.665646 0.0027226848
870.3909 1681.6134 339.18723 516.8959 0.00272061
1059.4156 1125.4282 111.849846 208.57661 0.0027171813
920.5989 1423.1512 394.3723 1115.4974 0.0027086176
789.18243 1288.844 491.33633 1395.951 0.0027055086
744.6124 1732.3917 519.7452 803.2436 0.0027046043
548.918 2183.2393 971.92676 282.9652 0.0026887152
523.8392 850.3206 523.5957 439.25873 0.0026886617
376.93948 1234.152 510.10898 708.6228 0.002674715
921.9526 1465.8834 206.25877 312.26486 0.0026731864
242.4641 475.5085 206.80942 170.49858 0.002672974
947.4451 1322.8005 109.14678 217.91977 0.0026696853
1062.5343 1048.5757 140.49133 388.9564 0.0026664485
741.349 1549.0228 172.94864 250.34105 0.0026567148
871.7726 2384.6416 585.7788 609.0413 0.0026545145
951.3127 1476.8782 160.91145 235.25748 0.0026366448
511.62198 852.977 386.25677 336.38828 0.0026357598
103.21987 2657.7715 206.47705 64.069824 0.0026336182
482.0049 729.5971 251.71999 159.05966 0.0026264326
1043.25 2589.1116 254.19008 195.58125 0.0026211354
584.73395 132.43298 1162.1195 254.7943 0.0026181976
902.9827 2387.0535 519.3537 602.25977 0.0026128453
576.32733 1352.196 1137.2473 2633.907 0.002609157
480.90958 1567.1521 231.6827 214.12724 0.002604634
59.10816 206.58342 111.35971 359.41937 0.0026044224
698.71826 2592.9045 880.5021 437.3881 0.0025718927
871.6202 1078.5759 165.87271 230.8615 0.0025696945
904.2973 1437.1089 395.91907 786.25195 0.0025642468
808.7433 1010.8501 449.91516 831.28723 0.002561681
292.11154 1646.5591 449.4865 921.24396 0.0025594218
950.73914 2580.3398 417.97244 218.06895 0.0025590847
539.1013 2568.507 1087.1188 249.36601 0.0025474727
841.6018 1969.5272 372.87457 389.24542 0.0025414447
846.6726 1442.2644 511.42517 999.2668 0.0025378233
741.084 543.86273 713.3121 756.1674 0.002533525
706.9013 1841.095 522.0278 726.55164 0.002532342
945.8658 1494.2424 182.11182 360.23413 0.0025259904
240.1886 877.8547 230.45139 211.64565 0.002518931
402.02872 1484.134 181.47131 258.47217 0.0025079672
901.4186 1397.6854 295.8435 939.3823 0.0025033203
577.6796 824.9141 536.34985 764.826 0.0025021692
393.23352 2234.7422 736.42834 760.26984 0.00250097
1049.9417 1045.7025 168.01556 396.8846 0.0024911596
926.4149 960.57446 384.1311 889.12964 0.00248894
522.9095 2569.4111 1056.4875 245.83818 0.0024858047
574.05255 1145.3013 1133.2139 2179.5312 0.002484592
703.55853 1673.1132 488.96243 843.2194 0.0024772014
884.3913 1455.9705 320.95245 893.18677 0.0024746729
513.63513 1925.6714 248.938 425.9105 0.0024729606
606.20074 1373.6686 132.73834 216.55063 0.002470876
664.8388 928.47876 258.40268 503.9292 0.0024645657
346.47427 889.3668 628.28894 732.4077 0.0024636115
669.90533 1400.3182 208.21849 298.27127 0.0024553067
549.4913 1470.3796 323.28043 599.99945 0.002454884
903.2919 2514.2068 501.24503 353.67407 0.0024491118
777.7504 1026.6967 564.6733 1026.9551 0.0024475174
1009.1546 1404.5361 249.38268 712.87805 0.0024423664
153.48714 1942.7292 293.31158 594.73047 0.0024419602
823.3257 975.89404 525.9031 937.9395 0.002434044
279.4062 1645.6051 356.84998 936.31146 0.0024286048
637.4727 1355.7518 227.52444 360.70566 0.0024264627
922.5751 1197.4694 247.2909 630.7934 0.0024260876
988.2034 1169.1366 306.31683 1134.7986 0.0024194953
423.89435 1315.077 377.4725 445.99536 0.0024159234
660.74835 2508.286 893.2774 359.33536 0.0024097692
1068.8812 1129.7926 106.321655 194.33109 0.0024085338
458.98438 1343.3875 586.1176 809.6596 0.0024051217
486.44888 2637.3152 261.0533 111.523926 0.002398461
591.25055 993.4816 370.96725 885.77997 0.0023952937
1047.094 2418.6768 268.0313 520.27985 0.0023901078
580.1068 1355.6733 1138.7744 2659.4229 0.0023851094
468.5517 1721.4526 171.56694 236.742 0.0023842654
746.7244 899.3571 612.62933 752.02814 0.002377687
708.58984 1217.3391 237.07051 296.74255 0.0023760034
699.8931 1091.0348 170.28923 268.51816 0.002369051
1042.5665 2426.7625 239.38432 378.71384 0.0023640909
661.0978 1112.4668 156.3207 196.48329 0.0023568582
641.2438 1479.0087 139.21838 169.28598 0.0023551434
788.92334 1908.9902 176.7893 225.12582 0.0023547884
706.5312 1001.3607 643.13 820.0996 0.0023487872
862.29034 1550.6249 479.37372 1290.5306 0.002329636
761.04755 1796.4614 476.3414 679.76697 0.0023219702
692.51697 1221.4536 153.51398 217.74745 0.0023093675
375.30692 1446.1826 470.3646 514.09656 0.002297174
934.1999 1419.812 186.01793 325.89734 0.0022931646
350.8331 1049.8197 572.4816 1491.2151 0.0022862658
150.88795 2665.957 244.1372 49.164284 0.0022844698
865.6396 1256.3232 288.32697 1292.841 0.0022843329
636.4194 1171.1465 223.13794 263.20703 0.0022818195
443.781 312.2677 290.4554 316.85843 0.0022767317
627.4189 1071.8802 479.79565 876.23364 0.002273995
803.7608 1676.6675 131.71652 211.43842 0.002273639
600.95636 1372.6355 130.40811 205.1448 0.0022724885
1040.5413 2355.032 189.22906 302.27332 0.0022723111
968.3888 2567.546 392.3326 241.93007 0.0022710715
746.13104 1727.342 660.8084 1018.27856 0.0022681605
900.1462 1674.659 140.3911 212.47752 0.002263582
1055.7375 1240.7949 168.3665 697.13245 0.0022633797
723.0131 557.46796 780.3134 865.21875 0.0022614207
796.6638 1627.8535 134.47047 248.76984 0.0022438576
889.8821 1806.8097 190.85683 265.38446 0.002235097
554.7503 1760.0377 222.04793 366.4331 0.0022297122
539.1203 1324.3572 206.51021 216.78636 0.0022187086
513.9519 691.8007 448.00186 323.22116 0.0022084697
1046.8181 2435.8074 254.71825 259.70874 0.0021994025
934.82697 1538.6759 174.07742 211.94955 0.0021974244
1039.9447 2261.2434 234.89781 337.94287 0.0021848402
797.76465 1572.0753 292.55515 362.72647 0.002177532
887.5991 2630.908 302.92163 103.89791 0.002177248
473.51785 2121.2122 653.9881 814.2362 0.0021738622
1038.4886 2623.1108 229.4504 118.60538 0.0021676354
425.66028 2370.8486 910.09 654.64636 0.002167264
516.3233 2256.5928 253.53728 173.69518 0.0021672363
289.69565 2052.4182 286.43307 401.3919 0.0021599876
843.2106 1384.034 633.0601 2519.0574 0.0021577906
923.4796 1592.723 279.24365 601.6297 0.002153864
772.49664 2299.2192 290.0145 287.46652 0.0021535207
680.9975 909.15314 734.00354 808.1409 0.002152232
1076.3773 2560.6582 159.19936 253.99623 0.0021456757
985.7743 2262.1362 225.62648 272.56323 0.0021407073
1077.2325 1304.5492 128.98979 565.7522 0.0021330847
833.06866 1350.1053 653.96765 2185.9858 0.002126955
291.9133 892.45337 510.77658 1021.96564 0.002123324
676.99475 2068.7761 580.37537 424.05057 0.002109227
498.64877 2310.466 270.32703 232.47649 0.0021000218
151.50279 2345.0774 299.4106 173.1101 0.002096622
568.3444 2559.3943 1097.8268 271.15497 0.0020960106
503.3424 2248.5752 979.7688 557.82117 0.002092683
894.88855 951.36584 451.6191 831.15533 0.0020881551
486.89987 1340.6005 206.98859 221.62444 0.002084961
1040.8323 2205.3762 293.7603 525.16296 0.0020839206
326.44946 2479.318 650.50995 420.83188 0.0020828717
744.73413 1675.5012 159.2092 225.95262 0.002078439
858.78613 1569.4847 430.64603 1105.252 0.0020779863
1029.7053 1431.1742 235.15923 855.05634 0.0020708258
1071.7255 2450.5469 170.74109 476.01984 0.0020582764
751.5572 1794.2618 195.56183 267.24072 0.002051416
957.58203 656.5997 322.04245 521.39703 0.0020497183
763.5727 1494.1393 453.31146 1013.8501 0.0020492568
715.3169 1679.5084 149.73082 197.17154 0.0020467248
951.2127 705.66406 336.5354 566.3575 0.0020443692
1042.0079 2365.5713 208.89398 444.83173 0.0020405925
857.76776 1188.1064 573.9843 1781.7869 0.0020358427
937.8312 1623.5187 316.03238 1136.2667 0.0020235733
511.62582 2579.6846 1027.7169 235.03812 0.0020222506
692.51636 1355.6708 618.5694 1497.1742 0.0020211288
1055.7487 1152.7095 176.158 772.9406 0.0020164798
814.4325 91.649796 698.153 180.32451 0.0020157997
1001.0936 1495.2363 131.12012 211.40257 0.0020152952
728.3581 2538.182 489.95844 296.65213 0.0020050195
1119.4064 2477.391 85.79364 418.12885 0.0019979978
934.85645 2313.3594 201.93665 314.19897 0.0019901018
1074.3778 2118.8623 169.40059 436.65417 0.0019857981
642.3835 2129.4963 375.34695 442.02005 0.001976882
354.88687 2617.3206 277.24814 141.62045 0.0019652732
374.97073 2049.7546 402.13263 493.73425 0.00196451
915.52356 1922.8435 309.3357 394.3614 0.001959716
455.44943 937.5327 417.92624 565.0817 0.0019556463
575.4874 1506.6624 394.19675 720.8402 0.0019541606
877.6463 2465.6077 450.98248 447.20444 0.0019536754
857.05817 1305.5555 155.86317 236.07692 0.001952665
935.111 2410.6074 259.4895 358.34433 0.0019483281
799.6473 1755.0414 533.512 950.44867 0.0019453622
784.1597 2063.453 227.97163 203.73358 0.0019437614
835.0081 949.42554 518.6646 950.6341 0.0019373335
1053.2173 1208.8203 176.75696 802.2662 0.0019295344
857.1494 2606.564 331.20618 159.80943 0.0019289909
1000.9701 83.70255 336.4701 165.8323 0.0019267787
254.59557 2667.0493 205.15822 47.94562 0.0019250133
858.33887 1270.7537 279.97498 991.8839 0.001918412
592.64105 2325.5745 396.66208 379.68576 0.0019095106
793.3385 2626.789 626.1995 248.45543 0.0019015798
877.5357 2254.6438 292.58652 252.57306 0.0018996873
855.456 2467.2349 384.0963 429.61035 0.0018976894
705.2296 2510.9429 296.06747 350.80087 0.0018898193
855.33704 2013.1627 220.36778 212.70152 0.0018890604
976.123 2287.0151 352.99207 525.5162 0.0018862501
832.00037 2579.2825 350.812 230.06483 0.001883193
362.22162 1218.5071 621.94165 1509.346 0.0018702799
227.52235 1192.8779 416.23627 668.38214 0.0018692039
844.3964 2654.216 263.95026 64.80543 0.0018645553
1078.196 2623.668 170.4052 129.60121 0.0018631616
890.9484 2265.7153 519.795 846.8938 0.0018621224
326.77203 2479.4858 649.54004 418.52658 0.0018610036
300.11218 1210.7955 536.75775 712.13916 0.0018598089
1079.4137 2089.5623 186.11569 297.54007 0.0018519599
799.332 2065.5564 491.90454 850.8407 0.0018498254
846.73236 1627.1234 547.5707 1266.774 0.0018492409
842.0949 2263.0754 459.43698 529.2026 0.0018474392
680.87054 2021.0907 304.99094 417.99265 0.0018470691
556.52277 1503.4896 279.33426 463.93945 0.0018458923
1108.0446 2307.7856 136.62114 369.30057 0.0018452351
916.70166 1742.8671 172.72383 255.82906 0.0018424577
1018.3817 1375.7411 236.9352 1096.7241 0.0018401002
802.8416 2252.3308 404.88266 253.85027 0.001837243
568.89215 2387.137 218.11392 207.43513 0.0018263368
921.5544 2293.8474 510.7875 513.5153 0.0018228482
665.454 2123.5862 418.75552 547.3966 0.0018191611
400.83807 1857.7117 308.8604 389.35562 0.0018132067
698.2165 1392.7322 486.98056 1072.1774 0.0018114324
718.0626 777.3657 654.70355 721.429 0.0018107125
832.9749 2222.2324 182.74055 226.82162 0.0018099827
985.0283 723.0177 220.05133 319.34357 0.0017877485
889.0588 2120.6587 351.5583 384.88092 0.0017862815
761.1305 2286.3372 566.0518 378.40408 0.0017860662
860.96014 1749.9729 536.7714 996.8406 0.0017842911
963.7103 2376.2092 206.97319 245.5247 0.0017841994
660.775 2150.3523 414.1167 572.5524 0.0017829227
751.27014 2512.7888 287.8261 353.67474 0.0017820589
721.96124 2382.024 447.0704 597.869 0.001772594
892.846 1318.2958 259.34717 1452.618 0.0017716138
880.2517 1653.1089 489.56903 1131.9706 0.0017648216
815.3304 2255.9504 542.2574 650.9737 0.001760034
782.5906 2524.2744 327.81784 335.80862 0.0017593682
657.64844 2237.1877 570.4129 595.46967 0.0017585467
713.63055 2131.0234 205.35143 247.28699 0.0017516628
548.36273 1982.5825 899.4932 547.5119 0.0017424967
491.92734 2516.7346 454.31503 341.55627 0.0017408801
1119.3878 2527.9465 84.59112 320.40286 0.0017384025
213.55782 159.73404 398.61554 265.3117 0.0017284054
935.3079 1510.0797 96.28452 147.54878 0.0017235948
683.68805 2551.9985 281.8632 270.47955 0.0017218416
744.9556 1223.69 305.6664 464.95386 0.0017209412
876.1435 180.74043 263.4855 199.81476 0.0017164806
1065.2218 476.26587 215.099 950.4558 0.0017150448
961.35364 1838.5144 307.16983 601.64325 0.0017114491
1074.451 279.55698 189.59096 562.07916 0.0017089741
995.1805 248.1614 298.8294 405.99866 0.001704931
845.8726 1567.9004 501.7433 1308.0963 0.0016948339
313.7759 2177.9937 561.68616 222.8824 0.0016947992
995.3727 1589.2535 294.13284 1231.7662 0.0016894982
561.9781 2597.267 1030.7684 194.62804 0.001688838
1055.9614 884.8977 146.48788 285.90814 0.0016837198
851.1841 1354.2404 437.33194 811.114 0.0016783192
764.0084 1106.9949 389.75443 961.39844 0.0016780802
842.74585 1547.5525 513.77026 1339.7018 0.0016722765
1078.835 1477.2545 123.838776 241.90155 0.0016686161
748.65564 2531.1248 371.20004 319.15277 0.0016638957
915.93335 2336.5151 447.06125 698.148 0.0016589185
779.10504 1589.3801 536.4084 1249.0731 0.001655304
1044.9752 1594.109 236.91864 2044.9326 0.0016358092
838.77 1576.9745 543.9095 1332.345 0.0016357633
802.8266 808.08545 590.2095 864.3597 0.001635761
664.3724 2237.5376 328.58463 243.99516 0.0016262254
1015.4951 1287.3016 180.0196 239.75089 0.0016260683
592.88245 58.899494 1160.153 116.59056 0.001613854
752.14453 2546.36 266.44373 283.32083 0.0016085415
724.07623 2413.8362 229.33194 261.18988 0.0016069143
662.44257 2345.1108 302.64877 448.40176 0.0016059873
731.9912 2338.7107 320.90717 355.51468 0.0016047804
955.3184 2641.9602 389.5414 272.76437 0.0016040229
826.2085 2050.9429 168.09888 172.50218 0.0015998855
754.07825 2436.1592 530.9557 499.54565 0.0015942537
1050.3696 1978.6318 188.16351 298.04327 0.0015939766
844.06635 2134.7761 519.58435 901.8312 0.0015917707
939.0536 1549.7076 93.411644 131.10817 0.0015912177
967.52466 2109.6738 217.61824 246.73491 0.0015878214
686.306 2580.7292 212.20044 213.86177 0.001587559
740.5481 2157.0042 273.21423 367.35876 0.0015868035
514.8859 2541.2024 463.1414 294.88568 0.0015856716
745.65466 2617.466 416.6703 146.03566 0.0015832515
1034.5259 1462.5989 226.9138 895.0403 0.0015815762
915.22943 2132.7485 244.83987 239.08826 0.0015811424
1084.1719 2649.8254 142.65924 62.84181 0.0015808904
1115.3569 2287.952 93.78154 308.8392 0.0015805832
668.4947 1330.5822 537.7959 1104.3401 0.001580517
663.055 2255.1094 449.43906 502.32397 0.0015805034
820.05695 2376.944 192.09982 277.98306 0.0015800174
591.1013 1179.3798 1124.4132 2013.1583 0.001578507
826.9644 2542.6567 199.72986 242.73558 0.0015748987
524.0718 1362.165 249.667 436.71844 0.0015693547
290.70618 1487.6533 268.75122 244.73529 0.0015655332
969.4496 1508.6384 301.9829 1123.1632 0.0015653565
408.6048 1835.2292 904.7296 1812.2518 0.0015643687
1090.162 145.91167 167.60558 293.01984 0.001563607
1067.628 1344.3705 152.65611 724.774 0.001559132
1093.8027 2027.966 151.54292 396.26266 0.0015589731
852.16406 2183.7666 351.29834 355.95938 0.0015589597
958.7421 1626.539 350.75906 1238.5432 0.0015541103
951.44775 2118.5762 219.23001 227.63512 0.0015500573
772.1291 2640.9963 497.825 175.14186 0.0015403874
705.7918 2298.6997 307.48953 354.7022 0.0015393214
513.1943 1328.1742 984.15955 1582.6033 0.0015341415
1123.5806 2407.2961 86.3824 610.5529 0.0015330461
818.9864 1707.9851 607.606 1060.001 0.0015319786
1078.9818 2388.6372 147.50015 320.51328 0.0015315287
896.57404 1823.217 479.80417 984.3033 0.0015265464
87.78266 999.33594 163.068 311.367 0.0015262578
781.65204 2497.6064 324.7239 376.0312 0.0015252483
934.7631 2236.162 409.317 588.3464 0.0015196705
1050.5386 1511.4816 197.75081 949.4081 0.0015152444
570.06683 1213.4874 358.6886 656.33704 0.0015128389
748.4718 2505.3574 209.8414 298.12378 0.0015122951
879.56824 2066.58 289.444 448.66693 0.0015067052
1143.2709 2188.895 75.820526 579.192 0.0015056574
570.63727 601.5035 1109.4622 1148.2621 0.0015031254
1077.9489 1925.1038 193.58818 526.5654 0.0015013224
1090.1382 1929.5319 159.47285 362.00992 0.0015005006
1001.9782 2028.8658 231.12045 328.4509 0.0014886098
50.78957 134.38446 95.88445 214.52248 0.0014847902
771.7357 2420.3477 304.86707 375.87402 0.0014817485
494.06143 2634.9026 1058.503 333.90192 0.0014787475
1111.6426 2067.1946 127.05024 683.56934 0.0014698375
940.54474 1918.374 159.89925 236.34271 0.0014622589
77.89317 1948.1387 160.16924 188.67223 0.0014580715
397.1048 1367.4684 404.5127 800.0745 0.0014494681
909.02295 1507.6769 348.2754 1220.5089 0.0014348071
753.57404 1388.9249 548.08624 1546.3353 0.0014272335
589.9759 1401.7852 1055.4127 2536.6206 0.0014262667
1102.6492 1832.9103 150.36649 365.1644 0.0014256624
1118.0999 2095.6697 95.28003 353.3785 0.001421022
1124.3022 2612.9902 84.98351 145.1911 0.0014152344
1105.7878 2015.888 149.78394 387.53687 0.0014136146
1021.2417 458.99884 258.59848 375.78146 0.001403862
835.1084 2644.27 304.88388 175.53482 0.0014031276
994.8023 2118.458 278.5995 392.6078 0.0014009137
507.81726 1466.8707 369.61984 874.0148 0.0013972184
1070.0157 1478.4113 138.74768 284.03 0.0013965806
574.84045 1618.1184 943.49 1984.9995 0.0013892435
856.1853 1371.5112 353.1032 1525.2402 0.0013861867
1114.5049 2480.5212 92.40896 390.12888 0.0013830259
1134.5364 2590.8008 59.565746 194.49019 0.0013829764
665.64606 2423.8286 451.94635 416.64084 0.001382727
1089.6753 1507.0859 126.426636 285.30386 0.0013811614
1013.4236 2040.1755 303.24106 1098.0989 0.0013709958
1114.1411 1829.531 123.63125 702.58765 0.001367738
934.235 2654.9387 406.68307 156.79086 0.0013667477
988.31226 1277.9127 303.0731 1287.5712 0.0013623779
383.94724 947.0537 736.0154 657.96045 0.0013600321
1092.2739 1760.9606 162.23924 773.3887 0.0013592843
469.9358 1767.3856 641.5117 1384.4124 0.0013553946
1087.2812 1863.558 138.02226 258.71927 0.0013552868
706.7399 963.76575 769.7083 781.14703 0.0013506995
958.9612 1496.8276 321.0079 1285.9922 0.0013420972
1122.6411 2647.0244 87.26688 85.90706 0.001341855
1114.3282 2636.441 95.15014 111.49237 0.0013389424
727.9375 2647.3306 460.7046 209.38432 0.0013290156
738.39496 1125.7231 126.33014 773.9281 0.0013244357
1144.0082 2570.4766 45.67309 238.34819 0.0013228586
539.85876 973.3903 418.04037 753.33344 0.0013224947
463.58832 2564.696 281.8615 244.27411 0.0013194951
1145.113 2626.6582 77.77788 119.42274 0.0013061204
989.31256 2037.1577 255.68756 385.59427 0.0013005382
362.11185 2561.7717 564.39685 262.93408 0.0012952073
1065.5035 1752.8187 216.26994 1232.4474 0.0012842867
970.8249 1953.1971 314.2148 543.91815 0.0012841821
1086.0455 1368.9967 139.08705 593.58234 0.0012803546
1061.9141 1137.615 114.111206 228.75993 0.0012787124
936.7034 645.37286 345.5683 568.1283 0.0012753973
993.3351 628.1235 281.24106 434.5453 0.0012742304
985.62164 1087.1995 296.6539 978.35187 0.0012718557
26.584492 337.34323 58.02642 496.478 0.0012714838
482.60934 2525.0913 945.5111 328.13617 0.001268374
269.78912 954.4223 465.66376 678.0449 0.0012671954
1019.5972 1742.8912 157.47658 279.28363 0.0012591034
984.4961 1516.1936 106.04162 172.23799 0.0012447911
1078.8069 1235.8206 171.08621 1334.1251 0.0012368548
1015.24646 677.99536 265.4046 483.81305 0.0012362889
668.45905 2642.09 308.33478 217.91734 0.0012348079
839.25604 1506.9678 534.74274 1300.6477 0.0012305458
163.3851 1774.81 254.39388 814.2441 0.0012295716
1129.1835 2633.8752 74.76307 109.116806 0.0012189368
525.89954 1298.2285 804.6523 1068.9624 0.0012172817
432.47696 1540.0929 884.53894 1255.6415 0.0012165119
1119.9764 1852.7898 98.37458 271.75565 0.0012122205
1059.5432 1851.2041 179.37854 704.6557 0.0012084875
1024.389 1720.4982 162.82622 287.78564 0.0012078322
749.26245 2657.3062 528.17804 190.36073 0.001205786
30.327776 636.11694 59.94206 220.6399 0.0012031364
1085.6642 2679.4424 159.41554 45.35627 0.0011998181
801.76227 1262.1254 508.49155 1394.6884 0.001199557
939.87866 1519.2242 370.25876 1327.4199 0.0011992713
1119.4199 1794.5165 111.453026 350.53976 0.0011984167
399.89923 1374.2125 465.37366 511.44116 0.0011915325
1128.1064 1888.4984 96.00986 441.47467 0.0011881471
1160.5037 2513.7854 21.926022 345.1766 0.0011735148
429.45795 2468.1553 676.01074 435.5022 0.001168998
444.98566 2627.1472 982.9148 321.36154 0.0011679472
1144.5981 2358.4497 51.871143 391.37787 0.0011665719
391.91678 2679.2458 173.26276 24.600386 0.0011643193
440.36386 1609.8822 298.76318 597.2345 0.0011541053
414.7957 912.8357 488.1474 676.94147 0.001138281
1101.4205 1651.2502 121.71721 256.1867 0.001135939
1005.4661 1176.9404 166.16112 562.661 0.0011339579
524.5029 1753.4191 196.94978 341.51538 0.00113209
413.59387 1741.4491 371.0782 333.14972 0.0011181952
1088.743 614.65497 150.17387 611.55896 0.0011033787
1160.0082 2583.302 23.28761 208.80003 0.0011013866
1146.8593 2583.0293 43.008373 214.89865 0.001099992
1146.7079 328.3584 54.59024 698.00946 0.001095749
576.6944 2388.123 902.34265 213.29443 0.001091881
329.94293 1642.1227 343.77664 397.49295 0.0010864291
1053.9468 1743.1222 151.18268 294.58322 0.0010689492
1097.0275 1506.6057 147.60658 340.0491 0.0010678454
739.03687 1247.8147 419.261 1163.184 0.0010596148
302.15213 1182.871 484.06332 1921.8218 0.0010498231
303.571 1351.7445 609.4072 2594.9531 0.001029113
1119.7139 1468.4852 105.59177 1005.81146 0.000999345
445.49445 2653.6165 913.05347 336.33005 0.000983856
488.25815 1129.683 337.55463 360.69525 0.0009790919
560.62146 1110.2296 313.1214 531.10785 0.0009775986
590.9763 1804.1296 493.60666 530.5699 0.0009698416
431.45297 1405.5319 387.36972 783.96155 0.00095999654
330.70416 1358.4668 323.1148 426.3093 0.000953485
279.57758 1049.1643 387.2902 797.0611 0.0009455011
799.0469 1637.3069 312.74164 466.34647 0.00094481034
742.7604 1324.1727 493.75693 1408.7828 0.0009395947
1142.0942 1462.9756 62.81957 372.3827 0.00093784207
1121.8319 1522.8643 106.32941 1635.3152 0.00093567284
1145.7933 881.1037 60.110996 354.42294 0.0009306632
520.4418 1504.8735 543.3957 315.45633 0.00092271535
1154.3627 1910.2988 37.251495 523.39996 0.0009150137
569.9536 2671.8105 554.2642 169.77411 0.0009097557
982.86334 1101.6095 314.0132 1241.1514 0.0008946983
1138.8096 1640.8055 66.93162 395.90936 0.00087988324
764.69617 1083.7406 550.5998 739.7614 0.0008756495
1160.6049 2613.7874 23.550959 166.59102 0.00087469764
596.2057 914.0701 587.08655 548.7615 0.0008736707
621.4033 2646.8374 969.2817 145.38237 0.0008684736
490.177 1125.4419 348.38565 913.5086 0.0008663239
340.95505 962.15 719.1077 780.3058 0.0008605062
983.7725 1149.5441 432.20578 900.57355 0.00085690845
541.82745 1681.9198 413.4043 563.96014 0.0008480096
1141.5065 1342.1123 69.74913 600.14026 0.00084734324
1145.0814 1178.128 64.157295 340.01532 0.0008391404
1151.3369 1121.2344 48.00346 304.02533 0.0008307192
1127.4904 2021.398 151.03122 264.397 0.0008259963
416.89334 928.3793 672.1595 627.39667 0.00081623317
358.04428 880.90295 701.1542 1099.2332 0.00081235694
316.77356 2484.224 684.823 413.53223 0.00081155775
568.1049 434.92377 1123.2955 802.2719 0.0008109199
536.9431 694.0984 937.4016 653.09985 0.0007902556
732.073 1339.3273 515.05035 1327.356 0.00078098127
452.91724 1388.7253 345.90674 476.40662 0.00077503605
373.4225 2552.5889 450.0518 260.07727 0.0007715844
1160.8921 1710.5095 24.81908 465.84055 0.00076716446
838.86475 1145.491 493.64032 1011.45856 0.0007581605
846.49194 1486.8927 294.36716 519.2305 0.0007487529
543.8602 484.3784 1095.7418 761.24927 0.0007305872
868.1723 486.42978 591.94135 753.2866 0.00070827076
655.57245 1382.9854 379.31967 951.65643 0.0007070023
995.99725 1485.055 305.13626 982.8948 0.0007026192
780.7842 1246.3689 531.00586 1416.7568 0.00067285664
686.6953 2684.1326 595.06726 86.44578 0.00062083727
568.3317 1509.2295 812.51904 535.8636 0.00060870044
532.98145 1054.0758 357.54004 889.42755 0.00060133025
554.3774 1494.097 423.76996 580.0119 0.0005999251
883.43365 904.79443 451.32404 713.345 0.00058235496
614.4067 1148.3672 785.51324 844.356 0.00055686594
478.24557 826.7106 962.6769 663.9823 0.0005186136
806.1818 842.3532 516.33215 842.3425 0.00049271324
575.418 1019.22266 868.0935 768.7803 0.00048211688
622.0011 1229.913 819.31836 798.1838 0.00042805396
894.2543 1878.3348 645.66815 447.77286 0.00038645815
516.60693 1350.0692 982.66785 500.43768 0.0003658058
