487.54172 1399.8048 838.49896 2784.542 0.5403715
543.4193 1727.2992 723.7394 1483.3745 0.35554814
519.2404 1880.8712 774.21075 1815.0826 0.14035632
494.09848 1249.4277 822.7762 2472.3289 0.11896478
106.04139 2083.5483 186.04298 220.53508 0.10903852
586.054 714.17267 642.5476 1425.0709 0.07486396
587.81683 542.8449 636.6812 1080.8336 0.049422257
496.611 1548.2299 776.0032 2157.5408 0.040857375
499.74628 998.0714 802.1687 1993.1881 0.0376938
516.47003 1572.7109 743.0684 1815.2332 0.037546758
549.3303 1691.7404 602.74506 1213.595 0.03650015
577.9317 1231.9888 653.32544 2458.7285 0.035961676
633.1298 379.07767 225.66603 672.31946 0.035932146
628.7724 430.29898 205.03986 563.5389 0.033774924
489.50674 1397.3308 830.5752 2782.5962 0.03318251
587.85583 393.18158 634.7082 784.3429 0.028940704
497.27823 1570.2643 788.4987 1804.6991 0.028601196
575.0138 364.31403 382.4156 707.21234 0.028017368
538.6594 1653.0173 548.1402 1033.151 0.026850821
582.62445 963.16693 646.93024 1921.4135 0.026268555
463.0394 2381.373 883.00397 835.7347 0.02615223
582.5966 905.7075 645.3439 1804.9545 0.023915613
217.11707 680.6623 52.68651 52.447872 0.023746014
643.7141 247.50073 140.83034 150.18765 0.022906285
531.8437 1047.0361 669.53296 1740.5903 0.022790074
591.5997 507.64835 312.6502 961.53375 0.02274683
547.0229 825.32513 204.70981 281.4114 0.022514105
590.9418 370.3258 605.2418 739.2406 0.022212328
547.1699 361.49872 439.4331 720.21295 0.021623159
500.9993 853.2884 802.5957 1701.606 0.021352002
521.7198 1337.5004 699.7431 1873.231 0.020093381
521.0451 609.3252 754.4798 1206.3988 0.01966925
565.9901 505.54382 374.90424 988.2146 0.018757708
618.183 363.50394 318.02216 713.9013 0.018470822
627.028 367.63858 483.5551 724.6048 0.018239137
542.31866 1727.3805 721.4362 1483.6835 0.017398344
593.668 501.90814 302.39697 952.3102 0.017160479
560.3373 2216.0884 680.5326 520.2509 0.017073384
212.80286 676.54926 31.39096 34.02757 0.016813267
639.89685 381.63187 440.91055 739.148 0.016331263
321.41388 1098.9777 489.5268 2181.3755 0.015941998
645.47815 692.608 517.11383 1380.3647 0.015677566
518.4928 515.7885 489.21338 1023.7966 0.015650142
589.10565 403.894 298.9248 623.8711 0.015216205
528.26605 1383.69 690.1088 1413.157 0.0144293625
473.26917 971.0721 447.0288 576.5217 0.013745921
538.46277 1450.9313 699.12616 962.56946 0.013685699
220.14201 690.3034 77.87715 88.23362 0.013452091
606.4865 525.74414 146.90779 346.8098 0.013385478
568.946 172.43211 360.73727 316.644 0.0133187175
564.5316 868.85803 260.01746 369.29547 0.013226693
546.3398 2083.1658 706.8728 788.30084 0.012970679
540.60333 2416.252 726.9056 764.39935 0.012783362
599.5182 1748.6285 471.97253 1169.2903 0.01265903
463.82367 892.08575 402.9977 421.87314 0.012570191
706.8953 535.998 383.9147 983.6914 0.012464284
520.33405 2383.3445 762.7036 834.8947 0.012463691
461.1156 2217.2712 881.26447 528.8736 0.012222033
641.96576 200.56915 209.45737 277.16446 0.011993302
489.53568 1592.6617 422.66666 834.4399 0.011979269
521.1567 517.3615 759.0638 1024.6626 0.01195809
581.40533 1400.5251 57.298187 133.28998 0.011957633
493.49973 667.0094 810.82654 1326.0132 0.011942758
517.73413 1314.9291 653.4669 1257.661 0.011911581
526.0361 485.7435 741.7513 965.11487 0.01179227
435.62082 1631.4867 472.44012 1152.3937 0.011595815
501.49997 1424.1099 507.34088 682.2549 0.011553286
600.0892 1542.1456 79.09567 116.46969 0.011431124
496.86633 1350.1097 620.66064 1355.6556 0.011421031
557.3862 990.0092 217.98439 124.609955 0.011304136
582.3286 420.63794 273.46936 562.43164 0.011303283
456.18976 1549.5345 472.11026 895.0059 0.011243809
687.5249 376.16522 399.84787 723.3585 0.011210053
699.04645 385.9803 371.1412 686.8696 0.011124415
499.8017 2212.5537 800.2725 1160.8306 0.011087291
682.29004 690.6898 445.50235 1362.0688 0.011006167
538.3447 1372.9437 696.75684 825.98883 0.010810543
529.29706 1049.6714 288.7874 239.69495 0.010584053
522.35114 1309.3859 664.42114 1243.5889 0.010558466
366.96857 541.38684 448.84064 1042.7146 0.010552635
507.3608 546.2212 776.5451 1086.5664 0.010464557
105.64908 2082.4414 182.00755 216.73305 0.010310772
500.5023 1114.1818 512.43787 355.66534 0.010296685
479.82834 589.1802 622.1982 1163.8066 0.010282496
625.61346 2316.9846 539.65643 328.73947 0.010204945
526.2858 1059.0996 332.69772 260.9019 0.010029651
469.55716 2154.556 861.12555 1290.4148 0.009895821
647.7542 2185.5571 338.1102 399.22922 0.009878288
542.2064 1661.2655 72.80775 95.67729 0.009511734
324.49902 947.1577 153.28378 331.95175 0.009509402
509.9427 1379.2019 607.25836 755.19977 0.009487635
639.89087 246.3525 103.72998 133.27287 0.009462551
666.3844 1056.3928 458.7442 755.3885 0.009462078
313.1269 438.5017 294.21988 780.3945 0.009384958
542.7231 1416.3872 586.8402 811.32654 0.00936945
525.81287 1489.4696 402.18375 659.28436 0.009268014
449.7568 1415.4893 314.69965 456.38065 0.009179736
645.74603 1881.8354 126.609024 286.7511 0.009155319
604.5912 968.8019 338.22385 572.15656 0.009126807
421.73685 947.4109 375.2523 524.1816 0.009103751
498.46167 640.7922 806.4601 1280.2487 0.009088626
671.72504 2532.4016 470.20328 531.4105 0.009042446
450.7579 1450.6339 361.8756 554.7542 0.00894885
589.5699 163.41893 634.43066 324.34848 0.008894373
335.9456 1876.8809 157.71634 244.56436 0.008839552
522.86847 448.43573 743.64514 895.6227 0.008716269
713.0009 681.5767 386.69644 1333.718 0.008564078
641.08984 312.82703 385.86346 600.4399 0.008548225
535.0142 1301.853 672.6074 700.30505 0.008483767
622.3637 1068.5358 397.3219 769.1508 0.0084134275
686.1532 1733.9073 440.6179 1458.968 0.008378999
583.3276 1524.9814 41.971916 56.826538 0.008305462
679.87573 2027.2053 427.66238 812.11346 0.008304889
629.8811 2531.7908 550.4623 534.1798 0.008269463
570.55664 1098.093 351.96042 334.44153 0.008196961
711.75543 1771.3579 387.91693 1359.33 0.008177384
526.25977 1234.3005 711.36163 1134.2783 0.008143066
687.5364 2591.6182 436.39926 415.64224 0.008094859
521.1642 1290.4342 421.25903 547.0069 0.008090316
395.99625 1521.7916 607.9641 1677.9663 0.008067759
405.28482 1206.2391 602.74774 2091.4243 0.007999406
342.6562 996.13495 217.20265 461.3799 0.007981955
499.36172 1216.6749 574.4417 532.15454 0.007974863
585.13605 1395.0542 80.719406 161.3782 0.007929744
395.27228 1466.4662 391.04837 769.2662 0.007767274
560.5812 949.25586 299.70987 538.39166 0.0077567073
476.33337 1105.3582 584.6791 1621.1322 0.0077293264
695.65454 2009.4137 371.4899 605.5906 0.007656181
637.6977 2340.2961 356.70386 250.91309 0.0076516178
213.54752 2203.1045 398.20804 473.65768 0.007598153
545.8036 1995.3286 705.2006 960.5172 0.0075408616
355.62274 389.6437 389.09726 765.57263 0.007519049
294.50708 1116.621 455.20508 2191.091 0.007458405
594.2652 654.7334 421.03253 1292.7144 0.0074227774
700.7713 2581.5862 411.21542 433.52194 0.0073933215
422.3947 1705.751 428.91696 1341.4069 0.0073721283
528.0512 1266.4867 656.3661 618.27264 0.007363149
455.2977 1341.4985 256.30573 277.62567 0.0073627722
648.25226 1454.8516 346.90125 842.4781 0.007351486
488.08115 1120.1416 585.36664 874.00055 0.0072914967
606.9097 1490.8345 123.111595 358.4927 0.007233154
674.4324 1207.5698 465.7758 2415.4023 0.0072188484
487.86597 155.72087 223.54333 260.13336 0.007197937
579.92755 194.37724 511.4594 384.53583 0.007103676
616.00323 1487.9426 189.67953 437.06003 0.007078915
232.01294 1104.6866 321.4032 2178.9448 0.007001779
415.51822 632.0422 612.20264 1247.236 0.007000851
670.02216 924.7979 454.92307 510.1576 0.006996775
592.3952 2327.5789 320.64194 252.053 0.0069881007
612.2052 1584.6532 102.17272 205.16795 0.0069233244
452.73123 1090.9434 126.015564 170.98573 0.0069189915
696.4074 1880.9547 211.53285 316.84167 0.006907618
671.74475 1110.4346 463.13736 865.5589 0.0069017396
331.8382 993.7691 124.83426 198.01688 0.006895562
450.74515 829.5737 675.3582 1629.3945 0.006876134
468.95593 434.69 593.16113 864.78955 0.0068418686
275.49866 1469.733 394.39178 1457.7239 0.0068330094
383.48523 2382.6108 730.0911 828.25305 0.0068214894
670.24963 1855.2137 309.14438 1185.221 0.0068157897
586.84735 1637.1835 282.95425 855.5178 0.0068121334
646.6858 1878.2542 85.59535 257.09537 0.0067430604
530.03937 736.8159 528.8196 1462.5862 0.0067402283
401.4917 739.17633 610.2932 1472.7277 0.0067343055
308.91888 618.4982 437.76895 1233.3447 0.0067235683
392.31155 1522.7527 572.9661 1352.6205 0.0067215306
622.84033 682.1552 464.79813 1304.7413 0.006710973
668.6081 870.50653 471.275 1753.3749 0.0066867736
540.4677 1496.5353 684.57837 1002.9606 0.0066705546
618.0296 253.00536 542.56537 504.1828 0.0066667865
518.01556 852.9001 203.46074 348.8203 0.006657642
562.7444 492.89478 331.71918 845.2267 0.0066494574
516.09753 1019.47186 198.49808 172.73798 0.006613331
167.54724 2380.956 308.5511 826.0888 0.00660608
695.03827 486.7019 338.4955 473.92123 0.0065949145
247.07637 2375.4248 460.6454 815.53345 0.0065775495
334.2167 1009.47614 521.6649 2041.993 0.0065610693
514.92004 1344.2378 176.34944 266.42166 0.006553962
712.4252 636.889 355.1689 623.76654 0.006516736
113.0803 2215.9827 201.01607 512.04895 0.0065105767
585.0473 688.73425 361.51413 1180.0483 0.0064437054
499.03644 2562.5156 804.4153 481.76285 0.006372734
463.5314 2378.927 881.3044 826.2903 0.006349214
597.77625 2034.5903 373.58307 722.77325 0.006347439
491.17026 1091.9578 568.9332 823.8739 0.0063216663
425.2771 865.4875 327.35092 364.66266 0.0063165547
664.38184 661.6362 447.51108 771.5849 0.00629435
692.2685 1923.3812 296.79224 434.15958 0.0062581897
455.80103 1022.4611 489.71863 689.0993 0.0062312586
178.98604 2220.2932 330.03592 513.55133 0.006211398
670.79553 1139.1475 461.35956 930.6216 0.0061911414
536.2286 1636.285 155.78511 233.51967 0.0061530066
112.90071 2372.0894 204.06139 832.9621 0.006147486
311.3884 1974.6499 231.86406 466.17188 0.0061153285
106.63661 2380.414 199.81978 846.91925 0.0060018688
452.80136 1725.6881 520.1059 1400.5916 0.005989411
439.9773 572.655 607.1501 1146.6853 0.005975847
473.85922 2271.401 128.33852 168.62636 0.005960159
217.95976 1106.8127 293.75037 2177.8904 0.005932984
721.3041 1017.6924 369.0664 2042.942 0.005909724
441.48737 786.51575 662.59766 1593.0101 0.005904348
547.4063 1386.3978 208.03264 380.83206 0.005893546
485.08478 373.11987 239.62534 630.133 0.005884744
734.17914 2614.4656 298.38873 344.2197 0.005843957
709.0623 2205.6904 305.72824 429.576 0.0058326176
223.34605 733.0888 101.12838 180.1212 0.005818404
581.1271 665.27405 275.6617 692.66315 0.0057907677
614.021 2471.5327 579.28174 653.7957 0.0057773367
668.34296 1499.4971 463.72925 1716.687 0.005759122
324.7653 2168.7063 213.77638 367.431 0.005741646
593.7953 232.67622 370.7663 465.86465 0.005737505
397.80573 1432.2924 240.74388 415.44785 0.005732358
482.47345 2278.783 176.81693 202.62816 0.0057259314
759.23267 2632.4075 272.8683 332.67545 0.0057243975
635.57214 581.81775 394.6686 847.47003 0.0057203197
577.3301 520.187 239.41371 377.12048 0.0057071247
422.76944 1099.5144 299.7429 352.69846 0.005687905
522.08386 1640.7875 186.29752 253.03746 0.0056848424
574.6093 927.7192 265.4749 502.65085 0.0056447927
686.096 1494.3352 265.54382 468.02307 0.0056348643
415.33255 1955.8696 297.45822 410.38025 0.005627591
612.5842 2040.4801 257.78168 627.3386 0.005612311
596.3029 220.21678 469.3131 439.34198 0.0055684247
310.6903 395.0322 270.80807 587.1066 0.0055607413
732.88617 1230.6521 352.68588 2484.815 0.005551496
648.1433 190.14906 185.35945 267.42844 0.005543715
465.89548 1311.0052 493.22867 605.1989 0.005527749
608.77136 2325.1392 304.849 462.94247 0.005517939
459.70422 1923.1185 507.20767 895.93054 0.0054878895
551.3422 821.9847 646.9719 715.51294 0.005428879
574.43134 332.5791 341.23886 645.72906 0.0054128217
438.27408 444.10416 535.0919 900.6694 0.0054039266
426.81552 1781.4426 460.48877 547.1943 0.0053915745
766.6747 609.546 148.82736 183.77246 0.0053657126
523.4772 2174.84 240.28368 403.7368 0.005348215
777.1232 748.45276 233.27089 429.856 0.0053417226
665.9501 1294.8165 481.30505 2545.5872 0.0053206882
710.5679 1811.6082 397.8981 1610.6986 0.0052954885
806.47644 2535.6 204.99007 533.03217 0.0052907057
770.1449 2594.7664 239.54625 318.53375 0.0052830903
504.51273 1140.3655 713.06116 936.38074 0.005272368
756.1635 2544.1672 301.87247 512.98346 0.005271336
586.6504 274.44 635.68787 548.9467 0.005243093
752.1302 611.37146 209.12462 319.93814 0.005206806
643.6905 2120.3335 326.96655 321.1401 0.005166922
372.25748 2183.009 267.9343 396.31934 0.0051453826
501.58215 2293.6848 189.96194 219.23293 0.0051279305
401.9772 2079.2786 384.25662 662.8006 0.0051143384
563.5929 523.15967 212.47298 375.88834 0.0051109567
743.2886 583.8372 315.05182 875.06537 0.0050902655
712.5426 2016.4462 382.3938 1141.1927 0.005088807
629.53546 1102.5658 134.07623 204.07135 0.0050820615
758.64856 732.2056 275.36844 545.8181 0.0050796755
361.82617 825.4054 527.54364 1578.7372 0.0050703916
616.3717 658.4091 340.99097 709.7064 0.005046965
606.1981 1882.3667 195.0166 313.002 0.0049824067
801.6785 1528.9559 84.518 97.98403 0.004976694
784.042 2616.1924 243.17276 372.41855 0.004974569
748.80206 1302.6738 322.6971 2602.6323 0.0049696225
546.553 2148.1172 670.2567 1296.8047 0.0049688234
581.8813 663.53687 273.8018 671.7525 0.0049533416
357.6763 1873.2155 182.37045 257.6449 0.0049286033
706.8321 2415.2615 254.08363 186.46281 0.0049262233
685.2375 657.13635 276.08215 569.05426 0.0049078944
625.10034 1883.6942 179.02151 326.81067 0.004894515
587.0702 705.6513 349.48026 1332.5457 0.004860327
780.463 497.0666 227.96959 487.22803 0.004854348
648.6616 2009.6775 270.52686 475.3597 0.004830831
593.02814 2505.868 302.33957 485.12903 0.004829818
483.13962 2000.873 452.02054 532.1364 0.0048194514
448.20203 143.99915 334.8286 286.1727 0.00481347
597.5013 977.6764 126.65978 97.46697 0.0048071127
508.2719 1651.3536 197.39035 278.4187 0.004806839
630.8536 535.0975 178.93129 331.78738 0.004799859
405.9355 733.69226 454.39792 622.5881 0.0047797705
524.1103 1460.529 387.5844 478.6521 0.0047773006
615.5328 1164.635 424.19016 972.19305 0.004774817
115.93952 1906.1587 202.68323 591.4082 0.004765508
364.10977 1492.6938 506.79892 2052.9385 0.004731045
460.68756 2086.675 405.95776 682.63654 0.004726855
730.39594 1040.0068 354.21143 2096.854 0.004687519
439.80188 1105.6038 500.68375 851.4475 0.004673147
453.2024 1017.10443 528.14905 901.02374 0.004644001
566.81635 2287.503 133.85861 164.97029 0.0046326043
485.22916 2420.6775 86.54474 116.230606 0.0046301996
535.2551 1746.5317 302.00436 507.7001 0.004623262
505.37866 434.6236 177.96574 509.60254 0.0046128943
116.142654 1906.5128 202.99959 588.59595 0.0045742006
667.1792 1482.0045 238.62943 434.75143 0.0045672343
624.6462 1164.9882 185.49878 278.08002 0.0045535173
451.26077 1743.5459 304.64685 1018.1594 0.0045405305
570.8684 719.6055 251.51047 547.73083 0.0045342417
472.28214 2258.9326 101.041176 140.9873 0.0045247553
486.27426 2027.8384 107.164185 143.87657 0.0045123966
503.42365 1891.8248 160.55067 255.864 0.004499783
528.9428 1375.2047 703.9275 1721.3577 0.0044746078
414.28098 1893.2623 145.9703 236.65851 0.0044706566
442.38107 2210.347 345.0784 454.79715 0.0044613853
503.8154 86.77572 150.52687 130.38835 0.0044395276
339.9768 606.9474 321.95523 408.07614 0.0044348766
494.97122 129.79913 197.1333 251.52914 0.0044312757
847.63007 2536.4998 124.357925 534.9005 0.004426953
475.95743 1917.1687 873.8855 1754.7 0.004422334
766.6214 675.2116 179.68954 286.72287 0.004413852
683.5524 313.56512 428.24036 629.95026 0.0044090413
722.53864 2551.23 193.87262 244.28766 0.0044027
428.6585 2255.5964 605.55884 987.05994 0.004388151
585.62054 2533.8765 231.42638 307.7863 0.004385282
128.02531 1613.7238 226.06267 1171.3142 0.0043821433
527.8578 1662.0255 260.78995 349.30334 0.004381796
628.7699 2339.4626 147.02417 175.75153 0.0043703984
402.73416 1590.2589 620.23804 1194.205 0.0043678987
322.7305 2240.5044 315.21866 471.05923 0.00435997
771.033 2563.4207 173.97089 235.78282 0.004355495
799.098 910.6824 199.51257 345.5268 0.004350308
502.8426 1090.3424 561.8653 438.42764 0.004341799
427.50522 2258.2153 150.95523 201.9547 0.0043405537
537.5888 1212.6837 680.14246 1500.469 0.004337655
563.76086 1001.39996 632.2542 727.7788 0.0043091606
814.367 2624.4036 150.41397 250.87985 0.004307487
217.22905 707.79034 71.25577 125.75026 0.0042864326
791.1421 2350.3262 228.86716 239.04395 0.0042814435
541.17993 1184.4801 682.4332 511.52994 0.004254631
472.23517 2607.2153 841.212 396.8336 0.0042541265
699.2523 2105.8462 270.12567 704.85895 0.0042522606
711.4338 2572.6013 180.71275 212.84123 0.0042384504
346.7504 1844.452 85.435356 156.34845 0.004229225
172.54152 1597.439 185.42554 899.1672 0.004227005
514.0209 733.0912 450.55826 1442.9976 0.0042121285
706.8371 556.19336 358.95795 492.02628 0.0042091296
700.08856 1205.8013 198.92842 364.72763 0.0042064064
371.81335 2217.0488 331.77045 461.42722 0.00420309
699.1573 187.06361 342.54608 370.99933 0.0041850707
350.6464 578.0532 335.12137 767.65906 0.004162398
348.62167 1889.8646 533.25653 1748.4961 0.0041592307
622.59625 176.43611 362.17203 353.30154 0.0041562933
664.3836 146.95244 189.53699 284.40118 0.004155437
719.43427 2578.9585 339.47913 317.57278 0.0041299458
665.369 1580.2712 113.71371 189.04868 0.0041079293
238.3003 694.86163 129.35182 142.62848 0.0040921117
333.16577 815.6995 191.01509 265.98016 0.004088794
527.67175 168.37502 118.21628 175.89401 0.004076246
671.8686 880.4086 453.81134 411.36478 0.0040695346
520.77435 861.80524 227.6538 349.10114 0.004069471
747.7768 2309.1785 302.02228 322.17575 0.0040670848
432.86044 1789.4103 533.79016 1879.7079 0.004046303
566.1788 717.2647 241.8121 517.9459 0.0040425444
307.66653 1665.3544 84.21512 113.30945 0.004025232
516.3669 619.2097 421.10123 839.4923 0.0039942754
424.38803 972.14526 478.495 1494.0476 0.0039918534
574.0109 2197.781 168.09018 310.93884 0.0039918423
549.2357 117.404076 134.40446 203.8359 0.003976628
261.0815 1681.3517 196.59903 562.36865 0.0039710836
585.7146 1170.2593 367.0309 749.91315 0.003955353
756.33154 715.29785 197.57199 368.7446 0.0039513703
454.4173 2665.2185 871.4855 284.3119 0.0039396132
116.35051 1765.7485 199.75305 864.68274 0.003937013
481.00317 1901.0073 834.19666 1873.0045 0.0039331256
617.51917 1601.5011 128.38097 261.518 0.00391804
279.47177 1948.2533 493.0767 1656.9067 0.0038979722
719.532 2509.9937 198.81047 189.38875 0.0038975356
446.58615 2325.7131 109.51636 187.68852 0.0038836927
600.4194 163.32797 437.04974 325.99454 0.003869764
331.37033 1274.4531 256.17828 547.55475 0.0038657757
727.88306 1574.824 187.809 218.40509 0.0038500691
761.3987 2130.222 192.37688 270.60663 0.0038480689
760.71063 600.874 135.74123 180.68642 0.0038433014
744.98584 664.24426 170.14565 224.27988 0.0038373983
765.4753 1294.2655 276.82492 595.62885 0.0038223641
729.1345 2112.413 186.88905 249.26784 0.0038179492
784.5229 1974.8933 221.81412 465.0867 0.0038129145
612.71924 80.93557 399.15656 158.84915 0.0038120323
522.18134 421.77856 422.93036 600.80835 0.0038096681
719.4859 1781.8832 265.1514 625.5875 0.003807481
559.7852 2130.8594 282.79474 604.9078 0.003799107
451.81583 1340.2357 213.78764 246.42043 0.0037926792
318.28 731.6379 272.76166 234.95518 0.00378474
633.7362 2392.937 205.27264 193.10112 0.0037845103
583.1375 1877.4668 222.47562 301.89804 0.0037796304
344.3638 919.9618 306.95056 490.40295 0.0037302317
711.1704 1601.8142 151.88422 214.66895 0.0037300666
622.22394 2113.3586 132.4152 216.67667 0.0037232293
225.78731 1364.7816 286.71906 1619.0361 0.0037192642
631.85693 69.978546 241.72543 134.02159 0.0037086357
755.0199 1678.6814 272.6381 649.0873 0.003698083
205.59157 2311.871 383.42838 690.5532 0.0036946323
193.11945 916.88354 171.44095 509.41766 0.0036904204
842.5773 2323.804 138.9892 195.51955 0.0036808515
723.0941 1355.4594 364.414 741.09595 0.0036783777
757.86884 1009.5424 284.2527 668.6603 0.0036528443
460.6934 1650.3862 124.38341 204.33676 0.0036494858
817.1513 694.65717 185.01598 1405.7433 0.0036296544
501.01144 273.868 171.0095 297.50192 0.0036179088
654.7601 2189.5024 222.92126 362.3499 0.0036000796
732.6448 766.979 332.29736 634.0923 0.0035974754
795.5634 478.54684 140.16905 269.6787 0.0035683468
784.89764 1560.5072 148.09155 220.01802 0.0035615645
587.6372 1887.395 257.52615 346.20935 0.0035389352
775.22314 860.839 252.94022 676.7397 0.0035380577
533.36255 1748.9084 271.85742 482.35284 0.0035184212
712.52124 2367.0325 271.35995 205.32138 0.0035176103
522.7057 599.7352 425.62335 1152.266 0.0035174114
777.30023 351.01474 260.61557 707.18976 0.0034927288
614.5185 1517.3086 321.23245 463.33432 0.0034898657
867.085 63.00008 95.58578 123.71956 0.0034824493
902.2539 49.76368 25.621473 96.756485 0.0034775648
694.8931 1791.0951 336.8331 784.54083 0.0034749496
589.4485 53.706886 640.3014 104.28151 0.0034688225
514.95013 411.10162 737.7303 817.5038 0.00346832
792.9362 2679.1714 176.46729 226.39235 0.0034630285
442.88428 2034.3203 252.48158 471.73334 0.0034571243
514.3464 1728.6349 160.61157 358.68793 0.00343074
574.2708 1889.6345 442.4209 624.03064 0.0034292145
523.7993 1133.0144 552.64276 907.5763 0.0034045938
326.43954 2086.2095 452.93628 748.07263 0.0033963523
526.1865 2430.6614 140.5988 162.76837 0.0033895609
519.98816 105.844 305.2955 207.4002 0.0033891713
873.686 2683.1846 71.958664 245.1047 0.003385863
489.28683 1399.5005 833.61237 2774.8333 0.0033814714
161.35207 1965.5686 186.2946 465.3682 0.0033640824
542.8148 976.30286 129.91945 88.02249 0.003360583
632.38153 667.0915 525.32916 1306.682 0.0033597974
771.71436 1906.4585 265.5119 1281.2795 0.0033303795
815.6086 1519.899 138.61406 159.90935 0.0033295534
116.92878 1773.9182 200.21515 840.9473 0.0033205256
265.26352 2177.0527 506.29303 1106.0002 0.0033141642
693.268 1408.1588 127.79873 214.96417 0.003302022
645.066 1611.4768 176.6679 258.33215 0.003297899
583.51355 146.83348 648.31165 293.52112 0.0032963145
757.3095 1857.801 266.73987 501.65622 0.0032935913
521.2587 1189.112 714.4921 1018.06915 0.0032923894
762.43286 2619.1582 257.19006 362.52 0.0032838646
796.3285 721.83734 210.57597 625.32513 0.0032600749
451.15884 1198.9366 371.63837 484.99075 0.0032572546
777.6674 888.93414 249.37196 764.3089 0.0032268632
361.12457 900.29193 373.21817 471.67474 0.0032217386
116.67103 1499.9204 186.30263 1386.613 0.0032114326
600.15405 1900.0487 109.63522 197.67796 0.003204655
817.0058 721.8839 163.84468 380.03992 0.0032008823
616.397 2568.3384 206.92654 261.6333 0.003199722
561.20825 2328.525 114.685394 234.24524 0.0031819104
221.07446 607.7229 66.52062 131.11018 0.0031764975
759.6234 2703.3892 282.21564 204.32306 0.003165427
743.2352 1580.0526 181.87302 229.28043 0.0031650988
810.2544 1444.9753 167.89128 258.86127 0.0031636835
795.85333 1939.1312 189.01811 307.24277 0.0031614946
802.363 925.10693 192.35367 264.167 0.0031610108
586.70416 508.46674 94.80068 180.61987 0.0031477504
586.4684 2388.8115 131.99406 156.44894 0.0031450568
700.27795 687.4755 257.03558 241.10619 0.0031437967
229.57448 1168.8314 241.5117 662.7537 0.0031319107
293.1508 1997.0629 297.6851 475.64536 0.0031286816
791.71704 2115.6677 191.89673 283.93863 0.0031233397
651.9745 2098.3337 170.96822 203.49008 0.0031197432
572.75183 2126.4788 163.97592 283.38257 0.003111482
790.6018 888.818 227.39548 805.0273 0.003111334
667.0965 1936.3013 87.74535 203.25946 0.0031066653
511.65558 1175.0736 721.2406 555.46423 0.003095356
658.084 1294.397 464.69577 634.362 0.003093175
802.4949 1528.0427 185.89725 314.88156 0.0030918636
785.37775 721.9639 218.73013 401.97125 0.003086056
453.8455 1879.7864 307.8453 291.6437 0.0030828698
602.2165 1973.9696 170.54474 785.11707 0.0030738965
356.50165 2290.2288 108.70148 203.18866 0.0030552477
256.44617 674.1787 166.4249 323.71466 0.0030547092
670.8756 2389.2068 139.71121 164.16513 0.0030509476
741.1627 2096.129 227.80882 406.46774 0.0030360408
643.23285 2419.5034 135.45229 160.47632 0.0030352483
686.7364 1170.4353 144.76614 209.48595 0.003028778
532.5859 231.70918 731.91473 461.40707 0.0030233155
606.63855 302.27618 126.18773 225.66544 0.003019271
210.74303 2378.3887 389.81537 834.6804 0.003011938
720.6991 776.10815 354.69754 427.08377 0.0030040916
508.93848 2084.2056 774.01666 1436.8912 0.0029957741
158.1084 1369.778 162.90927 1114.8478 0.0029907876
738.88336 878.77734 310.88986 661.4099 0.002980752
517.508 2128.6323 165.4417 224.90152 0.0029659602
832.72595 544.4191 157.68431 1094.8546 0.0029619993
591.2892 1678.8397 251.61235 503.7843 0.0029563718
763.2014 1193.9694 209.05234 368.94122 0.0029511321
811.2471 681.72394 157.041 290.7462 0.002944432
684.05334 233.4616 129.0111 175.39272 0.0029303909
572.1408 35.749756 477.31204 68.416046 0.0029303227
610.581 178.79218 101.82121 133.6168 0.0029223228
772.8237 955.4228 242.53902 283.49197 0.0029149724
73.03129 525.75543 152.39227 662.746 0.0029128138
818.9983 717.2287 160.49998 355.42984 0.0029126655
740.0109 2273.4124 307.5382 392.65445 0.0029109449
613.4841 776.0721 314.49615 452.53067 0.0029057483
779.5945 2678.5571 219.06787 241.88763 0.0029020095
840.61115 2131.9106 158.61247 1307.8442 0.0028932928
437.65192 2013.3667 139.62709 157.36256 0.00289196
452.36023 1637.424 235.79883 372.55276 0.002890958
670.661 2398.6165 143.00731 155.22281 0.002886781
676.859 1021.5613 454.4298 688.3719 0.0028569794
694.41705 428.77344 383.0805 830.0815 0.0028569333
606.65765 159.46193 309.85843 280.88397 0.0028561456
493.85092 137.84619 116.07573 149.75844 0.0028546846
800.4776 2421.0525 213.26753 765.6724 0.0028533712
361.6484 128.90753 190.09444 252.96199 0.0028444026
550.5666 1890.3031 332.95343 309.0156 0.0028243863
587.03204 116.97541 646.4682 228.30255 0.0028216266
847.7888 2415.0623 122.4991 282.0652 0.002820795
470.98984 1400.5109 872.0924 2772.8765 0.0028186375
68.172 2380.568 119.81644 844.1203 0.0028139679
822.3417 2585.41 171.9148 432.32803 0.0028030253
713.8072 2003.6115 147.88782 199.49982 0.0028029229
443.11197 1115.6522 277.6989 278.8916 0.0028018754
829.3037 2413.2341 193.81108 774.5845 0.0028000826
733.6053 83.99734 242.42148 163.017 0.0027863372
771.067 155.45178 281.65167 307.4296 0.0027860776
620.64246 2270.596 339.75064 308.01483 0.002783887
643.49725 1127.2695 109.107315 174.31895 0.0027838142
710.60724 2344.5762 368.00842 902.0142 0.0027746349
637.65265 2242.7231 154.176 223.69319 0.0027732921
671.56354 2633.8848 181.81197 315.65634 0.0027716258
699.5172 2463.47 423.98026 679.72046 0.0027664602
793.9044 1140.9357 234.40935 2307.6333 0.0027464726
460.6864 525.5732 306.34872 993.3781 0.0027358697
213.44902 2285.4397 322.6618 453.50974 0.002716056
799.5286 2314.5273 207.16823 848.90466 0.002711446
747.2478 2323.125 170.72984 201.06308 0.0027040346
713.2926 1806.2069 359.05237 1031.6871 0.0027015025
708.1941 76.40133 268.8096 148.2899 0.0026971225
628.15985 2308.3816 108.99612 238.83113 0.0026911432
596.12805 1195.0696 196.97125 266.76324 0.0026722103
203.58606 588.24713 115.372604 549.6517 0.0026688941
777.94244 261.29865 139.5049 248.84985 0.002667255
139.60855 2685.7048 261.20663 239.28014 0.0026646217
92.33339 2628.615 177.8144 348.60455 0.0026600535
828.97455 2510.7747 221.05441 586.78284 0.0026566933
835.48535 1723.3024 226.84578 1461.6111 0.0026559061
85.32067 2541.2593 157.38483 517.63983 0.00264607
192.09427 1656.9031 78.94329 228.80196 0.0026456183
794.8884 2495.9194 154.41481 189.5086 0.0026341619
718.4322 1490.1514 328.83224 1999.9451 0.0026339227
309.33093 1290.0472 472.21588 2479.9072 0.0026298822
718.4154 2549.5264 171.12114 237.20709 0.0026285956
627.15814 381.80157 179.04115 207.64322 0.002628002
789.4733 1864.9373 229.31483 1663.7958 0.002623918
459.1177 1485.9355 145.5732 201.56824 0.0026153913
838.8308 83.684006 154.07742 163.13998 0.002613141
507.6786 2257.234 448.3487 511.9787 0.0026114287
672.65424 2599.6565 155.07822 186.73994 0.0026056352
490.60498 1151.0253 748.9498 601.34247 0.00260496
563.81885 1880.6317 126.11681 221.27698 0.0025912726
710.76337 1140.7404 191.13274 312.1898 0.0025838627
545.78735 1728.2986 711.74646 1474.3939 0.002577966
482.08862 1944.6813 87.72526 164.15022 0.0025773922
214.34576 680.51996 24.230293 31.496151 0.0025748021
682.44385 2733.0383 407.22418 143.49066 0.0025711455
812.6094 941.3 186.41486 845.9613 0.0025620232
824.4084 983.4148 155.59824 269.67664 0.0025618186
782.64166 337.41354 170.87799 501.60455 0.0025602365
401.29218 2625.443 153.06165 234.56332 0.002549549
800.7427 2535.9446 167.20961 236.32736 0.0025491174
409.5432 2079.5886 331.86566 526.2614 0.002547864
552.7029 2582.3945 164.79788 173.88332 0.0025411593
86.59798 2114.9045 144.52516 160.10594 0.002538817
58.8539 799.9993 115.76745 549.4493 0.0025386466
781.8373 229.45407 134.99603 204.48288 0.0025381807
752.5176 1008.83984 314.9287 693.10895 0.0025302807
842.3238 2500.3918 133.24202 616.7347 0.0025121493
140.6411 2657.9768 276.8458 291.73907 0.0025118268
807.39996 1527.0817 207.5562 1027.357 0.0025066456
721.38043 2596.409 372.68408 381.2798 0.0025005406
858.1537 99.820305 123.2598 196.99567 0.0024983506
473.41425 311.39603 129.08867 176.51477 0.0024983338
823.7457 843.4553 168.74692 1116.433 0.0024934488
533.94385 1173.4308 696.0795 473.1321 0.002487437
794.86707 88.054276 246.14868 173.34137 0.002487082
750.6398 597.80176 298.62778 791.4297 0.0024863274
86.902145 2707.7827 164.96556 197.79826 0.0024842825
583.06494 1699.9196 132.64105 234.67772 0.0024676672
777.67346 2748.4678 210.63828 94.92369 0.0024561712
463.97937 1624.2777 190.9409 338.2356 0.0024551642
848.30853 2540.6252 101.77708 240.70396 0.002454571
253.3193 2423.5554 375.02563 743.90814 0.002445808
593.6225 1799.2522 167.02321 385.28424 0.0024440691
624.1733 1620.1588 110.17848 272.74185 0.002437841
225.90451 1017.3658 115.85178 200.08165 0.0024337994
771.6024 2735.2595 236.10367 142.65883 0.0024337047
834.6913 526.7904 155.19673 1077.6096 0.0024333794
785.01825 1824.4087 216.59949 391.36182 0.0024164983
666.4691 2559.3323 162.61339 197.26419 0.0024122659
591.4441 1759.0742 176.99358 382.81525 0.00240688
545.2705 2595.3813 285.45673 150.55583 0.0024028884
842.1038 434.78244 134.23184 286.22275 0.00238871
798.2483 2624.4978 204.28252 356.87112 0.0023845637
553.57446 1014.7404 290.27997 177.38448 0.0023838242
840.159 357.44733 140.44514 530.6271 0.0023817478
598.4612 783.11426 267.7818 342.33456 0.0023801597
563.3615 1899.5653 191.66486 207.21904 0.0023768435
807.9678 81.22805 203.65579 159.98372 0.0023726274
621.2493 944.30396 268.1759 541.87964 0.0023681002
799.4287 173.32657 191.1143 322.84982 0.0023651472
192.75716 160.6365 41.25979 103.81651 0.0023584778
793.09827 1190.0642 141.12502 221.12138 0.0023556275
533.1067 2622.163 192.53801 213.42763 0.0023427957
636.46387 1007.8113 180.54427 159.18259 0.0023400655
833.8782 1237.5596 154.57025 413.9571 0.0023350203
852.44434 1303.8939 121.55105 2657.407 0.002334916
837.43317 1665.4563 142.7271 369.804 0.002332701
671.67346 2721.3865 445.56143 167.80328 0.002329854
595.50305 2664.342 595.6202 290.07104 0.0023280128
715.6417 2674.961 199.57887 243.64389 0.00232717
868.77734 143.71109 95.40452 287.89337 0.002322558
289.3013 2116.7334 326.93372 609.20905 0.0023175462
850.95355 2748.028 112.07725 116.603096 0.002309641
517.3329 662.2284 490.08438 1073.5355 0.0023084714
578.4602 2256.346 225.4904 430.30518 0.0023071605
575.4681 2672.8252 256.717 222.92528 0.0022971227
530.9127 173.5249 756.71344 343.54886 0.002292196
700.4549 2694.6353 154.31047 197.54054 0.0022829683
647.3492 2719.759 225.49902 148.93616 0.002277516
520.3834 11.623382 460.77036 22.651615 0.0022753403
698.82764 409.04303 176.51411 546.16235 0.0022535513
636.46045 2652.9343 512.357 301.36966 0.0022524507
359.9163 2665.6082 173.92639 232.60796 0.002245264
80.715355 2745.0283 155.13193 124.3799 0.0022440976
708.906 1965.7017 194.43236 253.13855 0.002240641
502.5229 1875.4705 98.13853 207.59073 0.002235296
228.75363 2582.549 408.08087 434.18033 0.002228288
777.40405 2783.6038 260.56793 46.68602 0.0022249066
502.09088 490.8828 828.40234 1010.3995 0.0022216823
93.18693 30.065897 200.0641 57.94715 0.002215015
562.0911 405.2926 174.04341 563.7095 0.0022127018
841.9788 1086.3333 133.85484 622.00836 0.0022033355
580.1549 797.28064 652.0822 1583.5238 0.0021973848
859.92883 2291.5952 106.22165 137.3142 0.0021928207
850.86664 673.95276 116.86643 676.3194 0.0021889368
838.4141 1832.3508 134.35838 283.90234 0.0021852893
785.2855 359.04285 185.4162 319.46857 0.0021849151
147.22537 1241.794 133.14514 690.56836 0.0021837032
754.4663 2615.1082 237.57124 202.53032 0.0021798634
480.97354 662.2888 330.24918 676.0127 0.0021797472
637.336 1813.5962 73.32586 142.77869 0.002169989
802.80756 2782.4482 206.93048 50.300827 0.0021680077
763.6541 989.1578 433.8424 771.87085 0.0021673
627.3329 387.64932 137.98323 297.15125 0.002164571
538.62445 2649.7612 172.70557 231.05994 0.0021604616
721.39105 1613.1113 326.36237 636.4915 0.0021582309
868.70184 1855.6088 185.08923 678.10626 0.0021450734
793.733 19.022886 166.49648 57.08592 0.0021446233
534.6961 641.8037 709.5641 915.05707 0.0021444326
795.0173 2026.8483 191.73038 341.33505 0.002143234
844.74884 506.39853 130.50024 382.3785 0.0021372784
27.119852 127.17968 55.610912 271.56396 0.0021326665
785.67334 2769.269 240.2349 76.65389 0.0021275755
843.7191 669.2786 126.21845 286.63593 0.002124122
9.955539 641.82635 18.814344 522.22504 0.0021222087
266.91135 129.16278 135.07321 247.27046 0.0021210436
477.0372 2761.9846 784.26587 94.756905 0.0021205975
862.5668 2352.0251 94.921265 217.64229 0.0021202355
846.7033 1576.1747 119.56663 270.64383 0.0021139765
829.6275 134.21834 176.34494 268.4235 0.0021058908
500.33652 220.60551 818.56415 432.59537 0.0021027327
104.68335 2775.7097 188.37747 64.33827 0.0021019971
287.60678 1807.0038 195.08809 1039.341 0.0020995352
881.01404 2717.3525 89.37328 178.88065 0.002089836
838.8959 2242.6663 140.52904 470.10455 0.002086966
881.0002 2536.2622 57.706177 528.43445 0.002081545
425.1885 2729.2166 632.5123 155.79236 0.0020811756
808.98486 649.994 204.5133 1130.7301 0.002080727
469.83804 2684.3325 210.20209 213.13345 0.0020786934
842.6593 987.61993 128.82408 780.8114 0.0020759297
861.7023 2677.6433 82.852516 248.10802 0.002074177
609.6243 34.81299 642.1492 70.85856 0.0020667226
272.3371 2616.4028 523.45636 381.50674 0.0020588827
568.5325 1222.7229 616.03546 2448.517 0.0020539565
839.12744 1432.9122 135.22975 2347.5986 0.002053171
880.68756 327.39682 67.87951 659.31 0.002051369
731.52216 1673.8102 206.1648 230.00693 0.00204797
778.0325 2164.273 160.42914 218.12581 0.002047514
420.36127 1469.893 487.3931 1355.5266 0.0020447692
600.3595 66.23976 645.90955 131.60301 0.0020430486
872.7165 170.4836 87.37366 342.95377 0.002041007
547.83984 2007.6038 75.96773 119.3554 0.0020377908
859.79877 689.75433 104.45236 1412.2218 0.0020354833
65.199356 69.54548 134.3113 136.34354 0.002032036
484.03088 605.4854 832.13135 1207.5409 0.0020250683
149.24036 2178.1143 267.81305 377.14197 0.002016811
755.4624 2620.0544 290.24738 322.14035 0.0020133224
713.03577 2108.04 368.43405 1355.4584 0.002012447
782.6141 1086.1233 268.54337 1773.2299 0.002008251
762.40753 2452.7507 264.7473 178.3944 0.0019927458
54.507214 2741.5515 108.408516 126.635216 0.0019854845
719.0011 1567.1184 357.73032 1774.886 0.001979404
424.19113 2770.8367 890.85016 84.492836 0.0019775068
731.2815 2763.0251 347.44492 95.620544 0.001975369
832.8598 2513.7588 161.99487 234.84453 0.0019709545
387.31183 1771.0454 126.3341 183.81296 0.0019704679
527.2484 2509.525 482.35065 613.15594 0.0019670518
863.8192 765.189 94.159904 449.62793 0.001956636
330.8219 2732.7134 178.44849 146.69992 0.0019482883
619.3595 2327.327 262.2501 291.60907 0.0019351984
603.3855 223.96974 277.79343 258.62363 0.0019283813
853.8034 2303.9807 113.92157 308.7124 0.0019234795
342.60068 2507.5876 426.90945 595.4437 0.0019202068
829.1177 66.12888 184.1263 130.93106 0.0019130554
871.9504 868.5207 80.36072 913.29144 0.0019108589
852.2291 1893.2139 122.52855 259.5269 0.0019086956
721.6875 1897.7814 322.78195 669.8144 0.0019079045
74.02165 2757.927 148.3959 97.767136 0.0019027231
2.348541 486.56113 4.795675 338.17792 0.0018931465
764.30743 2774.1902 264.9807 72.10012 0.0018846923
748.96155 2770.8867 323.31097 81.307655 0.0018797348
34.14321 52.472137 70.05046 103.91822 0.0018770769
744.991 2493.9583 318.5121 390.92834 0.001869228
873.60077 509.03296 79.53158 1052.0917 0.001864076
817.9893 2120.9978 148.21182 193.81952 0.0018630455
757.81134 204.7965 300.39197 410.7507 0.0018626881
708.21497 1370.7369 405.36218 2764.3652 0.0018558608
788.24066 2671.7996 185.12733 222.09653 0.0018537749
474.6842 1398.5721 869.04895 2760.7334 0.001853122
857.42596 2692.1428 101.634865 207.84546 0.0018389462
324.0596 1717.8579 77.57381 140.17374 0.001838912
826.57086 1116.7927 148.57819 464.74237 0.0018327415
835.716 731.70856 162.65753 451.3202 0.0018303284
645.2849 197.94368 187.76634 360.67102 0.0018288629
512.3497 1401.1641 793.024 2757.9136 0.0018262488
488.15033 981.8074 769.56934 690.99365 0.0018195786
853.6776 2208.1748 100.46591 1184.127 0.001813818
827.63324 1388.3529 165.20026 739.0879 0.0018098991
861.2477 1334.863 131.58916 2219.3062 0.0017988947
532.23645 517.0294 257.9192 674.62286 0.0017970497
779.85284 2787.6958 252.78339 45.095154 0.0017908581
871.9137 2666.572 106.69561 278.87387 0.0017900928
93.29785 28.321743 215.45966 52.949593 0.0017885562
736.4031 2759.1123 299.17044 102.31196 0.0017770774
4.212271 140.5397 8.794948 275.7458 0.0017763983
774.7764 515.6043 259.08917 970.4795 0.0017710102
873.59436 2736.4207 62.908344 145.15805 0.00176697
847.56384 1488.0579 133.41653 213.4319 0.0017608334
376.2163 565.5175 272.90027 1138.876 0.0017555542
887.02106 2761.0195 47.59643 93.916504 0.0017373246
749.8014 2310.4163 320.54926 346.5544 0.001737242
600.47546 16.003561 668.76196 31.679781 0.0017230855
746.5313 195.80028 239.29895 412.52643 0.0017191799
860.4486 2690.8313 108.566315 226.0124 0.0017157054
867.5162 1574.5068 96.20907 2402.796 0.00171033
92.60275 258.55432 189.73598 520.3954 0.0016981191
792.3797 2404.9575 280.387 795.89716 0.001697437
390.4968 2185.0652 245.29662 548.27216 0.0016972406
895.05426 2616.4734 34.766182 365.52698 0.0016933952
869.6013 1581.7815 91.57568 205.18497 0.0016923283
830.10187 181.66707 163.51253 421.95743 0.0016894884
633.501 2742.4978 394.91052 130.40817 0.0016874357
465.01126 2764.1104 848.972 105.81233 0.0016873425
858.21246 2710.097 89.43208 188.38162 0.0016873168
659.86066 62.216633 483.48642 124.776505 0.0016733308
833.97266 687.7799 159.28043 264.34476 0.0016664331
862.7318 1486.4282 91.81668 139.32286 0.0016596359
496.51544 776.27 301.01617 353.2719 0.0016562388
858.1092 2087.714 105.48171 329.0409 0.0016468263
858.47107 2779.381 90.79658 58.18824 0.0016424637
611.2096 2771.6348 321.8687 131.12584 0.0016413196
596.67303 1482.4358 161.09158 326.258 0.001640376
855.5149 1046.0371 99.38136 671.96326 0.0016403002
858.91046 2323.4475 117.7907 241.95076 0.0016360981
810.54004 2280.3596 144.2648 150.98846 0.0016356551
836.1499 2145.398 118.34121 298.8136 0.0016340144
771.8952 2759.6038 225.79135 100.4102 0.0016338737
375.06146 1647.208 412.04514 1318.731 0.0016312902
838.3118 2151.5322 267.6843 698.33545 0.001623542
646.6388 544.4877 306.5732 645.5448 0.0016200778
542.3695 2566.5054 673.14844 1068.9182 0.0016078133
242.38683 2795.7842 141.79982 26.337437 0.0016026298
800.7145 2713.4243 202.90106 182.5093 0.0015928539
609.81036 34.105976 635.2591 71.12291 0.0015918594
539.0165 362.00687 532.48486 725.2217 0.0015910784
869.25385 1208.6685 85.47713 365.88342 0.0015851755
809.34674 2735.7827 151.63678 135.6958 0.0015780404
858.62006 2809.6475 262.63086 9.377971 0.0015619687
738.00195 2761.8467 378.56354 121.3217 0.0015430835
635.85974 1345.6628 447.27258 632.9392 0.0015422609
842.3259 2730.0051 122.447945 148.91257 0.0015403633
557.40674 2786.9978 411.23398 82.291466 0.0015211022
739.4556 571.0185 308.61664 462.9157 0.0015107996
539.25244 564.0268 140.64172 364.92148 0.0015050755
336.95477 1015.9237 92.298874 150.9037 0.0014986491
857.8089 2119.7646 98.55266 237.97409 0.0014939252
629.7915 676.9012 210.90364 549.3953 0.00149202
504.4559 715.7204 787.4393 1296.7241 0.0014752354
593.39795 368.01868 265.43185 636.6773 0.0014746934
327.35654 2103.5706 422.81067 712.1232 0.0014654658
861.5467 2105.6323 96.342735 216.28374 0.0014560485
749.401 2794.4805 287.37292 30.172146 0.0014550325
851.9995 2267.2031 198.01285 666.6095 0.0014515939
882.9629 1087.3616 60.20251 696.65686 0.0014441485
876.01575 2765.035 70.950615 104.53942 0.0014277153
498.595 2386.337 837.4158 2470.1594 0.0014253367
558.1763 795.82526 176.44026 260.14014 0.0014252586
881.24695 820.62 65.53695 371.3974 0.0014213787
885.0231 2575.7314 86.21136 429.7079 0.001417584
500.26443 2686.8762 332.78574 345.81467 0.0014165896
526.68335 2655.1948 840.3915 291.51077 0.0014101114
733.5852 1487.3046 325.95343 1924.8347 0.0014055214
603.5481 17.443844 668.65967 32.83992 0.0014049065
789.09174 2662.6638 217.03267 299.50787 0.0014013954
541.77325 1460.4792 743.039 2658.454 0.0013969643
768.52985 2786.1594 225.25035 53.87117 0.0013958612
844.77954 2742.054 130.32378 125.740746 0.0013944807
610.6019 503.4304 196.36978 944.2327 0.001392008
753.7837 2691.3914 315.15155 241.83556 0.0013884128
886.64417 2728.5618 72.11521 152.54398 0.0013848295
876.2228 2490.6946 74.76293 196.15616 0.00137909
507.84967 2192.992 220.13516 609.2602 0.0013641287
626.0516 438.17374 178.2954 505.733 0.0013634046
588.21716 604.3163 636.9628 1206.5431 0.0013542075
850.698 1919.0205 151.2416 279.21704 0.0013540011
759.71436 2800.1912 266.4431 21.293152 0.0013535233
512.15094 784.2305 159.31717 214.48007 0.001351207
810.3088 2742.5532 177.35031 127.70015 0.0013487262
857.91583 2759.07 104.706245 92.41785 0.0013398704
862.9408 2754.4575 96.81652 106.10434 0.0013365452
789.6655 2768.1755 207.83203 82.422386 0.0013286644
382.31613 2436.53 454.9423 713.3308 0.0013271479
562.4172 1091.0518 202.98491 184.74696 0.0013193293
811.74084 2768.8472 176.57597 88.357574 0.0013095351
846.0532 2671.8723 138.75539 274.433 0.0013092047
710.86725 283.83282 372.6077 564.74756 0.0012916998
887.0936 1668.8514 46.30006 172.76773 0.0012784195
842.45465 454.28992 161.73586 940.1682 0.001262482
883.38416 1326.4155 62.30577 408.54904 0.0012530676
683.10046 2774.4688 355.44098 90.24334 0.0012518688
486.1391 1176.6519 762.1182 486.95493 0.0012504602
694.6233 2798.3284 690.1107 52.641476 0.0012488753
533.8746 1688.9069 200.60959 383.8842 0.0012474463
870.7381 2758.5632 86.69321 90.94354 0.0012193519
637.02954 977.0804 496.3836 656.8975 0.0012179979
888.85187 1312.3239 52.15955 345.94086 0.001213681
543.47723 1201.6797 662.8427 575.73456 0.001206719
794.7564 2735.2224 188.7161 156.77814 0.0011689289
816.5078 2059.1365 321.40836 714.7358 0.0011681342
850.0612 2776.7722 113.51688 66.01114 0.0011509587
603.23755 2559.6877 402.84558 504.22803 0.0011476448
791.85223 2726.7844 179.04692 164.54564 0.0011441491
459.84134 973.8258 649.17206 579.92126 0.0011379572
866.6988 2765.8315 90.847984 80.85564 0.0011343133
625.8952 2702.2415 311.27466 272.89404 0.0011193794
892.15857 1084.0479 42.064793 385.44595 0.0011142689
887.62933 2740.0845 98.98378 147.1848 0.0011027913
557.57855 502.67093 177.45407 404.55765 0.0010850922
517.22894 1442.5604 214.60567 345.43344 0.0010836786
488.00058 1930.5178 730.42554 1031.1008 0.0010794089
866.91705 2325.9407 134.62349 207.43272 0.001074206
577.89905 1518.6969 391.2137 506.9663 0.0010729065
657.1309 2795.6797 627.60583 22.774633 0.0010719753
707.40485 2646.4365 376.23944 287.61447 0.0010702065
851.0376 2768.928 107.4452 98.04828 0.0010543951
589.8149 860.0191 568.57294 1433.9728 0.0010400515
540.15405 666.61957 203.95695 584.8054 0.0010392258
741.96893 2743.6594 302.51288 178.12695 0.0010343057
863.48846 2781.5376 93.91156 62.622757 0.0010023143
706.19305 2779.1301 313.09796 114.60331 0.00097011233
900.5272 2768.3179 37.85566 93.85361 0.00096061185
503.945 651.71655 721.779 709.72095 0.0009491678
904.3228 1901.744 20.055971 319.97464 0.0009413469
774.9766 103.42529 285.1532 332.75055 0.0009403922
498.47913 1065.0906 772.62885 730.44904 0.00092926674
768.836 1698.8376 318.80878 1279.106 0.00092416187
513.06433 463.81442 161.86205 476.67 0.0009215487
907.15173 2730.8237 12.6336775 144.85988 0.00090730673
668.2752 1750.0928 341.52368 476.40704 0.0008943416
388.70367 1571.1112 570.08685 1167.8169 0.0008777835
677.5188 2261.741 406.9749 1067.373 0.0008706333
721.0977 1121.3079 497.67218 1048.531 0.0008694953
869.705 1227.4467 223.29134 944.83014 0.000852747
860.2844 639.7796 206.91814 619.9074 0.000848886
744.6374 2203.996 356.17346 479.4872 0.0008406502
409.0798 1018.0763 543.3947 922.0911 0.00084036664
540.01184 1284.9884 615.47705 579.18396 0.00083954755
439.98047 2690.9973 585.883 260.4803 0.0008273259
496.9729 1235.9174 556.547 624.36066 0.00082383497
530.87524 1903.4658 722.8668 1108.9142 0.0008184985
542.06616 503.418 121.0021 387.5742 0.0008134449
826.06335 291.46933 233.52536 578.9254 0.0007806122
611.47736 1325.9806 240.34789 383.1817 0.00077127194
850.95435 39.687016 216.31621 79.73778 0.00077102723
562.7859 517.7433 570.86835 647.564 0.0007696281
773.288 271.0787 428.1483 454.22665 0.0007681096
735.10754 1185.6526 433.28705 1066.2144 0.000756034
841.314 2144.6958 304.93124 730.67566 0.0007538286
583.08606 78.083855 570.4643 444.6847 0.00074679754
628.0789 2804.9014 485.85565 16.125237 0.00074061647
632.2325 395.1041 570.24286 659.7755 0.00073714857
836.3109 2787.8489 278.84583 55.80979 0.0007288626
798.0723 2785.7322 248.60667 47.253006 0.0006732954
519.4073 328.69534 774.0061 680.08453 0.0006135371
682.409 2804.384 513.7946 19.83442 0.0005909881
713.80835 2796.2153 355.9033 48.037743 0.0005619957
595.8922 264.264 567.5982 831.8426 0.0005613589
713.2759 363.13754 417.64374 740.74335 0.00055600994
817.87573 2733.6584 261.61887 145.51698 0.000511466
797.523 2697.1465 266.5313 219.20528 0.0005076668
469.18246 1450.386 803.43475 986.1298 0.00050732744
840.6909 2777.1572 275.77353 62.04227 0.0004970976
836.67114 2784.51 171.65189 46.765312 0.0004919478
791.3038 327.75644 442.02972 356.43637 0.00047616058
791.36255 44.578323 407.85516 250.41371 0.00043759923
