394.69348 1362.5239 778.2845 2715.707 0.7738569
711.52893 1920.9696 164.46036 211.37198 0.13930692
358.615 1855.7644 694.3102 1585.6333 0.065344304
686.53125 1920.2755 110.34998 207.16139 0.055979304
338.76688 1120.123 591.3106 1958.0321 0.044819683
385.9018 1875.1626 754.8835 1650.0875 0.043460514
349.15195 1769.7822 663.56 1525.2317 0.040198095
338.40167 1814.946 643.4652 1349.1707 0.039108448
388.97397 2072.4326 759.17725 1259.7838 0.036940232
351.3979 1617.0714 655.93207 1711.6691 0.03461965
393.41095 2256.1973 771.0785 919.272 0.034155674
346.52304 1193.7115 585.77325 1666.2167 0.032698177
320.26877 1011.2475 588.013 1894.5944 0.031530306
336.04462 1812.6068 613.43097 1349.2267 0.031451534
375.7671 2257.5933 741.0354 914.1499 0.030977141
394.39386 1363.1589 774.11334 2722.058 0.030493164
310.15814 950.0788 546.48267 1688.8524 0.030361565
350.52768 1476.102 636.9193 1435.3994 0.028569868
475.21158 447.65134 91.3164 74.05144 0.027786417
383.95117 1736.7437 751.3712 1920.5619 0.02615296
340.29605 1724.2323 614.07275 1224.6654 0.026148427
334.4095 1953.2762 635.8869 1085.8608 0.026090348
347.45648 1629.3044 642.17194 1347.638 0.025491135
274.33438 1321.2427 526.9108 2590.5742 0.025332477
291.69202 1038.3099 532.776 1974.5587 0.0242793
314.2871 1193.0367 582.62585 2254.7598 0.023837214
349.83008 2067.0115 677.09564 1230.0803 0.023197109
288.5543 814.20325 548.3656 1596.0455 0.022688735
340.43274 1405.381 579.4165 1259.9014 0.02209214
341.21924 1627.2198 610.0917 1034.1038 0.020621967
278.23114 925.14734 520.2313 1793.774 0.020431899
365.0288 1013.96967 695.7963 1992.7961 0.020157423
374.97766 2189.5159 726.70435 1026.8613 0.019760946
324.07874 1311.6365 603.7571 2523.0623 0.01961851
306.8997 1377.6516 535.61584 2029.3114 0.019247675
301.6118 1339.6272 500.55722 1852.6008 0.01912856
262.15497 622.0603 506.90912 1233.6619 0.019014955
532.51556 1391.4471 481.44073 1269.3604 0.018867219
485.30057 1820.3516 171.19685 228.8673 0.01874972
752.9541 1919.3252 83.75443 194.0362 0.018602923
483.2811 1817.4053 129.66867 173.1792 0.01850222
372.54697 1365.7233 554.9691 1201.1649 0.017652905
327.0541 1325.951 576.8599 1145.5299 0.017581232
10.785767 195.93501 21.52194 105.40501 0.017223025
557.94244 1560.8792 332.9474 910.1553 0.017191043
657.97864 1830.2272 262.1239 411.15222 0.017069062
348.65292 1327.1985 572.5332 1123.1383 0.01702522
323.32562 1147.6038 494.4457 1394.468 0.017013237
286.41125 1149.2808 440.58252 789.51575 0.016920362
257.03973 459.80087 500.0018 913.1518 0.016874189
348.78973 1479.3711 650.0291 1222.524 0.016830185
262.464 582.57043 508.7153 1164.313 0.016484194
505.40253 1032.8982 473.7105 1979.4431 0.016265737
652.1325 1980.0044 282.44763 343.56784 0.016130079
270.74948 836.60144 509.84714 1622.5376 0.01570558
314.48425 1189.9508 465.28873 1309.0192 0.015652565
329.28812 812.3585 625.8026 1544.6364 0.015250613
298.64554 1569.7517 520.35834 1659.4423 0.015149755
315.88406 984.5103 559.72845 1318.988 0.014934614
331.34045 1825.841 520.269 718.50195 0.014674876
348.6175 2247.4146 674.99835 913.08936 0.014480247
303.31042 1257.0436 541.196 1026.8993 0.014325916
283.927 1743.9982 539.1865 1581.2609 0.014255248
322.75485 1111.0609 356.25513 706.9212 0.013824133
282.68323 710.8309 539.8454 1412.8827 0.013692453
293.1511 1612.393 542.5959 1771.1282 0.013621091
68.493935 123.83415 135.06377 247.65324 0.013375087
363.7993 1645.2466 514.63727 1696.0566 0.013186815
277.3862 1284.9138 486.9469 1075.7522 0.013009226
339.76282 917.5335 446.36502 1603.5083 0.012849429
350.17847 1731.3324 677.3129 1951.6498 0.012847445
371.1495 1764.2408 484.20273 1376.5546 0.012793898
387.53568 1863.1755 746.2842 907.00775 0.012718654
289.83963 1083.1965 510.46378 1583.565 0.012678026
284.6443 1254.2626 456.07407 1563.1051 0.012489306
347.56937 1539.0121 487.94086 800.0298 0.012460991
338.75583 1314.7396 636.6016 1123.1887 0.012344997
278.48102 1980.6833 521.0898 991.43286 0.01220918
576.0037 1476.3699 413.4344 1111.3219 0.012042308
537.62897 2063.4387 153.39088 175.30817 0.011995335
286.43124 1238.9054 530.4851 1030.3668 0.011978186
592.31525 1024.8479 385.35187 2008.3767 0.011975076
283.3222 1698.1797 508.82346 1276.2388 0.011955402
314.19516 1166.7372 535.3118 834.8702 0.011954788
264.2208 1022.339 494.88324 2011.5488 0.01192213
355.53748 1571.8959 418.9785 947.12964 0.011896427
478.25348 418.02493 118.21509 170.95848 0.011853735
544.8396 2067.109 115.40596 146.91197 0.011841676
345.80588 1994.9406 463.1061 709.09863 0.011779852
314.98343 2193.682 605.6361 599.9487 0.011771739
281.00647 1891.4004 442.89856 827.9176 0.011722201
341.5559 1736.3804 533.28033 597.39557 0.011715779
562.6542 1545.3044 382.233 978.3923 0.011668843
280.95905 998.314 457.70496 1385.7872 0.01160243
337.03616 1833.9819 554.83215 816.7476 0.011583956
597.2803 1793.5454 172.7906 365.64227 0.011582712
494.66672 1390.2538 457.76355 1263.311 0.01144058
394.47318 1787.4575 688.53174 802.19006 0.011420519
364.31592 1414.5411 702.9764 1404.7385 0.011328201
593.3929 1730.262 132.506 227.73894 0.011264263
299.61407 1497.0831 512.9972 846.47253 0.011196926
420.49716 1718.4456 466.59332 1191.3414 0.01115397
302.2428 725.0252 429.56693 1315.6036 0.011123802
321.1959 1497.1133 387.23303 701.4497 0.011088917
103.13144 2518.0127 156.60983 173.54698 0.011051545
302.8784 1311.8175 243.5093 331.19363 0.011043996
492.47723 1860.6819 63.13158 76.159454 0.01101369
344.88245 1736.8682 658.8425 1839.5165 0.011012195
533.1647 1490.9508 271.09238 714.04755 0.010997876
390.9521 1680.3466 493.90067 1351.204 0.010950799
546.2218 1422.107 362.95447 1180.1332 0.010937049
406.33746 1816.0829 457.17438 854.5005 0.0107961055
275.34137 1696.8276 318.48477 419.64853 0.010792363
442.06906 1402.2577 640.9669 1319.4078 0.010708099
433.4166 938.4076 429.03027 1707.7977 0.010685331
383.44876 1632.509 534.038 1740.7734 0.010627212
448.40414 1571.3689 423.21817 959.78815 0.010615602
290.41232 866.0381 506.88013 1413.7207 0.010615001
254.49684 290.49493 497.96158 578.69885 0.0105836475
381.86255 1008.8841 243.07063 506.22845 0.0105605945
286.28406 2232.6418 546.0755 565.8596 0.010552888
540.32416 1194.8999 382.88773 1645.1533 0.010549991
432.51196 1037.6808 534.0103 1881.0945 0.01042818
413.61447 1842.2905 479.48026 1180.258 0.010408442
614.48193 2084.5928 349.36755 561.8061 0.0104071945
460.04633 931.1205 550.212 1823.2167 0.010205831
409.47675 1284.6183 408.23627 1046.1179 0.010171948
497.34998 1405.2125 542.6399 1356.1025 0.010167335
255.24298 1843.5858 482.08374 1267.5332 0.010157996
362.67746 1656.4852 694.5403 2065.4136 0.010133071
523.19006 2058.1353 190.50629 211.37157 0.010124221
508.56192 1247.4419 527.2784 1630.7588 0.010066229
473.53885 1393.6674 592.85614 1316.4047 0.010062766
550.35406 1192.7406 438.0213 1670.5302 0.009978387
531.6774 1187.4438 487.182 1719.956 0.009959958
271.9822 983.4918 404.02267 464.58624 0.009912635
253.40065 224.10115 502.01685 447.00604 0.009845513
439.60553 1397.9768 637.50287 1324.1528 0.009795427
432.39178 1800.8373 557.5564 984.06934 0.009742243
443.2501 1752.571 447.939 1108.7509 0.009734528
430.93335 1040.4822 484.73178 1903.2062 0.0097117685
289.87552 255.05942 230.56146 357.39435 0.00969586
515.2649 1069.2836 534.7742 2069.0 0.009633812
316.48285 1705.3934 264.22766 412.49252 0.009597819
490.99033 1413.4359 571.88983 1288.9858 0.009597424
485.3568 1212.2332 473.34995 1648.2751 0.009590529
437.44202 1646.6959 592.0155 1145.2965 0.0095784655
274.7513 1049.9672 485.39847 1385.5392 0.009567502
445.94952 1165.0457 571.4667 1761.0474 0.009544174
421.65527 906.1851 489.00433 1557.487 0.009438545
301.50357 341.9719 323.82968 546.27985 0.009425888
500.63782 1845.4896 260.0593 458.77905 0.00940571
586.2871 1832.1436 318.5906 413.8517 0.009327176
290.69568 640.9339 567.1122 1278.9236 0.009314522
485.84836 1391.9889 585.3495 1330.4651 0.009252868
420.12506 2146.4275 660.12823 688.9674 0.009226638
573.1707 1389.0405 413.6304 1280.0475 0.009211611
339.9605 1105.895 384.4204 712.4654 0.009137217
455.88293 1730.9237 563.3884 1147.0624 0.0091357585
321.76053 1542.0411 549.03 1602.13 0.009099481
537.3869 1398.0488 493.99155 1314.6357 0.009075285
278.31476 1356.9231 346.35065 495.47726 0.009075148
310.7424 1676.4086 213.50563 335.83124 0.009056724
595.27356 1717.1512 374.3198 641.1055 0.009037465
516.7701 1388.8689 490.0971 1275.3289 0.009013058
426.07092 981.93695 155.04181 417.9219 0.008889091
495.1966 1387.8248 564.5425 1377.9163 0.008864193
284.85233 1308.0819 168.84947 290.07565 0.008854596
522.5528 1556.5292 502.2738 999.58154 0.008826414
497.78714 1023.8459 570.75903 2028.4756 0.008792135
543.4217 1387.7272 380.3643 1268.6354 0.008777939
309.6449 1689.666 512.2167 536.6612 0.008775831
165.07394 1125.4349 145.63908 130.30241 0.008719492
571.193 1390.2523 417.3454 1269.7961 0.008696413
263.17136 785.7435 401.2067 874.4754 0.008689005
312.03418 1144.0812 582.4397 815.7188 0.008624439
417.1649 1170.5481 278.71103 821.22864 0.008608057
290.02792 1289.246 399.7463 451.4952 0.008582779
389.556 1841.6317 600.03076 639.4811 0.008581176
360.96777 1499.2203 382.9121 1279.8257 0.008510892
278.81235 2137.737 348.90805 620.5787 0.008483627
555.64325 1861.6628 419.68018 722.9959 0.008464736
597.8541 1836.37 81.00961 132.59836 0.008456911
595.3009 1138.54 381.34033 1792.0751 0.008456091
287.90002 1808.3531 394.21832 632.9079 0.008430275
378.56192 1941.1907 720.3574 602.24866 0.008425457
488.88483 1815.9716 331.23502 736.86383 0.008425107
452.97385 1631.2815 596.3876 1272.6917 0.008419771
345.96936 895.647 346.77963 1094.9688 0.008388379
298.28568 2224.3528 571.09863 870.9784 0.008353712
407.00897 1751.9506 490.868 1352.6606 0.008335625
252.19174 133.54588 500.05173 264.9673 0.008288039
510.52408 1815.5829 339.41107 647.88995 0.008235086
528.35236 1958.3956 237.99503 414.231 0.008231569
615.68616 1722.8503 123.356 236.98932 0.00821407
219.1539 450.76425 411.55862 854.36487 0.008201738
122.63463 2579.1628 231.62222 289.50104 0.0082010785
527.2047 1393.5587 506.69434 1293.0154 0.008176282
214.71198 616.52484 353.84033 639.628 0.008167423
441.82526 1093.7512 114.28914 201.19417 0.008163816
562.62524 1786.3422 431.0009 643.6519 0.008153179
347.32623 1620.1268 205.03397 348.74597 0.008152126
444.101 2118.4656 634.54083 741.41534 0.008141126
618.4187 1399.7101 333.959 1256.8918 0.008108467
442.70242 2136.7385 640.52966 705.5846 0.008089712
508.255 1160.7268 366.57257 1550.957 0.008039609
445.64807 1099.594 104.1031 183.97548 0.008018674
520.6286 2135.6445 490.06946 672.04816 0.008016383
625.23224 1687.9663 318.9695 698.9301 0.00799779
558.8466 1717.5421 298.6433 620.64966 0.0079947915
585.12305 2152.204 406.20956 706.7638 0.007941558
371.26126 1381.0181 310.5314 521.0786 0.00790911
210.92645 778.03485 396.77835 1526.3912 0.007868889
631.8255 1585.853 309.9868 891.17346 0.007858182
553.1598 1767.6792 437.6833 888.4585 0.007842079
696.1004 1788.7052 194.36494 493.0976 0.007803722
215.42148 681.84326 395.0926 1051.918 0.007794806
453.30762 2191.3838 265.91696 405.9682 0.007780272
521.67523 1196.5007 517.028 1777.7305 0.0077689793
332.23047 2269.8958 340.59686 421.27533 0.0077624014
285.892 1817.96 286.3162 699.56165 0.0077569056
243.45276 1351.9657 433.57333 617.0316 0.0077496828
510.77005 2247.516 542.30194 888.9668 0.007747182
211.0818 1116.9098 240.48413 195.12117 0.007744833
714.1075 1917.068 153.04155 205.77017 0.0077382256
193.6998 501.39288 311.16415 561.0954 0.007737892
542.854 1435.8334 473.8962 1379.3335 0.007723553
298.64423 1021.79724 228.93794 532.0482 0.007711021
228.951 1484.9344 425.2202 1421.777 0.007705153
170.39499 611.13727 242.48318 437.71597 0.0076980833
542.4757 1843.2793 291.8047 401.0124 0.007669536
688.2348 2038.2543 212.41449 482.68176 0.0076290728
426.4934 974.1615 224.24368 440.16742 0.0075915614
557.52185 1877.4901 417.98883 773.9335 0.0075711766
637.0647 2124.8958 305.9152 686.5593 0.0075546806
235.55112 1520.2719 424.77762 1036.5365 0.0075523
448.17065 472.34256 149.11458 177.36082 0.007526126
664.75226 1730.2858 225.33781 604.8496 0.007436801
518.1855 1564.0778 501.18912 953.44116 0.007434239
239.2354 1732.5646 368.18332 1313.4019 0.0074308524
508.84183 1274.9003 527.2385 2225.874 0.0074296845
451.36652 1753.6171 306.19107 594.834 0.007412263
174.48186 1343.0757 334.6511 2590.2185 0.0073938463
378.4947 2305.6084 188.9109 268.26172 0.0073897988
320.96817 472.3014 341.28757 913.4307 0.007383135
175.84503 121.81866 199.37758 224.55367 0.007381894
440.99493 980.5869 193.22353 441.02588 0.0073675136
135.4884 122.00665 265.72873 243.49562 0.0073619667
613.6965 1584.5052 254.78075 870.0435 0.0073573235
360.66284 439.56604 291.20523 837.2045 0.007357052
640.71857 2063.7358 300.74664 650.33203 0.00733775
549.744 1732.223 250.93512 558.4536 0.007328586
448.71103 1663.2533 485.81027 1658.76 0.0073034177
222.04547 1961.1763 423.6367 1072.5513 0.0073023704
248.79532 2047.3417 478.13718 1300.8916 0.0073005143
231.95358 1109.375 411.872 2142.491 0.007276033
479.0099 1941.1403 523.63885 857.6263 0.007273578
527.1638 1356.1656 304.9947 1117.2244 0.007267926
481.84525 1374.0508 175.01315 465.5552 0.0072602374
695.8583 1853.799 81.86654 81.967575 0.0072442223
319.04758 1101.0194 428.44852 1211.1102 0.007241417
185.1449 2576.007 353.51553 296.7372 0.007239879
552.02313 1648.5017 463.54584 1784.8739 0.0072249305
415.68124 1707.6207 374.1789 1105.2151 0.0072153127
504.0738 1745.7036 379.9693 1398.7915 0.0071946764
355.3207 2044.0267 252.56662 401.44516 0.0071934233
239.92496 1580.6317 370.2956 1528.5092 0.007183568
502.92007 2176.0208 558.91266 891.33185 0.007181083
552.66846 1717.1357 360.82895 654.8666 0.0071637346
607.46454 931.6931 368.2233 1833.8173 0.007140084
415.15097 904.7791 313.7556 1514.6787 0.007110325
567.30524 2032.8842 282.45926 444.91364 0.007108867
561.7321 1756.325 413.27197 1356.4037 0.007108275
166.86548 123.58294 328.7259 245.92828 0.0071026636
331.20413 1111.7743 335.61545 1226.3035 0.0070998766
324.72794 2312.2993 253.16827 302.47778 0.007076137
338.38824 973.3435 183.01062 445.83694 0.007072791
357.03772 1330.1838 322.95752 1098.4982 0.0070699886
444.3342 610.9414 262.4691 1184.5511 0.0070314007
303.36673 1131.528 239.62726 680.3062 0.007007414
438.1637 1600.6316 134.86127 254.47485 0.006997756
521.0916 1758.4132 269.2414 498.81393 0.0069909897
437.0464 1486.799 372.13956 725.82306 0.0069904136
419.52292 694.2041 235.93774 699.5962 0.0069798594
473.94144 1683.2544 164.4512 376.16504 0.006974408
441.31693 2134.237 443.36676 685.276 0.0069680274
335.34915 20.6239 210.49515 41.288536 0.006965576
538.3459 1387.092 395.8925 1278.8766 0.006934365
215.54663 2518.1526 411.20596 405.42545 0.006928634
255.99696 477.94385 298.58224 624.29254 0.006911466
352.11798 1191.9878 281.9611 862.831 0.0069085895
487.0172 1522.4633 314.69196 794.0887 0.006885156
283.05136 1069.846 171.4475 291.0788 0.0068846447
411.01318 914.9144 375.84628 996.18304 0.006880841
294.68018 559.5142 197.81824 426.47336 0.006864311
595.69763 1346.085 404.90384 2655.0808 0.0068569654
246.7845 1616.9294 289.74277 814.42346 0.006853732
553.84076 934.2025 474.79175 1834.8734 0.0068518366
502.33252 923.3424 296.1647 1759.6301 0.0068491045
531.69226 1443.817 413.4583 1308.288 0.0068414155
481.47498 1620.2195 157.03607 271.50446 0.0068363403
569.1752 1875.5195 423.23816 559.8442 0.006827433
554.81396 1390.0068 386.1947 1276.0825 0.006826321
398.3733 755.3089 278.50717 936.8254 0.006820876
687.63855 1696.3263 208.37549 677.0855 0.0068156864
569.1629 2251.7747 447.57938 896.73193 0.006801943
521.5352 1133.3444 520.6365 1900.0612 0.0068010804
272.82324 956.3288 507.6147 763.3424 0.006795475
473.72363 2122.9019 376.9706 660.4929 0.006789874
422.06595 600.6708 220.11745 484.51544 0.0067874403
557.69635 1845.099 403.12262 1081.8009 0.006783716
336.69928 2098.3794 298.89285 499.71527 0.0067808502
334.34216 420.9234 143.34225 198.32121 0.0067584007
278.17227 966.17126 465.62433 429.58228 0.0067406977
564.634 1673.6375 195.5748 344.4301 0.006739638
421.997 809.9795 260.49875 1009.7537 0.0067264643
627.3007 1635.3678 314.88635 832.2835 0.006720824
462.00186 944.5183 295.83878 1057.5176 0.0066948645
551.65466 1367.1134 334.57593 1247.3143 0.0066854497
590.8794 1822.6205 396.29486 1654.526 0.0066726846
337.93744 435.41415 185.90485 330.60654 0.006668044
645.45374 1689.9852 282.04947 685.4542 0.006660679
11.519305 252.13242 23.649488 249.36655 0.006659452
214.8493 243.0225 155.11418 258.42343 0.006657244
488.4312 2083.9817 233.22824 231.57838 0.0066477535
496.59793 1306.0612 276.98746 829.98615 0.0066297855
495.8537 1853.6375 335.75757 995.0328 0.0066174646
462.1553 1517.7201 539.2929 1545.5945 0.006597755
266.31412 1610.681 248.73517 503.56418 0.0065882606
467.7944 1629.1589 596.4567 954.08514 0.006567602
549.5898 1392.9397 423.54416 1289.2872 0.0065567004
608.865 1572.4054 251.45421 831.3585 0.0065535987
442.28223 1431.4812 246.29648 584.36755 0.0065356786
417.79126 1681.8463 226.57532 424.5015 0.006511018
394.16617 2520.3997 773.3688 477.07538 0.0065022027
308.41278 1261.1123 349.43396 982.3412 0.0064935675
244.20416 1017.5635 198.5286 326.1465 0.006488248
392.31387 692.3051 294.85367 818.6989 0.006452745
609.6859 2263.8965 372.40366 926.206 0.0064120274
515.1615 1631.2764 442.5949 1315.4474 0.0064015584
351.65515 1667.1448 351.8029 446.04105 0.0063774553
462.1496 1989.5714 147.29054 274.67993 0.006364644
378.5725 2179.0793 245.9769 493.3015 0.006351492
434.82455 537.30475 186.50163 307.58755 0.006315223
556.2439 1970.8462 449.47598 452.06787 0.0063094776
290.63333 1518.7955 249.4863 517.989 0.0062959907
369.7735 1282.7794 273.692 942.7338 0.0062740427
552.188 1471.8542 294.00198 707.7438 0.0062398277
688.65814 2281.4016 228.84108 944.23584 0.0062291566
334.5971 1174.7603 651.4164 881.6411 0.0062227016
233.09091 1295.1812 414.90506 1084.074 0.006216159
352.4288 1511.1498 293.7053 434.4132 0.006214495
340.16107 1006.8917 424.9856 542.4227 0.0062104915
479.31012 1150.8853 337.99384 806.6595 0.0061650025
539.20197 1628.4248 445.66907 1104.3384 0.006158774
492.59378 1633.0367 142.38503 230.09525 0.0061582197
372.2801 1210.4198 319.28848 905.4516 0.006152686
172.35472 551.85406 310.79108 834.9163 0.0061490596
484.5791 1453.9834 388.61716 1412.578 0.006145724
216.07016 2209.948 407.06464 704.30457 0.0061414237
381.43216 876.3572 140.63972 258.47968 0.0061395233
250.20084 1855.6123 222.27972 461.17493 0.0061391047
488.3566 1729.3397 399.7145 600.54083 0.006139099
369.01807 1514.9641 319.76956 843.5475 0.006114407
60.66377 170.71336 119.50642 339.4652 0.006100389
403.98813 1822.5599 240.94635 362.25153 0.006093053
427.6085 2223.0085 261.95163 409.82657 0.0060789655
397.95804 2126.0208 210.36795 437.06412 0.0060761343
331.65262 1190.1265 644.306 892.6954 0.006066877
297.92468 2550.3904 606.2382 376.69946 0.0060370495
469.64267 1345.2859 312.6453 1183.1427 0.0060356306
172.5495 1002.8023 272.97314 379.0125 0.0060228487
414.53513 576.2005 184.53033 371.93472 0.006016132
340.50992 1006.90546 273.6246 1043.1884 0.005991066
383.13165 2241.82 308.716 432.49356 0.0059901397
592.3385 1731.0497 403.73944 1948.8292 0.0059805424
438.01486 1601.4677 420.73123 1665.4407 0.0059457375
333.78403 1125.8268 297.82526 1418.8267 0.005931272
724.0048 2115.2893 181.57098 619.7998 0.0059065623
297.22598 1091.1993 138.44374 226.13615 0.0059058396
200.15619 718.59155 272.32318 632.0619 0.0058994857
215.71767 1647.4049 346.02466 1695.919 0.005895561
406.1772 1879.5499 398.02917 618.74695 0.005880015
497.33475 2138.5945 471.04916 658.03033 0.0058622
711.25275 1922.595 160.54285 230.52623 0.005862189
387.72842 1922.736 714.24335 539.5932 0.0058464203
503.1544 1402.8696 266.98108 609.6364 0.005845963
568.3863 1687.7079 440.37894 1893.2274 0.005841929
216.7544 1586.9475 322.0243 1568.3624 0.0058361166
267.11435 972.2632 498.1024 449.4162 0.0058252267
144.18468 848.8157 274.9453 1645.7344 0.005817957
330.9806 527.97266 146.32797 305.59296 0.00580835
533.00146 2129.564 490.6159 997.3949 0.0058079837
175.65819 2502.0535 328.44424 401.67038 0.005803462
183.35637 1613.8285 350.28955 1803.2328 0.0057763015
389.95325 967.01697 304.23895 1372.0719 0.0057609924
188.4432 1007.4709 295.24338 484.3207 0.005748821
520.2135 2048.8164 282.30545 660.8519 0.005740016
565.5774 1964.934 437.85388 444.20364 0.0057377825
188.17204 1350.3767 178.16551 346.19766 0.0057292935
665.59186 1533.0116 242.9474 1002.22766 0.0057185492
377.9445 690.5216 750.9931 1394.8285 0.0057175434
445.23328 689.02606 197.19197 601.2623 0.0056941323
443.25992 1897.4753 198.66946 392.33267 0.0056920433
349.9047 1433.332 542.05096 1739.7303 0.0056898473
465.87112 2240.7773 546.5757 872.2822 0.0056780297
181.80573 2160.765 343.9442 763.1624 0.005663406
639.1219 1040.4156 319.72278 2097.6172 0.0056575527
441.64236 1631.8976 269.82004 512.39087 0.0056515415
565.54034 1880.1411 372.90707 1193.078 0.0056295926
205.9919 1718.3586 315.40662 467.32382 0.0056196502
577.3958 2106.2668 419.8653 601.04236 0.0055933665
462.25824 1746.697 221.48596 503.0866 0.0055911555
183.66197 2115.1055 335.5161 731.8823 0.005590564
456.20114 1343.0148 153.05894 440.8589 0.0055859797
494.25876 957.193 291.02942 1793.3398 0.005555578
533.1139 1465.624 209.3144 483.66428 0.005536921
397.06088 1282.2568 119.51066 266.10938 0.0054991962
541.65826 1896.5876 423.86517 1064.2723 0.0054881526
598.4921 2048.7039 376.62454 485.71576 0.0054460997
513.30133 1570.1318 524.7451 991.6757 0.005396123
539.4764 2012.7723 217.12943 707.7004 0.0053948276
500.5368 1003.17365 196.73746 478.16138 0.005351593
40.55779 263.3599 79.68689 255.03569 0.005344777
372.29224 1286.4938 333.20193 1812.9689 0.0053415075
571.73755 1461.9567 399.51566 1194.9346 0.0053374222
168.15686 1606.9326 320.30905 1673.8336 0.005324783
298.32233 1095.0194 127.58426 209.98822 0.005290548
413.91095 1177.1582 303.19928 825.9534 0.0052442937
419.0244 1814.3276 317.3545 488.4068 0.0052177366
488.74054 1873.3617 246.66177 491.63147 0.005211239
140.83209 1984.1073 256.0304 918.8399 0.0052075894
192.70552 842.6743 352.53442 1542.6058 0.0051862947
476.83862 1078.4585 172.1396 285.3648 0.0051824185
672.37823 493.65634 284.59497 993.5613 0.005170374
379.10562 2312.97 255.7931 394.0991 0.0051651136
236.66594 2353.7305 198.40454 241.81091 0.0051524444
643.2391 1437.2811 291.37576 1187.4055 0.0051162937
151.00111 1972.7125 276.92627 1017.36444 0.0051108575
382.7241 1692.8264 176.07896 274.2459 0.0050972784
404.13516 2621.8704 789.41046 278.0863 0.0050886264
481.05496 2025.0396 105.3405 146.54517 0.0050851633
164.44316 2401.2524 227.49545 624.5933 0.005073871
15.2408 131.74632 29.894222 257.66586 0.0050491136
572.82904 1737.8978 341.47403 1161.3752 0.0050241454
679.3515 1582.015 197.30289 881.73615 0.005023285
225.0407 1300.9128 341.98764 1231.5837 0.00501879
592.4115 1881.2216 390.04214 300.76135 0.0050105127
584.166 2061.369 379.36353 904.5482 0.0049941316
222.85403 2236.3572 266.90622 370.33383 0.0049852277
96.78743 181.08109 190.68906 361.29764 0.0049816603
432.05157 1574.2549 603.4033 872.82306 0.004973942
308.72183 1377.5417 207.47003 392.95193 0.0049548037
306.78253 1856.0844 319.13837 312.1715 0.004948108
454.94577 1095.5259 75.85486 145.84743 0.004947615
502.03708 1770.85 527.0069 1568.4518 0.0049443715
236.31377 671.56226 344.82086 754.8371 0.0049347975
383.82742 899.3733 766.55304 1826.2688 0.004925008
593.03204 1721.336 383.97534 636.5011 0.0049136616
691.81415 2214.0352 220.67659 824.5868 0.0049082115
505.8011 1732.298 87.12193 129.40176 0.0049005225
414.7316 1019.6161 286.14307 1607.2433 0.004896132
504.0094 1608.7794 135.09003 194.27267 0.0048688706
229.68799 302.48502 186.1917 292.7268 0.0048507657
287.44147 1108.7809 412.1504 698.2013 0.0048423
523.46356 2243.845 432.5716 875.98737 0.00484221
300.56506 2237.2905 163.4144 287.66537 0.004833197
621.5528 1448.5789 331.51523 1185.3792 0.0048280465
440.91925 1221.4937 130.07239 251.17542 0.0048267595
689.8297 1669.7711 176.46825 700.19354 0.0048212907
476.71326 2117.4102 281.8972 554.8925 0.0048195315
259.5147 714.6352 227.20804 416.80356 0.0048026205
550.9246 1728.4542 373.88617 621.9285 0.004772019
449.32474 1659.2476 501.12335 1635.1451 0.0047695218
549.7218 1390.1776 472.0187 1293.4254 0.004768338
437.95074 881.16003 167.49586 277.4034 0.0047577485
335.90076 685.2395 164.5391 341.38907 0.0047568185
703.29083 27.773727 238.03235 54.303642 0.004750524
471.45773 2134.7227 365.37686 659.8133 0.0047198697
596.0757 2197.4597 375.57623 1065.8218 0.004718949
401.07053 1416.0104 198.573 556.3169 0.004699467
483.9694 440.86377 56.383457 48.529392 0.0046907836
142.11855 200.52887 280.80344 397.56195 0.004690207
540.64795 1414.0952 471.49594 2230.3955 0.00468475
472.972 2070.4297 453.378 533.10474 0.004668088
503.63937 1641.9432 206.07951 534.51355 0.004650674
381.8033 1250.1887 118.48256 244.1904 0.004645434
555.1275 2157.6968 240.9441 687.78845 0.004620358
384.58987 957.45245 296.14563 1652.8242 0.0046195663
533.8816 1393.5548 501.7623 1272.2169 0.004616563
137.60612 971.588 223.47339 407.7981 0.0045835115
507.8442 1576.0747 396.68384 1566.0851 0.0045821364
266.65225 1869.9562 250.37753 1094.6448 0.0045804516
592.2652 1567.8828 365.4629 1095.4323 0.0045696087
198.84283 1140.8401 331.0594 748.73047 0.004551814
126.08955 2483.6992 210.58734 326.41138 0.0045389403
76.22403 6.198339 151.25735 11.776585 0.0045330063
354.13046 341.53473 157.03731 255.86989 0.0045257993
499.34357 2111.8699 251.76947 1109.3724 0.0045046983
467.85388 1739.43 266.2607 1113.6449 0.0044864123
325.00696 69.418236 159.4964 136.71124 0.0044852155
231.82648 2168.0286 349.83185 806.6212 0.0044808933
705.7578 2585.2444 212.87056 342.66077 0.0044655176
212.5391 2240.8958 174.17728 337.2677 0.0044483673
8.861703 254.4371 18.576405 262.38715 0.0044438373
300.554 1995.6589 161.44818 276.07867 0.004440571
630.59705 2074.654 312.55334 526.4213 0.0044208625
203.90656 1588.6171 356.86975 705.311 0.004416485
533.8879 2026.7262 281.81195 1052.6012 0.00441478
255.99911 1267.969 261.57605 703.2923 0.0043842844
400.2422 2244.8972 419.1524 476.67114 0.0043636374
536.62305 1041.1364 501.84937 2094.281 0.004351572
648.05566 617.5394 332.4804 1242.0471 0.0043485654
92.19508 2094.006 177.13254 1188.8337 0.0043314444
428.97702 1706.8508 126.80242 235.44792 0.004328227
123.05108 7.867565 252.06978 14.403464 0.0043112743
633.1569 1880.6321 312.57315 1555.5089 0.0043042325
584.00616 2261.7969 407.46375 1481.165 0.004277506
534.1324 1214.2465 387.1317 2382.7534 0.0042442144
459.2808 461.64545 251.32065 929.809 0.0042272354
266.1545 1320.4939 168.00261 289.67743 0.0042257225
592.2539 1581.9846 200.33157 470.8995 0.0042222566
129.38034 354.13544 254.1259 728.1111 0.0042126407
594.28094 2081.8062 368.44998 935.7458 0.0041882615
260.9444 1522.7932 159.89539 248.77237 0.0041828975
518.8967 1305.5835 458.33966 1749.8942 0.0041793077
665.23755 846.72076 297.99802 1005.1059 0.00416814
672.6335 1615.1727 114.43037 365.00803 0.0041669467
397.31363 2478.7373 178.5006 295.02878 0.004152977
325.17593 1253.3132 302.3687 785.0856 0.0041481084
456.21945 1535.3196 244.8603 617.4216 0.004147859
187.04128 785.1878 379.7847 1604.5509 0.0041155308
735.03613 2277.5999 166.84218 957.132 0.004100613
254.4626 64.40397 122.061195 127.637 0.00408048
500.8775 1592.2632 373.2602 1612.6182 0.004075544
356.04358 1198.1781 281.32718 867.2723 0.00405821
530.05164 1450.5148 127.44442 244.51796 0.0040531927
147.45204 1099.3976 169.20094 231.9353 0.004052413
65.874565 72.98917 126.91056 141.66963 0.0040312908
281.35593 1306.6122 270.23337 795.478 0.0040191896
105.6636 1828.8756 200.45297 1764.4774 0.0040135076
723.1723 1925.8865 147.10143 239.56972 0.004008781
580.82007 2067.3938 81.400764 123.246284 0.0040077535
281.73163 1973.8398 561.94244 1441.644 0.004005677
659.0508 1396.648 283.443 1216.7933 0.0039922083
321.6187 1563.887 130.46782 214.36687 0.003972317
482.2578 533.7619 132.40004 323.68433 0.0039720116
342.79883 2492.6519 457.70267 461.44608 0.00397084
586.23254 1386.7471 376.05664 1812.7438 0.003968619
552.02277 1401.3892 398.2879 1672.2212 0.0039665066
297.1876 531.0995 594.9601 1085.0907 0.003954438
495.1204 1062.1006 586.9105 1920.5356 0.003933275
206.28381 2576.24 213.4112 296.67517 0.0039096186
271.29315 61.775005 487.19467 124.006065 0.0039051364
669.3899 2277.8308 269.55344 956.90533 0.0038943714
516.7766 2178.5298 221.03114 480.29663 0.0038884787
10.764297 387.7916 21.485348 575.7585 0.0038739995
112.01695 2031.1356 167.78877 253.86098 0.0038730004
603.9812 1858.708 360.97382 1461.3915 0.0038716157
372.60114 95.01195 258.73672 189.69829 0.003868417
419.42038 39.42877 228.52731 78.25724 0.0038579833
411.39835 33.6689 209.90608 67.79968 0.0037906652
212.31273 788.6191 219.61363 366.31744 0.003790539
708.0862 650.2741 197.95317 279.05157 0.0037446148
593.06384 546.4706 175.39638 446.36853 0.003730997
344.37326 1543.8463 137.14383 253.01839 0.0037265245
555.791 1518.2434 335.6606 1016.7894 0.0037175189
65.79949 2103.4094 125.499756 1249.4324 0.003713791
493.7035 1919.8125 119.127525 190.8773 0.0036700827
79.71773 342.60693 157.4922 696.9736 0.0036597406
214.40367 1238.3942 387.8158 826.8025 0.003621947
654.98584 1414.787 270.79892 1229.2725 0.0036161868
410.8745 1197.582 469.0793 885.98785 0.0036157984
564.9919 596.43976 128.07776 290.10568 0.0036057215
191.91362 24.987701 355.06766 48.863853 0.003580898
675.18835 533.6367 295.6254 1080.9974 0.0035754151
598.57086 1380.0806 376.06647 1298.1357 0.0035625326
244.18965 2123.7493 184.73677 419.19556 0.0035378356
688.3704 2661.2126 189.54463 193.19917 0.0034876561
597.9542 1705.1383 368.71683 1119.3562 0.0034801087
131.32545 871.43115 193.91635 270.6288 0.0034627882
715.02435 2577.1064 172.2842 304.24826 0.0034396725
606.9664 2010.3684 289.72516 1426.6415 0.003437777
527.5419 1156.5812 414.17654 1921.6444 0.0034293057
123.15908 2649.774 230.0932 183.46356 0.0034177648
420.37097 907.04297 160.46991 362.66107 0.00338665
631.6774 2573.618 322.15015 365.3426 0.0033645267
280.26932 81.88528 495.4536 164.12791 0.0033591972
639.52563 2235.4915 259.7981 637.3065 0.0033506686
728.875 2064.1943 147.63103 513.1625 0.0033285692
66.97787 411.62857 131.39711 838.98376 0.003320267
688.9401 1047.5632 257.19922 486.52673 0.0033160641
630.5382 1707.543 102.51494 184.05305 0.0033139247
716.46216 1605.1073 189.54916 413.75894 0.0033091088
127.90469 2641.852 140.61797 152.55885 0.0033057998
204.37189 1347.79 264.69992 2083.3655 0.003274008
82.47759 2674.3594 157.41595 167.8788 0.0032728785
282.58936 360.96875 560.7612 727.85913 0.0032675394
724.66077 919.13385 179.54857 438.8811 0.003263681
342.90378 2672.5432 699.4278 181.26917 0.0032586963
658.2717 1075.4319 279.65613 1910.015 0.0032552613
452.07883 906.9411 96.86386 171.51195 0.0032449919
597.40936 2061.9172 325.5862 1378.5898 0.0032335187
267.5924 2536.1025 358.72714 412.43106 0.0032071094
799.525 2320.2036 117.21409 392.87903 0.0031994267
328.28818 1063.8882 610.1563 1988.0906 0.0031992125
604.5869 2671.9111 253.44937 177.5851 0.00317936
26.953283 552.7842 52.923565 1165.2328 0.0031788596
404.66724 2551.538 662.6549 400.4314 0.003178035
719.0858 2501.4104 197.75256 477.81204 0.0031727613
566.1255 2546.0298 301.4066 419.19852 0.0031703552
253.64236 1572.7819 263.4601 489.20792 0.0031672043
152.40831 2645.6733 271.47742 176.37224 0.003149247
17.583288 455.34454 34.713146 739.9305 0.0031472684
560.6942 2373.4978 260.37036 440.3082 0.0031374714
73.789734 24.296816 142.30898 47.14724 0.0031088635
46.14129 2253.5881 86.89519 881.638 0.0030915726
647.06116 2663.4587 174.52122 176.88855 0.0030867164
577.6194 2295.2935 196.24419 342.22534 0.00308315
7.994834 486.83795 16.635345 263.26437 0.0030797604
710.19763 1799.4966 208.4662 711.7784 0.0030755557
774.362 1095.6403 154.62036 569.6961 0.0030738688
759.5283 2487.6619 109.0382 540.697 0.0030738513
684.88715 2559.5537 231.63649 354.02264 0.0030526463
192.14563 2581.413 379.7729 447.73148 0.0030522065
730.7313 1735.4302 171.05566 578.3234 0.0030515783
578.74335 2081.1528 107.49622 164.5442 0.0030375982
690.5222 553.30206 226.0583 568.47266 0.0030339486
392.01642 2582.6843 629.4055 361.79788 0.003023402
691.0184 166.55061 259.467 334.3572 0.0030221976
655.198 1581.7849 265.11722 878.5937 0.003020875
655.8653 1284.9111 280.7071 1492.9612 0.0030183482
561.373 2656.686 255.78029 206.94434 0.0030162942
562.7978 1803.3022 364.77002 1400.7269 0.0030139936
464.917 1236.7107 336.36993 1717.7281 0.0030092432
728.6858 2559.477 158.42735 178.78737 0.0030049887
679.23987 2507.444 246.75154 504.27972 0.0030048199
691.3261 677.82825 253.78738 440.9611 0.003001238
212.99922 1782.3619 329.5232 1815.3013 0.0029981676
383.19138 2686.1172 752.04596 159.22145 0.0029949965
549.13196 1794.0801 253.0999 430.87604 0.0029689313
671.4148 2175.694 260.74182 1163.86 0.0029665513
276.32132 99.95385 519.70636 205.89992 0.0029462506
746.30853 2594.918 121.16493 331.1954 0.0029290398
762.43115 2552.7146 96.32639 412.81326 0.0029268863
559.0574 1925.9076 291.3904 1543.9156 0.002916507
65.00631 2712.9746 118.850624 91.893616 0.0029061476
628.35266 1765.7755 140.60962 193.71744 0.002903674
630.10114 2631.3582 224.05702 250.24597 0.0029017613
568.20654 2568.3018 375.9323 372.8675 0.002898802
566.5834 1347.6864 341.86633 1348.6455 0.0028879645
571.31384 2643.189 345.98727 224.91788 0.0028821512
395.6864 1368.6632 782.8731 2717.1167 0.0028802017
469.0232 1106.1077 373.84158 2124.2668 0.0028721003
718.3391 1996.804 154.65382 463.5774 0.0028684156
648.93365 2090.897 186.11978 221.55037 0.0028659755
264.19843 1826.0074 476.61823 1222.1012 0.0028590248
776.17035 2511.6396 86.521255 493.79044 0.0028589582
42.82993 428.66766 85.914925 701.80914 0.0028584837
762.7353 2564.2026 95.91787 394.04428 0.0028581345
756.16345 2481.4656 149.46304 475.09662 0.002856117
696.73364 385.68808 249.3105 778.79065 0.0028504678
6.2972345 127.92313 13.770027 248.91908 0.0028462382
741.7527 2494.2637 145.99397 347.96597 0.0028440792
533.8852 1882.7195 453.67087 1593.2936 0.002841149
712.003 2586.1821 190.32535 276.6801 0.0028392407
359.344 502.3656 712.7338 1015.91534 0.0028326805
634.7972 1033.0413 347.61258 2099.0945 0.0028322374
405.3761 1010.2012 193.14116 1203.1212 0.0028288432
311.92273 2671.9348 636.2762 184.52061 0.0028244453
707.85516 1230.5759 199.8509 1263.6548 0.002823394
314.419 977.7323 600.2926 1902.9019 0.0028227498
435.53156 2615.5366 151.30115 184.74127 0.0028218036
444.88297 868.2165 135.9006 271.48502 0.002821043
326.2793 1400.2009 629.39136 1684.2646 0.002811709
409.9291 451.92578 802.16595 902.5622 0.002804899
527.79504 2404.1274 140.07758 202.89076 0.0028041918
120.62373 1714.6425 221.00467 1339.8099 0.00280043
402.41385 677.4872 784.60034 1373.6603 0.0027980062
626.2061 1595.8175 167.16681 380.34528 0.002788804
719.05774 2677.4185 188.67453 169.68178 0.0027873523
391.88745 2556.614 542.8164 512.2863 0.0027652227
629.37634 2486.3743 275.1968 531.3812 0.0027631982
677.19476 629.50824 246.04411 393.54343 0.0027607137
648.2332 2694.579 250.02147 133.06392 0.0027529227
708.8041 1283.048 220.66608 513.0235 0.002744987
35.272533 605.3307 68.27205 403.6283 0.0027405156
548.04236 2561.3816 277.93848 379.03452 0.0027363643
546.1331 2354.4207 133.46368 187.14752 0.0027359023
707.0439 2536.0222 165.33087 224.47993 0.0027189648
485.83844 2569.1394 220.09451 340.21335 0.0027165622
371.84985 2708.1445 715.0993 106.858765 0.0027146097
568.8309 2372.4119 201.24812 529.0639 0.0027088376
689.1435 1355.9198 195.29323 316.23648 0.002688259
188.10896 838.28436 358.4167 1316.8861 0.002687252
533.2139 1771.8839 149.76315 193.0961 0.0026799021
627.3568 2179.0142 158.57477 268.79166 0.0026776206
781.7135 2608.327 78.78232 309.30505 0.0026725486
675.82355 2579.3457 258.59616 542.5247 0.002661091
277.7936 2739.8506 484.12985 44.70008 0.002658698
275.56342 2644.9038 569.5235 243.21431 0.0026524693
380.15305 2730.7905 729.19965 66.28925 0.0026422685
628.025 2330.7842 212.15552 405.55957 0.0026359013
625.5397 2613.989 188.26303 284.2872 0.0026138395
698.9809 335.9599 204.91986 383.66867 0.0026107498
631.0836 2726.6287 359.24008 79.964455 0.002604835
548.6225 1855.5958 329.76642 1117.5442 0.0026023064
649.1376 1407.8713 261.422 1246.2924 0.0025859773
688.9391 2518.781 197.4843 338.83218 0.0025828688
732.36115 2695.2927 134.85295 118.683945 0.0025774683
734.7258 1342.8284 184.76126 1341.2361 0.0025753127
687.0491 2620.9507 219.84908 275.5247 0.0025578665
683.93195 2588.104 243.76277 405.38214 0.0025520944
753.4031 1250.5646 137.1841 470.65723 0.0025469228
3.9842973 223.54323 8.230366 238.94551 0.002546495
649.9158 2723.6216 274.94302 80.67441 0.002542384
639.79626 2663.2463 309.60333 197.56613 0.0025272497
736.96594 2452.2666 213.74608 619.19696 0.0025269242
680.8612 1378.4637 237.629 1303.3278 0.002524776
618.60205 2593.5383 175.85808 247.1091 0.0025138848
696.5362 2706.181 167.89246 121.10108 0.0025118147
56.91431 2735.907 110.0601 49.940746 0.0025065874
718.12964 676.33844 193.16272 932.36383 0.0024860436
726.1705 1267.9244 187.93391 496.26825 0.0024825009
484.95755 83.0646 179.30927 175.38895 0.002479118
767.67206 2673.5571 96.09707 175.75085 0.0024783693
737.645 1719.2686 150.76628 586.3205 0.0024620232
607.6083 2570.5093 130.19304 193.77335 0.002458614
780.73175 2411.8113 82.39094 671.2591 0.0024404677
769.5465 1476.7727 107.76336 1037.6083 0.0024399455
623.2608 2591.246 245.36751 327.0383 0.0024396472
698.4466 2065.8372 132.30772 147.48933 0.0024355543
751.9313 2600.2727 108.64509 294.17108 0.0024212603
612.64343 2705.5112 223.79561 115.08824 0.0024105522
721.86084 311.77652 169.99013 323.9445 0.0024086037
489.59305 2545.9329 126.00513 182.23625 0.0024048989
476.59384 1699.07 370.3131 1667.7174 0.0023934406
745.33563 2612.7563 153.5678 300.6269 0.0023824142
207.00905 2738.6125 228.48103 43.98786 0.0023769361
747.1356 2660.4783 121.043625 199.03073 0.0023730577
636.04333 2700.3428 354.01932 140.61905 0.0023688416
673.466 2533.916 237.18011 450.57242 0.0023635353
533.02924 943.18 180.6876 1750.5186 0.0023590275
348.87134 2733.264 666.82697 66.88834 0.0023411268
596.02484 2705.5327 310.27386 117.2651 0.0023399845
735.7244 2377.762 171.9805 304.83286 0.002335867
616.5984 2663.704 346.69904 203.3653 0.002331424
461.48102 2697.5278 205.79633 130.35214 0.0023294995
792.1449 1472.5305 59.64864 400.43936 0.0023247579
309.52106 1613.371 532.62634 1806.1672 0.0023186556
450.3222 1603.163 215.78348 554.3426 0.0023169112
333.2345 1532.3071 276.41092 1311.7335 0.0023144875
772.0656 2653.613 81.523705 214.7658 0.0023123524
754.38043 1640.2975 143.29678 769.2124 0.00231087
298.67352 1639.0826 238.82385 1001.45917 0.0023104951
652.81494 1328.5222 292.7933 2660.3557 0.0023102334
319.35144 2720.4324 588.98926 79.32404 0.0023044115
646.8105 2558.7153 311.90012 438.68283 0.0023039314
406.8535 2681.4321 720.5901 202.12183 0.0023014643
556.8645 1282.7948 145.13332 228.3771 0.0023010855
812.6236 1617.5618 25.703035 366.10767 0.0023008054
778.92377 2653.055 88.26383 225.85577 0.002294379
712.67804 2401.77 201.7618 487.4811 0.0022842905
606.6653 2713.2712 282.72656 105.33806 0.0022788858
284.95724 1063.6873 163.16216 346.43423 0.0022788318
753.3684 557.4363 229.42725 486.0608 0.002275494
546.7847 2691.5186 430.56174 147.07938 0.002269133
754.1787 2582.457 152.44928 219.96544 0.0022436054
655.0039 1043.3671 292.64307 2132.1353 0.002240752
721.4874 1144.564 198.04596 1539.642 0.0022265054
744.66675 2620.6443 140.42754 283.69058 0.0022196854
408.12534 2723.676 179.61426 79.07875 0.002217763
763.1192 175.08528 123.54701 355.84097 0.0022063483
707.57153 2570.5488 191.96269 337.51688 0.0021822948
767.02203 707.80133 114.83382 1459.0109 0.0021786813
624.6038 2604.6877 340.9979 347.777 0.0021608695
320.7037 2729.0303 607.9245 86.4625 0.0021608234
694.64984 1440.9314 133.68788 184.1517 0.0021438673
415.99844 2689.6448 185.89445 142.36339 0.0021386356
273.41885 2680.1045 181.49881 150.29301 0.0021327569
774.52704 1860.7856 75.648186 341.80832 0.002107294
418.44748 2668.9695 201.41096 166.65984 0.0021059837
778.36725 2206.1355 105.833954 297.52847 0.0021059026
678.6348 2039.6542 191.26926 588.09357 0.0021029166
755.455 1557.8207 160.19489 332.45886 0.0020974532
799.11365 2105.8381 49.16969 654.92944 0.0020566452
778.93036 2578.2292 93.49059 238.10524 0.0020493134
387.1468 1371.1534 749.98016 2642.0764 0.002046201
492.8038 1649.0428 297.93185 1251.4421 0.0020378646
521.77966 2675.1204 507.0384 376.6432 0.002028106
2.635859 538.66797 5.5026407 798.7337 0.002024281
664.31635 2238.1628 150.79816 250.7101 0.002011146
358.33255 2683.8628 261.85574 155.3729 0.00201008
740.31396 2231.0835 114.5462 271.28207 0.0019984362
398.8629 1371.2659 784.85693 2712.4224 0.0019670667
13.430759 76.0848 24.88673 148.17719 0.0019229596
76.036476 858.79926 152.30179 1761.3308 0.001919918
698.58936 1791.2877 89.24271 135.95512 0.0018762087
682.3992 1984.0908 213.63368 640.11774 0.0018728282
573.7554 2286.8647 411.33353 1000.0759 0.0018653106
805.17505 2427.454 61.644066 359.66608 0.0018638587
785.20764 1311.6885 76.138885 1117.4176 0.0018619781
231.6418 2699.6343 326.9722 121.526085 0.0018560021
128.17912 2267.4805 249.00987 1190.4252 0.0018558247
794.2817 2518.0022 53.753227 449.89352 0.0018455592
789.2292 2488.4963 60.06809 285.1932 0.0018350659
353.35452 1360.3215 706.27936 1455.994 0.0018206146
580.53564 1929.0442 67.76099 177.818 0.0018163371
790.5558 2222.2388 63.214123 395.03894 0.0018157407
615.9708 2744.8423 164.70032 97.37568 0.0018068409
656.96625 1005.4637 271.96082 1573.5645 0.0017963902
152.39389 1396.0763 185.43355 1208.7761 0.0017901916
788.1143 2636.333 58.440502 252.91182 0.0017798871
725.7552 2506.9624 238.21626 481.66446 0.0017771441
394.46976 1374.7513 768.8342 2691.4072 0.0017751016
579.5924 1716.5078 170.05399 342.8218 0.0017528139
691.53125 2750.2688 260.46408 35.074047 0.0017492423
130.19644 1840.2828 221.06061 726.7168 0.0017437928
485.49817 2387.6858 467.8113 687.788 0.0017306932
543.6007 1838.966 218.58698 472.73795 0.0017174467
740.0175 2215.4717 141.62848 395.07068 0.0016866326
788.34625 2189.4915 67.305786 307.5076 0.0016536122
325.1123 135.57768 645.1249 270.13388 0.0016485323
230.56645 1833.5076 361.6991 1670.0782 0.0016348922
434.19815 2766.27 704.2679 6.352334 0.0016229139
476.6035 1695.5864 343.3957 1494.8754 0.0016156114
648.03046 2471.7026 346.30453 564.1869 0.0016115967
804.6706 2525.6865 49.083336 227.32144 0.0015952005
592.9523 1201.9138 295.05026 1263.4452 0.0015913139
813.0141 252.96245 25.417194 555.35345 0.0015637142
447.05945 2524.0022 424.44757 441.64743 0.0015567051
146.12851 1934.7433 196.78531 1164.156 0.001545682
442.0524 1955.9822 438.14484 1065.8229 0.0015430799
770.06665 2744.2432 87.392876 40.464027 0.0015115228
335.07462 1337.992 436.65945 1193.5879 0.0015086634
394.03268 2623.613 368.9352 281.0553 0.001508229
482.85675 1686.1842 289.0534 702.6485 0.0014890954
110.856224 1188.2075 158.92793 1533.442 0.001487186
366.6331 1965.4148 762.32184 1573.698 0.0014817239
244.74423 1241.237 243.19049 1190.5219 0.0014814191
329.8079 671.8077 704.6413 1422.2045 0.0014793687
753.5045 2187.1687 107.3471 273.53284 0.0014788059
800.41754 2701.9412 38.39247 122.76554 0.0014686343
470.28906 1752.3413 446.31714 1001.3924 0.0014518994
135.13728 960.87195 331.6134 1846.2141 0.0014510335
803.4458 2327.0608 42.083748 384.40628 0.0014389291
570.0214 2547.435 537.84674 343.29672 0.0014379942
805.9449 2572.4272 34.749557 379.1563 0.0014261404
167.53976 1604.0791 167.02483 1092.4409 0.0014153812
267.9632 1351.3013 258.09784 1013.00555 0.001393925
440.26434 2766.0781 680.1257 5.84825 0.0013937677
164.6049 1785.7699 285.41956 597.73914 0.0013834224
367.4117 1417.9169 418.21643 1188.905 0.0013462526
789.99646 2745.3025 52.427475 39.459637 0.0013340914
233.92569 1788.4268 273.49902 441.81888 0.0013220292
765.64795 2750.835 93.54011 29.226057 0.0013188054
645.8297 2284.2366 285.05844 955.1694 0.0012934129
805.2821 2731.0796 30.59149 71.6004 0.0012645256
279.7379 1677.7537 532.6158 1024.3918 0.0012451801
137.1568 1497.9207 182.30681 1405.7711 0.0012271316
290.03015 1690.8146 265.55774 1129.0131 0.0012099993
809.1184 2734.9429 26.73963 59.04325 0.0011488425
813.3906 2699.7244 39.523743 111.7231 0.0011356989
324.72104 2737.7673 441.55777 62.744076 0.0011263546
363.15436 830.87585 668.24036 1375.7197 0.0011217437
298.14362 1507.3225 263.5523 804.07935 0.0011139107
416.41724 1662.7659 308.9303 920.882 0.0011087408
608.2854 1775.2172 379.80905 1173.1554 0.0010959907
337.87454 589.03564 716.468 1204.1553 0.0010865353
313.84793 2748.8254 420.77902 39.49926 0.0010785685
783.22473 1635.8854 106.651825 414.24487 0.0010524553
540.9574 961.7839 447.61203 1871.9835 0.0010172495
440.15433 2341.4272 501.1128 557.8577 0.0009938045
779.5473 2627.093 127.0298 249.13153 0.0009795588
401.3633 2480.576 34.398655 73.64472 0.0009784666
445.1524 1713.7795 318.85724 738.3295 0.0009532397
394.3513 1134.3799 256.658 768.968 0.00094483106
406.60947 2186.512 399.6923 823.20996 0.00094169134
695.9836 2034.6167 154.40582 298.74756 0.00093989825
736.71924 2762.6643 143.84978 8.736297 0.000920936
315.25073 2161.5415 472.12646 924.48724 0.0008995806
315.45453 1727.7656 194.58087 786.9381 0.00086167455
622.39166 1737.0444 74.015274 161.79012 0.000855859
609.501 1834.0758 142.04535 292.17712 0.00081295136
239.34428 1438.2719 428.9705 1314.6959 0.00077185646
177.35362 1592.8336 266.59348 1135.557 0.0007547803
550.4394 1739.5562 388.27246 599.1682 0.00074624084
337.4431 1079.8314 616.91187 1022.9815 0.00072282675
456.3552 2763.0256 470.45856 18.461927 0.00070061197
247.99358 1519.1284 465.68768 1307.6417 0.00069235126
503.27698 1931.36 268.12485 296.3831 0.00067462435
298.32654 1586.4897 540.9329 1229.8977 0.0006376505
503.26016 1773.6222 453.30197 1190.8088 0.0006028653
711.4375 1988.4047 269.1287 325.27585 0.00059838383
557.035 2147.5466 453.76257 732.82544 0.00055227283
633.38086 2750.581 384.27155 34.00742 0.00055225124
290.41125 1418.4103 691.58203 841.54474 0.0005480476
445.3249 1684.0022 431.64273 756.2351 0.0005327447
306.03165 1625.0508 670.8839 818.47296 0.00048323628
301.23315 1553.2954 669.22217 849.4378 0.00046056154
