611.6303 1348.8356 1208.7535 2683.9487 0.6863006
559.7181 1905.0182 1093.5144 1509.8689 0.258735
604.509 1875.0234 1192.7311 1592.8125 0.115185335
177.88785 198.0409 314.8106 309.64523 0.08372941
249.56465 799.85187 490.4896 1593.9633 0.069488324
563.72797 1838.2992 979.6645 1278.5284 0.06787509
603.99713 1731.0707 1178.7167 1867.993 0.063860364
379.3353 802.4572 746.02734 1599.2865 0.04383764
582.7207 1693.8923 1063.6721 1739.0533 0.042007666
611.21246 1347.7662 1205.1063 2688.135 0.032247324
586.6887 1407.7092 954.2417 1941.1409 0.03161827
501.40506 2235.049 272.58298 317.46997 0.030692246
533.72144 2319.1335 179.19083 144.81111 0.02818395
430.24237 791.24835 844.16125 1579.4432 0.027831608
43.26932 2681.4758 81.85913 250.30121 0.02764695
1045.9386 2038.5726 111.649 208.028 0.026982961
552.4085 2134.6765 1042.3301 1041.621 0.02693106
548.7579 2187.5347 924.46466 652.36206 0.026813611
583.5401 1660.4939 951.3222 1531.1035 0.024973545
546.02747 1895.4185 812.8201 1057.6656 0.023399424
589.5101 1243.5558 978.0361 1886.2905 0.022816269
408.52374 2203.1042 568.68744 503.44543 0.022738019
238.40771 248.51181 182.41975 204.221 0.021806503
601.62305 819.1336 1186.2325 1631.5305 0.021264039
44.590317 2630.7944 84.43169 350.34055 0.020849124
652.5788 320.21747 428.86215 579.81506 0.02000578
267.57544 1343.8484 522.64124 2665.7305 0.019798929
221.84483 232.17712 415.28226 438.5011 0.019366985
255.82608 1299.2639 500.38364 2575.021 0.01910733
579.8444 1129.0402 941.65466 1592.2163 0.019065581
541.63214 2243.7021 1033.2083 856.54956 0.018277552
916.69714 2135.9272 279.62073 556.21375 0.018252512
920.294 2133.5183 312.9845 573.12683 0.017157536
460.3757 2227.1936 714.0398 620.4588 0.016376365
259.5297 1052.0195 506.51367 2091.8218 0.016271323
622.48944 39.565998 296.42087 78.63342 0.016183287
245.6004 522.3893 478.8968 1028.108 0.016003694
513.2772 2262.256 372.97726 427.29318 0.015973829
256.21408 1224.4442 501.28186 2422.2522 0.015412341
578.3494 1641.4988 914.88306 963.8461 0.015295039
535.2501 628.4905 700.6815 1246.5848 0.015253784
513.5233 1086.8536 836.3834 1940.1349 0.014372078
597.7535 940.8557 1165.6117 1883.8022 0.014290327
540.54443 1928.5752 784.9454 975.74585 0.013894733
559.5888 2144.4846 925.7793 543.18854 0.013534861
388.83414 183.80452 752.42163 364.2936 0.013406724
993.5192 2071.2424 212.75484 414.94907 0.0132281985
235.10162 203.37921 453.14935 390.69113 0.012748183
454.32608 1187.039 885.21783 2351.9868 0.0126015395
529.5027 2267.98 352.70898 404.30746 0.012546793
532.046 2383.5862 236.35507 301.46802 0.012366446
580.5972 1834.0061 672.91656 933.1713 0.0120303845
442.27606 626.2652 848.1728 1248.4583 0.011763272
872.12933 1833.1592 453.9506 1208.8167 0.011648892
439.0127 338.86792 848.9756 672.1471 0.011493984
973.94147 2060.1248 155.8455 404.39502 0.011492175
249.04451 2181.3496 280.0912 393.60663 0.011472874
919.1258 2059.6497 371.27188 745.67523 0.011289836
526.47375 786.3951 1020.6464 1572.1971 0.01123516
459.07236 1041.5288 887.71326 2074.8613 0.011046022
590.4035 1623.9419 1051.5338 1353.1364 0.011021973
482.91977 2246.1055 762.80804 699.91376 0.010867675
442.0014 579.68823 857.0634 1156.4717 0.010825967
408.1289 2170.8472 448.56174 436.32718 0.010795256
380.77304 1258.1417 742.47595 2477.0356 0.010671987
598.03925 1090.1375 969.3489 939.89777 0.010404956
726.28076 1817.3685 682.78033 1231.6185 0.01032384
576.85535 1447.6703 934.902 1300.5134 0.010122358
593.3368 1472.0172 721.6488 1213.4329 0.009961989
502.78842 1310.08 920.6051 2504.9297 0.009926605
736.73596 1826.8466 626.18665 1211.9166 0.009726101
634.3662 358.09427 343.17764 423.89926 0.009696921
615.08765 1367.9854 965.4976 1243.2269 0.009508562
237.27614 329.7182 464.8067 648.3491 0.00929101
638.09863 1791.0946 582.81915 880.56805 0.00927751
246.87329 592.66614 479.4038 1163.4569 0.009261435
387.34314 2293.9692 685.6446 731.25476 0.009222885
600.5598 1408.9259 806.68695 1220.6401 0.009109676
856.5299 2125.2913 426.1371 715.01935 0.009057318
565.6994 1587.8047 1054.5703 850.6864 0.009052792
607.7324 406.66632 538.6689 798.2719 0.008995748
581.07385 915.2483 739.7875 705.6571 0.008835467
232.56696 344.1344 447.8395 671.7785 0.008816999
579.43225 508.2212 237.70355 194.71346 0.008744864
941.3623 1900.2283 324.94666 1019.95056 0.008725115
679.5052 2136.7703 741.653 702.14526 0.008676154
552.18896 1404.8505 757.7671 1293.2588 0.008672628
578.8274 1508.055 1047.0482 1036.5364 0.008596678
538.5922 1579.7563 787.38794 1196.3656 0.008515296
524.97186 1512.5541 823.56934 1432.1512 0.00847292
677.90857 1642.9862 734.9125 903.14386 0.0084153125
605.6055 2400.4924 1186.0616 790.55615 0.00832236
181.55461 774.9384 352.57343 1500.4642 0.008307532
545.41437 891.2424 365.23853 295.50507 0.008196608
570.7945 514.039 179.57954 147.54875 0.0081762355
825.61444 2186.2273 502.85846 790.9296 0.008149632
684.9389 2187.648 721.5501 787.50366 0.008101551
825.1188 2151.3264 473.18524 728.5393 0.008089195
557.23083 850.33527 566.822 569.6574 0.008027885
448.05215 2103.4307 730.442 1034.3859 0.0079798065
514.3801 1126.0522 694.6009 341.66116 0.007957959
570.16 618.8299 1121.5095 1235.6619 0.007852028
281.2942 2155.5625 356.04276 402.85425 0.0078353705
874.5906 2142.2515 376.1305 621.39777 0.007806909
615.6604 2590.1758 1207.5603 423.47714 0.007797271
472.51743 2036.6483 741.5719 908.2802 0.007764
503.85754 1547.0679 713.0246 1881.1394 0.007762975
547.0686 932.5947 655.56165 607.9091 0.007715642
542.2197 1720.5315 544.10254 693.7404 0.0077066007
611.3314 1563.8901 883.10095 795.10913 0.0076845563
311.57687 1347.0197 605.4152 2666.6306 0.0076478533
597.5544 1186.8547 947.1754 1151.14 0.007644054
439.78937 434.23593 857.2995 862.6455 0.0075957235
699.2661 2104.8767 666.6508 790.9555 0.007590402
594.6606 1312.3926 1131.9762 1294.1882 0.007573413
318.54947 2051.8958 214.10744 220.61417 0.007572606
605.2195 685.6419 423.2269 327.20966 0.0075473376
566.99554 521.6917 109.40966 102.51347 0.007480779
684.4746 749.4308 977.79193 1483.0792 0.0074612373
555.8304 569.6665 662.0414 1138.1716 0.00744807
323.45044 1945.3328 618.09357 1424.0181 0.0073932023
469.48587 2042.537 581.2282 805.02246 0.0073743197
1023.63367 649.71124 427.50308 1303.9312 0.007344356
391.1846 508.30994 762.9876 1019.06476 0.0073333164
886.43286 2269.9187 222.49525 286.67834 0.007296641
597.4205 997.6178 1023.8665 1290.7249 0.007265329
424.13983 1949.7782 686.43604 920.81287 0.007182279
562.14746 1499.414 1029.6718 650.0115 0.0071416227
598.97797 979.9398 868.9739 764.81134 0.0070917467
567.8337 664.7073 1114.6066 1340.0867 0.0070783314
392.11917 2168.9402 721.47955 967.11945 0.007033276
597.8071 2224.418 1149.6475 1058.3728 0.0070203
411.65866 597.3971 801.29 1195.6705 0.007003732
607.91113 887.2407 547.28094 561.79224 0.0069951215
790.8773 2136.1238 520.3201 712.3391 0.0069830394
595.429 2258.0325 487.71423 499.9371 0.0069329496
600.50635 2230.134 481.30655 411.14023 0.006928798
330.22867 2182.8542 460.53085 483.56003 0.006917976
865.3073 1946.4718 427.08548 1034.3514 0.00691181
874.43134 1997.5286 466.78366 979.05963 0.006870796
375.26758 2076.7048 678.9092 888.07983 0.0068305116
855.0119 1679.381 490.32675 963.93176 0.0068080737
885.90546 1557.5365 92.6187 184.28842 0.00679081
949.91534 2162.7344 102.06718 186.33963 0.0067744623
938.64026 2136.771 321.13617 540.6975 0.006772451
771.6891 1320.9482 329.28574 243.10333 0.0067266263
471.97568 2236.9631 287.72687 313.2413 0.006677946
619.0125 1029.2242 989.9708 990.9389 0.006673238
330.65833 179.20032 179.09267 291.7729 0.0066632885
202.06563 534.17737 353.4406 442.51184 0.0066290437
553.18634 820.6691 742.8612 1584.5416 0.006620264
693.3398 1320.8699 887.10846 1135.115 0.0066117556
718.48505 1529.6543 866.73334 1746.4932 0.0066061798
595.9855 314.73712 547.8231 624.6532 0.006564762
507.85953 2348.7402 109.994125 163.16219 0.00655321
487.2655 2090.5952 459.39868 654.961 0.006536722
546.235 493.09116 670.60596 979.9237 0.0065177493
563.775 1428.6511 1037.745 841.76575 0.006512897
735.2388 2006.8657 554.26953 919.32916 0.006499711
601.90204 281.1008 286.95026 356.67383 0.006425189
516.4942 1517.465 833.8535 761.8096 0.0064127417
879.97174 1573.0216 127.08448 254.36665 0.0064087017
580.32965 607.3764 608.892 1204.0475 0.0064010182
954.5185 1899.617 414.5457 1108.7555 0.006353728
587.42975 1171.8453 1108.8165 1182.7134 0.006298563
531.8113 1606.2352 832.59985 1659.0546 0.006293178
591.1897 1758.6879 548.324 1238.3376 0.006261491
587.59686 1170.1692 867.8544 975.816 0.006235347
455.3286 1320.9625 781.7517 2411.5818 0.0062317667
291.12073 2207.62 164.83058 294.747 0.0062012775
639.9436 1498.8591 525.60614 527.45013 0.006150715
153.71796 2067.927 105.029335 113.77345 0.006142835
454.8281 1723.3712 650.86957 1869.685 0.006120924
643.67316 1159.244 995.62555 948.9171 0.00607945
599.4763 1260.6738 1118.9452 1202.8008 0.006062442
616.89197 1041.2909 758.4266 1266.0764 0.006052764
435.07214 294.118 847.7726 582.29 0.0060129645
540.34686 1903.1727 236.55582 269.93927 0.005967653
825.3798 1958.225 440.89026 1045.987 0.0059403316
621.1298 2380.56 139.00331 187.59462 0.005937325
194.7133 1391.4979 391.80548 2738.3286 0.005903948
565.57043 877.084 314.11597 238.78745 0.0058989516
625.70844 1141.9841 1045.6294 1104.5844 0.005884306
536.399 970.89685 485.33017 467.31766 0.0058715837
579.0352 539.3931 367.9198 333.17545 0.005855712
827.8279 2103.9575 496.55917 800.0655 0.0057973303
952.1518 1612.7748 515.29315 1768.5714 0.005772239
633.076 1063.8833 1019.2007 845.2078 0.005770477
582.19885 1032.7998 1054.6803 1094.026 0.005736564
578.6109 860.63885 436.25452 422.73373 0.0057185763
853.3322 1666.4086 251.6269 469.3008 0.005687918
993.43146 1969.9009 265.05423 665.4173 0.005680429
471.23022 1933.2694 376.4873 356.12292 0.0056802784
621.01624 2669.6838 1216.1127 269.44406 0.0056459066
652.816 693.00244 326.1789 230.47243 0.0056423205
900.0027 1623.4423 186.93414 381.25534 0.005621659
450.6046 1568.5278 466.78583 698.67816 0.005616757
926.67224 1825.9175 449.0133 1286.236 0.0056077945
545.5114 1009.64557 747.0413 1632.93 0.00560726
855.79755 1936.1058 483.4947 1037.2279 0.005606531
111.32634 2634.0635 209.82927 341.74725 0.005602107
579.4709 954.1903 886.01215 983.9305 0.0055995784
991.3749 1707.5536 435.1641 1462.216 0.005532567
699.54877 2505.5767 229.66739 248.20705 0.005522465
513.99927 1427.9563 275.65613 320.04077 0.0055005834
788.9213 1957.2926 528.76215 1009.8216 0.0054976447
83.08167 2677.7922 158.53232 255.32498 0.0054963804
313.64197 1524.3611 567.301 654.70856 0.005469861
553.07715 1004.7564 544.13837 659.4161 0.005464336
822.1588 1709.0089 717.28076 1687.7096 0.0054515987
584.6386 1352.7489 743.32416 935.5814 0.0054474296
220.26941 2296.387 393.13336 680.25604 0.005432214
896.551 1555.6757 418.99353 688.0369 0.005414547
538.22394 1417.5734 207.60222 237.05716 0.0054022507
682.53296 2287.1226 359.9623 435.03867 0.005394943
532.59656 899.92804 626.0298 663.6749 0.0053822133
177.85503 196.3547 305.1613 297.82996 0.005378111
598.2873 1145.9529 1091.2181 1173.1652 0.0053644306
605.97797 1080.0062 1058.376 1121.9656 0.0053441683
624.2353 1009.50507 612.72723 1839.1539 0.0053351247
573.56726 1894.7053 154.61647 199.92592 0.0053257374
574.25134 559.746 548.45544 780.96985 0.005276226
562.3173 1382.2526 897.9488 430.5969 0.0052749747
315.23883 2373.9287 561.65247 602.3419 0.0052638873
206.29318 2309.8228 374.9587 708.4461 0.0052582524
703.08264 1162.7333 859.77167 833.73883 0.005248913
111.32845 2678.6616 213.10951 255.82825 0.0052444953
236.31961 1548.3431 430.76978 600.9971 0.0052380115
619.5531 626.2567 393.60938 359.5191 0.005234182
892.985 1818.8271 504.1442 1289.6389 0.005233792
265.46558 2324.9001 463.40674 698.0157 0.005178983
634.3996 1258.7777 1023.2077 1118.3746 0.0051786024
813.0552 1919.3597 564.7528 1469.8723 0.005170215
605.5687 2115.0845 432.00607 603.8747 0.0051517547
873.55005 1585.1868 426.99576 702.20996 0.0051411204
1021.7904 1747.0015 396.3701 1828.0364 0.0051201717
1039.5175 2115.6472 211.97632 435.5616 0.0050768396
562.1303 935.80316 623.7554 751.8118 0.0050660996
1044.9906 393.5871 389.02094 789.7132 0.005045474
458.77762 1957.3564 443.34448 507.01123 0.0050451458
841.52606 1464.3953 492.45804 544.94745 0.0050381976
581.7481 2213.045 475.08298 469.7218 0.0050324304
948.1451 1677.9612 232.50209 447.14175 0.0050249654
217.07422 585.4503 418.1328 604.668 0.0049898895
762.7847 1391.2339 782.2992 1302.8688 0.0049888883
588.37134 1230.6023 1051.9137 917.06464 0.0049849628
572.1851 1756.9681 428.9495 535.7974 0.0049771615
681.05695 1423.2112 934.279 1545.1045 0.004970052
796.5538 1316.5051 226.97919 192.19388 0.004967939
848.352 1296.3352 739.6278 2551.791 0.0049594184
816.81793 1832.739 532.0771 1316.4918 0.004955436
555.17505 886.879 678.7672 914.6051 0.004935079
402.68823 1455.1713 735.49207 1491.8009 0.0049322695
558.49567 982.8271 808.6234 852.4526 0.0049096225
812.4792 2312.0999 275.078 323.61658 0.004877859
704.54346 2141.5364 744.7723 874.29486 0.0048648263
526.6395 1488.2212 513.16614 581.81793 0.004819852
552.05426 1914.4879 1061.7324 1505.3828 0.004811474
915.2809 1792.4807 551.6046 1412.7152 0.0047952626
1002.0159 1308.2595 417.4668 1066.8073 0.004794746
289.73666 1243.9009 561.34314 2485.576 0.004790991
397.61954 1168.1984 702.1934 855.5439 0.0047835666
598.0067 2136.7495 323.89883 657.2262 0.0047794166
642.49884 2522.9563 327.1389 308.30865 0.0047782827
770.0232 1178.8269 758.85956 986.4784 0.0047728545
454.06308 1968.1306 367.8389 845.7497 0.0047461344
961.5118 1455.1461 490.88943 1489.2683 0.0047207726
390.6298 1574.2328 646.0906 1480.4644 0.0047127563
489.1173 2339.6182 102.08336 190.8469 0.004703819
343.54257 1545.8395 632.7014 1970.8749 0.0046902495
945.01086 2127.1423 353.11136 580.92236 0.004689851
1043.1555 1872.0195 319.26492 921.66956 0.0046739075
961.19495 2059.6523 475.10406 1126.4363 0.0046627694
663.16956 73.18244 402.9879 143.9286 0.0046569486
533.13403 69.51228 481.89902 136.05112 0.0046520154
520.30664 1181.0743 700.1599 603.49524 0.0046461155
741.6599 603.0299 738.4799 1202.7439 0.004638866
1043.1105 1754.001 351.92804 1634.8976 0.004629751
726.86975 1178.5535 638.4529 853.9577 0.0046292366
984.8569 1877.2085 109.65009 199.49702 0.0046291007
599.1421 909.1795 426.04834 371.9963 0.004625194
227.58232 1171.1093 133.40555 168.39177 0.004592427
841.3173 2462.6353 312.54648 311.2701 0.004586299
392.73532 58.161926 766.90686 114.40638 0.0045811823
846.72815 948.4699 730.70795 1906.3121 0.00456469
834.276 1422.6487 448.68045 449.17673 0.004561253
893.94293 1570.576 601.8245 1694.2328 0.0045608156
857.4841 2324.2686 265.61755 322.4388 0.0045571607
562.6101 2112.8284 270.3082 528.37665 0.004533426
968.9187 2011.3264 419.05026 845.784 0.0045267707
753.9575 1788.9211 759.552 1305.6931 0.00452624
875.24945 1987.0083 297.1434 829.1739 0.004515002
530.51355 627.2352 681.31055 1270.2659 0.0045143953
581.8821 2550.693 181.61502 232.82158 0.0044883634
502.95667 2427.7493 910.1639 546.6177 0.0044752746
859.186 1662.2762 468.72314 931.69135 0.0044748713
1019.5996 1915.4984 235.02643 642.2727 0.004458223
842.48846 2231.446 545.1126 780.3008 0.004446792
701.1845 2385.8623 129.48506 185.49736 0.0044230204
564.0209 1119.9153 508.4636 286.4585 0.0044064634
731.26227 1809.3855 345.7237 717.29584 0.004396175
617.5099 2186.0645 393.79495 540.1062 0.004388572
902.72064 1166.5094 475.11615 726.4963 0.004380968
829.4759 1033.6549 394.75467 626.4351 0.0043676854
909.04663 1491.1735 534.7203 1259.5403 0.0043601627
892.5433 1428.5299 610.55896 1467.6213 0.004353372
1038.3385 1606.104 354.87643 1308.3248 0.004335158
754.24506 1495.142 325.82135 524.3 0.0043254397
750.56165 1856.6149 281.5663 636.1324 0.004310771
162.7606 1042.7189 310.77737 614.0963 0.0042963517
836.2503 1905.7778 510.72864 1433.7197 0.004295024
886.45654 1848.6342 630.8447 1655.5667 0.0042941715
849.7114 1020.422 317.03638 458.10318 0.00428603
548.63165 2528.9216 132.13434 202.77562 0.00425777
473.04636 2598.0034 645.3128 378.94006 0.0042240634
695.0109 884.77905 85.88678 102.34194 0.004220904
392.3408 2489.1182 195.90765 221.84436 0.00419514
860.6488 1866.8856 654.9058 1501.8492 0.0041916557
652.1357 768.48804 396.06796 355.1254 0.004188548
785.328 925.21136 370.20703 456.07382 0.004187749
754.86774 1694.6377 376.49313 633.19183 0.004169084
696.0432 1870.0265 173.687 293.28992 0.0041659554
727.8885 1060.7007 848.57776 1018.91 0.004164308
163.15121 987.451 309.59915 503.9364 0.004146675
545.575 1473.6959 475.88 1443.3563 0.0041137566
359.11176 121.34301 204.16982 225.49307 0.0041010412
517.8944 2500.2485 997.5138 461.24557 0.0040974515
900.5382 1236.7029 535.2164 899.64545 0.0040912083
481.50354 2591.6787 231.72859 190.14656 0.0040736767
601.9715 1077.4502 740.16766 708.345 0.004038605
644.67926 2149.4607 264.3555 549.80426 0.0040366915
698.51544 1145.6191 325.11365 326.42117 0.004023573
342.27542 1672.6923 203.7132 268.91736 0.00400508
621.032 899.91504 634.23944 383.65707 0.003994837
878.4832 1763.7395 304.89404 523.17004 0.0039941994
816.68243 1046.0774 530.80634 715.49335 0.0039843586
174.66243 192.33215 305.9624 304.27896 0.0039795944
211.15645 587.28424 217.39793 278.7894 0.0039784494
796.3851 1449.5134 773.4105 1475.3159 0.003976959
969.4645 1083.3213 353.65536 683.44885 0.003966384
556.65186 482.44196 513.85815 871.8831 0.0039541507
897.1526 1386.5371 547.77966 1116.577 0.0039531575
523.32544 2559.5547 149.76505 200.03769 0.0039349683
917.17847 1528.867 531.4281 1313.5192 0.0039345585
676.021 2440.3215 130.28299 170.13428 0.003927626
628.43536 2169.3171 265.9241 441.6901 0.003927085
289.72415 1787.0404 550.7651 1802.7234 0.003923679
786.71783 1525.9619 311.2193 548.93365 0.003915724
542.14606 2322.914 133.94481 115.98116 0.0039152196
714.7063 1717.504 247.45709 377.87418 0.0039061182
1017.96783 879.63684 433.43222 1782.8862 0.003906107
414.66476 1754.9596 754.14844 1718.8784 0.0039037422
669.2352 1925.6456 185.9504 275.25308 0.003901703
868.4379 1576.3954 301.14423 460.60184 0.003884257
869.97394 1735.4612 540.11884 1402.925 0.0038803716
536.0615 161.85136 459.01718 319.69717 0.0038710434
510.979 769.6008 554.32965 632.7638 0.0038704865
199.74486 762.97516 375.71478 578.6039 0.0038529963
235.76494 1651.4486 391.7845 396.79233 0.0038474367
525.0477 61.964287 502.29135 119.90841 0.0038445997
604.2018 1273.18 750.0292 583.5843 0.00383722
887.8258 2006.1306 320.41635 399.3877 0.0038367475
545.98364 2593.0198 156.77802 165.71178 0.0038356343
697.7711 1697.9084 243.51854 377.04626 0.0038187725
510.63416 2076.237 859.9879 826.0463 0.0038161995
1030.5787 1652.1327 184.51796 388.27 0.0038044185
408.2837 1510.9666 487.11353 1851.2284 0.0038036522
562.95447 652.0913 654.1371 1302.5634 0.0037899755
658.7236 2110.3164 245.61893 495.73892 0.0037776576
681.8645 943.3701 417.94968 422.60202 0.0037756755
603.93787 2126.259 232.27237 562.61273 0.0037689682
889.69507 1651.6208 630.4562 1910.5542 0.003748071
727.56213 982.10675 499.77844 528.91034 0.0037405184
203.2863 581.22784 212.9762 252.46039 0.0037370052
533.7343 70.63977 498.37387 137.72195 0.0037270538
1040.1865 1617.8918 347.64676 1390.2582 0.0037169256
161.3488 912.5485 305.95953 359.71826 0.0036945743
589.4899 2684.8254 1121.6732 238.14641 0.0036849142
503.97845 2552.7085 135.96793 248.00745 0.0036755584
288.72733 1816.7465 557.39374 1724.0869 0.0036723206
686.0519 2132.4595 213.63242 407.3016 0.0036585703
273.602 2276.1328 186.14342 240.87053 0.0036572113
687.3265 2026.7898 265.04782 414.4901 0.0036544134
670.15094 1464.1595 631.1163 920.138 0.0036372396
985.14557 1552.7079 267.97366 494.8466 0.003630641
1085.6879 1766.0127 259.2159 975.7325 0.003627713
495.93488 1000.02875 218.34183 254.9647 0.0035940704
170.43507 992.4784 325.60147 631.3492 0.0035868918
797.3663 2155.9878 175.93925 237.41794 0.003586166
329.91736 1315.6573 174.44876 200.31871 0.0035834713
1011.62427 1852.1842 224.15323 841.409 0.0035597999
529.65027 76.4698 187.42482 146.85695 0.0035557922
611.3371 405.0615 1209.9318 808.8463 0.0035516587
1094.4412 1819.978 245.18567 969.41583 0.0035308392
692.441 1196.8479 483.30905 748.9088 0.0035307994
771.7557 2543.419 300.40488 315.0995 0.0035242639
57.80672 2345.367 108.62688 915.49493 0.0034862857
679.8644 884.3518 130.4197 158.56488 0.0034765154
581.22656 1123.9215 776.1285 596.6483 0.0034692693
132.39081 803.29895 264.74933 1539.872 0.0034681354
624.96814 889.4433 529.3897 1638.5709 0.0034552126
533.8903 2596.8071 859.5653 399.40018 0.0034538368
341.2549 1621.535 592.738 1061.7474 0.003431164
1025.659 1382.5206 371.21 1099.9264 0.0034285677
696.8689 1328.5868 442.73718 658.5743 0.0034217788
335.73367 2610.0396 631.71466 358.37216 0.003413929
860.1385 1604.1776 421.38132 819.9945 0.0034080062
677.62305 1495.9138 302.8238 535.36237 0.003402973
297.10123 2519.393 524.9634 408.3331 0.0033994624
66.090836 2506.4897 124.21459 593.0502 0.0033984722
552.0737 2379.3767 138.03831 174.49704 0.0033929115
496.34055 1916.8704 812.6297 1370.3333 0.0033872456
977.17053 1989.1779 450.4723 1371.1802 0.0033817722
174.5278 1099.695 320.95654 962.41266 0.003351046
191.47722 2218.9067 365.56622 935.9914 0.0033489668
1008.16034 1757.2213 412.2025 1708.1151 0.0033420315
908.0183 1282.6141 401.43954 1072.8396 0.0033329306
466.20493 2501.9932 146.2147 212.11305 0.0033165496
224.29291 1918.036 425.52176 1537.9226 0.0033030547
747.2647 1338.8181 811.12134 1056.3772 0.0032993348
922.95483 1436.363 272.9264 419.19055 0.0032993003
544.125 1245.0542 779.9535 482.84656 0.003285271
700.12054 1986.9371 246.31723 587.65265 0.00328232
902.41046 1306.1073 639.7428 2610.798 0.0032787838
1056.4122 1839.0741 305.33188 849.18585 0.0032723632
263.6878 2614.2573 264.74026 143.26817 0.0032587626
130.5857 775.6518 248.17496 1404.7437 0.0032576325
913.49396 1523.8344 228.90157 376.35153 0.003256015
743.4245 1005.4258 778.164 1253.7424 0.0032391592
639.772 1119.3551 245.6689 257.16382 0.003238839
1074.9585 2020.4316 183.954 319.42404 0.0032214432
547.67615 2325.7444 115.18237 114.78967 0.0032135472
386.58124 1740.3118 157.15285 205.38504 0.0032124051
615.1315 1408.7593 660.88074 1010.4248 0.0031863993
737.668 1366.4048 275.3723 319.34726 0.0031838454
1105.3092 1755.5392 222.91574 748.89667 0.003180034
1036.242 975.0385 397.48938 1970.8375 0.003176061
971.7685 1318.1174 505.47174 2654.1472 0.0031539986
218.46445 1389.1915 325.78894 397.76004 0.0031536212
83.6314 2452.8752 159.26688 701.65204 0.003150072
200.32913 2683.9583 386.04755 248.27892 0.0031491586
786.1988 2496.3574 163.25291 261.9905 0.0031467779
1075.815 1607.4332 285.71268 1130.8073 0.0031293763
613.7128 2760.5286 1202.2706 90.94141 0.003118656
656.057 1274.4597 442.87894 616.6437 0.0031149716
977.98395 1069.7494 227.92554 411.0097 0.003108258
895.6387 1306.022 583.58124 1100.3456 0.0031017147
1074.3011 1912.5078 295.51428 1477.0557 0.0030997058
905.09644 1454.4314 252.01495 373.9594 0.0030899064
790.63306 2514.1377 280.1303 250.77437 0.0030873546
1042.7908 1366.0184 381.8008 2731.7107 0.0030869057
922.6341 1178.0137 508.8295 812.216 0.0030825238
1017.6849 2560.5576 431.3506 475.58508 0.0030789538
640.7027 1891.6952 142.67772 215.73723 0.0030752004
763.1782 1472.7616 736.66943 1700.6235 0.0030705505
1095.6337 2591.5525 295.33762 423.53296 0.0030698865
603.8289 2536.0154 273.62097 289.21378 0.0030645328
748.4979 746.5768 265.7813 313.36642 0.0030630934
352.1089 1127.7825 256.8267 230.43924 0.0030591239
925.3712 2381.669 323.23184 376.5095 0.0030568065
622.84155 6.632749 270.42535 14.054895 0.0030488612
827.00104 2244.6995 213.32451 309.9246 0.0030461592
550.7864 2236.1917 236.26015 313.08707 0.0030437503
998.3607 1086.4117 327.1302 599.59753 0.003038995
524.6435 1381.9235 403.1608 373.60342 0.0030155214
1019.1194 2696.2278 434.78708 207.24055 0.003013571
151.01685 583.9515 298.6798 1078.5662 0.003009675
677.34204 1091.7845 312.90738 276.3127 0.003004827
701.172 1056.599 679.02454 569.33374 0.0030042059
816.2439 1864.1282 509.83533 1537.3763 0.002982568
307.62643 1339.0668 600.6592 2652.4792 0.0029786315
382.43155 1609.1732 526.57404 1514.2869 0.0029739307
719.6403 482.51285 463.788 961.30536 0.0029715947
88.871765 114.2623 140.61081 161.82884 0.0029566092
958.1568 2127.0925 316.5246 793.7734 0.0029548048
107.48924 2596.3027 199.03636 413.06003 0.002947687
758.49 1582.6938 349.71207 516.1917 0.0029471056
530.976 2604.6946 345.95877 311.76346 0.0029432953
184.59488 1320.0665 363.0091 2531.6956 0.0029373835
168.7911 2405.6255 309.14175 761.1235 0.0029334424
94.05838 178.19029 141.16827 264.75015 0.0029170949
722.204 876.00653 496.5456 676.7464 0.0029135633
1022.02 1294.9758 211.92198 301.5931 0.002911454
339.7655 2627.7278 225.01886 145.28667 0.0028988337
734.6937 2590.8398 162.50314 189.31328 0.002892638
162.95746 2081.8633 127.996475 165.47084 0.002881392
271.99057 36.86916 552.24255 74.02814 0.0028741974
592.4397 2754.821 1205.0586 102.26085 0.0028669364
520.8045 1475.5596 532.8982 1803.7686 0.002859911
165.61876 1361.6044 336.6857 2652.4255 0.0028581547
667.77765 1441.7584 774.91046 525.0777 0.0028525763
1092.6205 629.14935 301.2545 1265.1876 0.0028490815
988.37396 2124.034 378.9701 565.43445 0.0028474077
530.6494 2005.0348 277.2547 429.21338 0.002840255
594.8578 1694.4692 186.731 306.07748 0.0028365583
579.27374 1242.4774 146.92584 156.88058 0.002836109
636.5912 2621.2725 1041.6481 358.89957 0.0028353028
610.5556 390.52466 1191.6802 778.0903 0.0028289612
565.1916 1107.4487 232.8042 230.13658 0.0028234422
544.5772 1331.0857 408.3114 352.21756 0.0028213568
528.02747 1380.591 126.296104 151.3331 0.0028132014
770.2922 928.32385 264.46606 221.46738 0.002810721
780.3973 1199.1149 367.28482 425.17874 0.002805112
1057.586 1273.7574 275.46713 557.1054 0.0028012146
423.73993 1612.6093 372.15338 441.22928 0.002798086
640.87524 2133.0605 197.54893 271.75317 0.0027891544
932.073 2277.2292 117.79385 155.01387 0.002772298
1050.7354 2096.2708 336.02917 1095.1748 0.0027711804
739.51196 426.68558 215.49602 353.29794 0.002762703
612.17914 1374.2869 1208.1082 2707.4102 0.0027522654
246.94563 802.0943 486.0185 1597.563 0.002752208
479.23535 1459.6921 534.4527 614.2272 0.0027508342
1076.71 2271.5042 288.09732 796.0026 0.0027506682
674.88446 1093.2714 179.49997 189.06891 0.002749801
583.3796 1575.7805 398.52567 1052.5085 0.0027480584
891.1209 2434.6086 234.24817 219.91843 0.002743438
599.00336 1051.4879 343.05206 380.27893 0.0027388767
593.8999 876.5023 191.15714 175.94049 0.0027149701
625.98895 2728.4304 1021.3559 148.61023 0.002706542
897.00775 778.35284 203.5896 372.42477 0.0027056928
541.19824 1400.6841 549.67413 1127.2224 0.0027028865
1048.809 274.44714 364.35574 552.68115 0.0026934901
383.98923 29.714693 756.1878 57.43118 0.0026917718
1073.7651 1380.4916 329.22168 2757.5999 0.0026908643
173.31671 2544.8787 272.15417 273.41522 0.0026865783
558.9267 1216.3765 901.922 1106.7417 0.00267564
230.31631 1146.3469 359.89075 658.69324 0.0026693055
952.60114 1986.5009 476.66815 1485.9121 0.002668162
863.3697 2348.0735 246.54588 425.149 0.0026636904
107.80875 2624.4724 208.12122 360.91788 0.002652218
808.63745 2587.7622 405.78702 416.55923 0.002651015
782.85504 1309.6438 486.77158 739.99426 0.0026463089
921.73456 1371.4204 310.66455 338.6531 0.0026450597
407.24106 303.74463 248.77965 496.4209 0.0026389419
756.1369 1793.8402 727.28845 1240.7585 0.0026334843
648.4677 114.3503 318.8312 220.09317 0.0026314587
1040.8226 2236.383 224.6363 373.65372 0.002629512
1041.5337 1221.793 247.04784 477.30002 0.0026278857
324.76044 12.203233 691.0492 22.722523 0.0026251914
471.67142 2564.2583 524.9013 556.2928 0.0026196125
514.8115 1492.0459 251.79146 309.02252 0.002610248
491.2914 1780.3829 543.88965 465.39703 0.0026089833
619.59973 2059.8867 200.45497 290.31955 0.0025985306
129.69444 2249.3877 245.57068 873.2908 0.0025936153
671.0947 2807.935 1157.4102 12.852589 0.0025800413
534.76605 130.9027 429.57074 258.73938 0.0025792108
868.86206 2560.651 210.31676 222.20688 0.00257502
934.01196 364.56177 261.42017 741.74634 0.0025693853
400.28256 2349.2834 525.1131 640.64575 0.002568674
936.62036 1303.9747 194.4802 227.41055 0.002565434
374.35364 585.60223 179.67635 329.2539 0.0025637578
975.6562 1101.756 256.24026 443.5223 0.002555166
298.2106 753.1116 239.18634 340.02847 0.0025443933
1135.6481 2572.9695 213.1343 446.43695 0.0025374517
1005.46704 2187.9644 397.06693 726.49664 0.002537092
778.0127 876.48303 404.01352 534.38293 0.0025327106
1050.6202 2044.1779 94.063736 185.58293 0.00253269
699.9321 2125.7656 202.46753 279.73804 0.0025326058
572.195 1385.9407 939.37714 978.9665 0.002532218
836.50433 1478.3286 605.3903 1001.7194 0.0025306528
734.0048 2609.692 364.57626 476.18518 0.0025274204
817.6519 1187.2264 288.77292 403.78506 0.0025218907
285.8854 2583.6726 256.60385 246.76688 0.0025206232
673.60925 460.99744 376.73074 881.9755 0.0025129463
807.06006 1115.3549 200.51764 249.19716 0.0025086387
61.25698 1966.4065 115.91618 1678.0408 0.0025013138
545.6452 2679.5464 565.8908 343.6179 0.0024973608
441.21375 125.12842 873.82196 252.1504 0.002487322
335.50662 633.0727 225.24287 316.1971 0.002485999
595.1602 2659.2158 1000.3712 301.33627 0.0024858238
1095.847 1596.0988 243.96872 671.05176 0.0024794764
564.862 2064.9326 268.28876 378.6678 0.002479052
1057.3641 503.54785 395.1756 1022.6631 0.0024668342
231.59781 2680.0266 446.1496 256.3368 0.002458289
700.1393 1956.5262 444.15927 531.6737 0.0024434554
774.2793 654.1278 478.92322 1234.5679 0.0024417602
105.383224 2620.0845 151.05075 263.89493 0.0024394894
1037.4104 1736.9103 205.92339 328.86383 0.002437665
850.4528 2589.3223 175.2171 196.21112 0.0024355543
861.7874 1831.7815 439.3485 1268.4292 0.002433097
583.92236 954.93774 830.87366 478.83368 0.0024328737
184.56512 2671.5662 307.34354 255.87717 0.0024304157
358.67532 1989.8837 272.59097 312.27078 0.0024274762
1066.3285 1458.855 267.89084 591.5177 0.0024127718
1055.2161 2040.5697 82.32713 185.454 0.0024013037
774.54767 1455.3649 522.6707 554.4312 0.0023985489
936.6474 2716.1555 519.6616 242.97234 0.0023932743
146.27397 2685.8416 227.15897 222.33704 0.002384515
601.1319 2130.1184 148.55269 207.31223 0.0023797862
874.4276 1522.5881 490.4067 659.3883 0.002376503
344.98434 1352.3383 557.15125 763.009 0.0023640944
78.30908 2463.6147 133.06326 200.5065 0.0023609935
427.33984 2672.6826 287.5781 186.00029 0.0023579886
128.84846 64.01164 254.79382 116.021736 0.0023491695
845.1775 1355.9331 282.50595 320.15393 0.0023482388
567.7319 1809.1862 250.20334 331.8306 0.002338956
610.83905 1355.9645 1197.7025 2658.8074 0.0023378136
656.3639 2712.3445 1025.7816 191.70497 0.0023367784
549.0445 1506.3442 542.2508 1250.8413 0.0023359347
932.8264 2397.562 191.58716 288.6587 0.0023189015
912.99414 2721.713 336.3352 169.57588 0.0023164009
402.03638 22.789318 778.0706 45.888115 0.002299945
716.8033 2674.3398 645.55066 245.50906 0.0022948768
1053.4777 50.42606 393.3488 99.34113 0.0022910153
957.31464 992.10657 247.04097 383.72552 0.0022884249
1055.5292 1299.9355 200.4733 288.92987 0.0022744301
810.8493 2120.7507 393.5331 627.58716 0.0022722636
614.12897 2775.8472 1145.3871 63.907295 0.002270111
950.3505 2118.8228 410.03552 1038.3354 0.0022666298
178.48184 2456.1284 220.01454 395.8394 0.002261777
974.1774 2748.857 277.2872 111.99591 0.0022520777
929.95416 2743.3035 287.44864 119.46469 0.0022448013
583.7929 1289.6722 976.3272 812.54456 0.0022275543
1111.7798 2505.95 200.55629 276.56433 0.0022194046
1079.1282 250.1648 281.86935 398.6767 0.002219053
1062.2986 2171.275 106.52121 238.35162 0.0022047982
1110.0652 342.99155 268.36044 692.61304 0.0021964158
530.4253 803.3474 1048.2834 1621.6699 0.00216805
537.84546 2165.293 713.7134 374.8875 0.0021670826
1131.5276 1626.0302 164.87334 372.0645 0.0021603536
1071.0753 2716.501 323.51846 180.48175 0.0021487754
1161.8607 1716.2687 128.84238 509.8045 0.0021477533
1018.5468 1397.3937 368.36578 916.3931 0.0021433248
1099.679 2394.6382 233.38594 474.16104 0.002142143
455.68042 50.500713 895.0919 107.22313 0.002140622
1039.7249 1128.149 321.82288 564.71014 0.002137776
583.4212 1304.5966 1075.6464 1338.3943 0.0021373397
465.71625 2704.2434 370.2597 195.19574 0.002134439
401.1151 51.750748 781.8479 104.267006 0.002128106
592.4684 1393.8132 1052.882 467.43674 0.0021256772
1087.1562 2680.3528 304.12195 249.61394 0.0021192268
1174.7382 2621.751 116.45871 360.88895 0.002115792
575.0601 2574.7886 845.6347 444.18256 0.0021151588
413.43207 2180.0623 343.68243 385.92896 0.0021112824
1125.413 2361.3296 237.43831 570.3601 0.0021033308
368.84552 1635.8424 471.45233 1336.743 0.0020870056
1044.9607 2412.9253 192.80418 263.15674 0.0020861886
583.01355 1123.9188 1104.9318 1025.9867 0.0020827071
517.9788 2750.3315 1013.3607 111.66054 0.0020807676
1105.7131 2573.9077 207.78525 224.75543 0.002071008
470.76923 2739.9177 891.23303 130.15468 0.002064969
1080.6515 2528.3335 222.978 271.4727 0.0020638206
1025.6259 1440.6765 333.90726 562.78815 0.0020614492
940.48425 2134.0632 154.78386 243.61859 0.0020610734
1105.4427 1386.9751 273.12555 2772.252 0.0020610197
613.0837 2791.7751 1141.411 36.6136 0.0020575107
1159.047 2664.8994 155.83022 275.12595 0.00205744
1058.3798 2709.0698 239.40448 200.10637 0.0020537092
1003.8279 1053.6265 254.68968 434.58527 0.0020481017
905.45374 1681.8628 481.77432 1423.6383 0.0020366565
963.44116 2727.2007 157.1518 164.76598 0.002033787
1084.9457 241.07263 295.47168 421.8862 0.0020316066
475.4079 363.723 241.27606 321.21417 0.0020307319
1136.3839 2731.0874 218.55704 143.01773 0.0020231148
843.54095 2710.6504 254.76309 178.45235 0.0020059433
944.18066 1190.868 453.23538 787.5358 0.0020010483
1032.095 1974.3951 203.09329 675.7197 0.0019829962
1110.9032 1806.5671 235.02243 1597.7494 0.001976879
1052.4006 328.853 385.23468 667.0477 0.001968525
1162.5819 2498.6958 186.02388 533.0494 0.0019616857
550.73254 758.8941 1082.9336 1528.8481 0.0019604315
114.82359 1361.7335 227.02365 2653.1257 0.0019586922
1158.2421 2546.2869 162.9312 467.10907 0.0019578089
882.6109 1728.0765 417.66507 1130.6086 0.0019508963
769.42444 227.83372 210.30042 463.83218 0.0019479527
41.887688 2755.2344 76.20991 101.987404 0.0019468627
628.8991 197.08469 1224.5884 388.5036 0.0019442018
1125.3488 2504.1907 216.39085 587.9943 0.0019331052
76.779366 2760.336 141.71846 97.73319 0.0019264257
987.2893 912.5442 257.87192 334.78192 0.0019112744
709.18744 33.929047 213.93211 63.241787 0.001906914
894.06134 2619.8464 145.85397 192.98901 0.0019038554
605.99445 2731.4524 286.54324 146.62015 0.0019031479
459.3308 480.28287 158.86186 210.17435 0.0019022669
573.46173 2621.7114 664.4912 336.50165 0.0018976805
1114.0992 2286.06 250.95352 760.3762 0.001897415
1138.7827 2724.841 204.36789 161.17082 0.001896782
602.3117 2698.0603 193.61678 190.22647 0.0018942604
1144.5503 2387.0557 173.35257 321.27115 0.0018937801
1162.2517 2470.2031 143.45494 572.3901 0.0018919746
564.15674 2724.384 656.06537 143.90788 0.0018913696
560.8013 2697.476 190.5569 180.3245 0.0018895558
465.51788 328.892 200.86517 266.26492 0.0018884013
1205.1177 2229.6152 93.89078 415.79733 0.0018878882
606.5466 2730.9553 1199.621 153.83768 0.0018865543
53.475735 1695.6931 98.18723 1626.1853 0.0018860212
1133.3733 705.15015 264.99496 1358.7542 0.0018800452
1020.72345 670.8049 425.02838 708.6708 0.0018799835
1134.8087 2517.4412 196.48636 538.1894 0.001878606
1196.1141 1742.5326 101.80132 556.6391 0.0018752374
1163.223 2605.601 146.0721 394.23 0.0018739117
1145.6207 1797.7435 172.96725 1129.4698 0.0018711961
980.74414 2738.685 233.63257 160.6412 0.0018608937
1085.7212 761.95996 286.35464 441.02444 0.0018481938
944.44275 755.8129 239.53241 307.69962 0.0018396894
1078.6069 2754.2378 283.67316 102.13946 0.0018315493
314.76474 2722.6404 591.5356 161.59355 0.0018313428
1203.7476 2285.3555 132.41646 717.1874 0.0018294104
1056.6064 2119.1494 259.1623 1165.0208 0.001824236
46.544743 2781.6711 80.1983 53.077797 0.001824164
1058.0618 1601.0253 274.5971 450.38132 0.00181593
1128.8074 2437.5828 162.02449 294.39493 0.0018114919
670.37756 2768.6333 947.5981 125.05128 0.0018105608
1185.2861 2507.0278 115.26556 367.14053 0.0018102309
1029.4438 2650.7715 256.2656 282.03632 0.0018095116
300.30588 830.0828 184.76192 265.2443 0.0018088373
1109.7334 571.6616 229.09557 454.43042 0.0018063458
887.4179 2185.8293 615.3966 923.68335 0.0018033785
170.83481 990.6183 305.93997 599.3052 0.0018026714
57.441025 1272.293 109.85226 2505.8625 0.0018023571
1169.289 2248.5034 162.04266 631.9575 0.0018016788
1109.6838 2755.3435 224.48692 136.8795 0.0017892953
498.23666 656.19775 488.80988 1267.8546 0.0017859582
1038.9647 2758.543 257.75317 138.66098 0.0017811329
988.58203 2779.9062 441.91336 88.4937 0.0017802074
936.9728 899.3617 419.52615 984.82007 0.0017784211
904.74164 436.8322 235.19777 750.9789 0.0017693966
1105.5533 1921.4159 200.28839 532.99115 0.0017666749
877.32043 2730.2852 169.61266 155.32187 0.0017641867
954.93933 1780.991 353.45114 991.7887 0.0017606039
1076.2948 1313.9742 247.5854 591.13055 0.0017569385
1138.4187 961.9388 216.4812 629.76996 0.0017537544
1192.7787 2622.464 88.01764 364.8458 0.0017469225
844.52985 2671.0771 187.97427 239.9438 0.0017435373
1046.7955 2712.1753 278.72906 255.80753 0.0017409596
196.51746 2756.009 369.75955 100.68035 0.0017408245
1100.8319 2435.2097 159.76874 220.18172 0.0017389272
1043.2908 1164.673 317.01804 622.6359 0.0017334784
779.5521 1718.788 669.39014 1314.9209 0.001731345
681.5017 2695.2183 203.10889 203.21382 0.001699189
983.82666 889.7232 386.91254 660.07806 0.0016911172
1049.0038 51.385677 368.2045 102.986626 0.0016876493
464.22433 1531.1113 353.8586 1487.3512 0.0016848006
131.38554 2785.7793 245.50467 43.568764 0.001672876
1087.3363 1672.6078 287.18723 1956.6042 0.0016687401
736.3725 2771.3708 502.70502 73.675064 0.0016608885
652.2271 2714.4636 246.95975 168.32774 0.001656328
1210.6469 782.36194 143.8709 457.04434 0.0016493918
656.343 2748.1821 185.36346 157.52463 0.0016481095
1184.3573 1973.2157 126.80106 1344.6366 0.001645455
370.90607 813.94794 726.52856 1604.0482 0.0016453328
1152.7277 2689.1282 243.21826 241.80667 0.001642894
857.0845 402.6634 159.23549 407.00964 0.0016236402
1153.0228 1772.4701 156.79485 513.75616 0.0016215707
59.826313 533.9536 109.513054 490.94858 0.0016141428
559.8183 1512.9983 466.73837 1097.6621 0.0016125836
649.31665 2732.2166 233.67311 143.97472 0.0016101351
1229.3345 1016.6095 57.7212 1046.2351 0.0016085675
200.64633 807.6111 378.76697 1548.3328 0.0015965787
1185.8092 296.70288 125.901024 608.0461 0.0015931757
134.96251 2743.4507 185.0239 129.62976 0.0015921867
1184.1807 1070.5015 118.41114 515.40857 0.0015907155
74.36298 2774.7637 137.00937 68.916214 0.0015881222
544.97894 2639.9116 571.32574 327.53052 0.0015758257
218.95425 95.32462 421.9767 166.52798 0.0015744601
1204.0582 2339.9565 70.814285 266.73062 0.0015728568
959.6163 173.63792 236.11029 350.9029 0.001569068
157.8867 2631.4958 149.46692 112.32031 0.0015677507
1098.8938 784.3856 259.4542 551.80774 0.0015616035
466.64993 1304.8804 564.3818 1441.9956 0.0015589984
987.1447 2798.018 501.8719 26.08395 0.0015529919
546.9177 1717.8967 416.42963 1093.9872 0.0015471647
1126.9484 1396.7115 163.13965 344.51135 0.0015425186
1133.5391 2513.8542 254.61194 294.98343 0.001542153
522.43176 1540.0214 414.8196 1087.4016 0.0015337734
746.5026 2731.1577 200.1672 163.00195 0.0015325871
604.59955 1915.2979 1193.8787 1507.9785 0.0015246926
903.4967 1885.1162 415.43423 1410.5051 0.0015217266
71.849625 542.8953 126.56887 384.59003 0.0015165941
1142.7025 1972.5817 164.53229 346.07315 0.0015143502
1181.237 2764.4333 139.28409 260.84076 0.0015028707
306.94073 1706.3099 279.15347 1263.476 0.0014998463
194.61821 1305.3218 200.04659 325.5312 0.0014962401
521.4373 1516.3757 420.59695 1347.2015 0.001491792
122.67697 2595.7861 246.2369 402.34033 0.0014917317
946.7089 2343.199 539.12897 583.0503 0.001483846
1156.3511 2309.7966 173.29733 542.0068 0.001469468
965.5833 1328.5497 368.5834 509.53537 0.0014627993
48.07336 2784.0923 88.540146 42.012398 0.0014572477
1206.7524 1658.8357 80.39329 384.5097 0.0014425354
1172.1881 1243.5137 155.78175 499.39078 0.0014416984
1139.3899 1357.9152 218.20395 2736.8584 0.0014346157
233.73813 2473.1257 278.63745 551.97784 0.0014280928
120.66824 1292.0408 230.5289 2571.288 0.0014280376
1142.4548 1249.117 214.38147 580.25555 0.0014240437
829.59094 2300.0479 376.14233 756.0285 0.0014215322
1166.9696 1855.7203 120.24797 518.97815 0.001394318
1091.4954 2790.7852 247.28857 41.630177 0.0013879653
1202.3558 673.1607 83.33821 480.1401 0.001385053
578.0233 331.72995 1144.9574 655.2168 0.0013720948
1221.8484 389.25024 55.312424 812.61334 0.0013561434
1191.8643 2765.9944 90.496574 86.32727 0.0013505097
1207.9434 1934.0435 104.05533 311.57224 0.0013456419
560.906 77.52192 1119.8079 152.23412 0.0013438833
563.77106 1475.7631 477.5466 1288.6621 0.001339151
703.6879 2796.1045 473.5332 44.547955 0.0013264826
832.36285 1620.7156 500.70865 1362.6788 0.0013228378
622.6005 1399.1731 1151.8735 2508.2805 0.0013191672
18.114882 2799.5737 60.2174 35.277943 0.0013143878
468.3755 686.2211 780.20703 1209.161 0.0013021444
569.7511 2682.913 651.8543 220.16005 0.0012889408
130.44661 1397.8124 268.55258 2749.562 0.0012874005
1221.6056 1551.2627 61.164192 1727.3329 0.0012862704
1108.1765 2786.6345 201.27626 89.968185 0.0012844598
1212.8041 1860.5939 71.36688 602.0803 0.0012817126
1217.579 1644.9392 70.95176 1932.8645 0.0012801838
261.57834 377.75647 462.68073 733.24384 0.0012799272
1010.56757 2808.7456 740.9507 17.433224 0.0012729046
771.78375 2093.885 618.9843 737.7326 0.0012723857
1203.1064 2076.4348 116.942566 335.51248 0.0012675716
465.65295 242.64899 929.7829 540.8141 0.0012663732
1195.8379 2596.7395 129.77771 567.0313 0.0012645851
147.92131 2780.6597 226.6624 108.00733 0.0012597524
1050.4297 1405.6863 304.48468 644.5221 0.00125286
1215.5785 2748.137 100.48334 127.42573 0.0012402082
1215.2754 1682.7462 69.85326 362.0289 0.0012388356
760.7648 1765.0175 461.4506 497.92896 0.0012355455
1027.0797 2015.7203 195.45604 492.54956 0.0012280652
1060.6903 256.39557 316.3952 598.8026 0.0012275944
923.19794 1283.5953 575.80615 740.1942 0.0012271777
237.51657 390.34763 392.9138 705.67114 0.0012069679
599.30414 1400.0591 688.47473 947.3999 0.0011941355
30.30634 570.0594 69.41095 1438.5901 0.0011920455
862.2331 1919.7546 202.04276 448.16342 0.0011876719
1069.1785 2107.8276 332.2833 601.51086 0.0011873579
1222.079 2319.0247 51.13192 404.4043 0.001179398
1222.8333 1736.9717 55.881668 539.2158 0.0011696557
1232.154 1538.56 38.30313 878.5481 0.0011564349
1038.5857 1957.5033 298.99002 1012.355 0.0011327163
31.965006 2615.7651 59.30355 378.48605 0.0011249707
1233.8934 1663.7894 32.382416 1897.2964 0.0011168433
1219.977 1780.1249 63.20194 373.7352 0.001115546
648.6172 2763.8083 1190.8004 91.10588 0.0011078396
950.61865 1939.0786 519.3653 1251.008 0.0010976995
1200.6254 2804.0256 179.36629 67.47479 0.0010915259
357.33496 2325.2725 359.47623 600.97144 0.0010911771
1235.8507 2687.255 21.885931 236.08363 0.0010893911
678.5207 2799.393 1103.2152 48.149994 0.0010890379
587.8533 1246.1818 357.49277 815.59247 0.0010722793
997.9543 1880.5059 434.44644 1517.1987 0.0010665455
905.2144 2795.187 245.7445 121.80778 0.0010544369
947.2441 1174.9014 523.69244 759.65857 0.0010463309
653.18365 1300.8068 684.11365 976.92896 0.0010459911
491.6056 848.4576 967.15247 1660.324 0.0010301503
534.3921 122.02021 1032.2518 279.13828 0.0010228017
672.6719 2805.9622 1166.2549 12.192096 0.0010185655
628.51935 2680.553 560.73895 335.36865 0.0010182593
613.50635 1415.6422 1014.2431 769.08997 0.0010134667
935.8925 1465.7487 478.42047 618.6272 0.0010111781
620.0019 495.24982 1220.8667 1048.0806 0.0010105328
581.58923 514.88116 1039.8086 949.7962 0.0009935006
1238.0936 2469.4763 20.51259 442.51886 0.0009904226
1141.6326 1719.5848 222.86812 1585.9583 0.0009860497
636.072 164.1241 1223.134 322.63968 0.0009846757
1068.499 1803.5402 346.35953 927.6846 0.0009785285
1226.897 2762.7788 43.04181 151.94328 0.0009478845
448.50488 2395.865 639.4487 460.65274 0.00094170804
1154.9127 2651.4836 134.61429 538.5106 0.00094024756
1233.8712 2711.3508 23.928944 207.40788 0.00090201636
813.5204 1463.8867 516.4388 1012.45605 0.00089167926
1006.8418 1887.3787 463.7696 1017.2019 0.00088821695
488.4663 2004.277 187.46841 806.5505 0.0008863423
538.3746 1541.8762 394.05203 1194.1589 0.00088229694
545.75116 1141.2377 474.88553 1018.63654 0.0008821796
715.9445 2046.3175 772.4865 1063.9171 0.00088215404
1239.83 2617.8098 16.566061 285.58612 0.00087963516
81.99065 203.03122 129.82051 235.69092 0.00087335974
482.80865 2116.86 394.4736 588.81824 0.000863902
1144.5027 2046.4984 236.95448 1038.5725 0.0008477749
745.7391 1996.681 229.30313 800.49963 0.0008090718
1010.74207 2017.8528 142.36122 292.07303 0.00080251135
949.06573 1172.6288 491.3449 803.1915 0.00079683214
918.00275 1157.3684 622.7409 793.37415 0.0007933571
732.1584 560.6975 880.34283 696.50964 0.00077470305
909.06683 2054.4517 201.06972 649.9467 0.00076802395
827.1624 2264.333 683.21246 615.1783 0.000759949
606.35944 1537.8436 489.09073 880.37933 0.00075385626
828.6222 1673.682 479.6716 1448.6086 0.0007460126
791.7257 580.11786 720.58484 683.10266 0.00074312865
699.7135 1447.8243 481.00162 772.0998 0.00073517865
617.9328 1257.5731 1007.61334 971.8714 0.00070779136
775.0712 496.9749 751.3624 634.2745 0.00069939345
811.146 830.26294 771.88196 870.46814 0.0006809014
1055.4132 1762.232 353.66348 1253.4934 0.0006608885
879.41376 2808.7295 681.7792 18.525206 0.00065065315
595.0213 2789.3203 705.3876 43.95716 0.00060257403
680.7384 807.62024 757.54956 979.75226 0.00058318675
893.1586 1315.752 543.8205 950.8507 0.0005671332
831.6127 2499.5247 583.6744 616.45026 0.0005460399
869.49347 2071.351 618.8981 672.5265 0.0005448296
902.1594 1806.0332 468.1101 1173.1462 0.000541607
729.8245 1283.9381 570.6689 1011.18616 0.0005320944
1224.1526 2808.8108 147.00677 14.701522 0.00052927184
765.2765 1816.6447 475.49847 1124.575 0.00051231676
868.576 288.21005 923.1743 584.8731 0.0005116021
803.8551 2165.8645 715.8711 903.40686 0.000499027
813.6808 1397.6544 595.35614 449.0683 0.00049233367
988.663 953.24475 526.66785 660.83594 0.00043659584
678.6243 1154.8746 949.41583 708.9307 0.00041217406
1068.1313 1729.2963 511.74792 631.7984 0.00039791255
