580.95416 1088.4607 1118.9777 2121.3225 0.8762905
96.23099 1163.224 162.6128 198.31071 0.14269379
664.0864 1155.6941 884.5602 1488.4323 0.052280992
669.02716 1015.283 884.34247 1411.6145 0.04235813
708.6863 1055.9456 781.1986 1435.997 0.03515405
672.26385 1021.3969 856.1281 1318.7554 0.032976776
722.396 1125.0015 734.5412 1427.3734 0.0328241
684.4834 1036.4203 797.2729 1249.8137 0.032409165
692.2633 1097.7603 776.351 1192.3749 0.030412937
661.9214 1315.0013 909.4176 1424.0479 0.028979031
667.4522 1138.2521 909.25323 1699.0857 0.02619545
581.8 1087.6154 1116.3236 2119.5012 0.025901522
683.5706 974.9682 777.873 1133.8262 0.024921818
619.442 386.69415 38.51451 35.23167 0.02253522
750.23724 1026.6099 715.18665 1388.5708 0.02137244
664.43567 924.7228 826.81635 1159.258 0.020355776
697.63043 1081.6346 704.5194 1118.5168 0.018528415
652.1091 1431.0995 960.268 1398.1484 0.016661664
470.21826 705.03827 585.802 682.17126 0.016353553
581.1509 1595.0238 1108.3484 1093.8561 0.015334805
653.84143 1563.7544 959.22656 1134.3684 0.014870479
634.5804 782.17816 992.3617 1272.1381 0.014670292
625.97614 390.80325 57.812614 50.425194 0.014552583
516.2481 850.91516 204.31847 192.62003 0.014513602
619.6991 1131.2377 737.8177 1321.1713 0.014224364
662.9824 1076.0643 696.9639 1042.8502 0.013716003
654.1549 724.9569 958.7514 1082.8973 0.013548549
610.4541 578.11035 1047.493 1109.2423 0.013211851
92.778305 1160.193 150.96207 184.86409 0.0128449295
760.8529 1389.8126 712.05646 1195.6637 0.012615769
754.68896 1138.9319 756.2043 1843.4694 0.012400627
650.2837 810.99274 499.53412 463.91156 0.011944187
634.4795 781.9279 990.61224 1199.4987 0.011796939
588.2611 926.7827 703.5889 964.06903 0.011189263
783.784 1357.0149 658.2 1085.6388 0.011070735
670.4454 638.1622 922.41534 897.57654 0.010813123
639.3604 779.5738 446.2551 329.68066 0.010734646
642.9878 1199.1501 593.9761 1015.1804 0.010655361
650.2868 652.1178 972.51746 937.5153 0.010543393
597.58887 904.1262 774.3085 1149.8761 0.010464384
794.0337 1153.864 690.78064 1797.5876 0.010316914
583.45123 1487.4816 1095.973 1284.0691 0.01026539
635.5701 904.4418 986.6948 1428.2955 0.010227283
591.11707 900.9349 578.89435 658.03406 0.010015268
802.5422 1389.3983 655.6636 1298.0326 0.0099890195
818.1417 1254.101 582.7857 837.87177 0.009910062
116.21237 1111.2507 206.63783 325.00293 0.009796265
710.69934 783.27783 334.16217 297.4747 0.0096398415
663.5636 417.75693 139.17096 105.695526 0.009629945
478.4146 1580.0602 229.01224 308.116 0.009500038
638.4291 1130.6924 969.5636 948.2251 0.009440017
783.02435 871.0642 677.30994 1073.5192 0.009385618
533.8056 1186.372 694.27716 1582.4027 0.009378754
909.131 1497.2882 216.6059 197.25883 0.009301389
734.8575 1722.446 779.06964 725.3313 0.0091936765
567.56226 770.8704 384.6716 363.0404 0.0091101155
805.42926 1412.2065 653.4793 1313.7698 0.009010119
283.19403 884.97906 188.08418 305.12012 0.008891217
336.52292 1514.0135 634.47815 905.4104 0.008827661
586.9473 835.1198 815.96014 1076.9619 0.008562576
595.2093 657.6787 468.7571 599.382 0.008506524
989.728 286.42307 295.42664 198.53969 0.00844326
781.5377 1388.6947 685.795 1366.3092 0.008429809
690.3617 1469.631 842.283 909.7339 0.0083787935
145.96066 1307.3197 262.00638 502.91537 0.008319023
551.2742 693.078 757.7728 753.4941 0.008307493
728.66284 669.7205 717.4744 652.1584 0.008209527
869.45264 1925.4131 185.42665 181.77118 0.008200338
842.4125 975.5946 571.8438 1234.7015 0.008198333
800.5071 1729.2609 630.178 614.09625 0.008186028
653.7298 649.9194 953.9877 887.66254 0.007958794
489.4692 1590.0386 356.66766 402.18704 0.007889494
601.646 498.54343 296.44382 271.94138 0.007877728
498.55453 1574.6558 934.83746 1027.2174 0.007870635
470.10077 1003.3998 569.04236 1164.6785 0.007862177
732.9278 730.4044 254.21669 200.43633 0.00784097
735.9949 679.77686 738.48926 725.6783 0.007821401
706.55164 1540.8699 715.04663 656.58136 0.0077893585
709.6646 628.7767 440.8067 523.023 0.007773085
487.93546 800.07776 735.8965 916.1957 0.0077575115
786.32007 1649.2482 678.2054 841.31525 0.007700958
907.67126 1511.0205 253.26105 237.61264 0.0076947953
821.3063 1704.3154 549.26215 566.53046 0.0075504207
305.57877 858.86053 236.87589 362.0839 0.007526276
586.91614 826.0455 409.066 355.3943 0.0075040795
550.7876 808.72 672.5655 508.44296 0.0074534896
381.49603 817.5586 715.1186 901.1638 0.0074273995
654.86127 732.3104 953.3148 1090.362 0.007419311
474.6243 915.8037 588.34564 715.63074 0.0073928037
382.5044 812.4902 723.4858 921.4536 0.007339717
774.1322 664.21515 464.3331 564.362 0.0073256455
674.43445 1330.2098 516.8328 1285.8298 0.007289002
652.4886 795.5742 930.1884 962.90686 0.0072485753
673.0014 1594.454 886.6467 726.058 0.0072449525
815.17346 1669.914 271.442 275.30698 0.0072305934
586.6589 1096.2261 615.75366 825.741 0.0070863864
171.64621 1230.7863 312.8213 352.62094 0.0070773233
287.547 1443.2241 539.12585 765.87787 0.007069707
745.47534 897.80536 580.5457 676.8398 0.0070612137
663.00336 1691.1791 645.46796 613.88434 0.007056862
761.42584 716.10266 188.6648 161.55814 0.0070345546
525.6705 1147.8661 791.3538 1119.7903 0.0069665825
876.8978 1156.0361 526.66425 1938.6227 0.006953821
252.48979 1421.4457 470.9033 722.63763 0.006918824
655.14124 907.35754 908.37744 817.60986 0.006909297
595.7704 686.0332 799.77826 717.09235 0.006845013
846.84766 1437.1113 561.9682 1013.7305 0.0068300883
702.4309 642.31744 375.076 390.349 0.006799492
556.83923 836.38275 782.105 1036.2183 0.0067660557
547.5151 1482.5333 685.1876 845.3024 0.006748933
348.92725 823.47375 344.81793 439.97568 0.0067480956
850.1436 1169.3523 541.1581 614.26483 0.0066849873
573.49493 822.0871 278.52914 219.87236 0.006615057
360.84186 1149.2802 261.80414 262.49872 0.006602626
827.81683 815.99414 597.5992 970.0282 0.0065723886
511.7268 1587.1947 254.8293 299.3426 0.0065710344
435.13452 706.3543 531.2962 674.6195 0.0065459255
418.20355 1593.3856 796.885 1058.7733 0.0065334965
793.1072 1762.9891 374.01675 461.54276 0.006445876
504.94846 1552.5599 409.42102 437.13242 0.006408149
761.44946 811.7163 333.50687 342.3443 0.006407278
820.4657 1931.1367 286.4502 214.41414 0.00640607
648.0204 453.82318 179.09477 184.73027 0.006394401
375.92346 1141.5299 219.94044 220.65353 0.0063749626
394.6319 1526.4086 749.1299 935.1122 0.006372692
764.43475 1339.5299 241.5214 225.25174 0.0063639474
913.5541 1136.823 372.39877 452.90356 0.006360514
486.35095 818.07855 350.55508 359.86404 0.0063479627
882.3697 1488.3127 142.20113 164.68446 0.006346291
517.0437 968.1476 654.2685 1391.8827 0.006339886
823.6452 1496.6165 578.3551 635.1178 0.0063366666
674.3031 482.19406 243.15112 262.17078 0.0063277883
667.85724 1486.6947 485.13995 502.40295 0.0063144034
177.63437 1134.2678 321.74225 299.3105 0.006306184
762.80896 1394.7085 342.6514 383.56366 0.006300575
921.2393 1946.3367 74.45509 78.46281 0.006294914
772.23193 632.8476 370.15134 504.94635 0.0062885224
576.17633 528.2583 356.48303 337.60815 0.0062884507
692.3514 1249.3871 606.9251 713.6769 0.006267669
849.1634 1155.22 591.0865 1930.3706 0.0062599843
484.23187 1284.1853 609.33856 1291.8436 0.0062539536
829.17706 1522.6477 568.9614 674.6107 0.00624885
156.6854 1609.7157 283.50143 1086.6796 0.0062486692
563.67816 690.99286 516.538 674.3243 0.00623504
248.22519 1598.2538 465.06705 1062.6575 0.0062132287
767.5696 755.7858 374.71286 377.28952 0.006210859
862.6586 355.5856 542.6869 343.76917 0.0061898334
454.56653 1028.0868 552.95776 943.6839 0.006170357
809.6376 1307.0579 166.50629 191.18896 0.0061558913
847.14136 1474.6216 583.54584 1277.8446 0.006147862
600.9991 645.21844 580.27155 605.96173 0.0061465134
253.95207 1141.9021 477.38846 321.76627 0.0061450833
426.96832 813.52167 475.25262 477.28287 0.0061412
641.2571 1694.1985 147.94342 154.7806 0.0061335354
855.58344 1732.4818 556.1836 720.5638 0.006113173
596.93115 1387.1857 595.41547 762.4014 0.0060866573
788.9736 750.4806 275.5797 259.98755 0.0060308725
597.2302 1710.3137 229.29683 177.34938 0.00601333
828.6901 1634.355 604.6762 895.76245 0.006012238
597.89966 1267.6509 717.67053 955.2406 0.0060006147
846.92896 1337.8865 567.6774 1123.2692 0.005990952
644.37085 706.65704 534.055 707.1778 0.0059848386
736.4685 1265.2395 392.35855 686.7048 0.0059664254
929.8284 1567.9358 390.6419 402.99808 0.0059460727
651.5038 1442.3619 322.15414 317.52597 0.005927371
848.77356 1439.7782 579.7502 1364.763 0.005919052
167.37506 1406.4152 306.23624 691.9462 0.0059137256
642.78284 633.4904 1000.69525 1217.67 0.00591295
554.4377 1734.4333 150.61256 124.08694 0.0058998326
796.2125 1553.4276 179.72829 146.37292 0.005899259
851.9532 1471.8265 572.5417 1234.9069 0.0058837845
555.9722 1326.0334 175.20857 201.34991 0.005880592
575.45447 789.558 775.483 708.0616 0.0058784876
835.65515 1493.6515 462.50385 620.8152 0.005868918
366.59244 1446.1361 690.48 777.5516 0.005830785
907.98285 1793.3999 347.19083 349.0045 0.005780052
692.53827 916.5027 448.0285 1065.688 0.005765506
852.10614 1499.268 172.957 179.8866 0.005756441
473.0484 973.45966 311.6224 423.40384 0.005739681
1006.34485 717.4056 255.06375 296.04092 0.005718894
367.1477 1114.4436 666.12695 1319.657 0.005710389
483.01883 1114.5415 880.68353 1136.4989 0.0056594843
418.60803 1146.2029 769.68787 1587.9749 0.005654844
501.62006 1477.8401 576.40826 680.86206 0.0056367638
854.5086 539.3945 272.5042 319.26376 0.005636141
191.76903 991.66254 355.9155 549.6537 0.0056338087
507.35422 1435.5758 605.5067 740.7328 0.0056179794
628.8969 675.85925 424.72513 514.52673 0.0056142546
854.9064 1514.7616 540.392 913.27484 0.005609395
854.26276 1718.3458 287.60794 361.79193 0.0056059016
813.152 1134.0381 569.39325 693.02435 0.0055863694
834.2028 1416.3319 443.30713 402.5882 0.0055792956
655.5802 757.2211 943.62787 845.27563 0.005574287
867.1179 1488.1925 544.5463 1257.3335 0.005571272
884.56866 1388.8015 341.8837 404.34268 0.0055677253
543.2625 1428.8264 501.60495 512.01196 0.0055610472
804.11255 713.58014 197.24518 189.50568 0.0055466336
796.88464 1937.6266 662.83185 421.0676 0.0055355323
483.79715 1280.006 768.5222 1492.0253 0.0055220826
877.4555 1308.7125 420.0207 329.75964 0.0055197105
594.1952 683.852 518.40857 666.8302 0.0055004847
723.9074 786.036 392.71524 636.15173 0.00549941
629.93774 395.8649 64.18359 57.23282 0.0054895165
143.32327 1608.6641 261.02173 1097.5629 0.0054828147
729.39923 1028.8822 669.9488 652.25543 0.005466767
793.8219 1532.7743 645.89996 716.3578 0.0054643257
834.3361 1128.414 468.8584 587.76746 0.005444431
957.2869 1495.0427 342.2493 288.82394 0.005433935
756.9865 1468.897 724.0695 609.9696 0.00543002
533.2456 1691.259 373.13986 540.84454 0.005427865
411.09445 850.1813 415.77213 380.18732 0.0054264055
679.596 795.45325 883.7431 861.3883 0.005412136
512.08655 1378.1567 565.0186 555.9144 0.0054019685
768.3449 1848.7416 409.98993 347.4812 0.0053804987
636.033 1361.37 827.4851 670.60126 0.005373692
757.3505 1123.5509 387.05084 433.1804 0.0053708153
831.8683 1134.4329 293.98462 329.94745 0.0053430027
922.27435 1630.7292 416.96396 548.0288 0.0053395038
826.60535 1590.7933 562.5666 466.92853 0.0053264247
482.27832 1353.5797 419.53137 471.84738 0.005307398
313.72827 1160.8915 258.94034 254.14732 0.005300057
572.2509 1247.2727 1100.5228 709.53644 0.00529039
496.37155 1597.6631 146.7167 177.88193 0.00525296
640.5762 1435.5364 148.1336 162.57326 0.0052397037
845.7589 1186.8422 553.2836 863.208 0.005218519
673.25305 1399.6707 459.99078 1066.0822 0.005218145
572.63416 1198.3859 1102.1 565.92206 0.0052171797
790.1491 1608.55 366.30524 744.7366 0.0052148667
605.0914 1054.2495 416.30145 893.7576 0.0052107964
835.159 461.12924 593.2575 559.4174 0.0051945425
928.2572 550.7763 354.5637 432.57306 0.0051830555
552.6506 1302.543 123.485634 133.64215 0.005168552
740.18427 1610.0737 632.65686 391.30508 0.0051550088
724.84393 681.07513 372.82916 593.9194 0.005153887
588.0748 1398.8856 282.26233 312.22745 0.005153437
886.1243 1980.2941 509.40256 321.75198 0.005150575
533.19006 1421.5381 339.45422 348.1868 0.0051505235
408.6541 1462.955 61.881187 79.31423 0.0051409057
753.3887 625.647 305.6912 284.20377 0.0051335217
541.6895 1389.5752 370.893 370.5595 0.0051334244
369.0388 1210.7119 687.2088 1688.7639 0.0051227035
846.48956 461.9345 559.8923 362.62054 0.0051031676
811.56696 1595.7086 345.01334 792.6161 0.0051007424
729.6218 1163.1342 436.73383 503.61734 0.0050654192
600.704 558.7296 368.89243 415.85275 0.005060389
971.4823 1757.5168 184.24232 214.26424 0.0050496957
573.58514 1167.4607 1062.6237 485.83752 0.0050306804
564.2475 1022.4712 716.3228 738.793 0.0050287694
880.0086 1186.6259 500.99673 633.17206 0.005020642
824.02875 1518.1664 574.4724 452.42184 0.005020123
544.43024 1051.613 418.4056 1416.4279 0.005013116
619.25446 1022.18665 425.07874 567.3122 0.0050123525
814.8512 1272.0306 617.1412 1090.6821 0.0050096423
573.49677 1143.7362 1107.0906 385.79547 0.0050056535
482.90048 971.95825 355.46643 459.9775 0.004995281
650.8043 1208.1039 385.92276 513.72424 0.004983109
322.69595 1494.53 608.65686 1097.6832 0.004981551
780.28375 1093.0756 384.59705 363.89462 0.0049627824
724.63043 1010.483 450.5128 531.2899 0.0049530384
865.0543 212.94632 545.74396 383.2381 0.004926289
135.52606 1446.6606 244.09758 785.64 0.004925938
957.1956 1753.5614 217.26753 243.36057 0.004914282
961.2658 472.05972 331.63126 314.749 0.004910925
863.0048 1328.8582 547.99585 1600.4081 0.004904084
706.337 679.33136 651.91113 639.45966 0.004873713
785.26495 775.08984 671.79877 1146.6351 0.0048700627
820.81104 870.42145 595.2381 579.1313 0.0048576547
397.48532 1152.1992 384.5209 371.91397 0.004855611
827.614 1011.0257 493.44165 697.2996 0.004855518
700.5244 1505.385 333.98978 268.9677 0.004838058
489.48837 1423.4321 613.20233 952.93054 0.0048335623
694.06024 1328.0177 394.303 871.4069 0.004829307
480.25772 933.3462 764.76465 693.2155 0.0048268326
745.6414 716.64215 242.72931 218.66685 0.0048242197
793.8521 1510.1372 233.00027 210.23526 0.0048227045
707.00714 1376.1035 367.46677 762.6944 0.004821338
831.927 1043.545 372.61337 367.1562 0.0048068454
954.51685 1100.1066 183.1056 252.31511 0.004804513
771.3564 810.1843 323.86166 377.21384 0.004803439
547.0688 828.76587 639.9531 387.33606 0.004800037
482.59146 1429.3038 901.42426 774.0053 0.004793686
670.5543 1487.7405 410.88177 479.98425 0.0047583017
550.9834 1238.2499 401.98148 1170.0092 0.0047194846
516.922 1653.507 540.4187 669.36444 0.004710688
598.8613 1677.3629 350.37335 353.00937 0.004707347
358.30295 1581.4463 681.0868 1113.1698 0.0046948325
464.1678 1428.812 321.6008 644.69714 0.0046205465
384.00244 1245.5602 377.71292 499.33096 0.0046104956
565.81354 1407.7626 460.54135 1067.5698 0.0046068295
400.17563 1467.9791 113.84621 146.42635 0.0046062698
118.46843 1146.2189 219.79085 301.0495 0.004601687
420.4706 1240.7219 510.72382 1328.8402 0.00458663
648.9577 700.0762 953.737 712.8055 0.0045844736
651.1822 1406.519 669.6584 606.74756 0.004583244
397.29034 1198.6155 733.2297 1361.2919 0.00457893
837.44354 1098.9224 544.3841 455.74963 0.0045742136
843.8916 1556.8606 288.27963 295.5184 0.004572284
879.87463 324.94608 504.9302 285.62347 0.004544435
468.17297 593.8397 81.61192 109.49046 0.0045116404
997.54706 672.6549 283.1937 626.9361 0.0044974894
631.961 1773.5924 1032.0626 744.12994 0.004495801
88.92219 690.09155 154.19847 501.1923 0.0044942796
846.7524 1634.3517 462.64438 437.61655 0.0044920677
434.17343 985.4413 828.4049 669.9395 0.0044838446
822.69867 1531.6919 298.34036 462.6602 0.004482829
759.09357 614.7737 290.60696 377.29675 0.0044735605
715.8746 1132.7399 296.77652 358.5292 0.0044697165
940.69025 1754.7292 398.85452 746.4406 0.004468927
874.78253 1271.3416 490.14444 704.1097 0.004466609
890.373 157.86781 89.99277 62.678753 0.0044648307
972.1025 1758.1895 166.82437 183.93652 0.004449746
493.0615 1510.41 941.0637 1008.813 0.0044447826
426.1681 1387.3512 493.81964 764.5945 0.004427556
288.1672 817.71814 540.356 895.41364 0.0044192844
523.9763 1107.649 264.05008 279.07193 0.0044161803
597.11615 793.2763 818.08496 838.9549 0.0044138185
639.1701 576.7688 261.42654 404.18747 0.0044022566
690.5554 905.0805 294.9289 358.02045 0.0043940903
862.18115 1574.9604 310.83218 318.3459 0.0043751625
790.1763 1155.7041 367.1355 559.15497 0.004365923
685.65875 1274.294 833.4795 674.2941 0.004319562
529.9558 1413.1624 294.42914 330.8217 0.0043105027
940.9176 734.3699 366.56616 427.79462 0.004309355
705.9941 1143.0114 736.7853 537.30975 0.0043080333
983.69446 1851.9052 298.94907 437.845 0.004287398
394.85373 1384.7263 405.0278 793.35913 0.004281043
633.14716 1819.4229 259.18152 280.73788 0.0042756195
472.46655 1426.3169 598.4162 1059.7991 0.004272748
664.0764 1012.02466 169.69362 160.18402 0.004250363
888.54987 1799.5712 318.78616 333.9918 0.0042502843
716.96027 1398.6116 386.82156 691.57153 0.0042297556
638.7369 1915.1886 213.98836 204.47498 0.0042268545
601.0983 1448.3915 910.86145 1248.8618 0.004223418
444.47098 1273.1239 320.2953 322.46326 0.0042178403
589.49854 1855.282 1083.7053 596.0335 0.0041970634
663.4819 1479.4503 165.91179 183.38081 0.0041934834
969.80566 1971.4052 206.59009 209.52017 0.004187486
381.5419 1468.6826 322.01495 387.49365 0.0041823373
517.92267 1275.0259 931.07697 769.08435 0.0041738003
582.1295 386.12466 1093.2732 751.63934 0.0041704364
519.6037 965.7189 310.76733 426.87656 0.004167305
880.8683 1344.797 511.59384 1590.202 0.0041655833
824.27155 1899.7538 609.2823 490.55795 0.004153541
270.27826 970.64966 131.45917 153.19458 0.0041496335
669.82025 1923.4956 482.98254 376.8445 0.0041492376
731.3062 1309.9742 309.5662 651.4942 0.004146356
665.7549 1546.8359 355.69016 636.2104 0.0041425675
339.184 1273.0989 638.32025 544.13947 0.0041350382
441.22644 1248.4656 217.29707 246.4609 0.0041299886
734.0723 1021.84674 692.58704 518.9429 0.004129428
573.0987 1110.1759 264.50806 298.21933 0.0041247145
406.79056 1273.1628 766.0082 1503.419 0.004124407
581.4865 668.8366 745.8253 681.1597 0.0041230326
94.33183 2063.0398 187.28572 196.5286 0.004120506
900.0662 1962.263 122.28614 142.51535 0.004118307
671.1478 1011.19196 235.54288 215.2234 0.0041114227
721.56775 1156.3356 388.88843 432.5621 0.0041037276
768.5247 729.43854 338.2443 363.11115 0.0041036108
209.96317 1043.3125 388.29263 521.82745 0.00410124
517.87573 1517.9678 449.64438 489.27957 0.004087078
466.77225 1161.3824 690.88165 1623.8917 0.0040536257
618.1897 1152.4164 809.51154 604.4757 0.004045715
547.4735 1178.9886 353.304 724.9414 0.0040257997
603.9853 998.74414 336.54996 463.77536 0.004021078
946.39417 1441.2119 383.3269 1086.3853 0.0040188427
398.52783 719.9813 372.36194 615.1479 0.0040165624
1007.1402 1135.187 256.14536 440.12384 0.004013098
461.4696 1361.7328 522.64624 784.1855 0.004005228
124.85154 989.0397 222.48476 570.1584 0.0040050517
175.92209 1598.3025 323.14038 1113.4415 0.0040030433
694.6119 1905.6589 373.48502 401.4749 0.0039991043
648.30853 1502.2834 411.42224 921.1092 0.00398691
113.8184 2013.5294 221.95338 291.45074 0.003970263
93.1214 1896.4492 182.0066 522.62256 0.003962927
750.90674 1950.74 190.60294 185.09459 0.003942327
531.1503 823.27844 122.9234 132.48222 0.0039371364
365.39377 1674.7788 676.7875 902.84265 0.003931497
494.05475 632.32245 660.4487 850.06024 0.0039221845
570.03174 1045.2145 364.43454 271.90176 0.003891034
358.27612 1306.4286 670.30896 1182.8625 0.0038710143
885.60333 1961.623 509.8933 367.16885 0.0038683177
525.35724 1392.6224 974.35565 911.5599 0.0038581004
804.4779 1323.845 590.32477 498.96982 0.003845438
580.8937 1090.0226 1119.0709 2118.7776 0.0038418302
905.56006 1569.3701 181.50003 231.59789 0.003830225
955.59894 1133.2238 217.88924 266.08954 0.0038159075
1017.814 1988.4869 241.4564 274.62396 0.00379958
639.80817 1132.0203 230.95398 270.07272 0.0037969418
786.9495 1994.8469 148.34824 132.1951 0.0037943348
123.88736 916.76276 223.69301 714.2912 0.003790521
693.4052 1090.5339 234.58267 246.79509 0.0037893257
864.66736 1479.2113 492.12292 1202.7178 0.0037850798
958.7488 724.13605 204.69249 226.44432 0.0037717905
918.5111 1819.0242 369.1009 513.997 0.003766725
531.5429 1802.1029 246.49522 274.32114 0.003766632
496.2186 1453.6173 272.9319 399.4278 0.0037542132
842.3874 2016.7537 419.5247 248.3208 0.003753434
901.5944 1176.1161 459.17026 840.49347 0.003749711
902.71313 1532.8429 136.84258 167.60448 0.0037336817
707.60345 1252.451 308.982 667.8436 0.0037160148
559.7274 1368.14 364.29758 1027.338 0.0037104613
818.3003 972.7894 345.56088 414.98303 0.0037070469
428.30167 1410.3168 810.95874 908.4734 0.0037027663
805.83 1726.7032 195.12723 178.62038 0.003701238
894.0325 1470.4268 453.95737 1209.5583 0.0036866025
595.4028 1524.5385 959.99426 802.27435 0.0036854954
855.41425 1385.0 536.55566 1505.2189 0.003684783
923.8528 1684.3943 241.8008 295.21774 0.0036788255
776.18744 1597.8898 230.44856 417.12048 0.0036664547
832.4855 1845.0383 199.19737 274.76202 0.003651378
431.93167 800.66376 148.41461 158.12958 0.0036504534
970.27893 1843.2373 337.48273 600.9721 0.0036421781
545.5714 1714.4584 243.31926 265.36057 0.0036393066
619.26074 386.30255 27.97531 31.84994 0.0036371895
518.00397 1494.4562 550.8975 978.33386 0.0036276716
651.87744 1435.0756 460.43314 1016.9641 0.0036275801
542.3977 1525.7935 320.20566 554.56885 0.0036202334
548.82666 1763.1533 207.8314 403.0348 0.0036158022
507.37973 865.89905 133.21245 135.88445 0.003615536
399.8607 1277.2472 554.4204 1271.7972 0.0035926106
718.16876 1772.2891 155.5201 171.47276 0.0035915049
771.41364 1583.6478 223.94937 213.84378 0.0035904094
1010.0716 1089.0953 269.98297 2100.4778 0.0035871714
635.98816 1644.092 196.76662 217.80132 0.003584008
869.44476 1421.8408 514.42804 1452.0535 0.00358123
719.9577 1381.4093 432.87695 752.783 0.003562521
795.4488 1707.31 191.34102 258.5685 0.0035614325
104.645706 2009.5262 206.72186 299.5462 0.0035556906
957.0394 1196.2163 347.15662 539.9339 0.0035351822
698.4392 2070.3252 726.18097 120.67942 0.003534425
786.18384 1688.1814 163.37224 163.59712 0.0035327894
296.89615 1174.4562 551.3283 1412.8721 0.0035281964
950.77496 2021.0312 315.1392 230.21597 0.0035268455
498.97287 622.4685 584.5193 528.00867 0.003525222
159.16904 1790.0233 304.2035 739.5618 0.0035204028
158.36374 1987.787 305.0366 346.56464 0.003514401
753.13446 1159.4933 269.98538 266.93607 0.003512211
802.88837 1739.1262 219.1483 379.4225 0.0035060947
983.7624 1791.9276 163.93059 186.19049 0.0034992741
428.5578 1717.2621 203.55682 239.08153 0.0034951963
435.28867 808.65753 107.5542 135.70947 0.0034944988
540.7032 1783.5693 428.1326 470.9953 0.0034917567
464.83356 598.3554 177.19868 171.90443 0.0034909488
1050.779 267.07623 174.2041 168.8333 0.0034687598
591.6734 1790.0773 489.69653 461.3838 0.0034550368
458.32684 1513.4082 464.44992 628.1106 0.003445809
621.65894 1705.747 262.2416 283.00082 0.0034456144
649.58875 1925.6539 156.57806 162.18309 0.0034288412
842.94946 1957.7296 200.24028 325.53012 0.0034258866
696.9953 725.1484 351.77472 334.30933 0.0034090588
712.3682 1459.7435 176.24588 183.25053 0.0034063999
976.88916 546.63617 289.4323 364.82867 0.0034038692
720.3707 1289.9517 276.25052 563.76166 0.0033978361
673.3897 1482.4877 173.62598 218.64894 0.0033968175
663.81506 1158.5927 843.6587 514.1263 0.0033966107
958.3958 1484.5854 369.37207 1295.3003 0.0033931246
976.19073 1966.6128 306.21655 325.75745 0.0033909306
956.9791 1045.1588 247.14322 301.27417 0.0033741712
610.1235 984.00476 425.08316 1288.061 0.0033668028
848.2728 1312.2069 504.48837 873.47974 0.0033633742
226.86295 1750.1025 421.0751 807.48346 0.003354837
385.17044 1283.4678 568.2666 1594.7988 0.0033455784
471.2605 1598.309 147.64615 162.69292 0.0033451142
571.122 2002.0797 1110.0505 318.47278 0.0033444832
422.0778 891.19434 189.93362 253.17519 0.0033397153
780.7307 1358.2495 278.4921 329.1234 0.0033359618
545.4459 1814.8535 311.72763 426.28033 0.003332517
459.8202 1331.0967 383.23798 1358.3878 0.0033254197
370.52173 1737.5533 333.45975 322.7099 0.0033163272
500.3334 1462.8466 385.08932 652.2253 0.0033144648
558.63477 1400.9432 158.43486 152.54994 0.0033140585
1021.2637 1565.1957 233.90416 389.27298 0.003313835
204.1077 1086.3335 365.32175 526.3732 0.0033094343
586.59174 1925.2106 171.97957 142.48935 0.0033003227
740.3541 1479.3011 218.89996 192.64204 0.0032988817
813.14954 1760.5608 193.71788 332.00644 0.0032894239
888.9167 1953.3322 464.4656 487.21466 0.0032885955
426.5887 1449.0405 227.283 241.67882 0.0032876127
434.62512 1268.2424 490.31503 504.58588 0.0032829503
769.31555 1418.5776 176.85416 231.23828 0.0032739097
118.182 2030.1174 236.44778 257.36472 0.0032734505
138.03589 912.45276 246.98 718.52216 0.003265355
722.16943 1489.6593 255.094 472.53796 0.003264815
946.9702 1975.3229 136.93718 134.41837 0.0032608947
671.92035 1172.6996 359.18335 388.814 0.0032549517
869.642 1032.7551 485.09152 1334.2595 0.0032267668
566.9932 789.3649 169.82695 142.80963 0.0032252378
745.4226 1476.073 280.7589 466.2448 0.0032221947
890.7932 1202.4196 437.54434 1114.0463 0.0032208674
787.0093 1616.6417 206.35858 205.41959 0.00321932
381.58325 1510.1243 251.08995 300.21988 0.0032102072
859.38745 1772.9976 216.12724 203.44441 0.003198203
899.8334 2029.0505 190.71758 228.07005 0.0031960618
877.22186 2025.4968 212.85783 229.91313 0.003192882
887.5132 1540.9088 124.81362 161.66963 0.0031792661
680.6813 1292.3467 351.81992 378.7111 0.0031770547
985.277 1877.6455 168.75836 199.61679 0.0031760538
128.32582 913.12195 229.93317 720.5086 0.0031706824
349.59586 721.25964 340.8078 624.942 0.0031595763
543.6343 1757.246 198.91882 337.069 0.003151063
401.00684 907.6722 173.69739 235.83406 0.0031502622
819.55115 1096.501 160.55222 187.55972 0.0031421012
731.09467 1885.3411 149.12212 157.54063 0.0031413157
668.17316 1254.6093 184.39876 224.48064 0.0031395436
510.6049 1930.3494 305.98502 236.543 0.0031359938
216.48776 1868.1337 402.6342 578.2072 0.0031327265
1006.0465 1675.8555 266.5123 671.7404 0.0031277123
865.7086 1406.683 373.58105 321.2468 0.003122654
949.36914 1228.7145 392.02298 1741.6868 0.0031213318
852.7841 1907.867 130.56166 131.15553 0.0031190135
499.86774 1530.5812 257.86 426.59683 0.003117786
993.06036 1266.5331 290.97702 721.32837 0.003117171
735.2432 883.5714 196.00737 200.651 0.0031162065
851.7839 1957.3915 478.3168 389.42676 0.0031120928
776.0677 1404.5452 494.32724 505.8061 0.0031048346
681.44324 1992.2362 143.98064 125.84082 0.0030933677
441.8819 1574.7292 835.85175 1136.3966 0.0030893926
856.5096 1289.5491 354.8488 234.12206 0.003088062
114.140175 937.0297 198.3783 667.8765 0.0030854093
759.39374 1392.9366 319.3426 671.56903 0.0030846526
688.6085 1954.8599 200.99767 152.58061 0.003075168
879.01965 457.91483 287.16135 267.73813 0.0030671298
944.93494 2069.8455 401.7911 151.31085 0.0030630964
579.7576 1089.939 1113.7211 2112.8154 0.0030564405
927.2415 1777.3312 253.74873 233.00653 0.0030542747
711.3164 1109.2621 286.4539 331.11893 0.0030464416
325.77036 2069.7693 225.82967 171.95638 0.003041008
636.143 904.72107 778.8035 471.21506 0.003031577
1021.5881 871.4942 237.36093 280.5166 0.0030296347
749.0373 1592.3075 407.01587 467.36298 0.0030275313
963.0292 1519.5153 141.76752 178.35814 0.0030269772
537.37946 1505.7256 313.3257 468.4404 0.003010923
710.3482 2002.3617 141.10214 120.699326 0.0030071265
322.85333 1709.1635 400.3248 367.91086 0.0030057672
993.5277 1677.237 289.44073 648.0502 0.0030051717
594.921 1925.6571 564.8884 414.43396 0.0030019686
649.78467 1220.7882 255.29616 657.76263 0.0029968666
627.2704 1741.9619 172.03992 204.46088 0.0029951816
961.902 2039.5514 271.90942 206.4017 0.002991335
763.92 1851.3894 296.6541 607.8573 0.0029891573
668.64764 1260.9929 283.59116 362.42776 0.0029811377
577.4485 2058.6104 1111.0026 207.36855 0.002978885
695.04504 1706.8953 155.47966 160.49501 0.0029685518
852.0923 1184.9673 186.83951 209.8424 0.0029677318
939.73615 1294.7754 281.872 262.08942 0.0029670815
1009.5406 1215.2399 221.21675 244.78227 0.002966307
548.76495 1517.233 362.64212 282.43338 0.0029624328
815.0467 929.2521 635.0475 847.2586 0.0029597399
739.273 916.8435 218.92235 200.60149 0.0029597145
639.7184 1504.5284 147.18292 167.49576 0.002952537
644.4063 2034.5991 217.12227 171.2219 0.0029505487
683.432 463.35056 856.2091 569.69183 0.0029503382
767.0373 1138.7163 238.18036 307.83652 0.0029501305
1044.7142 1845.5579 189.68242 603.4275 0.0029381376
943.30597 2080.7031 410.23645 131.72704 0.0029139498
1027.6627 1602.7185 202.40747 243.2384 0.0029103954
84.19896 2128.8716 166.31583 73.05874 0.0029102045
978.3751 2077.3584 324.20395 153.76582 0.0029050813
297.97443 1317.2704 508.923 511.21442 0.0028969846
755.54706 1504.2296 260.48215 444.28455 0.0028918914
744.35785 1599.3132 255.31223 374.22787 0.0028870362
796.6389 1486.5754 196.33392 211.19122 0.0028861086
552.5835 1977.1497 209.41277 173.88538 0.0028832213
795.35675 1430.0515 161.36302 278.63925 0.0028795893
961.82477 1402.4663 354.22574 1494.1099 0.0028756517
572.3439 220.17421 1128.4012 422.19775 0.002870996
811.34564 2146.8496 838.4283 69.334175 0.0028697457
705.0932 1484.4841 169.64647 222.02661 0.0028636693
418.25763 1557.8832 257.9006 251.35258 0.0028616453
797.1164 1845.7207 200.85628 220.43616 0.0028445823
961.2267 1396.938 350.30237 1502.0978 0.0028441928
221.29387 2034.6616 422.44876 257.31485 0.0028399252
801.5973 2014.4043 634.46246 284.10336 0.0028344442
508.1038 913.252 281.14725 499.72614 0.0028301952
534.1573 1304.2272 596.439 561.8869 0.0028197311
823.6117 2037.8724 153.19695 118.542046 0.0028167362
996.9952 701.2589 184.3802 204.78804 0.0028074873
839.2493 1537.5662 352.28745 310.6869 0.0028068973
320.01474 1857.7749 486.0526 577.39984 0.0028039373
1019.94885 904.15137 240.3168 379.48462 0.0027975088
1025.3989 779.74347 227.5748 432.35132 0.0027918492
667.12714 1747.9417 181.07509 209.71062 0.0027867747
918.22626 2050.41 417.35138 190.4429 0.0027836475
621.7227 1727.4617 110.45882 145.83604 0.0027833923
683.6802 1716.9442 113.86271 138.68765 0.0027791655
1045.3777 1093.8955 192.1382 337.2481 0.0027735163
697.54016 1024.2759 250.94176 230.80693 0.00277335
471.16812 1625.0186 246.94167 220.41974 0.0027682644
815.149 911.37555 479.03955 1098.5126 0.002763837
981.8667 1584.1193 310.53854 1129.8018 0.0027638134
919.0517 163.4761 449.9741 300.39398 0.0027466633
671.16626 2009.9396 147.30176 107.94133 0.002739266
1039.4736 1788.6652 184.52063 299.43408 0.0027066022
76.830376 662.1 149.63026 658.6207 0.002703605
924.2353 1637.0562 278.85806 329.46838 0.002697215
177.3017 1898.5214 255.71663 430.1606 0.0026948792
1032.2833 1521.782 216.31152 1259.947 0.0026940603
1054.7056 2051.7214 170.96962 184.7074 0.0026937015
797.1456 1317.3901 149.68211 164.67503 0.002692161
189.04764 1790.4725 239.17458 290.72052 0.0026888752
574.00275 1700.361 267.85486 673.6702 0.002687037
958.5717 1765.6952 359.63684 759.32367 0.0026869809
922.1927 1373.2075 417.76346 1547.5756 0.0026847199
847.8519 2044.717 204.29897 168.35905 0.002682169
611.698 1346.9479 679.9419 407.4793 0.0026714099
612.2813 1132.3103 305.57758 338.3795 0.0026695582
222.68678 1923.3943 385.83435 465.35516 0.0026643253
602.01074 1767.532 794.7935 725.21155 0.0026568272
864.2434 1291.6498 187.40184 206.08614 0.0026536451
564.81964 198.34814 164.86009 143.65514 0.002653172
184.61755 441.20547 313.38925 368.2244 0.0026512141
349.11877 1392.1904 686.0173 666.97925 0.0026500002
405.10928 2047.1023 255.97807 198.38841 0.0026498516
929.7145 2047.1652 227.00691 114.02048 0.002646771
711.88995 1786.5289 166.40564 184.98593 0.0026456483
307.34033 1921.1877 474.91443 462.12576 0.0026393675
785.13007 2056.674 217.312 157.01591 0.002639346
987.82465 921.0702 300.18536 624.2284 0.0026347172
413.07532 1159.6193 117.83876 153.06917 0.0026250766
774.4435 1391.6475 171.26576 207.67294 0.00261672
338.52658 1249.6499 510.04938 998.90295 0.0026163096
508.51947 202.38031 201.88507 168.6079 0.0026146562
106.783066 742.36884 203.33406 639.85693 0.0026123181
251.0196 2040.1455 228.89711 218.04205 0.0026115978
963.5397 394.92993 306.38184 421.03177 0.002608955
857.25946 1804.0029 163.01689 141.41147 0.0026073162
752.81885 547.4808 734.10016 727.13446 0.0026038317
422.04926 1572.9941 330.38303 313.44446 0.0025929469
491.91492 1405.6726 406.53815 1062.1349 0.0025858912
372.0686 1843.449 239.60172 209.58711 0.0025801838
1030.1083 2077.0527 227.2979 138.86967 0.0025740382
166.33803 893.6799 238.40504 295.9047 0.0025715346
879.38983 2064.7612 296.48505 163.18593 0.0025680622
1037.2009 478.77295 194.2954 265.5292 0.00256799
611.6613 818.3884 335.1072 220.38951 0.002566265
412.98102 1242.6907 394.38474 317.80527 0.0025633224
329.0808 1592.4674 92.98883 123.41522 0.002552404
991.0372 1817.2273 222.68237 209.06999 0.00255091
1044.3077 1758.3384 192.34396 415.59995 0.002547624
478.59216 1855.8859 741.14594 570.897 0.002524722
900.96844 1197.0344 432.59937 1193.307 0.002521411
710.62134 1872.4281 571.1516 329.33957 0.0025158871
1044.5352 1920.9497 175.98209 449.7938 0.0025132333
323.5211 219.98141 198.77567 158.3795 0.0025124634
399.58475 1217.1484 748.0125 399.34238 0.0025094026
251.12814 1974.9004 481.61423 368.64392 0.0025076177
459.76932 348.65585 236.68861 228.30179 0.0025065336
304.90375 1770.2474 212.44667 184.73587 0.0025037024
195.74744 1452.3687 355.76523 994.4039 0.0025003904
804.4965 1298.6678 134.14888 151.48878 0.002497508
621.5902 1104.9261 244.96355 309.15286 0.002495917
290.1393 2008.0013 568.1072 309.36517 0.0024922974
143.02069 2144.1245 289.68008 45.80382 0.002489795
1081.0359 1995.4462 118.49628 307.8111 0.0024708186
348.4514 1174.2169 158.49417 175.67079 0.0024705895
999.97546 1918.237 206.29332 199.78659 0.0024676004
919.0319 1544.2997 115.842606 149.02264 0.002464159
481.89227 1045.764 143.02768 150.42966 0.0024638341
454.26974 237.13167 156.4896 130.90964 0.0024605386
810.64404 2072.8557 663.45496 180.98396 0.0024605163
318.3442 1356.4518 585.41846 1258.7775 0.0024572685
563.7928 1660.4788 312.2911 608.5881 0.0024412354
356.26703 1304.5103 663.5291 478.55832 0.002440657
853.4242 1164.5913 488.1177 931.69904 0.0024348928
772.8065 1508.2913 179.23218 216.00418 0.0024323633
557.9368 275.70468 220.22188 213.87263 0.0024279023
185.3539 2120.4165 382.05026 101.017395 0.0024224909
746.3036 1198.6788 199.35461 234.08217 0.0024222408
989.07983 1588.0989 254.51866 253.76627 0.002421735
762.10834 1607.588 573.6655 588.0721 0.0024162268
265.12555 2108.5583 376.2497 110.87822 0.0024086172
484.57828 1865.4811 469.43427 567.6155 0.0023998604
947.2589 1049.4061 243.22145 333.48166 0.0023991787
717.81305 719.4513 164.19249 133.27423 0.0023910315
446.96436 1914.7391 504.5773 436.14777 0.002382278
420.97705 2062.135 313.41776 187.93407 0.0023818917
975.5906 1794.25 302.1005 617.6586 0.0023591882
217.3315 545.85114 396.55673 675.6011 0.0023495662
1015.9903 1887.0107 235.8705 532.35254 0.002337858
546.874 935.91144 664.55927 1058.8224 0.0023376734
986.77124 1776.7742 154.20784 163.00885 0.0023361894
337.2223 1986.9774 647.5684 346.3365 0.002325854
576.9652 94.527115 1128.708 182.08162 0.002325635
955.73224 2066.685 178.44026 141.70389 0.0023242158
898.6162 1778.4045 172.59985 156.55276 0.00231882
499.18604 343.06454 142.39207 130.85054 0.0023166698
1007.8786 1980.748 165.65755 146.10774 0.0023131478
112.31814 723.68475 221.58496 627.8861 0.0023093908
727.73413 1773.9692 514.35596 330.16254 0.0023090644
547.1117 2043.8364 218.68439 147.3202 0.0023079847
938.1316 1861.4653 166.5561 170.54254 0.0023057833
1046.9032 887.2855 190.82149 292.2113 0.0023036178
769.7406 2071.414 265.01395 141.55566 0.002296643
595.0901 1458.5507 121.09422 156.0673 0.0022961742
270.60776 196.42758 210.12979 162.09012 0.0022855373
1063.7924 1726.959 146.84833 259.1864 0.0022843631
836.06573 1145.2045 564.4498 963.02747 0.002282903
938.66077 1323.1812 341.40137 854.676 0.0022773263
1020.4054 1658.42 242.31537 980.2619 0.0022732497
897.9557 1302.8174 407.97113 904.1149 0.002270795
899.5721 1614.5166 288.25854 600.23895 0.0022706005
1058.7 2081.353 165.34105 132.59929 0.002265265
1044.8112 1973.7792 183.49207 264.56573 0.0022612861
956.3435 2095.1611 367.99936 104.025955 0.0022576367
646.5756 1000.8227 230.48038 293.95184 0.0022530186
336.02902 313.81937 458.8025 417.2582 0.00225118
394.43817 1856.5421 746.1435 603.34515 0.0022438958
988.95447 1892.9825 156.01433 174.63268 0.0022398832
930.183 2102.4448 443.0749 103.45271 0.0022381488
400.20587 1377.7568 335.75476 1234.9996 0.002232216
851.25256 1114.5165 464.80728 1018.3903 0.0022310247
78.05128 390.28088 146.1519 344.28214 0.0022276742
104.890884 689.8102 200.50496 1182.4637 0.0022267057
645.8747 1614.3712 338.28156 240.53114 0.0022257587
895.5964 1453.2783 132.41885 177.94673 0.0022246165
365.5034 1973.3517 722.0122 375.55612 0.0022242703
978.3994 1125.9325 304.3742 1110.2168 0.0022219846
379.1206 1402.7662 245.34431 735.31665 0.0022132527
571.37384 1194.4243 173.05652 203.95633 0.002209139
521.73035 59.645924 170.09268 96.34126 0.0022008868
812.9544 2079.4656 238.60632 127.01376 0.0021973734
259.46024 320.1265 445.50577 409.89398 0.0021843205
869.84265 2071.6433 410.5928 150.27567 0.0021742429
449.37277 142.3043 365.3841 225.21867 0.0021694915
39.36131 528.0573 78.60678 783.88727 0.002168219
1059.0951 1463.3195 159.95015 263.48547 0.002146177
930.1871 835.2141 193.8063 188.61305 0.0021376903
954.2631 1471.427 190.28088 201.19795 0.0021352365
995.67737 1077.5511 246.82611 1059.519 0.0021332814
1016.3908 1835.7308 227.94377 619.1373 0.0021243596
1042.8553 1773.7802 168.406 197.21384 0.0021204676
843.8371 2091.9404 225.07785 93.93173 0.002114203
114.86487 306.24042 195.56786 218.22566 0.0021135884
250.95421 141.11702 227.27167 176.0727 0.0021062314
637.609 1098.2852 622.82935 393.6545 0.0021057152
1018.9535 702.8955 215.8831 269.17505 0.0020960644
582.5417 1555.022 262.16992 213.81561 0.0020874606
591.982 2080.0488 1031.9889 190.53658 0.0020855821
953.49927 1345.3038 204.45836 206.99796 0.0020794738
1022.6467 1769.2339 213.92206 369.88144 0.002066408
1062.306 1861.0377 156.39708 308.19977 0.0020534934
1063.062 1889.7174 158.96597 220.41869 0.0020524608
901.2897 2093.511 186.87437 89.190796 0.002034513
743.87195 2075.5237 269.34586 136.45164 0.0020258161
662.11597 745.0665 267.53406 236.64133 0.0020250548
1018.82874 2009.5074 147.4937 120.41273 0.002015608
1024.0686 1362.8336 241.73521 1045.5698 0.002009794
1010.29565 1233.2494 264.06406 981.8028 0.002009444
871.71747 1295.7273 407.9385 796.4832 0.0020078516
145.65034 1449.5767 260.5679 1423.2959 0.001992834
160.80582 233.27345 316.48425 439.75656 0.0019926378
1085.6359 1980.8973 113.395905 183.44398 0.0019843706
489.55515 1848.037 707.57715 318.0901 0.0019756472
1042.466 1971.0574 132.90245 137.232 0.0019740334
228.577 308.82697 444.58737 497.8011 0.0019629018
1021.0589 2106.7195 229.75114 93.0945 0.0019504265
1034.2131 1532.81 198.43988 803.9269 0.001950281
537.64856 2100.039 286.56198 116.2392 0.0019501287
475.94467 2061.9211 471.74216 194.42708 0.001941402
971.6495 2074.01 158.57062 121.941086 0.0019403398
1062.1584 1242.5879 163.12012 726.56586 0.0019374709
826.7581 2070.2847 313.58835 147.89029 0.0019370698
561.7497 2112.7017 184.93091 98.133446 0.001930665
261.46732 192.29219 453.0591 300.73923 0.0019177137
1059.318 1929.7107 160.98279 472.42374 0.001908879
1071.3707 1933.4324 130.02101 200.9054 0.001908475
302.78497 120.899155 209.4574 171.63797 0.0019051624
937.7704 2142.8682 386.1292 43.76745 0.0019039595
1046.5013 781.5815 179.53569 269.53464 0.0018994008
1077.1567 1985.8059 133.2081 211.74014 0.001884459
1021.7811 783.2585 279.15094 416.15063 0.001872577
1088.615 1980.2141 108.3986 168.86533 0.0018670914
1091.2032 2071.5652 102.014465 163.71686 0.0018662412
729.79346 1433.1469 292.28918 591.8189 0.0018658157
989.8552 920.6125 309.9666 954.41644 0.0018614171
977.97504 827.6356 310.25085 981.8738 0.0018596116
923.3317 2116.7095 325.83154 66.94737 0.0018495067
1057.3256 2040.491 142.59851 150.2372 0.0018477399
322.388 2094.9385 664.32446 146.70169 0.0018402963
429.55518 2051.687 846.15137 238.04967 0.0018183949
1036.6979 2067.2302 206.59174 155.63931 0.0018071437
1054.8022 2065.3318 166.7776 164.91255 0.001807056
1033.6755 2090.3838 143.04866 128.40123 0.0018004322
749.557 1276.0912 324.91492 494.10352 0.0017931338
260.7538 214.60323 501.3091 356.49106 0.0017919418
1034.9352 2111.5178 199.38802 88.20562 0.0017848492
1092.0552 1880.7507 99.38935 313.84625 0.0017844212
809.9069 2100.6216 277.58707 90.0591 0.0017711408
1093.6692 1864.3789 98.05698 554.27454 0.001759317
939.3363 2119.7664 339.40155 59.324123 0.0017592057
646.0183 724.97723 269.1162 265.92926 0.0017455874
675.5248 2105.299 902.18506 131.40038 0.001722786
1085.0265 438.09842 218.83371 511.6271 0.0017085319
620.2246 1513.0996 560.59235 528.7884 0.0017068369
1067.2097 2147.6743 136.13472 34.609688 0.0016920166
925.72516 1112.8741 396.5606 798.0812 0.0016916026
1092.1249 2021.8313 105.37134 175.63751 0.0016881813
1077.2407 1433.7125 148.94994 240.76488 0.0016717773
470.00616 1170.5402 580.6204 1454.1493 0.0016671171
363.5173 1086.4207 348.4905 1331.99 0.001662253
1089.6108 1117.6504 107.059746 273.44336 0.001649172
1082.3937 1303.6385 115.63552 239.14345 0.0016347613
960.9902 2154.4802 322.69305 31.040297 0.0016150861
1084.3118 1117.9365 118.32243 406.35553 0.0016102255
738.05707 2111.2253 224.99649 95.990814 0.0016035396
1084.4276 1925.5098 114.704254 145.97517 0.0016030555
665.6101 2096.861 379.88058 134.59526 0.001601591
529.38965 1026.3927 372.60876 1181.5297 0.0015892711
630.80054 2118.7012 311.24234 90.207245 0.0015848608
600.9428 2131.1587 981.0736 83.6184 0.0015671984
681.1579 2127.817 238.0385 69.007065 0.0015360438
585.52936 2119.6619 377.99316 86.969284 0.0015338552
1097.3481 2131.5173 90.26386 60.759876 0.0015304434
1010.9845 97.71258 234.71402 156.99033 0.0015196595
1044.7179 2129.3684 181.42123 67.351555 0.0015186173
1087.2513 1311.5585 112.59246 310.1371 0.0015061557
369.605 67.66139 547.98645 122.95855 0.001501
627.8479 1081.429 338.1837 1454.905 0.0014903317
507.49695 1529.4016 582.18964 1043.7455 0.0014895529
1063.8496 1963.7028 183.22125 382.26236 0.0014881336
1061.7542 2131.3643 144.6269 65.936295 0.0014670227
787.5698 2138.259 236.98792 52.168026 0.0014654595
824.42316 1528.5784 325.4999 572.24805 0.0014612769
1021.3044 2145.3938 218.31526 71.663605 0.0014501681
974.3296 2152.7644 250.06477 94.92205 0.001449738
137.23488 1363.3278 214.83429 562.6223 0.001449152
1093.683 602.70294 99.385544 468.47968 0.001446126
362.19684 32.632374 722.78613 58.060883 0.0014413196
1094.7256 837.77905 101.85132 221.1015 0.0014410726
707.7878 637.1742 709.71014 553.0371 0.0014401759
128.35898 122.65258 244.2468 218.40924 0.0014379058
424.963 1161.2341 486.1873 1324.4347 0.0014323251
941.0602 117.21196 388.96976 194.54092 0.0014152371
383.30872 30.305872 162.99698 55.85997 0.001412187
755.24316 817.31476 454.05865 739.2711 0.0014046049
526.31 1405.2666 576.3622 322.878 0.0014023166
882.2962 2130.7837 202.65024 66.92205 0.001390397
1079.0577 2110.2202 120.91637 79.04167 0.0013833295
978.9122 84.59876 307.80148 151.21054 0.0013828238
198.92148 64.80256 388.2102 121.084114 0.0013741042
1072.6327 57.302464 133.59044 94.886475 0.0013736495
954.45514 1648.5696 279.28735 795.63043 0.0013700891
1082.6469 2094.6345 133.52174 123.2699 0.0013406727
260.90985 1265.3506 323.1797 1020.74 0.0013375856
1102.7024 371.62167 79.586235 406.84808 0.0013325842
1095.5511 1907.6644 76.18424 207.9979 0.0013284012
676.69165 2125.568 862.733 111.12821 0.0013266684
919.2142 1183.7837 423.25983 791.96466 0.0013242227
795.4271 2147.415 241.4352 49.78787 0.0013196233
1058.5585 2081.6643 161.1625 156.00446 0.0013044445
1076.5912 2107.086 121.46952 84.105194 0.0012935268
1092.4191 2105.3015 89.98574 94.465675 0.0012900193
832.5728 2140.26 211.6592 75.32127 0.0012823915
875.3832 2130.9028 472.24005 100.4405 0.0012652315
1098.4055 1832.8517 102.60477 169.94803 0.0012588181
1083.7834 1648.6254 151.55264 185.06322 0.0012527717
1112.0321 1803.75 56.832138 299.11667 0.00124034
711.58905 1410.1401 553.94666 643.66437 0.0012283729
1097.2546 2125.204 81.519875 72.62659 0.0012219581
1103.039 2098.6038 65.91303 103.55503 0.0012203633
817.4087 1280.7643 401.83392 1513.3536 0.0011968144
822.51416 1165.0055 499.55692 1568.8912 0.0011839123
878.3766 2166.885 592.41504 8.945672 0.0011700105
404.78433 1545.2067 190.49873 845.53076 0.0011440128
1106.832 805.30804 73.68036 317.66592 0.0011426378
542.2013 1378.6147 173.53322 778.4211 0.0011366096
1124.4287 361.53238 58.994465 208.4887 0.0011332387
800.9137 1347.0134 356.51447 408.2102 0.001132713
720.2907 2146.3777 760.8942 90.21525 0.0011275273
1126.2184 2048.2092 34.112484 199.51936 0.0011158835
1107.4534 1252.2732 72.107475 1826.0417 0.0011150537
670.98676 1505.0831 309.1171 692.37994 0.0010956248
363.50064 1671.663 288.5605 409.95694 0.0010912857
1012.81396 453.38486 321.17712 857.7649 0.0010659859
1022.2817 2116.7776 239.80473 88.39905 0.0010530289
1122.0299 1853.5953 38.715794 224.10081 0.0010475967
1109.0674 2098.4385 78.1445 102.352486 0.0010452011
1121.7332 1076.3281 42.39624 318.40125 0.0010447089
330.24277 1288.3884 414.50156 430.10068 0.0010247452
1110.9718 692.9513 64.65886 280.14792 0.0010181997
620.45264 1334.0677 418.03143 476.10202 0.0010088572
648.6127 1034.5775 539.00055 522.6151 0.0009956354
1130.4377 1138.1721 36.546703 391.09387 0.0009910894
827.22205 401.90204 574.2966 466.19485 0.0009907344
1124.114 2048.62 47.674026 197.35497 0.000980329
1108.7028 2132.0615 60.334248 68.03192 0.00095681427
1121.333 2070.9314 41.91311 180.58015 0.0009393539
694.16486 432.30936 731.8227 531.4166 0.0009211847
576.28766 1315.0862 272.0743 863.3731 0.00088308624
350.47284 794.23755 240.36465 329.57513 0.0008757568
993.35614 1792.6425 298.9562 590.0652 0.00087479514
446.12054 1599.2561 953.15137 1095.9218 0.00085898413
990.65106 2126.8872 266.7388 97.29593 0.00084186427
1013.63165 991.4299 270.75415 897.0353 0.00080023037
1032.0911 2063.3035 197.89552 309.5554 0.0007553289
620.5231 1203.6627 283.52017 458.2394 0.00074988615
621.3978 1165.8464 1021.3208 246.40555 0.0007205898
719.58234 1517.3953 282.5864 1066.7603 0.00066632277
530.4528 1539.6937 976.4159 292.6792 0.000613953
863.44666 516.51184 509.70758 686.4976 0.0006086781
