581.4079 1424.9524 1148.2307 2834.8027 0.45683822
582.28766 1742.2455 1149.226 3465.3445 0.3646514
565.2233 2106.8594 1095.8263 1423.8324 0.20316671
574.5284 1912.4253 1123.509 1816.0427 0.19456702
564.91266 1853.1287 1027.119 1803.6063 0.12123205
609.84326 2098.0107 889.3953 1301.7441 0.11947971
790.08466 2015.0653 484.3313 1071.041 0.099367686
44.05043 3069.971 86.79004 880.41406 0.09797761
572.73444 1656.7164 1055.4365 2206.2832 0.09004118
690.523 2080.0173 702.55676 1244.3729 0.079673104
584.6086 2023.8644 963.56323 1396.7573 0.078737326
574.28015 1602.4731 940.1307 2051.771 0.07766912
752.8813 2044.1384 588.7215 1215.5026 0.07317728
821.58075 1965.8427 383.78842 943.9799 0.06542539
578.85187 1994.3146 1132.5972 2905.1372 0.062265225
579.13654 2196.3464 1139.0826 2582.5938 0.05651844
797.17865 2020.4375 505.70956 1129.1265 0.04648254
96.45661 3071.7263 189.58774 878.06 0.04490053
650.4515 2040.2246 862.24524 1414.0002 0.043126658
726.18335 2065.5305 727.13153 1302.7258 0.042775393
572.6001 2419.8677 1129.024 2103.1174 0.041617967
421.50043 70.73874 429.67502 140.73193 0.04147424
600.85614 1795.5535 853.80347 1514.5442 0.04036629
318.26608 851.7249 625.7957 1706.3143 0.039713047
626.1423 1877.0181 900.88794 1654.4951 0.03745449
856.1606 1829.2704 299.06494 651.3926 0.03320111
737.91895 2064.71 754.58777 1330.4854 0.032026984
866.85986 1794.3934 252.64331 556.97345 0.03185259
105.315544 3240.8765 181.14261 541.3321 0.031594504
42.6384 2937.7224 82.82116 612.2579 0.031061262
177.54579 849.85236 346.5758 1673.4586 0.030999297
578.6585 1707.3789 941.57666 1413.633 0.028927863
315.77512 775.1239 620.507 1549.1997 0.028678196
565.72894 1279.3539 914.8484 1815.6544 0.028645398
562.0507 1059.97 1059.8989 1983.3074 0.027423456
559.42816 69.56722 698.0249 138.76848 0.025432827
577.4976 1039.8091 1119.1523 2063.5627 0.025191993
839.9076 1446.4113 303.27048 159.73077 0.025133505
322.56726 1412.9784 634.16626 2817.84 0.024903057
729.3801 1948.4822 587.25836 939.81195 0.02392435
198.85066 856.78687 387.6809 1715.2844 0.023672363
842.4809 2085.9321 377.16446 1192.8083 0.02274035
798.39514 1853.3612 439.73935 747.94006 0.020824432
628.0179 1633.9977 894.041 1790.9307 0.020503925
484.04828 1333.6049 841.151 1962.3008 0.02021635
581.9345 891.3604 1141.7054 1773.0425 0.019998334
317.3001 218.97612 625.2743 437.9768 0.019949099
715.0344 1896.3436 745.88806 1559.4026 0.01967198
533.38214 960.9848 1007.3817 1793.7587 0.01926648
444.6754 840.4427 873.6798 1682.6786 0.018831253
683.3727 69.11166 948.5347 138.4763 0.018787744
322.45218 74.07182 628.4949 148.04097 0.018619845
547.33185 841.3875 1063.005 1672.2399 0.01840764
888.802 1682.4205 191.45819 354.1255 0.018349383
174.13379 711.81177 338.45856 1339.4121 0.017917076
582.3681 1422.1267 1146.2225 2832.105 0.017856957
465.30255 72.532005 904.8683 144.99808 0.017768344
441.57193 1883.0613 836.0244 1711.5491 0.017326526
882.4937 1983.1499 415.6241 1003.7512 0.017216489
755.89496 1989.1697 694.79407 1239.9504 0.01700462
753.7158 52.144733 307.58197 104.22019 0.016987395
235.40933 913.43726 460.64233 1826.2961 0.016893992
451.96835 1431.3965 863.1578 2732.839 0.016741516
887.67456 60.648666 573.4934 122.108986 0.016693288
591.0286 72.95848 1173.0646 146.45453 0.016585391
597.2678 2042.5295 745.3744 955.72107 0.016554698
432.6647 2120.5278 825.7072 1291.4261 0.016329471
576.18976 1525.4052 841.823 1082.3981 0.016303938
187.30957 1412.0652 363.86655 2818.9946 0.015933562
893.1635 1654.1187 154.51115 276.5797 0.0155411605
513.2549 896.2065 973.81195 1672.3019 0.015535288
559.6552 2531.7227 1086.1752 612.5024 0.015497077
640.825 69.06139 926.67535 137.97617 0.015408809
302.6158 1751.0596 590.7315 3485.1704 0.015373547
487.98837 1446.3928 837.8493 2184.751 0.01535102
756.03046 1963.748 686.40265 1437.2662 0.015131994
608.792 1401.5065 765.72754 1575.7244 0.014873553
629.5599 63.845184 880.4029 127.663345 0.014722982
549.00525 917.9444 913.16473 1472.584 0.014240707
319.01303 522.76245 626.80035 1045.9208 0.014089562
463.38422 212.83702 881.191 427.5609 0.013987893
570.5196 1591.9885 997.6604 1262.578 0.01387356
570.875 1902.109 865.33844 909.28894 0.0137273995
851.1593 1900.5813 256.9469 320.06976 0.013546963
781.9177 2182.7415 242.0742 440.2327 0.01345932
639.01825 1305.6063 904.70984 1812.0916 0.013214145
419.03003 2585.2568 742.1756 401.74658 0.0132020945
580.41437 2942.1504 1140.65 1124.3284 0.012948392
584.6732 737.8248 1149.6844 1470.2659 0.012799229
179.70557 245.50522 342.97223 388.10767 0.012673336
572.4267 1265.881 755.6525 1533.5669 0.012654222
284.94324 688.07886 552.86084 1372.5085 0.012636224
582.52435 1745.0283 1147.447 3473.52 0.012631073
507.20737 66.24274 253.41444 131.29005 0.0125939585
562.6908 966.0536 773.28937 1148.5234 0.012592132
588.4158 1317.9191 776.7028 670.63104 0.012491211
439.33698 727.49396 856.30096 1449.007 0.012476592
183.69049 1167.0829 355.73 2330.9568 0.0123536
375.74045 213.72743 512.6098 428.85608 0.012245341
543.4509 2601.8184 1046.9377 470.33624 0.012045974
556.11255 1538.065 930.90466 1100.761 0.011930352
314.29327 548.59436 609.1587 1097.2742 0.011929216
436.87546 1747.2843 857.6841 3484.7964 0.011919301
526.8839 2109.256 936.43085 1254.6763 0.0118457405
621.1991 1421.4783 752.0704 859.9665 0.011817057
924.8894 1852.6628 338.75922 706.80206 0.011788398
407.85754 1424.7836 790.5903 2740.9744 0.011706248
728.3902 1796.3873 621.9648 1095.1659 0.011596001
111.62458 3262.1863 161.15875 498.9351 0.011589182
329.42166 1262.4319 642.41565 2525.0383 0.011588473
246.75896 1095.2655 479.82053 2192.515 0.0115736695
796.42474 1510.6405 396.07117 317.29187 0.011484079
95.7391 581.8514 174.89513 148.21977 0.011451317
530.0683 2031.9874 672.64764 931.3515 0.011420218
453.67178 221.93771 900.44464 438.8336 0.0113933645
443.76816 700.9863 869.4218 1399.935 0.011227879
604.37683 2472.5544 192.15126 146.44037 0.011182733
746.5895 1932.5977 745.7537 1687.6722 0.011134418
585.5943 3086.7588 1158.8693 840.4195 0.01111385
759.96124 1869.0485 693.9796 1671.1567 0.011104929
497.58215 2359.9592 800.52014 751.01715 0.010985995
833.0883 1672.9722 340.96658 612.75226 0.010943701
732.1864 2236.83 384.64774 577.9501 0.010940228
462.5247 250.73361 309.39212 339.6362 0.010872283
369.27148 207.42221 523.52936 418.12897 0.010844392
706.2164 1782.6436 737.76044 1596.7231 0.010836794
497.78693 714.91327 442.7484 604.01013 0.010786663
800.7242 1449.9691 175.37047 124.2349 0.010765213
474.0848 867.9175 794.22107 1448.1931 0.010729522
464.1872 1754.7358 751.65344 1307.6807 0.010678655
525.4896 2551.1543 488.25098 323.98123 0.010669908
580.0078 1357.2081 851.2644 783.9634 0.0106524555
560.1511 835.7546 759.2625 896.1712 0.010584217
180.51726 588.73315 347.72693 1004.64465 0.010539956
849.14484 1929.259 267.2865 799.3972 0.010538271
901.94354 2045.5895 477.81274 1242.4784 0.0103811445
556.9241 218.43756 1092.9845 430.0582 0.010345001
782.1395 2226.8503 451.56784 675.8387 0.010328611
415.30124 1258.5608 437.04333 517.16144 0.010306364
599.73 1379.7773 925.46893 1165.6168 0.010184626
587.7452 229.92894 1165.2379 455.5691 0.010181935
829.0723 1751.8514 511.00867 886.66907 0.0100389635
911.4627 1849.1309 405.80716 699.7248 0.010028614
518.7685 644.9153 1006.968 1284.5657 0.010009696
527.0354 761.16254 610.8605 757.30396 0.009989982
605.12726 984.90875 662.93866 1011.1162 0.009949073
609.3971 2430.2625 808.081 545.31915 0.00989023
680.931 1617.068 667.32086 1055.291 0.0098740775
724.48645 59.757427 378.8628 119.442055 0.009866216
450.2555 540.55493 882.8238 1074.8007 0.00986067
183.28387 1398.2744 355.50577 2796.5066 0.009846606
885.35815 1630.1448 108.321396 198.81493 0.009810641
332.03986 1239.0953 647.91254 2474.6182 0.009757095
455.8445 255.05174 336.90564 354.75073 0.00972707
318.59662 1259.1201 621.296 2530.3003 0.009709604
594.3655 811.1717 480.36282 551.92975 0.009679756
170.34523 525.7626 328.24 918.3985 0.009676004
649.20026 1283.5044 616.30237 500.61563 0.009643361
596.9848 808.281 375.86288 406.69632 0.009626804
644.9931 1132.8717 841.5761 1393.3704 0.009575082
860.5211 2107.8208 420.81525 1359.2375 0.009524721
776.3914 55.129734 507.4321 109.67971 0.009485059
614.5301 2541.8657 289.2489 278.9235 0.00946709
576.99866 2781.903 1132.5693 1443.2389 0.009443972
773.78937 64.53712 472.10507 129.47528 0.0093913125
751.70306 1588.4272 487.28122 471.44452 0.009382356
179.14993 3069.7156 347.0249 878.647 0.009336747
136.21683 762.4694 256.41257 626.34106 0.009289646
727.91986 45.27834 323.95074 89.677666 0.009285762
454.7416 235.9219 904.5072 467.57166 0.009267505
863.7503 1758.3287 252.00214 483.08887 0.009262734
807.1101 1889.7156 162.44427 195.0686 0.009201007
807.2384 1648.1967 397.9407 567.1456 0.00919733
321.55087 416.37155 630.9424 829.0839 0.009183413
308.82114 1408.2329 571.4408 825.25604 0.009165122
715.95605 1798.1028 580.43054 843.5615 0.009145769
794.9112 1783.7646 594.1525 855.2303 0.009144045
588.8236 68.90017 1142.0002 137.091 0.009113581
845.9906 1848.9573 511.46896 1391.2698 0.009103304
300.3926 1601.8314 115.84518 256.12314 0.009085445
140.05742 940.22797 266.62387 980.37756 0.009054066
104.626114 607.1555 195.45409 275.07178 0.009043975
586.5782 3184.8657 1153.9692 647.4986 0.00899878
655.0592 2259.9243 491.7883 619.5541 0.008976822
616.17096 1791.3779 732.45044 1175.0232 0.008924521
463.11453 2552.315 510.10187 302.9478 0.008917189
673.1042 1966.7269 576.9267 853.3144 0.008889128
696.1279 1646.5665 660.3853 1099.9567 0.008882385
449.58307 470.39612 883.2013 936.96405 0.0087964535
466.74115 717.4722 471.9066 650.26624 0.008759007
398.34726 1148.5608 737.2667 1765.6333 0.008746864
657.8233 2081.9746 907.89874 1343.5144 0.008708568
497.5737 1697.7688 630.9661 1513.8689 0.008659106
30.440128 3332.2783 58.46688 355.79282 0.008403984
801.81805 1780.4584 615.423 1677.0508 0.008394537
363.29742 2450.9827 695.6619 708.7216 0.0083112065
538.7149 792.701 302.25497 395.76056 0.008273972
800.4479 1490.3451 293.45782 273.80203 0.008273547
578.61426 481.74 1124.1641 959.0922 0.008259492
578.4321 1422.6671 673.9958 1143.0493 0.008200815
843.9698 1922.7987 563.3187 1693.4181 0.008184368
744.59283 1680.3496 582.1767 1793.9451 0.008174843
646.34015 2337.2202 739.4603 819.92706 0.008153615
362.93527 2559.892 295.14606 305.14243 0.008116194
694.0447 57.18272 945.73346 114.11984 0.008051847
608.70123 1197.4034 699.4897 1236.8622 0.008043004
117.30361 641.00134 218.27202 379.55475 0.008019895
498.6767 1827.5643 790.3702 772.1181 0.007893425
384.06134 1763.9193 737.42456 1926.8691 0.007858871
340.24792 959.2362 587.6991 1168.4089 0.007780058
508.67892 1265.5714 327.51477 432.49158 0.0077719972
511.53833 1385.1322 920.50397 785.3976 0.007758865
479.2964 1006.6923 568.8544 1203.9081 0.007734356
977.34393 1851.3593 301.52512 682.0493 0.0077220625
513.66364 1986.5697 577.25 786.6079 0.0077122846
430.18198 2162.98 643.3389 912.5911 0.007699362
508.5331 62.061886 349.33316 122.68797 0.0076880185
550.67334 669.3201 1069.2017 1334.852 0.0076193567
540.29236 693.2121 501.83444 552.2124 0.0076130787
419.38397 1203.541 295.07745 376.25238 0.007595011
658.2803 2138.881 454.3644 707.603 0.007585198
451.5914 1178.7421 844.2105 2162.7854 0.0074997446
137.65062 1014.1201 262.2861 1080.9346 0.00740647
785.30994 2301.8174 209.687 239.98128 0.007378558
852.2018 1863.2826 560.3694 1805.3401 0.0073672095
773.6192 1793.4528 657.3466 1619.9558 0.0073598768
506.36102 574.62244 986.6028 1144.74 0.007336868
626.79095 1239.894 835.25415 822.42847 0.0073118815
131.28036 3238.8792 248.6376 541.1917 0.007301741
243.77484 436.73306 473.14697 868.43665 0.0072816806
461.638 1432.6963 462.0072 790.19214 0.0072805774
714.136 1862.2963 787.0323 1929.341 0.0072016283
809.15424 2123.621 295.5772 481.51382 0.007184316
737.6162 2332.9187 179.77332 236.44084 0.0071783876
586.5955 14.831537 1150.0536 28.323593 0.0071317498
709.38495 2076.9224 838.92664 1549.0066 0.0071177515
424.5231 107.67556 706.27606 212.7659 0.007114985
889.0683 1961.4238 195.17131 271.9612 0.007074023
829.4539 2325.2715 374.2153 494.80194 0.0070496416
350.31628 1911.1132 697.00226 1785.3623 0.0070363567
687.2328 1919.378 446.1368 766.08044 0.007027487
911.65784 1773.7605 408.55826 785.7671 0.007025421
534.02216 1146.3049 696.415 1120.8401 0.0070237936
409.76587 212.20818 605.24506 427.67963 0.007017226
173.31836 376.5435 339.07346 727.3145 0.0070121274
391.2832 1762.1803 336.7031 528.7281 0.006979628
631.6215 1056.3075 611.14087 844.5179 0.006962793
548.7704 1239.5138 1030.8959 922.0784 0.0069215274
562.0655 1535.0815 1040.3269 1151.3673 0.006908495
150.0437 616.7414 285.5802 1092.1344 0.0069030924
747.0801 54.818516 845.65186 106.97747 0.0068850713
626.17316 1244.099 370.24338 470.5857 0.006883419
818.33234 2305.7356 128.9426 201.25891 0.0068806517
39.6763 3278.594 77.07168 462.72018 0.0068700993
906.2662 731.0885 530.0924 1470.0206 0.006844008
760.6824 1300.3745 510.77905 480.21518 0.0068316436
499.99838 3095.8196 982.75635 821.55646 0.0068045496
661.0028 2228.5593 320.88406 507.6523 0.006789324
463.6512 2193.6226 753.8375 688.05536 0.0067721657
377.03604 164.14651 534.90594 326.57617 0.006742543
630.58234 858.8518 842.0978 1343.5747 0.0067417864
163.83525 474.91782 307.68274 468.51248 0.006719494
756.21106 1765.5947 669.59784 1636.271 0.0067188796
547.3955 1261.4677 1043.8318 942.69653 0.006703317
539.2354 1021.0749 678.2326 927.3146 0.0066937134
393.34677 1628.6305 732.50116 1191.8242 0.0066922964
176.75092 1326.915 336.49838 634.39703 0.006678462
720.06384 1573.9281 538.2462 425.48648 0.0066705393
383.8805 1180.9122 709.06696 1422.6317 0.0066642105
459.41757 2431.6118 418.29272 501.40625 0.0066461572
590.7954 2334.492 380.76016 463.15005 0.006612482
693.6539 1950.7006 297.35892 524.85974 0.006578254
763.75366 1200.8496 241.57631 223.68222 0.006574624
579.1004 1876.9646 514.8646 1567.3505 0.006532624
661.68054 1014.2083 934.81165 1784.5066 0.0064813355
936.0959 1413.3795 219.14377 197.4277 0.0064593116
840.22925 1330.8044 378.18808 377.41113 0.0064469604
266.3234 1657.4303 217.345 387.88556 0.006433264
930.0226 2021.3756 315.88486 1039.7103 0.006428249
519.5035 775.364 179.31384 322.42603 0.0064135254
577.6198 2376.2773 914.33997 1841.0708 0.0064010704
893.76337 2378.518 239.10214 284.74344 0.006396941
272.22565 2570.0789 268.25946 298.989 0.006372263
140.93553 1328.1989 268.70795 631.47876 0.006362422
124.84263 927.6121 247.73756 1796.3884 0.006339532
634.2176 1763.3795 261.24915 405.29526 0.006330943
569.77655 1930.9222 426.17825 861.4873 0.006307021
545.0424 1105.165 1029.4141 1442.933 0.0063030478
326.86572 1234.8499 584.06415 531.53253 0.0062475055
453.95303 1469.0746 441.76257 833.2369 0.006204252
377.4064 956.76697 709.4764 1365.9835 0.006180911
646.54065 1147.4279 774.9471 1208.1445 0.006171282
917.081 2038.9543 177.96443 261.06415 0.006168688
555.855 788.6453 613.97015 764.0891 0.006159878
590.56165 295.60275 1185.0328 586.3619 0.0061597694
728.8827 2165.7803 253.14671 401.6899 0.006157321
263.52286 2312.3806 477.87943 579.5863 0.0061539398
892.92957 1929.7878 476.81137 1547.2034 0.0061503826
691.2574 1475.3475 887.70636 2166.3296 0.006146027
779.86444 1334.7183 683.2979 1698.2427 0.00613067
300.34406 66.294876 215.83412 132.56528 0.006059113
965.84686 1938.4532 293.59482 736.4569 0.006049566
401.1635 1386.4426 575.456 873.89575 0.0060075354
416.9656 1684.8531 316.72583 446.4737 0.0059538824
154.32146 1416.2028 296.49304 2865.5425 0.0059475075
906.412 460.17056 536.7557 923.68286 0.0059445705
245.6519 533.6151 485.39478 1073.0427 0.005930541
744.6032 1.6078163 364.69104 3.3204877 0.0059297252
856.4572 2398.9573 305.70306 328.09036 0.0059136893
500.4465 1834.4613 368.53677 476.65204 0.005896676
192.23672 1770.0305 349.06763 598.1026 0.0058897818
550.0216 823.2491 669.73474 1470.6648 0.0058896164
835.0753 1815.307 554.5079 1758.0391 0.00588374
581.5972 970.53735 385.63754 554.67773 0.0058752005
889.33356 736.4529 565.4546 1485.8035 0.005835085
259.81686 1773.2245 407.83575 608.50464 0.005824881
279.6153 1595.821 164.52661 263.81775 0.005802463
91.05855 2216.6714 171.49518 2566.3303 0.0057987976
198.80594 1670.8589 320.71683 408.7205 0.005760146
611.1061 2462.9417 761.5403 2066.9375 0.005759782
560.62024 1375.6805 1009.22845 871.43365 0.005754116
1018.3554 1656.6056 79.31948 107.20802 0.0057499195
942.06256 1808.7357 398.3792 1326.6873 0.005748987
644.26556 1100.8724 500.47946 854.2906 0.0057267025
513.9255 1521.5437 966.77594 1001.7339 0.0057254126
353.19662 66.43697 302.35944 127.65817 0.0057237223
504.49265 562.4709 422.59048 899.77466 0.0057230843
905.143 408.74863 521.8491 813.2955 0.0057160174
683.1401 45.93892 157.77457 93.3371 0.005708372
103.16682 2756.4954 192.82887 1511.0135 0.0056999614
506.7706 15.344673 999.6552 30.666792 0.0056962254
496.85007 1187.7798 529.9497 878.41095 0.005691814
762.02185 1573.0771 610.3991 798.9142 0.0056917085
366.28452 2143.2578 288.1264 332.22852 0.0056903083
471.7062 403.78253 941.15045 800.88635 0.0056739473
734.2911 1638.0555 607.2071 1201.4982 0.0056560934
650.40173 820.2453 238.19041 303.44858 0.005653284
537.3438 2547.3596 237.88753 224.73538 0.0056384318
173.70175 1929.1835 337.78482 1822.5503 0.0056360527
431.36777 925.4846 510.9237 952.86383 0.0056283376
535.2826 15.961133 839.72626 30.467985 0.0056259637
111.35049 963.723 209.99167 1403.8385 0.005615721
496.8038 641.532 811.0835 1175.2605 0.0055966536
402.0909 1045.2156 475.97086 816.93274 0.0055894293
752.5191 1729.8784 748.7222 2138.252 0.005574417
806.2578 2437.392 191.3043 296.95813 0.005569011
572.9624 1593.3407 1000.4437 1220.7505 0.0055577545
1032.3756 2079.5386 181.966 216.62335 0.005552747
796.4752 1355.8702 518.33685 368.561 0.005551657
832.8423 2094.3623 219.75114 317.46716 0.0055453475
898.7471 859.74207 536.95917 1731.0425 0.005544759
570.68304 207.87831 802.54877 417.4449 0.0055182427
575.7051 1148.2136 327.21536 362.29224 0.0055028195
247.98602 66.94679 287.24197 134.14839 0.005499097
509.06433 29.278822 621.9947 57.968662 0.0054697385
682.3301 1419.7483 699.15106 720.18695 0.005469342
171.84036 429.82687 330.11087 769.3337 0.00544032
889.2569 1392.0338 544.5061 2804.0203 0.005430069
661.1667 989.73303 581.16064 1017.597 0.005428768
326.7174 11.757105 263.15085 22.780016 0.005426207
578.6993 2326.2202 347.66452 667.12866 0.0054058847
614.91943 2126.9143 405.37912 627.4066 0.005392664
596.62445 201.40948 656.78156 403.89417 0.0053688134
547.1134 972.26794 696.10443 1760.3318 0.005362655
763.3332 2582.2104 244.09418 269.14777 0.005355147
808.3695 2501.9724 393.09155 407.64456 0.0053462447
302.42664 1847.1965 598.44476 1730.8158 0.0053425594
696.1558 1538.8612 637.9142 990.4528 0.005328322
675.03467 1874.6119 411.6622 785.919 0.0053275763
448.17474 2180.828 436.9961 530.2187 0.005326826
614.5603 8.3720875 846.2946 15.65718 0.0053254925
474.26855 793.51227 498.4723 745.2508 0.005311706
448.50363 2007.4263 809.1581 2875.5564 0.0053053135
334.0516 3.8541138 608.60846 7.4231954 0.005280988
1011.53033 1654.7471 108.91792 186.46484 0.005278286
396.73282 1854.4037 229.5372 325.63382 0.0052560554
812.12634 1189.9551 371.49918 584.84296 0.0052343854
639.01636 1323.8615 344.7024 342.2671 0.0052275644
588.55865 3351.0908 1133.3627 318.0965 0.005226543
599.6279 1262.2942 784.6443 481.4242 0.005216831
300.19168 1691.3677 206.29465 443.57965 0.005208706
570.62646 1240.417 483.16232 1022.9129 0.0052085994
1028.4323 34.437897 318.01718 68.465866 0.0052062455
142.77893 1232.672 268.9745 430.54422 0.0051966645
950.9255 1341.9827 239.09697 348.4791 0.005193823
828.15985 2191.156 223.24687 367.05133 0.0051806513
756.3911 1130.3463 551.3877 776.2127 0.0051721726
899.9751 1783.49 468.82462 1813.0753 0.00517137
759.45557 1887.7491 647.97107 1113.111 0.005164768
944.8716 2080.8496 183.49632 236.14365 0.005156447
596.40594 543.85974 242.4969 329.4502 0.0051461104
539.8825 1142.2853 836.0606 1402.2577 0.005142179
835.388 1415.6841 470.04367 752.69836 0.005128977
796.18744 1589.9504 384.3085 445.17502 0.0050838003
959.58984 2044.7253 218.40848 306.82697 0.0050695064
728.2616 2632.7478 289.68912 308.77652 0.00505161
916.2689 2358.367 223.01653 351.34503 0.0050465893
520.1456 635.71747 608.84015 713.0017 0.0050354972
158.03836 684.2216 307.44165 845.1552 0.0050131017
757.40717 12.508195 293.3521 24.848066 0.005004338
430.25232 2169.1638 241.5983 314.7379 0.004997078
830.09796 1178.3778 408.55347 632.2231 0.004992568
749.484 1284.7579 585.33673 805.67584 0.004986749
320.92783 15.066115 638.5109 29.279753 0.0049862117
339.27832 1.7448225 629.3568 3.4292598 0.0049789967
688.9257 797.92914 294.88675 409.65765 0.004956457
662.54083 1537.6986 168.89023 247.53947 0.0049556005
747.1993 16.57282 553.39484 32.198967 0.0049286196
899.16064 247.70738 564.7171 497.26926 0.0049159443
208.47282 2875.7307 403.8281 1259.793 0.0049133073
1010.4464 53.311737 305.37943 107.45007 0.004895091
467.80777 610.6152 286.73178 354.83948 0.0048775487
548.05676 17.351665 1060.495 32.739845 0.004864155
396.05014 33.187977 786.51495 66.82163 0.0048557464
631.56256 485.46286 749.59973 977.3383 0.0048461314
664.8198 3349.8713 934.84906 321.0853 0.004826299
387.74146 1922.1572 271.54996 379.84442 0.0048227916
347.08994 620.7874 678.76056 1235.0718 0.0048186877
553.41675 1400.9755 422.77762 782.86096 0.0048146215
126.355705 827.5146 211.48203 351.94397 0.0048006224
631.3516 1324.9402 192.67996 260.20877 0.0047998866
452.4815 1874.0319 218.70387 288.49585 0.004789959
637.94385 1024.1975 363.93317 541.6809 0.0047846134
236.31374 724.21185 437.11227 741.3494 0.0047824862
577.1192 2487.1301 185.22395 189.88654 0.0047753244
787.18994 1627.555 394.68674 1028.3539 0.0047724177
918.6698 2117.6343 442.51547 1414.3483 0.004770509
610.8955 2637.311 186.70085 204.70241 0.0047661616
296.26178 2387.856 238.99405 308.83725 0.0047276667
464.24902 752.62115 769.03687 1125.8716 0.0047211493
995.2678 1695.6168 277.2906 992.7879 0.004715016
474.26956 239.89706 367.2348 479.46155 0.004708826
1013.1097 12.10514 236.32977 24.69468 0.004707767
660.6594 1455.2926 802.37445 914.2757 0.0046921773
576.3364 419.0965 525.4336 793.6936 0.004683883
302.17477 1751.4606 484.5584 586.4806 0.0046788617
994.8063 348.2442 334.21075 587.2933 0.0046731583
614.38354 60.760777 252.22191 127.01421 0.0046681063
537.4739 20.088596 978.6958 41.09402 0.004653471
30.139961 3297.8079 59.400913 419.5824 0.0046533872
642.93994 809.3181 248.28107 270.0922 0.0046223626
835.056 1869.3085 587.81134 2054.7747 0.004608717
731.43884 1612.6848 752.2448 1232.901 0.004604593
637.0557 180.35117 564.6705 362.7344 0.0045926035
992.6657 1769.7612 307.562 789.77484 0.004590507
1027.0588 519.5377 305.11368 1046.1376 0.004588065
170.62828 2956.6946 338.51596 1084.5865 0.0045820693
900.09467 408.89178 556.0772 820.316 0.0045808665
576.7751 885.0246 271.356 352.3428 0.0045209597
1138.9354 2538.5554 251.4012 1145.08 0.0045133885
790.0176 1483.433 607.6904 1243.922 0.0045091654
338.54224 1718.8151 317.15515 507.15918 0.004506123
1081.1179 24.653204 206.5752 49.957664 0.004500146
1051.0686 70.04986 267.15942 140.2249 0.0044955364
584.0054 706.0556 535.12946 636.1615 0.0044551888
700.8431 1021.0473 808.6428 1363.0052 0.004450211
742.59674 2099.3865 723.0321 1446.619 0.004445992
841.8935 1910.3837 147.48755 186.60522 0.00443941
646.0875 7.179754 1099.9099 14.460839 0.004426377
855.82837 1453.0258 441.9362 669.8125 0.004418439
477.25406 201.76134 419.9748 403.84552 0.0044174762
889.92957 1537.7687 437.8621 975.2644 0.0044050897
491.9455 164.6815 957.58124 317.53748 0.0043984023
505.94568 1390.719 383.6021 579.26434 0.0043983795
313.79443 1730.2224 450.14728 553.9018 0.0043945955
1063.071 3246.5513 244.78017 524.9529 0.004391882
128.65485 484.29694 179.5194 230.05344 0.0043910127
755.2045 2.1756186 296.21555 4.323423 0.0043896805
481.1345 2507.3086 325.43607 204.39415 0.0043791733
122.69842 1206.1737 233.98135 968.43176 0.004367629
130.17679 3035.205 245.14209 817.66144 0.0043622474
583.1756 1898.3947 546.2843 1511.2817 0.004359202
696.8236 3366.573 773.3318 285.27698 0.0043469695
792.52997 1560.5981 539.7278 1241.9917 0.004340016
513.32733 1567.007 248.67737 330.94104 0.004333018
422.07016 16.728197 460.07388 33.114117 0.0043318844
532.16766 354.96115 395.23846 538.07745 0.004328003
870.6692 1409.0208 393.36832 998.21497 0.0043239715
749.2264 1547.7882 362.443 435.45413 0.004317844
677.8683 753.99634 560.36816 1011.56964 0.004310141
1008.5314 2047.9347 299.70038 1196.6005 0.0042998064
566.2344 1350.5308 274.98956 325.599 0.0042913957
523.33875 248.60611 437.90442 479.8527 0.0042840014
851.70715 2373.4456 439.7218 885.8372 0.0042591365
633.3274 2663.139 156.12277 154.90097 0.0042418633
511.15244 2998.9868 887.11414 502.64963 0.0042406567
482.56918 231.59796 161.47418 225.51393 0.0042300345
78.79761 205.59459 155.939 382.26767 0.004224742
453.82596 66.55938 375.02713 134.08943 0.0042202026
1043.6556 3311.0552 261.69785 408.67453 0.0042198556
770.10187 1255.1073 197.99327 223.7406 0.004203399
165.41988 370.2996 333.15436 718.4542 0.0041919425
567.28064 2290.768 465.87363 730.9331 0.0041829273
776.454 2506.4077 570.9934 1008.2245 0.0041761417
623.6286 1252.2714 216.5924 268.1114 0.004170308
956.8202 1402.3625 281.57193 505.35608 0.004151001
626.23315 477.65582 565.124 896.18823 0.0041419733
741.07904 1560.0577 706.2759 1496.6838 0.0041355584
149.09825 1254.8262 249.14265 438.6502 0.004131717
663.0629 1684.4929 649.6379 602.1875 0.004124977
365.562 1796.6963 219.75348 378.90732 0.0041192984
110.64422 851.59827 188.3481 388.7112 0.0041164337
116.913765 860.94104 205.84816 466.51126 0.0041012047
928.6693 1426.9689 230.28745 203.1184 0.004099166
598.1051 1141.9467 947.75793 1308.1948 0.00407547
183.59586 10.1599455 377.7588 19.773605 0.00406225
877.936 3276.3298 504.88193 496.09808 0.004053795
797.5467 1396.2373 566.77563 1037.4524 0.0040511163
150.04095 45.677307 290.4587 87.95708 0.004025943
291.32803 473.41507 267.64267 279.5097 0.0040180143
525.42004 4.526354 459.30606 8.570504 0.004010901
42.111176 3069.1863 81.539505 875.96436 0.004008802
760.2158 1083.2931 214.5718 244.29695 0.00400446
272.19373 926.9912 199.90436 266.23526 0.0040018247
479.20895 95.12745 937.88214 191.85574 0.0039906516
907.8239 3411.3347 497.31195 191.0542 0.0039815796
123.27151 588.8896 206.46803 233.45238 0.003963307
168.4701 474.90665 297.84134 562.2392 0.0039530597
581.093 1651.6833 344.04895 492.40707 0.0039476
944.2195 1693.356 414.03098 1714.2372 0.0039349436
798.623 2484.2288 563.017 685.19226 0.003926367
101.98985 3267.9958 189.64333 485.9394 0.003919151
262.96558 870.8924 471.76453 891.78326 0.0039139534
594.02795 1835.0927 478.6174 1384.6887 0.0039046064
99.515785 3393.621 185.82855 242.7032 0.0038822095
806.72314 3143.1904 764.0414 720.9186 0.0038806647
152.23619 930.81 280.87408 725.1695 0.0038755455
949.1001 3238.8218 263.53085 444.6423 0.0038523648
1105.9176 52.95823 161.86516 104.609436 0.0038478738
232.84523 142.11482 423.94492 292.39932 0.0038452353
941.04065 2440.312 198.59018 269.15503 0.0038351608
746.06726 1791.7855 301.29218 506.70407 0.0038305616
925.4628 3357.5227 451.71472 304.5598 0.0038140013
559.35944 2541.2668 553.1104 1253.994 0.0038107776
487.31158 3206.1204 755.2608 586.1391 0.0038054143
1065.0707 1850.8625 186.0458 628.0624 0.0037957286
597.8608 3097.5137 942.66003 401.95068 0.0037894193
1072.5905 10.927124 238.19533 21.778486 0.0037828225
767.8876 3368.0852 395.2985 284.687 0.003763025
664.2283 3323.429 380.99008 390.1817 0.0037400154
163.66505 603.97034 316.9014 1054.9562 0.0037314703
139.385 2448.2422 248.77342 402.4 0.003708454
593.10913 3103.5134 1107.7546 1261.0547 0.0037040135
722.17224 1289.744 191.38354 263.0547 0.0037031637
1090.0659 27.066164 200.32332 54.975002 0.003701361
1064.2589 2082.3975 136.49171 186.97604 0.0037013136
459.0714 2354.1545 320.69907 348.3467 0.0037005558
675.1032 2012.2101 243.87236 361.83298 0.0036922952
97.87395 704.39417 182.3596 780.5185 0.0036912728
790.9213 3366.3337 323.8571 286.0767 0.0036840024
136.33083 3286.4963 125.37949 435.30673 0.0036673655
985.045 2062.291 341.28973 1446.546 0.0036632179
717.73474 1215.3778 313.27194 300.9786 0.00366232
608.1168 1880.2827 489.59387 1390.0546 0.0036226613
1019.26526 3170.5298 287.98602 523.77435 0.0036186718
723.5329 2251.5942 156.25137 253.47574 0.0036110035
870.57245 1975.8318 126.53682 166.16809 0.003598506
691.15106 1253.2354 306.29837 554.21155 0.0035867796
560.44806 1433.8676 236.50755 295.807 0.0035825828
960.71625 1820.269 144.3414 326.96786 0.0035777418
1051.7758 3277.0327 218.1931 459.77872 0.0035758552
728.12396 754.8491 294.30298 470.97958 0.0035627102
596.4788 3387.6543 830.65186 252.08008 0.0035618336
596.17865 1636.6785 264.84467 374.4784 0.0035409064
70.089325 675.23926 131.08144 555.65173 0.0035242287
383.2626 1957.6201 204.87102 267.82285 0.0035013766
723.49005 1081.9178 223.70561 262.78693 0.0034971796
105.99761 1270.0256 185.0794 485.20218 0.003488952
361.93903 3281.529 552.0178 476.08838 0.0034851807
545.9418 1240.4171 1008.2782 596.1781 0.0034807636
708.72675 2075.447 674.92535 1246.8762 0.0034534086
902.2541 3324.2698 474.52127 370.89285 0.0034518845
816.58594 64.38293 343.70477 129.20029 0.0034483448
636.73755 1275.5013 312.8219 524.6139 0.003435636
1033.8953 3126.9922 266.3246 479.76178 0.0034255304
140.01894 99.15091 252.5284 196.32304 0.0034191278
189.49036 2282.204 305.1023 686.95856 0.0034134812
985.1102 1417.0872 249.37201 522.937 0.0033984997
879.08575 2564.8357 194.02141 236.70963 0.0033962198
147.90466 543.79285 235.43857 1077.7543 0.0033900957
893.7487 3239.2266 239.90994 389.39804 0.0033895948
583.76434 1753.5464 1158.3816 3457.1343 0.0033851038
527.51556 2339.1497 266.04465 365.2558 0.003376439
584.10736 1729.12 357.91718 675.3732 0.0033733917
560.8839 295.74765 199.10486 306.34607 0.0033647139
611.8282 2689.6072 192.76787 281.29883 0.0033309509
124.61937 100.466705 246.00813 194.51382 0.003320199
580.67706 3415.8728 1027.4259 99.77154 0.0033119754
815.33936 2431.6926 245.61902 296.89917 0.0033072552
765.6759 3198.568 507.43555 582.12714 0.003304135
870.0298 1094.858 535.3673 2135.1333 0.0032915352
24.144476 3419.0847 45.22748 180.75536 0.0032851074
1053.08 493.65805 260.59198 995.2686 0.0032814667
137.68977 1426.0039 230.6096 516.7589 0.003278089
948.3903 1226.8668 197.94037 292.9192 0.0032752731
472.03412 1189.4407 432.71634 586.0266 0.0032721208
96.02422 3068.5815 194.22418 886.59717 0.0032704931
508.32837 69.22311 987.26776 148.3652 0.00326211
1037.7864 3276.8113 222.9539 462.50394 0.0032474373
80.05249 2739.8286 142.04568 266.19882 0.0032461733
392.1452 2259.7532 205.30861 249.06926 0.0032187982
935.5507 1103.0941 472.01495 2231.9504 0.0032181847
1092.4167 2074.654 91.868645 170.95093 0.0032177488
873.8057 1226.1953 375.51825 572.75806 0.0032175302
789.7211 2323.1992 138.38011 199.88457 0.0032133183
829.23456 2076.49 403.97864 323.82922 0.0032124324
583.5469 2836.841 1139.5682 1340.5131 0.0032074847
624.9749 3363.3687 315.1583 284.11752 0.0031935272
1096.5023 2064.1802 70.16459 128.54375 0.0031911829
376.67853 1903.2506 509.3759 1453.9648 0.0031857586
519.2495 68.589386 989.0173 160.6539 0.0031829786
917.8368 3347.4985 245.7228 314.4615 0.00317881
862.2049 1543.1039 535.93945 2251.9216 0.0031667843
804.0067 671.09467 649.63696 1292.7524 0.003165776
70.0361 506.54065 129.42229 256.1924 0.0031652253
574.8306 1308.2041 482.1278 617.39465 0.0031640024
399.03937 324.14587 812.5228 650.94714 0.003163566
1111.6516 2064.9722 312.80304 1108.8304 0.0031607132
553.74115 946.44965 177.83392 194.94383 0.0031553004
1035.6229 3162.4019 289.47955 477.2336 0.0031479404
197.35242 3358.16 381.22803 314.48956 0.0031375298
1081.615 2877.778 174.79926 417.5019 0.003126566
300.30792 2985.0513 557.33185 632.7039 0.00311594
543.28595 1631.8303 157.83124 242.59343 0.003110636
865.9904 2098.1833 137.7193 213.43845 0.003107398
773.7647 1720.1117 263.00137 395.6215 0.0030870112
1055.4893 2867.8901 236.6927 618.26056 0.0030822235
212.90735 672.14886 408.2912 1318.8262 0.003079375
1021.52277 2.635259 348.45093 5.074881 0.003067038
106.315544 3330.315 172.51083 360.05466 0.0030388087
965.68115 1736.7715 419.019 3482.5662 0.0030374394
612.25714 1865.2078 399.2565 891.62415 0.003032528
972.49713 1479.1365 270.02524 595.461 0.003017843
1015.1622 3315.1326 291.56238 400.41815 0.003008103
502.2477 3473.694 583.384 198.08961 0.003006679
1068.5057 3.2495494 249.23396 6.3392563 0.0029926382
829.126 3074.6292 553.50806 547.9269 0.0029911178
554.0717 1459.2427 1069.6227 888.9703 0.0029875375
793.0039 1859.6588 549.4489 712.82935 0.002982344
116.06437 3405.451 192.49117 213.54109 0.0029607632
850.9716 1263.2782 200.97906 202.78183 0.002948326
79.83196 80.779655 157.38956 155.85669 0.002947771
108.37685 3344.956 150.75078 328.8492 0.002947673
428.46475 2787.6282 242.10219 188.89372 0.0029258805
72.16806 1608.8118 126.553856 257.04684 0.0029079998
1071.9233 3292.865 162.98952 438.29517 0.00290273
1041.9434 1998.8301 176.28784 347.5414 0.0028792953
1017.5507 142.02881 339.7755 286.73663 0.0028646716
108.8729 569.86884 156.24756 199.78963 0.0028568343
252.68994 1341.1459 519.5823 2668.0908 0.002855199
1018.87524 671.0177 298.60236 476.7499 0.0028518615
119.347664 3404.2668 140.1516 210.6404 0.0028512105
817.98303 3407.4492 220.3879 208.16014 0.0028499842
86.83175 836.7605 149.17137 345.60117 0.0028452764
745.63605 3350.851 252.27888 297.26868 0.0028437166
943.4644 1295.8174 197.37975 253.74815 0.002839176
1104.9331 101.16824 162.50203 201.39835 0.002825712
901.7861 2784.834 393.69308 450.23572 0.002820627
711.2057 1613.0249 192.63731 220.62788 0.0028139947
700.86096 2970.536 608.34814 649.78674 0.0028077464
524.6647 3486.698 781.18726 130.93886 0.0027936816
108.867546 3473.156 157.26874 80.97481 0.0027920497
321.2902 2962.4006 479.85843 383.41418 0.002788092
904.93164 769.55725 571.53705 1564.7635 0.002769477
739.5452 1502.2104 295.213 273.15958 0.0027689463
588.2363 2474.6018 91.69359 90.003136 0.0027556536
729.2639 218.86737 384.8835 284.73813 0.0027504195
1015.5219 3432.5122 269.1126 146.0485 0.0027374143
1141.665 38.036293 82.638885 75.62493 0.0027332716
639.713 2751.1953 158.77086 173.57706 0.0027300061
852.7568 974.8963 357.21848 737.8625 0.002710223
326.39746 1545.9705 611.8565 983.47656 0.0027016643
1081.2098 2939.2063 162.76186 380.49338 0.0026961288
913.5394 1766.773 455.47488 1907.9353 0.0026901604
1050.5807 271.265 264.96228 548.5166 0.002681409
1008.8801 1885.7745 292.87476 1404.9683 0.002649335
557.25214 1519.784 345.19333 470.74988 0.0026429887
916.39246 3380.9082 199.3319 234.23538 0.0026428553
817.3901 2309.0417 96.982864 177.03275 0.0026364631
708.2324 2989.8975 220.22734 268.93826 0.0026272556
243.47632 2169.4163 512.53503 2491.2083 0.0026225469
903.8491 2619.8157 254.46104 314.85956 0.002619605
713.9209 890.6122 847.5583 1754.1019 0.0026111817
789.1627 2272.5315 110.45298 213.67154 0.0026081956
1062.636 3341.1604 200.5129 345.02368 0.0025935338
1083.0269 628.7695 203.16223 1290.599 0.002592218
1090.1177 3364.6836 152.54007 292.34015 0.002589049
994.6846 3274.5159 277.58084 438.54794 0.0025882106
346.0016 3043.1995 499.0325 327.92606 0.0025830742
42.894295 3067.8447 82.939064 879.49603 0.0025684359
796.5607 2742.057 587.39667 777.3376 0.0025680023
1053.9978 1449.3226 108.21217 147.63495 0.0025648202
830.5535 2843.054 248.81062 308.7532 0.0025632298
1022.00525 2461.4585 185.11417 357.72604 0.0025432392
753.4299 2823.2832 298.95187 290.68982 0.0025215659
1015.9036 1244.0997 270.50952 543.41473 0.0025202287
535.7298 1727.32 392.0736 763.77466 0.0024938092
61.690765 2635.7139 120.21673 354.7514 0.0024702286
816.43243 76.833496 703.96893 150.88371 0.002464663
912.5354 2838.5024 180.4455 262.19183 0.0024564995
940.9565 2406.399 233.72017 373.55594 0.0024508142
575.0587 2182.4836 1092.2523 2453.879 0.0024505905
1052.3986 2673.1594 194.06137 306.07263 0.0024468843
743.33813 2946.9512 547.9144 322.16135 0.0024454007
568.6299 1822.359 680.2517 1463.7634 0.0024432405
1122.8159 619.5814 118.68715 1309.845 0.0024378374
892.789 2694.7302 241.63069 278.0459 0.00243422
1003.5386 2901.7966 357.54288 1229.7404 0.0024315743
772.21014 2004.5283 167.04263 249.7352 0.002427646
1104.5408 3221.34 167.78845 326.77905 0.0024209276
1040.1621 2329.988 174.20378 299.06247 0.0024095913
930.9893 716.22986 307.772 554.5473 0.0024095217
17.293188 3437.3074 29.369596 141.61757 0.0024016886
876.4566 2564.7734 449.1012 1113.0756 0.0024009575
242.62259 1852.9154 459.66235 1720.4182 0.0023996125
679.1954 2971.9924 434.68707 443.3807 0.0023963605
530.58075 2964.3284 257.31842 263.10178 0.002392893
558.5327 177.39429 244.394 308.84113 0.0023845083
934.59875 2601.7397 238.67992 277.27255 0.002380213
877.83417 1137.8787 351.4712 647.32306 0.0023784451
684.20483 1733.7107 323.99808 634.4025 0.0023773636
1040.2418 2198.515 303.99792 1430.1211 0.002369599
216.98405 1727.9075 227.11055 369.35315 0.0023681836
920.8946 1574.2234 414.48245 1587.5283 0.002367947
1044.2358 164.99792 283.80093 330.20682 0.0023625002
636.9808 3482.0732 787.00964 214.69635 0.002362336
974.7941 3457.3374 431.4059 118.17467 0.0023605858
771.1853 2944.9895 254.89037 385.61597 0.0023568706
188.23428 3033.858 230.88997 388.439 0.0023510018
503.79678 1980.8857 1022.6063 1855.1263 0.0023346571
929.6572 1127.7516 288.66507 512.8373 0.0023338376
1077.8661 3429.4355 207.93018 186.21033 0.0023289954
1118.8998 3383.234 108.889366 248.39516 0.0023287882
877.46265 2537.6736 477.84677 1233.659 0.002328787
948.13824 2790.4255 345.2335 413.97458 0.0023069715
678.258 2333.4167 160.04376 215.39487 0.002306264
939.58057 310.06607 444.38602 625.95905 0.002304713
1055.7894 3473.2808 244.75673 108.661736 0.0022963842
985.0879 3295.278 316.81747 429.26456 0.0022940102
572.94696 1532.4062 494.6417 1474.8306 0.0022898428
814.87646 2781.0544 141.06204 254.20871 0.0022848991
21.960627 2850.4478 33.964546 474.03177 0.0022802015
561.1637 2901.31 876.9785 1236.2642 0.0022734443
730.55023 1725.1061 410.25183 893.4575 0.0022727393
794.4528 1893.6357 87.2545 120.712654 0.002268182
610.641 26.333117 1025.3591 63.02103 0.002267963
1104.3043 84.97631 173.62128 162.79016 0.0022553662
676.91833 1022.5337 517.5379 1270.5687 0.002247397
816.66327 2817.1611 154.54152 222.00981 0.0022455768
409.23178 1755.0901 480.69516 1505.3779 0.0022438106
585.6807 3002.5315 197.8216 310.46548 0.0022309104
828.81665 1439.5385 215.02306 157.08282 0.0022225599
1045.7207 820.1162 258.7944 801.51013 0.0022060552
1066.5269 3458.7397 228.81824 133.18314 0.002200402
64.21427 1396.7504 124.731415 879.5514 0.002190092
1055.3732 1270.1528 211.92497 423.80014 0.002187115
972.8252 1086.7738 346.12006 619.4434 0.0021834706
676.18506 1519.4607 844.6694 1182.1576 0.0021684626
542.466 3487.6992 1072.24 83.773254 0.0021654745
1004.04724 3412.532 266.36096 199.90575 0.00216272
26.07593 194.84496 52.688454 376.7879 0.0021504732
1040.0079 2541.4534 292.01312 1087.6389 0.0021462822
925.6485 1039.9406 511.0733 1922.5259 0.0021418384
839.94995 3448.2712 241.10574 148.92336 0.0021251754
179.5183 223.30577 354.21014 424.85703 0.0021199277
1132.5415 3298.7073 98.672325 431.9112 0.0021189526
1075.8706 3460.0269 186.6467 90.62085 0.0021037774
960.931 2715.5293 168.42197 257.50534 0.0020622597
988.0012 2318.5925 213.69829 355.54855 0.0020590073
978.8386 890.56415 279.94095 467.66434 0.0020577768
709.72424 1904.5863 862.4278 1542.0065 0.002034972
1023.9615 2076.0261 211.65904 198.523 0.00202897
695.05414 2816.389 620.7695 419.66754 0.002022545
574.5143 1879.6473 1125.9966 1874.723 0.0020220755
1119.622 392.93802 133.70859 804.3452 0.0020062623
1109.8192 3379.6077 151.05035 221.79128 0.0019986208
50.92119 1043.6919 92.11232 530.1292 0.0019893413
702.61755 1277.6294 680.8582 933.9879 0.0019827858
132.87933 3485.8743 223.25824 60.363667 0.0019783822
1095.2628 1486.25 167.79971 343.1483 0.0019775114
1073.6642 2569.7712 166.95074 316.90314 0.0019768463
429.99228 1389.0563 359.72815 624.3134 0.0019740448
779.99713 2050.4219 474.61768 1150.1398 0.0019706658
908.5938 1661.3192 428.64478 1044.8406 0.001941682
1134.1392 2406.669 92.297195 557.4726 0.0019104386
1134.6307 264.89874 105.39252 543.90875 0.0019022134
1092.8488 2398.6494 193.09862 728.81573 0.0018904716
614.5818 2960.0251 1044.8553 789.5045 0.0018841919
94.78 3067.8103 186.86702 882.6377 0.0018817239
1077.1183 1232.0143 219.29245 788.69934 0.0018656764
496.397 2473.789 504.33112 466.85876 0.0018594489
1040.7346 2383.5151 170.17963 375.10687 0.0018575151
186.93694 2080.0725 211.41231 1234.2483 0.0018413801
1042.0405 1107.958 279.83575 828.7988 0.0018346607
1141.5457 1373.0519 94.43591 401.12375 0.0017915383
857.8152 1744.4325 490.6271 1072.773 0.001780315
531.0168 2120.5364 769.6646 1206.4592 0.0017801115
32.142883 814.018 60.252975 547.8952 0.0017561961
19.643665 3473.0327 31.18879 107.97392 0.0017542145
784.8481 1792.5369 516.7938 1529.6996 0.0017528413
1093.379 1780.1552 166.7544 1905.5094 0.0017460037
28.306452 3472.9563 53.71618 131.27657 0.001732848
33.2537 2694.4902 65.96115 332.38263 0.001687067
620.26996 520.6795 988.1812 1037.8289 0.0016499221
846.75885 937.0301 646.5017 1420.956 0.0016183318
966.81647 1572.9243 458.5605 1480.3267 0.0015994308
949.3052 2004.4554 365.215 1317.6187 0.0015603505
564.65216 1413.3297 441.7931 799.7587 0.0015352434
875.0734 2420.4683 716.73755 1446.742 0.0015284315
960.8496 1834.9525 303.64255 606.0847 0.0014932111
683.3741 1914.2211 447.14423 585.0283 0.0014868546
1082.0643 2189.7825 155.8221 366.93948 0.0014807301
1161.7883 3305.3936 42.337494 418.89948 0.0014473067
1174.1515 3047.5994 44.58973 264.23212 0.0014373336
122.80709 1444.9382 233.27707 2741.7693 0.0014302928
258.28265 1676.2671 218.61949 1632.139 0.0014037015
1092.3324 315.9306 234.14656 667.13947 0.0013990878
914.819 1159.4117 587.86505 1188.3126 0.0013869235
1107.2893 2420.9949 174.44225 376.61203 0.0013762068
440.97638 1962.1829 353.89725 1193.1248 0.0013512764
586.0341 2551.8052 928.1199 1929.193 0.0013418479
501.77066 2056.5872 274.4653 1014.1612 0.0013323075
1141.4856 3472.9395 77.901825 83.05301 0.0013304347
1012.6496 2325.403 421.81345 874.76196 0.0013248918
268.1457 2584.5469 339.39365 352.32837 0.0013092938
248.4075 628.23065 593.79504 1090.9952 0.0012990488
1147.7664 2309.2388 102.15651 352.1987 0.0012542909
303.72604 1743.233 628.9749 3458.1323 0.0012437548
410.8054 2467.3914 179.2116 706.5236 0.0012404101
618.9654 32.074787 1182.1462 67.644485 0.0012355796
723.77277 1673.2603 212.55946 364.3148 0.0012249233
853.8848 1964.6239 563.3411 2062.8965 0.0012162838
884.7791 2097.9583 406.59988 944.43005 0.0012075331
383.81375 1898.0453 477.88123 641.2545 0.0012068414
964.33264 2345.6013 280.12228 690.06104 0.0011929378
566.2849 1655.3218 1031.7627 2245.176 0.00116309
1059.4103 2452.6099 412.706 761.9245 0.0011560242
532.4465 1883.2751 863.5782 1575.3552 0.0011493482
548.9752 1585.0024 365.0182 794.6168 0.0011490498
664.4098 1837.6971 418.90347 557.62976 0.0011472524
598.4342 3509.6052 982.2248 18.362581 0.0011280731
1029.0992 3334.642 305.5015 362.1841 0.0011217529
1171.0021 626.8787 30.459833 788.9434 0.0011144074
379.2242 1582.6284 367.885 1041.657 0.0011076023
688.4693 1703.8196 625.9479 1485.307 0.0010960302
640.32465 22.73536 1184.8746 47.34129 0.0010897394
806.58594 1903.9237 172.25183 478.22513 0.001079483
1181.02 3282.6265 20.538795 267.94553 0.0010770361
623.6935 34.01762 1136.0536 86.83816 0.0010768961
518.45636 1273.2177 622.27246 564.2189 0.0010735109
565.84247 2272.1262 221.17177 663.93445 0.0010732389
417.83228 1372.089 563.75946 786.95 0.0010642193
724.9845 1748.5265 353.71643 766.3576 0.001062613
787.79236 1721.56 664.8588 2068.4272 0.0010619401
293.52878 1814.1031 381.46573 1277.1469 0.0010570493
364.4511 2113.7253 380.32208 1243.4573 0.0010508792
966.4848 3304.9102 413.0607 564.74207 0.0010441308
485.9899 1466.4778 308.737 1130.063 0.0010370386
733.28906 2108.5916 486.41742 828.2148 0.0010361962
956.12195 2107.309 580.3132 1239.8514 0.0010011123
354.76675 1815.8169 365.9758 1263.6888 0.0009928227
636.795 1827.5853 185.35516 609.2483 0.000989033
483.48523 1718.3065 357.62894 662.79016 0.0009867863
908.39404 2402.3022 484.27448 750.9305 0.0009864353
631.5193 19.069399 1162.6608 42.536762 0.0009845326
661.72766 1815.8392 362.77908 780.8238 0.000969873
735.3198 2158.0686 314.89536 417.8078 0.00094959023
895.49786 724.66614 604.43945 764.7367 0.0009373508
790.6205 3012.5151 706.3805 978.5863 0.0009142731
923.08496 1754.4427 400.01202 1082.8964 0.00091171765
832.0804 1825.1901 503.8892 1583.6785 0.0009009204
583.0345 1751.0682 473.38046 476.6224 0.00088136556
809.6235 1802.9061 592.7616 2013.8627 0.0008697929
856.6669 1646.9082 567.9442 1264.3649 0.000869198
720.7934 1751.8829 282.63864 765.7139 0.00083649514
589.1133 1496.1357 387.67432 933.15936 0.00081529614
1020.17285 1401.5222 453.17957 859.96234 0.0007998298
893.86237 707.0987 641.2165 796.10004 0.0007531651
626.9632 2019.5874 746.4917 1153.5946 0.0007245882
940.8985 2032.6969 660.4505 1034.2472 0.0007211173
977.9578 3097.117 626.7717 807.1027 0.00069719244
1114.5079 3474.8542 182.58792 78.20789 0.0006768852
1038.2397 1084.9652 488.9721 789.2915 0.00067553663
909.70154 1624.93 441.7951 1116.0731 0.00066052395
962.8396 2223.8486 704.3308 702.9807 0.0006580916
913.3967 1684.4524 417.4942 1044.905 0.00065690913
766.7476 1687.823 423.81955 689.0637 0.00062918745
597.7145 1055.1823 642.8798 907.8684 0.00062316586
1056.9705 2194.2295 553.5286 916.8265 0.00058615085
1012.43115 799.7911 624.26556 681.89404 0.0005638045
547.9463 1405.0546 1075.9492 880.08954 0.00055549556
817.0938 1950.2279 437.28006 962.1253 0.0005464434
891.77094 1615.074 647.1968 1001.1597 0.0005176177
693.83203 2017.1954 808.8804 1204.2024 0.0005002112
843.9636 1523.4847 702.1106 730.7311 0.00049108436
1028.5687 1428.9692 459.3308 640.79193 0.0004874915
1083.9675 1898.6375 546.6805 474.2222 0.00048632076
1085.3636 1728.2323 442.46686 660.5286 0.00048096429
1067.1576 1327.4009 536.28735 627.337 0.00046371305
1059.989 1779.6367 525.3937 455.3499 0.00042517448
