481.7746 1067.3162 751.3818 2082.9792 0.8814012
528.6182 966.8243 33.499027 31.762697 0.10831975
544.76917 1121.422 591.2972 1247.6478 0.051707413
528.31805 966.67584 56.08094 54.736263 0.05064025
537.93756 1144.969 564.3791 1070.9296 0.048760813
502.46 1110.2601 670.1817 1264.9357 0.04569088
509.8117 1172.7717 660.86633 1388.5726 0.03573663
535.2392 1246.2015 566.41675 1096.4813 0.032950807
547.3981 1214.1359 567.90515 1295.2583 0.032291193
527.252 1278.1396 599.9767 1251.4626 0.031097276
481.65964 1065.85 748.93524 2081.8271 0.029383117
564.74207 1169.3959 567.754 1382.215 0.027081506
540.20685 1293.0526 570.2039 1315.1263 0.024312148
65.53122 1203.4583 105.70432 165.97258 0.023782164
551.4184 1227.3517 587.6345 1498.1108 0.021995636
540.4732 1106.8995 469.7314 857.92365 0.020267667
510.43396 902.26624 632.0414 1097.1365 0.020025397
512.4577 1003.6397 629.837 1188.4286 0.019536061
730.14233 253.2643 67.77967 55.007946 0.019265559
519.27344 1017.6399 170.62381 159.77174 0.017071798
535.26215 1018.7369 475.39536 701.2559 0.016468083
578.39655 1036.8112 512.193 1085.6926 0.016440788
539.2494 1271.4132 536.2184 785.7559 0.015107531
531.6721 920.7283 583.2576 931.472 0.01398218
491.8646 791.4599 702.3765 1209.5677 0.013839835
494.08502 988.4231 682.54193 1020.6305 0.013536127
537.9253 1108.1094 457.0902 699.43585 0.013098845
531.5788 1010.5524 73.96621 134.41222 0.012456879
549.6746 1264.1821 456.9427 738.80646 0.012272958
476.94727 1154.5836 573.60754 1009.1788 0.011962394
541.3436 1005.7301 583.13574 1401.3792 0.0119463885
490.28235 1237.8641 693.7123 950.38855 0.0116835255
528.1704 965.8341 37.33241 36.93581 0.011670412
563.35876 888.5594 566.4456 852.46796 0.011626301
495.3851 879.18475 675.4866 1025.6561 0.011513586
523.5524 1443.8619 607.48895 869.20636 0.011345133
488.38522 886.99896 716.51306 1447.8754 0.011209714
486.75043 1423.2104 729.27124 1298.5879 0.011156716
576.3538 822.0497 522.3664 665.0261 0.0107440185
480.6416 1194.5713 638.2866 915.54236 0.010522665
654.8402 1579.7616 126.958336 148.77661 0.010327314
560.34735 894.2165 571.1055 869.2965 0.010254428
603.8421 1912.1227 49.431255 136.03171 0.010069018
488.1485 1652.7329 734.1391 902.0411 0.009887018
492.33246 1323.2795 701.2667 1351.4185 0.009826162
568.2653 1360.6986 460.65225 575.5139 0.0095931515
573.8317 855.7449 524.1032 726.5964 0.009281338
511.33087 959.1392 338.77307 361.10077 0.009113813
356.96832 872.31726 77.163734 63.155304 0.009111135
533.6613 968.02075 112.32517 88.86625 0.009075358
721.4432 1965.358 268.81143 262.44577 0.008952632
252.39484 1027.5762 245.4074 455.56735 0.0084148515
469.31003 1128.3073 557.1675 1120.3652 0.008410277
527.6696 977.5512 310.28857 303.83817 0.008362743
484.12558 673.3322 737.52826 1263.201 0.00835111
543.9059 1460.6848 574.4937 966.48193 0.008300017
484.63678 977.1072 280.05426 275.63425 0.008291543
560.5883 700.10443 572.2454 1161.3994 0.008258044
465.63254 1141.595 536.1401 1109.9539 0.008237535
572.18066 1144.5819 382.46146 596.9426 0.008210245
576.683 767.2533 544.8008 610.51355 0.008036061
530.16406 886.73364 435.9435 488.77588 0.007995219
578.383 933.36224 521.8609 903.50275 0.007934916
486.97418 1547.5969 734.32623 1099.3158 0.007911105
559.7579 1791.4106 579.84503 555.78644 0.007902666
604.06836 1949.6852 31.766033 55.507156 0.007877057
600.6439 1374.922 261.02853 350.02167 0.007730924
592.1988 1105.943 413.6527 752.1798 0.007668182
453.78693 1194.6996 547.409 1000.49927 0.007643389
688.394 710.0318 318.65317 488.34732 0.007497377
401.0537 1425.7426 172.55542 222.34096 0.0073800255
740.6718 254.10748 36.33858 42.522022 0.0073157176
500.40878 1009.1946 118.04022 143.84367 0.007280126
474.74042 1086.6482 563.79254 1208.39 0.0072799297
530.51746 1401.7554 487.1819 501.1445 0.007237322
603.9819 1937.0496 36.786987 85.14967 0.007186575
557.8138 910.3176 572.0233 909.32404 0.0071374886
648.51556 750.7053 281.87442 353.3325 0.0071292887
573.5099 874.63074 337.69052 449.71045 0.0070963847
65.40282 1306.7633 120.51633 404.487 0.0070511745
511.93985 1685.596 317.56564 247.96057 0.0070409854
550.40985 1678.5946 581.9897 386.557 0.0069481037
602.81305 1343.0505 201.22133 272.9939 0.0069202627
502.4022 1205.8304 421.7081 637.6684 0.0068461183
622.3658 777.3713 219.51807 288.5098 0.0068333107
551.37714 1349.1146 539.3042 622.6612 0.006792769
554.5138 1095.6484 388.5689 470.56158 0.006764863
492.45657 1808.9235 726.1101 603.649 0.006761474
262.60803 1014.0661 216.20406 339.456 0.006760053
697.8465 1572.6433 220.64656 174.3269 0.0067495755
561.67426 488.2461 580.1963 909.1724 0.006698528
493.48587 1442.9764 670.6188 902.1925 0.0066820183
487.31125 869.68854 715.7779 766.3354 0.006678136
571.18207 716.4166 538.08984 483.4968 0.006634293
472.54153 1086.3356 404.77536 642.61835 0.00658462
550.9944 990.8894 326.25983 376.2101 0.0065617897
428.17822 774.7762 257.95514 239.65868 0.0065240352
543.11755 1179.1702 420.33496 541.2355 0.006479868
500.65796 1103.7278 281.61844 352.15298 0.006465049
658.18365 738.73627 204.86777 261.88614 0.0064628315
456.58826 691.5005 328.47906 390.79227 0.0064288336
568.80164 745.448 526.6893 432.70554 0.006373359
487.66992 486.5822 725.91864 935.174 0.006289273
641.9162 906.8609 89.77699 118.58077 0.0062807444
621.25073 794.9723 443.5048 648.8786 0.006279515
611.333 1282.5939 433.49774 762.8013 0.0062697274
527.8777 1018.1879 118.06763 159.75945 0.006240511
456.90732 712.99066 314.7495 346.48502 0.0062234835
731.61884 255.30728 135.25322 150.82639 0.0061839926
611.3327 1347.1848 357.25275 429.7394 0.0061622364
562.84985 1736.359 190.47775 140.97646 0.006161293
630.5225 1417.8213 363.42953 510.9765 0.0061121904
454.0923 1189.136 612.33496 879.6376 0.0061013033
556.00604 1007.82446 243.12454 190.44388 0.006040017
566.76337 742.4893 87.80898 95.76644 0.006023037
637.9238 918.9142 126.45605 152.6622 0.0060108732
538.76624 887.46246 587.397 835.8086 0.0059944373
615.02057 748.20465 463.28485 577.1406 0.0058960863
576.9786 1179.5505 312.1572 499.534 0.005846085
388.0817 1352.4694 236.07736 356.31805 0.005746439
597.22406 826.1787 246.79408 330.58054 0.005685643
508.1165 1312.7213 336.9199 481.8271 0.0056848284
624.1637 1336.8491 406.15567 649.0057 0.0056687472
555.974 1372.7816 523.621 561.8544 0.0056526754
551.58057 1723.7112 228.67567 170.21432 0.005650971
557.44714 1320.5143 140.59468 216.79347 0.00563662
655.91705 1404.4987 352.39606 492.42084 0.0055927592
73.30348 1549.7821 137.93091 1065.9951 0.0055680503
547.99384 979.87036 272.86606 253.4495 0.0055595706
461.86227 986.2598 394.7124 606.4753 0.0055571273
463.62198 1159.5892 620.5737 674.7218 0.005500944
505.41153 1723.0817 388.95435 362.62155 0.005491329
316.51764 836.82886 62.934776 86.61361 0.005481616
487.05615 684.8623 707.3227 1018.33875 0.0054520355
621.55804 1277.7511 419.07132 805.4241 0.005438161
390.4841 928.7976 549.4722 1153.5278 0.0054364824
534.2323 1102.8835 529.25226 493.97693 0.005363489
561.8805 933.1594 439.9503 528.97284 0.0052878084
595.0743 817.17834 408.2358 596.83167 0.0052830726
444.06494 1079.4508 309.02936 456.07364 0.005255086
438.34683 1335.7634 366.68442 491.96265 0.005235515
521.91174 600.5855 633.26746 778.7838 0.0052210866
330.1415 847.75244 86.19543 104.22745 0.0052185487
589.6879 944.2629 507.6911 969.8015 0.0051977793
652.2617 1583.9551 130.11827 176.26471 0.0051858025
472.42636 1157.7867 151.83156 161.44572 0.005158605
321.27124 1219.6167 100.28094 121.15785 0.0051191202
401.59048 1109.9429 407.41562 590.0758 0.005109066
515.99243 1339.0326 267.6124 352.76404 0.0050719576
497.65872 510.20798 697.04407 983.88086 0.005046549
372.87738 1234.4294 508.4388 1284.7249 0.005027407
546.82477 754.38336 456.73444 310.96927 0.0050188825
342.6613 958.94543 112.66235 227.86218 0.0050137085
358.0375 1167.7855 471.98688 920.1714 0.0050100964
377.4794 1020.2753 533.75244 1429.4705 0.0050085685
596.23065 1905.0652 117.2483 149.97116 0.004992303
482.09625 1081.7037 362.6359 912.7168 0.0049883015
158.87267 1615.1667 307.46417 1013.46136 0.0049467417
306.21902 988.49854 137.44086 290.05377 0.0049429736
420.03064 968.70776 199.31921 237.23857 0.0049410113
552.80865 1341.3142 562.917 655.9604 0.004933716
570.4209 1238.8212 279.91055 645.7239 0.0049323817
478.84552 601.8526 744.3167 1164.4736 0.0049259104
351.7078 1189.9586 453.17 863.471 0.004914487
538.1128 853.3654 493.815 546.56995 0.00490691
548.57385 960.3741 143.39417 121.72221 0.00489062
316.1901 1209.7542 146.37901 182.0926 0.0048667104
593.11835 999.88995 478.26767 644.2304 0.004851511
432.86746 714.2035 280.73206 334.2108 0.0048430925
503.82 1206.505 156.34451 239.10788 0.004820531
630.43414 1458.0901 415.37726 855.12585 0.004797901
728.01044 254.31146 118.64482 118.113014 0.004788436
630.48645 1907.4899 108.05606 148.8891 0.0047776815
571.07935 1424.979 475.97974 828.6671 0.0047725807
587.7874 922.7294 187.35507 188.31512 0.00477254
470.8251 1258.075 286.5799 699.7045 0.004767338
682.97534 721.80396 155.33072 193.88934 0.004739407
551.5046 1793.5367 225.79982 350.10992 0.0047187344
378.49777 1128.2968 511.6307 1522.0833 0.0047173863
370.32678 1200.9089 369.18323 646.5883 0.004707803
612.834 959.8107 462.66724 937.9345 0.00468743
368.18686 1066.736 504.50742 1063.5487 0.00467685
378.24252 1238.6993 371.80676 625.69543 0.0046768324
722.82874 1833.008 266.97437 507.9555 0.004670732
550.98224 941.9852 396.25775 559.0989 0.004655751
617.23224 1701.1681 445.35785 316.82214 0.004651605
409.4721 1047.6873 479.94263 497.2682 0.0046473923
745.0428 614.4797 210.25165 308.82687 0.0046313927
661.4981 1553.7434 370.93304 663.7447 0.004624195
453.4647 1408.53 306.94495 341.43057 0.0045900624
488.32605 729.58685 398.8908 331.4907 0.0045756446
662.72437 1127.2963 217.99068 346.27896 0.0045707608
460.68347 1173.9724 322.8923 716.542 0.004570281
387.6813 1371.9677 459.96152 1017.7711 0.004566885
326.53424 994.2024 121.46964 297.28406 0.0045620454
458.60605 1023.9297 376.12494 776.9127 0.0045602224
405.70557 1003.2638 519.18024 593.59125 0.0045409873
603.1707 942.2524 480.3805 941.2109 0.004529498
642.73865 999.68365 402.37283 985.85565 0.004526111
369.96088 1314.7836 513.4291 1262.6311 0.0045260033
659.7298 928.5173 320.78378 635.268 0.004496134
516.0508 1785.4651 269.35623 364.10635 0.004479515
329.09863 1193.8337 439.4063 1187.0173 0.0044751004
347.95944 1031.4705 341.66183 446.06613 0.0044750986
598.4975 854.351 489.1119 752.0596 0.004437176
370.75565 1403.833 335.47974 491.42694 0.0044366075
561.2446 1284.4733 249.22131 596.69696 0.004428105
474.42572 1156.9213 186.23035 192.56476 0.004415476
713.8517 1727.8668 269.70282 440.04135 0.004400042
103.90233 1591.6948 199.46379 1046.1763 0.004397745
270.58194 1184.8026 318.4125 761.6824 0.004382859
600.5809 1745.2981 187.12552 202.80592 0.0043662316
355.53867 1132.742 470.85178 1000.1723 0.0043617007
458.2657 1166.2002 450.94727 783.5526 0.004349926
481.35245 1753.3447 381.0502 443.94876 0.0043470315
663.7608 1076.9766 368.17227 1051.004 0.00434111
660.49805 1146.2184 230.51837 384.53705 0.004339136
570.5765 745.28625 100.966934 112.09503 0.00431144
496.5474 1753.0233 542.59735 523.2769 0.0043066856
524.9087 870.474 619.8707 823.10675 0.004297231
718.61945 626.4937 259.29288 347.95767 0.0042953235
320.30246 1071.9717 370.6195 546.51245 0.004290554
589.8598 1602.1868 461.10254 251.24847 0.0042879228
604.34534 806.2097 479.80048 1350.3549 0.0042671203
687.33655 1037.2523 335.29388 1106.6375 0.0042635514
604.5236 770.9022 484.017 1278.7983 0.0042160363
614.56396 326.8262 474.80997 597.2569 0.004209933
617.3326 415.516 403.70386 425.64786 0.0041901693
654.0169 1472.868 366.84512 426.88602 0.004189306
650.96173 1656.3014 331.0129 316.91867 0.004163078
600.58765 1250.1404 276.7531 403.91153 0.004151776
584.55664 1642.6128 518.3376 915.88544 0.0041455445
518.21826 1196.7826 183.99069 240.75412 0.0041250535
675.9932 1363.4706 334.4516 629.35425 0.004068839
242.58041 1101.0205 270.3684 663.0149 0.004067303
372.16187 971.1285 172.8023 273.01303 0.0040597925
649.88806 1424.7224 383.26578 676.9274 0.0040589557
496.66483 702.56024 430.07703 425.33377 0.004044294
378.25015 832.32556 496.69904 810.5766 0.004039269
650.5509 1814.6166 405.11655 505.83212 0.0040373662
645.80273 1360.6023 365.1895 607.5306 0.0040117675
522.3611 464.60672 252.70784 294.1384 0.003995994
558.5456 1745.7156 584.67944 664.5384 0.003993939
343.5463 985.62305 461.6669 804.79675 0.0039925855
687.86676 1069.8934 138.99046 233.37596 0.0039720167
657.7222 921.19543 122.3023 160.00006 0.0039657303
263.01508 1193.6312 271.12518 403.1973 0.0039644614
588.42346 1080.4166 320.04846 323.03543 0.0039385264
482.99365 1068.5304 749.79694 2076.2156 0.003917783
720.6947 245.07574 228.62242 292.81396 0.0039163376
83.31958 1252.749 147.77919 296.84314 0.003913855
424.20175 1173.5259 135.9884 170.92708 0.003907174
631.91754 1925.3406 445.4713 359.30685 0.00389921
703.0247 844.1313 303.9406 754.63727 0.0038982432
323.6653 1285.8462 425.4347 1077.0477 0.0038945135
291.22263 1187.7365 185.75427 213.6035 0.0038854748
486.2243 441.6681 715.5173 855.1573 0.003866817
692.00085 1215.3428 270.9931 640.16235 0.0038660548
524.24194 1473.5482 270.213 671.1218 0.003865425
308.64197 1260.3761 228.44579 308.76422 0.0038378413
688.79553 1669.4713 312.92044 369.57556 0.0038366618
635.2128 1705.4181 151.74672 198.4472 0.0038242294
345.0153 1088.5851 473.24377 983.98236 0.0038117862
680.63257 1148.2509 353.71716 1372.3875 0.0037975572
564.4834 1127.512 184.15639 256.64215 0.0037732385
754.8257 589.84186 193.04073 272.86484 0.0037730488
679.84784 897.8315 350.4829 863.7829 0.0037591513
550.04065 1887.0768 133.04276 170.79947 0.0037585676
617.64264 1594.5298 176.00403 159.0113 0.0037581301
663.5122 1876.1797 161.35017 202.70178 0.0037568698
355.31857 1049.0667 161.85811 404.08035 0.003737307
432.93018 1357.5148 324.90912 975.8148 0.0037364156
385.79416 1399.8096 276.4415 298.75812 0.0037362773
515.6651 758.90155 627.46716 608.2631 0.0037354114
457.39923 1034.0598 238.24261 289.94186 0.0037350405
511.29456 732.63403 166.48657 188.44084 0.0037075276
642.3597 1477.265 377.81903 1193.8618 0.0037064569
664.05054 1513.4283 320.47324 314.49765 0.003681182
691.0954 1069.0594 155.34079 273.5518 0.0036702328
380.78867 1184.9138 171.53601 178.91936 0.0036395488
399.2353 1209.7302 531.05194 665.20483 0.0036234136
442.54358 1190.8171 264.62097 287.82343 0.0036222015
517.0293 1429.6589 110.19493 160.73398 0.0036215237
689.6921 1738.7413 250.77744 413.14066 0.0036113022
654.3289 1592.298 68.84642 110.16987 0.0036077965
246.29956 1184.9635 266.8847 717.1574 0.0036038447
329.65598 1380.3485 438.82312 1140.2114 0.003603427
669.803 1488.3231 178.08318 295.75488 0.0035988686
463.53177 1170.7942 293.96597 443.31046 0.0035940397
679.227 1150.568 345.0046 1305.3209 0.0035583423
578.75806 714.8303 124.26104 149.1156 0.0035504184
531.6409 1705.0618 299.30325 710.50006 0.0035449516
733.6356 1710.5765 227.53326 337.9766 0.0035429173
509.6111 1682.9343 300.87466 235.91258 0.0035398097
678.3568 1756.373 184.16988 225.44757 0.0035396097
316.21594 1193.1444 404.5453 802.0693 0.003536802
697.2504 914.62897 101.28235 150.80772 0.0035284124
677.1568 1160.838 340.36795 1263.4825 0.0035212175
577.46277 1865.044 263.63477 322.46136 0.0035184848
442.54208 1299.1143 281.65833 653.1973 0.003511283
615.6472 1712.1274 468.04102 716.1944 0.0035007675
555.7907 730.3131 106.53441 113.29309 0.0034894394
676.4538 1178.8983 165.35136 182.03403 0.003486637
309.03043 1171.5865 215.94656 619.6182 0.003485868
595.9202 1685.9456 241.63683 315.24295 0.0034725463
373.65912 1506.2983 490.7462 721.6125 0.0034704166
639.6013 735.104 204.71661 249.13899 0.0034591914
420.9035 1780.5416 429.93326 479.819 0.0034548067
483.0275 1368.3248 726.6514 579.8818 0.0034461692
527.4594 1627.3562 542.35254 348.05713 0.0034452116
476.19876 454.1269 740.365 880.0702 0.003438244
494.5717 1294.6466 241.67888 513.24255 0.0034343137
405.19553 1402.4517 110.112305 131.99065 0.0034336222
598.9889 1613.2546 423.91766 290.33618 0.00343022
536.30096 1823.5107 172.63814 287.01294 0.0034275232
658.3725 646.02356 375.6613 397.5383 0.0034168374
724.09845 990.0513 266.31085 1073.2404 0.0034122143
685.5285 988.6386 340.174 1063.0162 0.0034085826
697.628 1788.4601 318.6178 607.5159 0.0033987435
419.60944 1834.3284 214.66699 236.64934 0.0033973404
344.5946 1389.8201 441.38882 1253.3405 0.0033831608
434.64566 1009.8256 205.68294 325.32407 0.0033775496
528.3037 1927.8945 176.27562 197.42084 0.0033765545
670.18713 1730.7249 190.41624 235.15808 0.0033687153
440.62442 406.14743 819.61456 783.974 0.003356033
65.461815 1438.6812 124.09069 708.2879 0.0033475186
684.5443 1467.4458 255.4432 349.6928 0.0033332265
700.673 1675.6545 290.5576 386.97424 0.0033329353
510.37445 818.7696 101.614845 130.8623 0.0033298542
284.20953 1375.9238 229.20798 361.0963 0.003327467
211.34451 1437.3923 201.43217 288.81537 0.0033228416
773.8921 1084.6165 166.10025 504.4549 0.0033139735
479.66525 783.7927 142.79468 159.93884 0.0033131342
629.5258 1048.3395 153.00993 221.4032 0.0033053725
415.49588 1619.3971 561.44446 709.001 0.0032968568
680.2032 1984.3658 178.2841 150.62839 0.003291629
631.8647 1411.8383 169.25412 283.2487 0.0032912535
600.61426 483.36594 504.76978 917.85016 0.0032868641
668.2038 1555.4863 362.29306 897.3289 0.0032866125
450.7022 928.4796 253.61781 180.03784 0.0032781637
530.0763 1508.2965 135.26376 207.27148 0.0032780014
721.70245 1898.9272 251.07611 385.8764 0.0032746086
738.066 1561.4419 174.05661 168.40392 0.0032730433
674.3083 1588.2191 359.4 1000.1291 0.00325688
568.05743 1925.0292 219.40866 193.39232 0.0032567019
461.68857 1084.6018 262.72943 475.46597 0.0032326765
422.47107 896.96545 257.01266 363.93375 0.0032324507
633.0532 1633.3601 396.5626 912.3099 0.0032268309
726.7038 1207.0308 133.3086 219.6044 0.003222319
188.52727 1117.111 158.2436 293.23343 0.003219917
702.8858 1890.8907 215.44556 232.1879 0.0032190064
629.15405 1677.206 446.9685 844.77686 0.0032155886
470.273 1069.717 209.12622 262.1155 0.003203537
281.28973 1324.368 345.46594 1090.2802 0.0031988642
741.0355 869.57916 118.4146 157.15485 0.0031967103
284.01093 1689.0597 99.72189 143.30954 0.003195319
766.28546 881.6819 181.93721 837.6248 0.0031909705
221.29001 1616.537 433.37164 1010.9796 0.00318278
591.9925 1796.6771 242.23358 397.84708 0.0031773795
666.52045 1565.4486 122.11748 144.97617 0.0031660213
630.22406 1107.2869 457.70395 1812.0422 0.003161663
394.4296 1092.7543 179.16125 256.77322 0.0031533933
325.26883 1176.6954 386.8846 725.23724 0.0031448668
615.8836 885.98804 459.38278 1333.6583 0.00313852
401.63074 997.0236 228.21956 365.20334 0.0031290313
655.23145 1493.365 241.28674 417.48975 0.003123527
737.5711 1418.9082 221.77873 417.39185 0.0031214475
449.7287 1844.848 218.2533 256.22565 0.0031063966
299.9301 1021.39966 128.92252 211.54108 0.003105403
687.4231 1080.6434 139.87947 222.84763 0.0031043168
382.32062 1748.6892 282.59946 494.1493 0.0031026793
182.2321 1428.3492 351.86258 1385.6167 0.0030970385
756.7622 1732.5315 183.57909 302.28317 0.0030955167
395.31992 1753.5588 425.16058 483.61688 0.003094238
521.3181 1006.1058 66.284676 118.237274 0.003092168
764.28345 997.8929 179.66258 325.15112 0.0030891267
608.8738 1943.4043 83.365776 87.39184 0.003083755
568.12744 1748.5038 138.73201 120.986595 0.0030834388
402.2215 1805.712 205.5582 238.44955 0.003076335
509.02652 1737.5109 150.01936 162.16223 0.003061507
215.78113 832.60284 61.225185 86.29533 0.0030566468
267.3486 1163.2413 114.48872 152.9798 0.003052166
435.92926 520.5233 347.95523 458.28128 0.0030441384
534.92255 1508.2611 179.81216 255.41301 0.0030437359
430.60245 1669.5347 127.40655 183.76329 0.0030402986
655.59564 444.41483 352.3654 394.2391 0.0030376664
241.9829 1111.6995 250.98158 660.6139 0.0030341118
559.0583 1336.1073 275.00296 280.80594 0.0030248337
447.42642 1007.1036 243.28395 485.2071 0.0030247215
499.1179 1633.7921 194.6817 292.84656 0.0030239697
596.56903 1898.2344 131.33002 183.33205 0.0030235557
665.81134 1067.6041 128.04713 184.78046 0.0030175678
609.91565 1349.1442 256.70386 342.65295 0.0029996105
516.6433 1472.3776 133.18251 221.54834 0.002993791
522.92554 1880.7767 167.25081 195.31593 0.0029917022
514.5227 1876.3143 142.18726 226.5765 0.002990259
524.523 1866.0101 191.29883 232.15506 0.0029828332
551.1362 1799.2028 600.42065 590.4945 0.0029783398
460.06454 1774.8123 164.31451 192.04713 0.0029706457
477.23798 479.6169 758.0086 926.07654 0.0029666724
110.46288 1950.99 228.57364 345.4757 0.0029645138
581.7816 1291.4417 123.952995 186.08107 0.002964414
549.9677 1906.9506 100.56949 117.03317 0.0029636838
316.99643 1040.0681 108.625435 188.12456 0.0029462536
745.7974 1036.3073 217.29855 645.5631 0.0029363963
741.2345 1383.1132 144.0551 201.79366 0.0029349294
511.90372 974.5704 380.57016 254.45988 0.0029215503
760.6711 911.6777 148.13676 184.25484 0.002919766
424.94455 963.6021 244.61964 282.80927 0.0029109283
635.3016 1783.8046 392.23737 590.5052 0.0028820194
629.18616 1030.189 194.8179 343.9671 0.0028819086
537.0554 1538.4773 161.57391 215.69437 0.0028808138
363.83496 734.786 496.94098 911.6225 0.002870716
462.36942 1224.1924 181.33769 262.9014 0.0028704526
406.69635 1704.1345 192.43597 193.01315 0.0028681033
684.392 406.72705 337.21936 703.7699 0.0028650775
557.60974 1446.5885 120.37116 179.6751 0.0028645124
696.9469 1437.0173 252.31068 399.6681 0.002848296
568.444 1905.2338 122.72478 146.56941 0.0028403157
302.96274 1462.0262 162.73271 237.1972 0.0028353068
256.1885 1595.1329 277.8183 524.027 0.0028350237
606.736 1745.1792 139.50232 137.66788 0.002828367
548.22076 1800.0626 151.68271 149.88632 0.0028203388
659.8052 376.69022 334.8382 367.89066 0.0028126503
97.643265 1759.4246 188.802 734.1936 0.0028124002
710.65564 1475.0961 293.5847 1261.4408 0.002809827
744.40137 1042.437 228.73355 1188.562 0.0028075005
586.1912 1347.1277 112.93926 209.0935 0.0028071536
533.6965 1624.357 185.59637 156.16852 0.0028047613
396.26453 1515.7827 188.27681 238.71974 0.0027991028
454.6973 714.9576 393.49716 477.1556 0.0027986185
714.6394 1026.566 286.00983 1154.7651 0.0027916552
546.9076 423.6071 613.8167 816.9074 0.0027870396
648.32544 716.96796 405.27988 1252.7617 0.0027675258
384.70792 1768.9176 516.7423 630.3514 0.0027578333
701.6328 673.2147 291.39243 427.90887 0.002752754
663.5025 963.5332 174.55746 264.90128 0.0027448677
761.6745 1764.0133 179.64607 380.78964 0.0027411515
747.8835 1797.8306 214.66281 567.86 0.0027385172
208.14958 1571.0834 254.7759 380.3661 0.0027378674
492.47128 1922.518 168.72319 145.66275 0.0027360937
696.79614 1796.1282 199.0312 295.6472 0.0027337226
639.3947 1611.9365 402.56406 473.42035 0.0027336876
740.50183 803.98535 131.91138 165.05595 0.0027302566
496.936 460.08017 367.01645 477.03766 0.0027275013
526.9923 1856.9984 175.76752 243.35435 0.0027237856
436.495 1062.033 831.8919 2082.9758 0.0027209958
63.000114 1004.37915 116.989006 588.34314 0.0027177045
728.3685 1062.2914 265.21176 2028.523 0.002699888
766.3802 1189.2695 184.11868 1486.877 0.002693493
658.73975 801.7537 108.47229 127.906654 0.002689691
482.11206 1068.0339 749.6449 2085.0215 0.0026880738
274.84244 1305.142 298.99182 462.89636 0.0026863867
280.77524 1603.8331 166.16469 232.92683 0.00268083
581.04346 1744.1958 463.47433 384.7854 0.0026739151
262.31 1586.0399 259.1715 363.9199 0.0026682867
284.40848 1136.5776 495.4917 1877.1721 0.0026677307
455.11612 793.7905 157.19048 145.04822 0.0026675838
650.82056 665.17316 397.79523 423.91907 0.0026673297
764.7355 842.8195 175.63568 336.886 0.0026642594
729.87067 1390.1145 243.5876 526.71857 0.002660871
489.98105 1907.9111 160.84465 141.33878 0.002648109
589.8138 1751.372 165.15637 144.96495 0.0026471235
536.83264 1230.207 187.90588 244.47227 0.0026462928
621.1576 1516.198 245.98616 535.67084 0.0026442837
431.2316 1087.6907 213.37984 293.95007 0.0026301
408.97922 1685.5374 486.6755 571.3803 0.0026251976
765.0527 1799.9146 184.90105 611.82043 0.0026053528
612.9294 1299.1711 178.40012 386.84927 0.0026041598
629.76263 1277.5798 143.3435 187.42226 0.0026001723
396.83276 1230.0759 185.40424 273.29593 0.0025976817
812.8043 936.2962 84.093605 165.7679 0.00258809
717.7739 1236.2646 282.28467 1578.873 0.0025849175
692.8618 1485.4761 227.46655 289.62964 0.002575783
648.8529 909.44324 92.866554 118.12776 0.0025621
758.34186 254.18819 195.99742 437.40997 0.0025603205
613.22675 1709.5538 361.2595 206.33627 0.0025598356
663.43427 530.8078 380.2868 943.5212 0.0025575953
322.92416 1297.9194 373.0672 650.06036 0.0025538427
345.05548 1557.7432 147.1041 169.83998 0.002553521
708.2822 1182.7446 296.51154 1489.6095 0.002544673
194.75365 907.1895 149.90817 267.85208 0.0025432778
776.2683 684.7314 158.2785 465.56885 0.0025412769
214.90797 1271.2424 398.37457 1677.4502 0.0025375662
480.6723 1918.5762 178.82698 137.33174 0.0025332104
612.92664 1652.4076 185.67491 503.13535 0.0025317231
680.28644 1745.7285 356.6278 710.49664 0.0025315771
323.1193 902.8052 108.98851 201.5463 0.002529679
552.4477 1125.6285 169.55139 238.01588 0.0025276176
791.1628 1954.1251 130.74538 291.7702 0.0025231924
703.3299 1777.4209 308.01196 642.3495 0.0025212467
823.9856 930.98505 52.83505 93.79479 0.002518694
775.7626 1012.8343 164.66606 1120.3127 0.0025167274
644.70935 1454.3956 394.73486 1260.3313 0.0025034358
719.804 196.15408 177.22388 194.59503 0.0025018728
436.17065 1803.6367 191.48401 186.33105 0.002498668
508.54532 1917.7838 154.45647 136.68607 0.0024974511
687.2995 317.47424 335.13174 560.6882 0.002466096
725.6388 1571.2175 256.2771 878.1875 0.0024631382
579.5571 862.55286 115.33093 109.784096 0.0024579032
202.8191 675.21124 387.0111 1252.9498 0.0024567822
653.2339 1601.8955 63.892914 110.25334 0.0024562469
791.1295 1015.5401 129.5382 306.3628 0.002455058
610.49005 1632.4641 242.99557 535.4891 0.002454871
328.9422 1727.19 344.99805 756.45074 0.002454375
781.6945 1423.352 150.41467 334.28418 0.0024520622
597.74475 852.13007 120.44425 117.5732 0.0024496582
153.39478 1233.8712 247.29814 420.4168 0.0024392782
770.8748 1801.3356 154.91545 236.48964 0.0024373715
151.24658 1990.5447 315.90344 264.17075 0.0024346008
590.7299 1047.1559 249.83505 643.9081 0.0024278238
258.72964 1178.2325 423.5111 1743.4854 0.0024264548
576.57367 1386.3549 137.88394 226.43828 0.0024257507
388.2617 1653.646 188.45131 252.21442 0.002422251
704.9592 1810.9215 267.4748 535.1885 0.0024210198
50.599083 1882.9332 100.40122 503.72195 0.0024164945
489.52252 1784.5118 139.98485 182.87587 0.002398364
724.3511 1520.4377 257.55978 704.16187 0.0023967696
677.2832 1586.7902 115.64709 114.01611 0.0023947514
734.87866 1223.1946 122.18904 177.56741 0.002394397
747.4764 1718.5497 213.94221 489.03934 0.0023892578
732.0172 1648.2094 255.90143 937.69745 0.0023746477
649.37946 230.13803 184.50647 178.87892 0.0023632892
404.91107 1411.9777 196.2912 258.1051 0.0023616843
158.32475 1705.0569 193.25726 205.39192 0.0023592904
547.4778 1542.8568 125.610535 176.60846 0.0023589244
560.8745 1272.2639 96.67151 140.24889 0.0023587798
211.16866 1567.9823 63.915775 89.07379 0.0023579886
681.0449 942.87555 108.50994 145.54579 0.0023578743
410.5781 634.395 308.49316 466.37698 0.002356912
142.29245 912.76263 273.25684 758.7066 0.0023530705
481.85834 1069.097 749.4501 2068.7798 0.00235286
574.10657 1511.2721 135.91772 265.47778 0.0023477918
702.48413 1955.3997 288.11 307.02225 0.0023309838
117.289055 1083.025 218.47316 753.344 0.0023298187
714.23364 1916.3027 173.79709 154.18121 0.0023291083
668.46606 1410.445 121.744255 188.19995 0.0023238577
679.1373 1911.1323 296.4263 269.4703 0.0023219415
105.80917 1075.0734 198.38593 920.8913 0.0023176773
792.7878 622.33966 128.13399 346.78723 0.002308313
728.92444 955.124 220.62029 346.02942 0.0022917164
304.58228 1198.2844 133.58134 155.41597 0.00228476
498.49628 1646.7473 126.87627 184.862 0.002283143
543.0785 1253.2306 344.95355 730.48737 0.002278422
354.7338 1355.3411 391.54013 391.5834 0.0022710175
481.57758 1068.686 748.9815 2073.0476 0.0022696587
690.39923 1663.3872 336.42026 1009.1387 0.002269353
418.17474 1193.0385 263.94656 756.0994 0.002267308
71.556915 2055.5686 137.06378 144.20001 0.0022640668
165.52211 1890.9786 323.2732 461.235 0.0022624098
369.99625 965.2592 218.15994 390.22748 0.002262371
568.0903 1878.0267 127.22544 179.6315 0.002258568
780.2361 1699.9583 148.44115 333.48993 0.0022514872
340.6792 1965.3557 513.6758 318.41766 0.0022433836
633.8433 1757.0415 363.37766 380.234 0.0022396136
808.6027 1989.3179 95.7123 230.22417 0.0022362352
784.08057 1472.7593 141.58887 222.20264 0.0022234693
236.57185 710.3655 267.12357 446.04633 0.0022217638
785.93677 1485.7473 142.04312 208.04347 0.0022200835
574.19727 1281.4962 110.13334 132.57106 0.0022086515
777.21643 1461.2998 163.37975 1304.5406 0.002208539
246.61671 1745.1823 204.54874 234.13222 0.0022019302
218.01187 434.69678 418.19534 817.66034 0.0022002764
380.48734 1282.9323 300.33813 1082.9819 0.002197825
464.9647 1160.0826 163.88911 195.32959 0.002194353
127.474205 1619.4712 239.09518 501.32104 0.0021835454
509.94684 1864.6233 294.09723 356.7924 0.0021812941
804.9986 1042.9966 89.03969 95.32271 0.0021779642
646.98755 814.40173 411.3569 718.51184 0.002170344
435.37253 1058.6041 830.2838 2084.342 0.0021681571
709.3876 1392.406 282.98074 1419.7444 0.0021603156
381.26828 1849.7043 487.30484 498.3753 0.002156243
698.92865 872.46796 273.02356 426.102 0.0021537398
721.7747 1932.3317 205.76459 174.14507 0.002147414
422.23312 1573.4261 177.28537 194.77902 0.00214579
498.36334 1253.7805 106.62364 157.12022 0.0021426415
119.714294 679.66724 221.25523 391.52667 0.0021409276
456.48096 1974.1031 291.87952 226.82414 0.0021395485
91.7733 1754.5267 172.59468 804.03723 0.0021329883
422.11154 1587.4583 162.6068 189.33792 0.0021106396
766.621 2026.0603 170.52113 153.0011 0.0021014032
597.3598 1246.225 106.74982 145.40015 0.002096591
798.60986 2025.3502 115.71833 172.11546 0.002080135
476.21674 951.4726 503.63232 940.5794 0.002076793
820.62286 1477.7222 90.24493 219.114 0.0020740477
774.17053 1539.7589 155.60616 181.43819 0.0020718144
62.841957 685.853 115.928085 432.71753 0.002067542
773.91656 1782.3058 140.74306 177.57774 0.0020645503
490.26495 1413.0332 180.36157 271.7454 0.0020570506
778.43274 682.79016 153.4938 459.3203 0.0020545188
186.27567 838.73456 339.2721 1374.5521 0.0020496284
688.52954 1162.6678 260.68372 482.57687 0.0020495807
250.52417 1973.2947 273.8974 293.36823 0.0020446165
530.74054 1237.8434 401.70285 362.57034 0.0020393867
497.2978 1783.747 703.85156 627.76904 0.002035896
790.902 1544.9314 125.14547 181.39268 0.0020346504
568.1471 849.64154 549.16174 781.1881 0.0020203537
559.7556 1968.8854 133.81572 110.69116 0.0020119327
641.5452 1865.3884 452.6042 539.13214 0.0020108828
346.2362 1979.4142 390.1936 281.9926 0.002008965
629.09033 951.5646 184.2241 197.07759 0.002008487
117.3247 844.86053 212.5717 375.88025 0.0020040122
694.94586 191.33142 164.70383 175.96082 0.002000817
187.39499 379.8791 352.76572 683.2537 0.0019954522
696.3283 1285.1991 157.09096 194.1648 0.0019878878
152.46938 991.6893 283.1667 1629.7096 0.001984281
390.8002 1580.849 170.2471 176.59523 0.0019780782
68.74215 2097.5115 133.30116 62.02225 0.0019682054
723.3689 1797.2009 236.47966 265.49487 0.0019610147
114.69964 226.56294 215.21526 388.4967 0.0019577183
682.65375 1402.2356 175.78372 358.30795 0.001954397
416.76996 2034.9968 823.7319 182.74365 0.0019517592
667.28094 1741.323 375.65915 872.9143 0.0019510763
202.077 1629.7142 394.66843 987.19934 0.0019436235
754.552 1239.7479 138.93826 230.81761 0.0019420146
382.88574 1215.9508 281.59192 806.772 0.0019413484
752.0785 1700.6306 200.39722 801.09656 0.0019372957
737.83716 1855.2648 235.75613 620.6797 0.0019346441
785.2625 1869.1696 139.24606 461.16965 0.001928352
447.3497 524.4568 221.10262 300.58688 0.0019234117
431.30106 320.78238 843.1377 610.2446 0.0019178241
732.7845 1067.1528 259.68298 2014.2068 0.001917438
772.8572 875.04395 169.34747 721.74 0.0019087411
782.59155 866.18646 136.73708 249.44167 0.0019075386
590.3119 2045.2555 532.35223 161.41249 0.0018969435
767.72943 883.9447 184.35432 1675.0095 0.0018911087
696.3989 1773.3545 447.24588 940.6451 0.0018822174
785.4642 1967.0941 135.15378 231.59322 0.0018728649
619.1896 1415.0498 247.15144 870.91394 0.0018681438
729.0532 1533.1067 249.11475 1272.1068 0.001866807
682.4972 1859.5337 159.78484 90.15285 0.0018652447
561.58276 928.29456 293.3509 199.86491 0.0018643317
686.38824 1110.847 297.7604 1105.9991 0.001856709
718.5572 2045.7935 258.79736 148.48657 0.0018504673
768.5137 1793.4122 165.0347 599.1435 0.0018491574
766.9532 1709.1559 170.14682 775.67975 0.0018476107
782.0482 1268.9045 155.83762 1685.8333 0.0018415906
796.88196 1674.0845 110.650314 200.34209 0.0018379565
757.3478 1837.041 171.19705 174.0205 0.0018152343
807.66095 1193.6263 104.22281 700.0003 0.0018120455
632.6722 1467.6981 343.37103 721.49316 0.0018089629
677.28143 1217.0226 207.8847 348.2994 0.0018074766
67.686134 1361.247 125.14831 210.51768 0.0018074302
753.2777 486.01553 213.57912 936.5007 0.0018063955
203.40187 834.66693 136.71066 188.59625 0.0018063043
798.6131 1053.4591 123.94253 1199.5237 0.0018023195
56.291557 947.0557 105.84382 382.50067 0.0018015587
744.98895 1338.42 155.64801 223.92447 0.0017995815
726.1675 2040.2974 238.72183 137.98825 0.0017971232
779.48987 1477.0107 141.23863 221.35349 0.0017929998
731.25195 1855.7017 216.08667 398.98663 0.0017838234
782.9222 1672.4453 145.39809 416.9529 0.0017812041
745.1043 1569.0787 109.96918 154.24612 0.0017798117
789.02875 1732.3295 122.88303 229.37361 0.0017689108
142.46585 186.27567 177.62488 200.18852 0.0017685908
386.6569 564.85925 419.65082 602.44714 0.0017654013
198.32486 523.0551 179.82506 258.806 0.0017565707
712.5884 1292.3336 282.5329 1432.601 0.0017549185
689.4983 1003.8835 321.3496 1100.6686 0.001750825
374.95837 1052.6383 103.13862 177.03018 0.0017426402
507.72787 228.9589 164.02405 212.43408 0.0017363919
729.46643 2025.9708 178.66893 136.34741 0.001735431
403.5521 179.3005 219.066 231.96431 0.0017323253
692.3928 1491.1569 128.26633 169.99911 0.0017315059
73.61786 248.96458 132.87302 374.21817 0.0017288267
679.2508 1899.486 143.44559 143.66008 0.0017269513
775.86066 393.2194 168.67528 749.8436 0.0017259562
331.50424 187.83441 163.69675 163.18767 0.0017203145
326.13477 235.738 129.36815 145.34996 0.0017177165
747.55334 1827.4774 183.76408 240.58237 0.001715511
752.1324 1515.189 193.0006 641.7828 0.0017135938
751.49396 1643.5944 180.46733 228.60733 0.0017082577
797.111 1886.3597 105.78557 141.49208 0.0016987878
776.5195 1830.7971 155.54059 160.8211 0.0016940846
803.05884 549.70746 109.52825 221.18034 0.0016925256
765.3736 1664.3855 153.9244 201.3865 0.0016867643
348.7355 2020.3019 487.0628 214.28903 0.0016816069
449.60043 760.3796 148.54065 99.79047 0.001679857
35.297295 459.14993 66.98246 400.33347 0.0016793133
330.29755 965.6772 94.97767 130.56725 0.0016782344
246.76537 211.88661 291.43262 328.39615 0.0016754845
792.6319 1977.279 105.687485 157.33665 0.0016740088
175.61337 2067.54 335.26428 120.013596 0.0016708712
371.09436 147.07861 155.857 136.10925 0.0016569021
120.41491 890.1521 188.08664 342.1939 0.0016567396
680.577 859.7794 343.62823 703.71716 0.001650262
643.46045 1619.1995 321.67416 182.51657 0.0016487184
640.84985 68.05327 275.971 166.75914 0.0016468827
557.43896 2040.5122 139.66032 105.85338 0.0016448802
452.8434 2081.1262 728.52875 90.175125 0.0016444096
316.71454 79.71662 169.55005 109.9416 0.0016350065
206.42088 2069.4556 366.52487 115.09838 0.0016244799
132.06993 938.44965 237.98692 701.4765 0.0016230684
800.34753 547.86 114.70158 217.50365 0.0016090516
487.234 1528.0874 326.10037 458.5916 0.0016076022
195.1396 36.800076 158.00212 64.258675 0.0016058902
820.42786 1997.255 75.28475 213.70222 0.00159877
434.228 1057.6056 848.83887 2084.588 0.0015979505
731.169 2067.8167 258.25217 113.71365 0.0015968059
719.63983 2060.9646 233.12872 99.681015 0.001593429
778.6326 2057.0796 145.09558 111.89452 0.0015921626
800.15533 1857.7893 107.50378 260.54163 0.0015915569
363.81827 77.96489 160.03978 119.728745 0.0015869258
729.66113 815.5215 252.67769 1045.9885 0.0015809597
612.64996 1916.0687 573.58307 235.28285 0.0015784431
781.9431 353.96112 154.34573 603.4414 0.0015620348
414.56854 260.4473 122.42026 166.61232 0.0015571069
620.9664 2042.7524 177.69774 123.99549 0.0015569533
772.93567 1119.2397 158.97433 573.58997 0.0015533514
778.25714 2012.4021 151.73405 229.4699 0.0015527147
379.23688 172.44695 280.99042 281.31943 0.0015464593
251.95296 154.7362 171.34477 161.50525 0.0015454554
768.6368 588.1416 144.50418 232.43736 0.0015438433
779.7853 1516.3807 141.72523 201.88799 0.0015413963
290.51816 151.6782 294.82898 253.2344 0.0015299349
789.5486 2049.2432 120.222755 116.03332 0.0015231568
807.5371 1911.4146 94.56365 178.9357 0.0015194467
813.19354 1756.9202 88.68763 640.19635 0.0015166606
779.089 1369.6006 129.55197 297.51114 0.001512075
766.6687 2051.918 182.51425 101.64061 0.0015066357
799.4104 2095.5686 116.77374 61.050915 0.0015056066
788.43005 1275.7233 142.43857 600.06854 0.0015000306
753.7756 2058.5735 196.15614 129.4414 0.0014954723
264.16556 73.44369 168.5534 102.66729 0.0014919733
772.3602 2018.7871 152.24869 194.35988 0.0014906276
791.11694 264.38388 133.61717 420.03543 0.0014829335
762.6836 1185.2798 193.60857 1428.4452 0.0014794806
481.75787 1081.7354 753.6307 2069.4631 0.0014766107
794.6731 123.04006 130.22548 204.63617 0.0014686525
771.3509 1021.3054 168.37471 1148.9662 0.0014582722
405.0054 1224.7543 296.47565 555.0937 0.0014582131
300.47656 2093.6768 486.5734 73.24264 0.0014529284
364.45758 1401.0507 199.97035 705.7123 0.0014517384
810.1888 534.42584 96.38042 195.6064 0.0014512055
413.34695 53.064014 831.4633 110.39421 0.0014496275
786.3634 2026.0588 127.52574 171.08694 0.0014471366
427.4492 155.22441 820.2385 300.97833 0.0014412723
646.8715 1865.0472 473.547 247.43619 0.0014401156
751.2746 1010.58386 217.93312 766.53906 0.0014391416
637.35864 105.87673 189.44699 179.03192 0.0014327283
806.4449 123.947426 102.325745 206.36087 0.0014253753
651.11426 1960.4161 408.41385 358.0219 0.0014086592
516.3829 2062.787 564.80914 129.04124 0.0014005502
803.01544 1201.1638 111.450836 1561.021 0.0013996429
807.2503 1386.6088 106.220406 417.4884 0.0013966217
773.21405 94.78825 167.40819 164.86449 0.0013902506
785.7023 2076.509 135.06487 78.97841 0.0013757311
757.9065 2082.415 180.51854 60.36863 0.0013682148
541.02014 1846.6398 314.05606 480.12762 0.0013674541
581.42847 109.745636 180.7675 184.75862 0.0013590254
813.5828 1167.3728 95.475296 269.44516 0.0013585511
817.9011 1441.8422 77.74021 313.9231 0.0013571273
789.24805 2007.8619 160.14496 230.47137 0.0013531536
768.34485 2086.9353 161.56996 60.34118 0.0013488553
812.2703 1283.184 97.50008 628.6399 0.001347814
719.34033 98.258545 169.2083 183.73871 0.0013395362
774.5559 2082.1338 157.16484 84.9657 0.0013362322
789.1594 2045.478 149.92761 126.44025 0.0013291301
422.87112 117.688644 832.40076 228.73752 0.0013286973
776.5365 1296.7965 161.27927 1640.0109 0.0013212877
47.477886 169.16733 92.2977 304.78802 0.0013148267
513.0897 982.1345 373.75403 578.0643 0.0013138859
818.30176 1239.1127 84.42732 260.84717 0.0013069684
248.11212 196.64153 472.69534 376.3303 0.0013048645
490.28888 1506.6812 348.25037 602.079 0.0013032759
654.51685 45.065876 397.73355 94.908325 0.0013012127
674.7365 2103.8152 228.44086 47.93453 0.0012961433
477.27838 2107.065 670.9963 70.93658 0.001294606
571.89276 913.6642 511.1582 974.2953 0.0012930583
753.4525 2085.3003 200.6419 81.04423 0.0012917159
367.25366 2015.085 264.46384 373.0854 0.0012909515
750.088 2074.9897 203.12996 90.242165 0.0012899793
758.22473 2075.2114 178.98535 101.38727 0.0012891822
416.42993 1217.4026 366.1816 1181.3285 0.0012881033
793.4685 728.6221 132.75456 1430.3757 0.0012574189
559.6101 2085.821 198.38628 84.74099 0.0012552417
578.77625 833.60425 493.48218 778.15643 0.001249848
527.9162 763.5296 624.36755 645.1177 0.0012477909
580.592 1649.2875 478.65842 270.00504 0.00123319
549.0971 2119.9075 472.67532 32.581535 0.0012285678
577.79675 2071.5986 281.4208 109.56148 0.0012248725
805.7206 585.9359 111.53331 292.0617 0.0012079536
575.3009 2099.764 204.86414 52.080944 0.001207922
817.9339 1777.0663 72.7818 232.07596 0.0012075256
835.71094 1487.2594 56.87875 219.56415 0.0011949326
636.3069 2113.737 453.1961 158.26811 0.0011900658
826.36005 2017.5526 65.2018 155.57526 0.001188035
828.00824 1953.9971 73.74897 278.765 0.0011834726
749.2838 2098.0046 195.24376 57.539337 0.0011724506
29.827599 98.6271 59.549038 183.13983 0.0011699337
446.94336 776.10034 189.27472 181.53793 0.0011604014
508.86176 2079.471 684.0589 141.04453 0.001159987
15.266219 184.38637 30.539421 269.0077 0.0011399351
831.20825 1746.0514 55.054646 310.33267 0.0011382516
798.3404 2117.2168 104.8699 23.011316 0.0011327033
189.55827 83.40185 375.34106 164.74057 0.0011284067
816.54095 2079.1377 71.16199 66.60896 0.0011223546
486.0494 1518.002 275.30203 411.0439 0.0011204516
829.43225 2045.8618 54.242313 132.28578 0.001116212
829.5925 1437.0265 58.52975 314.04297 0.0011146856
602.03613 2082.6924 469.66125 130.97504 0.001104434
836.48047 2091.9146 44.696854 65.850975 0.0011018331
823.0072 1586.7148 81.08733 183.43721 0.0010954154
812.0124 1926.1185 104.35811 205.4432 0.0010688824
821.268 1674.1279 90.03049 232.84009 0.0010584973
528.85474 1555.3003 490.16406 461.2371 0.0010543395
814.2283 2088.9468 82.95005 75.704315 0.0010467761
408.6761 1290.2576 325.3284 660.63446 0.0010460359
786.09344 2124.0593 116.81784 24.667028 0.0010453804
829.8058 1633.333 57.683064 360.52835 0.0010272469
819.3957 1811.7837 78.09939 197.31729 0.0010240024
816.1746 459.23016 85.24661 429.69373 0.001003317
828.1923 1886.9071 53.41894 363.84424 0.0010003791
681.57056 1705.8892 328.9891 299.48132 0.0009839915
524.3596 962.78204 92.23036 69.20148 0.0009817175
833.4475 1975.1182 42.891052 225.44006 0.00097326975
827.38654 1243.7462 68.80514 1698.9276 0.0009693963
828.7436 1920.4764 55.695473 196.56715 0.0009678847
836.3989 2097.9775 60.774605 49.26859 0.00096725504
821.2809 2002.4751 90.31079 172.7409 0.0009648597
622.4336 1423.7482 242.46407 473.93457 0.00096202234
834.6197 1959.986 60.025867 173.30705 0.00096195366
580.0258 2057.839 492.14865 238.1544 0.00094952376
838.35455 2075.9453 43.02825 93.23956 0.0009438445
751.4305 1566.8219 198.828 739.57855 0.0009407869
788.87103 2122.1843 140.87997 62.13546 0.0009353186
842.9452 1471.2461 36.69757 268.46707 0.0009346397
263.09946 1154.2247 220.1045 1011.5581 0.0009152209
843.3626 2041.4619 47.447136 162.18343 0.0009150866
841.4901 1781.5458 37.068253 317.80417 0.0009114172
813.0626 2081.712 92.34851 94.361946 0.0009051395
790.36755 562.6951 110.29602 305.10056 0.0009004772
838.96924 880.564 42.433147 589.28015 0.0008930014
838.9346 832.6034 43.298306 585.9468 0.0008874285
835.61426 2039.1196 46.677486 167.98294 0.0008862861
704.33685 1000.8466 272.86078 1116.2362 0.00088569097
829.9807 2121.6501 50.193443 18.646587 0.00088447065
795.85693 2081.6895 112.69204 92.82627 0.0008722628
637.0198 621.0741 392.38812 379.10645 0.0008706299
839.03534 1832.2097 41.880974 186.71762 0.00086767465
840.4008 1983.7122 51.330505 191.53766 0.0008671555
840.16614 1789.7755 35.92075 196.55305 0.0008608359
569.55725 460.9256 517.90857 842.3276 0.0008593156
567.4981 1667.4475 358.2012 504.38968 0.0008521552
835.1311 1784.4337 98.818474 187.66547 0.0008428367
482.27454 2024.3309 702.48944 306.81464 0.00083890377
372.95386 1335.1362 138.92729 954.639 0.00083216786
829.97504 2063.976 77.65665 129.44595 0.0008321191
842.738 1952.9662 31.356422 255.78127 0.000824087
846.09045 1829.5009 30.995794 267.952 0.0008233174
465.0498 1402.4398 336.72446 887.08826 0.0008175885
842.2848 2053.9434 33.67945 114.96671 0.000810765
686.1875 2039.9164 329.48413 201.81593 0.0008024792
850.8112 2071.1836 20.730402 89.935555 0.00079656974
653.3595 917.1337 375.5496 773.1186 0.0007963277
499.74158 665.1114 649.94275 861.3377 0.0007913732
844.1584 2009.0 30.623886 183.14392 0.00079011894
853.7339 1974.3807 15.872198 216.63713 0.0007826721
848.43945 1049.6309 24.949636 321.01767 0.000775128
846.0032 2088.3416 37.168316 77.39277 0.0007675999
704.8604 213.65453 361.8676 372.83887 0.0007609606
779.15784 2108.9995 293.27145 80.33164 0.0007507957
652.36096 495.3477 333.55948 675.567 0.00074635004
457.81747 515.8929 483.6146 748.6147 0.0007457791
846.9248 1641.7491 27.902302 192.97491 0.0007357929
580.831 1598.6632 266.32462 501.4003 0.0007313964
603.8827 1548.9769 338.575 393.91318 0.0007269629
471.64072 1938.9058 590.5204 134.62585 0.0007252534
711.2426 784.664 297.22656 1037.6326 0.00072455336
853.11456 1894.8041 16.077263 129.81406 0.00072177046
852.4885 1991.4758 17.001701 229.68289 0.0007097529
696.7599 1006.88544 288.17374 1153.6041 0.00070946617
553.679 2090.3142 463.53464 98.25456 0.0006949006
850.9807 1537.3928 20.34869 207.17325 0.00068520365
630.25726 1675.3375 293.14066 796.84143 0.00067085633
552.4826 874.2221 458.74918 845.2709 0.00066711986
850.53296 1461.4332 20.750921 262.5652 0.00066330115
856.11383 1631.2644 16.700329 245.39789 0.00065202
778.6318 2088.1267 270.79672 40.449547 0.0006477809
498.0944 1393.0142 691.8675 523.1953 0.0006422113
483.23438 599.6498 608.7047 758.5321 0.0006383799
855.2704 2054.3457 12.211782 120.589836 0.0006291584
578.9665 2111.0076 562.80005 56.270638 0.00060559006
486.7145 2120.622 467.10315 25.857786 0.0005907321
631.07556 1480.9182 290.71216 884.5509 0.0005644449
446.60794 594.0388 516.6334 715.0036 0.00055686483
768.9857 676.7199 269.72742 535.70135 0.0005524221
672.61835 2081.388 381.0699 98.2749 0.00053512165
767.9218 2080.6533 281.03235 128.38138 0.00053307664
737.0267 2076.2815 392.87302 53.63153 0.0005092082
496.4474 1357.6274 679.58716 550.4077 0.00050545053
741.54785 2115.064 168.52765 20.72263 0.00050100114
761.8401 2009.057 250.73543 270.7895 0.0004977764
575.1931 423.08444 499.54996 554.50464 0.00049280695
584.3929 693.1753 436.55145 613.5623 0.00048688293
498.0286 471.41016 673.4357 753.5898 0.00047752712
750.4223 304.43796 252.87709 711.10767 0.0004359419
786.3657 1114.0553 274.40372 654.04877 0.00041839646
777.564 1156.2155 289.6238 650.60657 0.00040374915
491.65402 1330.743 700.3915 533.7129 0.00034710628
