531.9365 1278.8855 991.4801 2546.3638 0.7050558
542.5299 1806.0972 969.26843 1463.8927 0.19588737
972.197 801.876 78.71065 38.262024 0.117017925
758.39703 1042.304 33.60874 78.81766 0.10845021
819.18506 1001.728 30.337759 73.366875 0.098042235
571.7569 1751.9885 845.61566 1275.7972 0.06823073
788.1418 1023.07654 102.127716 123.882866 0.062874906
536.7874 1647.0636 976.5316 1778.919 0.05575673
575.7975 1825.4772 774.06024 1237.0557 0.04985445
715.3927 389.12735 615.80457 775.3057 0.041565392
758.7067 1041.5718 55.593292 96.00911 0.038561974
85.47554 1978.5704 100.378555 219.62169 0.03404716
587.846 1663.4908 790.5277 1075.4426 0.03382907
588.9271 1786.4948 698.7183 1002.6506 0.030934157
609.80414 1756.6008 727.6806 1157.1503 0.030082041
532.5534 1277.7107 988.0635 2547.6597 0.029325971
970.0416 799.9587 96.418884 72.0018 0.028366243
819.71936 1002.5715 48.03321 90.75833 0.028225904
713.16254 540.639 620.1576 1078.1017 0.028021565
728.191 363.41864 550.19116 714.8513 0.02666842
564.78644 2052.359 856.7978 903.3836 0.026661398
547.0098 2100.2705 948.23114 883.5368 0.02495212
540.2158 2198.3196 963.3413 700.9881 0.023829445
587.1144 1208.9037 769.07715 1646.5565 0.023649156
561.557 1602.8433 888.6803 1521.9653 0.023265168
946.52277 196.93315 162.90694 154.29887 0.0220978
573.4654 2080.4548 806.81976 787.5548 0.02171799
597.56195 923.2833 785.2045 1626.635 0.021140955
641.9456 1794.2104 728.1728 1343.7971 0.020819942
762.7248 2155.4758 212.05453 206.9787 0.020423278
873.55054 932.4303 285.375 316.73734 0.019854333
790.13336 1021.85974 154.631 164.25804 0.019727519
554.7972 1575.0968 908.3285 1122.927 0.019404354
584.32947 1273.7653 796.8574 1505.6228 0.019279769
599.3268 1067.5029 773.7507 1774.7727 0.018644087
572.5352 2195.0022 864.69275 663.0371 0.01854522
564.25507 822.5058 870.3656 1539.8253 0.017038336
759.03613 326.50354 471.70416 570.3754 0.016447952
555.37195 1446.1014 850.7228 1316.2808 0.016377173
555.08954 918.6717 902.6806 1724.2928 0.01636306
557.6663 1419.5667 870.06213 1406.9093 0.01582639
723.9985 301.71613 587.8958 599.8129 0.014643902
635.40735 565.82544 466.54694 1038.792 0.014547837
539.35016 1316.6466 942.3951 1109.9855 0.014122188
686.4971 958.0361 661.3813 1812.8993 0.013961381
551.83044 2169.0754 827.914 654.3143 0.013694803
712.08374 459.2629 624.6186 917.8406 0.013482609
330.5358 1412.6754 88.02109 153.12416 0.013227191
467.3591 1410.2295 794.868 1296.9425 0.0129787335
489.10532 1532.3514 797.36456 1554.653 0.012972443
509.31653 1387.9299 818.6725 1383.2014 0.012556101
573.19916 1522.9259 833.81116 874.12494 0.012406124
567.91736 2237.155 656.0338 417.11942 0.01239772
972.76984 800.6127 72.04745 30.004652 0.012291531
709.0232 734.94434 625.82697 1433.4576 0.012221636
620.99664 1868.2102 591.48706 763.9592 0.0121722855
592.7657 2146.5752 156.37108 188.05473 0.0119417505
548.8331 1318.2648 922.964 1115.1388 0.011651325
624.60547 1607.6553 569.4624 702.3456 0.011549034
517.0274 2275.647 333.81622 130.37848 0.011464133
701.65875 169.14154 119.95938 120.08924 0.011303608
595.8221 720.4762 829.82794 1410.3296 0.010993847
822.9738 932.4782 396.07233 328.19757 0.010983607
493.53207 2334.3484 394.22562 255.8497 0.010895461
574.60974 1297.1184 834.78796 1076.2754 0.010793703
614.6234 2360.5562 791.10284 356.65927 0.010671085
710.0131 1070.1876 626.2261 2066.7449 0.010669802
552.571 664.65674 916.8436 1322.2703 0.010646864
789.4471 274.67978 311.21906 382.5976 0.010451264
493.7757 1394.8046 786.3206 854.07745 0.010319977
718.61176 1266.4689 617.1764 2503.3562 0.010297487
346.00546 1645.0942 585.5885 1069.3999 0.010250561
790.19617 1019.3727 205.22862 215.56116 0.010232175
758.8356 1040.5321 26.557337 71.65753 0.010184756
625.5219 1954.7222 582.1943 1082.2258 0.0100964755
430.3574 1527.4259 612.7558 857.29205 0.010073668
549.68 2345.2783 938.6514 456.3264 0.009950712
520.89764 1284.8486 685.1593 649.5277 0.009909796
815.8075 411.11237 357.7359 597.3247 0.009836666
575.6174 2093.2952 726.08887 570.99677 0.009494678
767.0944 226.08563 471.13852 441.50363 0.009347284
820.32336 1000.8195 25.156048 68.79165 0.009319077
536.29614 1245.0092 949.37946 964.51373 0.009306526
338.4005 1408.1079 116.44267 195.81276 0.009255613
701.46234 2156.7148 607.6923 692.4199 0.009236132
583.07544 1125.6484 511.46643 339.33432 0.009109883
448.27225 1531.8031 760.49603 1888.4624 0.009091792
828.55194 333.90707 373.96036 572.83057 0.009061484
648.4479 388.58304 418.33893 691.2537 0.009057207
541.66595 1436.09 928.2912 946.14777 0.009053827
450.95734 1028.1332 789.2911 1854.2028 0.008998125
463.52762 900.0476 797.1113 1660.6345 0.008969338
439.87234 1783.9022 705.8036 1337.704 0.008927114
604.2944 612.9051 810.2649 1209.4795 0.008853495
597.7966 508.1024 45.64288 57.711094 0.008833972
591.41425 1934.239 428.67746 836.5477 0.00882868
707.2437 751.9525 627.0612 1481.6235 0.0088263145
811.5669 1023.0452 183.91331 152.7881 0.008749056
615.3325 603.83514 795.4137 1192.0339 0.00868418
652.3175 519.2965 416.07492 844.1367 0.008530615
334.77365 1517.7245 470.67 763.8564 0.0084450515
682.4142 1242.9431 629.304 1951.3457 0.008358592
832.52795 974.3423 375.09573 440.64365 0.008319071
735.0282 143.37906 580.45776 283.33432 0.008275992
451.1139 1323.953 497.7973 471.10922 0.008198693
518.3706 2043.9093 549.4427 556.8283 0.008142974
778.2662 941.3667 477.1696 347.72363 0.008121143
943.34143 254.12355 168.77312 295.78867 0.0081095975
943.40924 301.90527 169.01083 394.24902 0.008103383
523.2741 1131.3237 660.8032 777.96466 0.008075418
379.26904 1349.7164 386.50848 461.8032 0.008043716
371.7234 1395.9376 647.49274 1394.0468 0.008029172
327.0188 1407.3689 65.80864 95.335236 0.008000031
835.7407 2250.0227 377.321 561.8725 0.007895278
592.2143 1214.3522 750.506 913.62213 0.007887752
726.7456 189.22401 596.8023 374.77393 0.007800473
562.82074 1219.5286 596.8465 579.4491 0.0077835484
579.5725 2159.1553 205.9694 238.90588 0.0077524553
846.6827 419.02307 275.63696 387.5717 0.0077408175
456.85886 1217.2874 203.39067 186.56279 0.0077399244
430.3332 1321.2532 745.06354 1278.9602 0.007738822
695.5727 1016.2597 631.2615 528.2791 0.0077097123
619.80035 2335.3909 141.34222 225.97624 0.007697584
513.8016 1213.8768 710.1781 900.0492 0.0076843705
526.15454 2167.7136 315.35513 276.9971 0.0076636984
502.76614 1303.5562 489.79062 442.93195 0.007583472
708.8675 1508.3246 374.76068 544.27374 0.0075729364
456.09683 1256.1387 801.96796 1152.4482 0.0075709154
711.7127 201.83252 328.68652 314.23285 0.007540737
220.68066 2156.0142 360.36307 576.5366 0.0075145345
584.05615 1295.9818 844.2675 1072.2025 0.007472011
931.0563 798.7978 176.92267 68.786575 0.0074688466
728.9062 162.20963 169.52098 137.14851 0.0074678073
476.4589 2257.1052 491.0213 395.71307 0.0074263196
704.0653 1025.4441 277.5734 148.54504 0.0074196025
761.89655 192.41412 252.5641 224.47397 0.007380343
600.7866 1150.5261 806.10297 771.5932 0.007371333
836.70593 2075.2114 369.5149 386.15753 0.0073672486
466.0064 1321.8959 740.15985 1899.5029 0.0073387437
454.74036 1223.1082 223.95609 204.71715 0.0073261587
516.9094 1198.1862 359.81873 248.84592 0.0072960644
493.2725 2347.3389 191.90913 219.4022 0.0072860247
644.8423 2233.4724 281.3036 372.6075 0.0072678197
697.88275 663.9569 309.85178 581.2555 0.007267596
682.1637 1060.1003 669.8502 1984.035 0.0072343014
773.02203 1804.5564 508.44333 1428.5708 0.0072162654
730.95984 1416.2229 567.366 1775.758 0.007176936
943.6102 438.1755 168.88358 762.41 0.007139557
610.5883 531.8087 803.041 1057.0553 0.0071388436
898.2593 145.445 258.1706 283.36542 0.0071233814
556.9399 1414.001 893.66907 706.7997 0.0071078273
727.36194 919.3443 296.8498 346.91162 0.0070906556
677.3953 1424.3076 656.3166 1294.1213 0.0070644105
357.22028 1263.4747 623.9984 2353.3943 0.0070639155
512.14844 2248.8142 400.9671 443.01538 0.007044043
539.7415 1397.4744 717.7724 708.97125 0.007003059
565.72546 1213.962 800.53613 890.7829 0.006932434
461.67734 2335.4136 401.6874 252.32497 0.006924511
248.51256 1597.0043 316.48587 561.5122 0.006919404
792.03796 342.6987 388.18396 527.48926 0.00691827
571.39923 995.7271 545.7584 542.5119 0.006901651
894.58734 294.37982 263.44705 574.283 0.0068700244
751.4652 1447.5532 260.54562 375.2415 0.0068677766
633.2663 831.3418 706.6849 1494.2014 0.0068533877
726.0808 927.29663 327.1781 351.15137 0.0068295477
441.68967 2177.0945 606.1845 560.534 0.006804605
457.7396 1219.8306 797.3899 1139.5653 0.0067903944
803.73676 927.1298 170.39703 324.92813 0.0067859776
640.8707 1978.6333 357.94244 778.7072 0.0067852163
303.1243 1422.656 209.17357 249.63022 0.0067831245
626.3227 1553.6946 440.30902 834.2636 0.006756333
444.7819 2330.1895 191.12323 220.42963 0.0067401486
715.30054 604.15814 240.5706 357.37064 0.0067365584
635.88025 760.36383 470.07077 815.8382 0.0067244447
763.7478 669.50464 459.03757 848.75397 0.0067096353
666.4749 1889.0955 192.7952 240.95023 0.0066891583
903.6247 651.996 160.90353 256.235 0.0066427737
234.46443 2230.4844 254.30289 334.5373 0.0066265706
391.91132 2176.553 648.3134 634.3915 0.006615374
683.5207 676.9529 383.97238 815.03406 0.006599224
730.10223 1392.2036 195.75066 265.69174 0.0065706517
557.7636 2173.331 636.87256 483.49164 0.0065538962
630.54114 2073.688 474.22293 415.15692 0.0065405504
943.8147 330.2738 169.27695 527.2022 0.006533877
567.1126 1356.6139 570.2656 1696.2218 0.0065260567
282.03723 1515.6174 237.596 400.51755 0.0065077865
592.5476 1264.8499 732.15375 551.4015 0.006502575
638.6104 1916.3561 273.5863 308.53754 0.0064839
684.5796 714.7176 393.7328 751.1055 0.0064749
825.76935 146.00168 397.06296 284.92844 0.0064589167
738.4877 2288.8018 238.73914 469.9462 0.0064572887
508.47137 641.5065 707.85486 1244.8295 0.006454084
825.7336 1796.0989 400.72546 1382.3734 0.006449313
250.43105 1680.6516 404.1653 828.928 0.006424169
811.8628 1019.83905 135.7705 122.89415 0.0064218044
523.6428 1059.0371 656.2195 792.36615 0.0063898466
404.01453 1407.9789 676.1753 1847.3163 0.00638456
707.2042 144.21976 214.17569 164.2273 0.0063822763
278.26703 1519.8801 256.83774 421.79193 0.006381799
481.8291 1453.5645 424.7567 613.02875 0.0063387384
603.9579 1495.5829 602.72144 1088.1581 0.0062723276
723.53925 120.89335 249.45055 221.69893 0.006253868
527.56036 548.54767 980.1083 1095.8866 0.0062518767
394.66733 2054.778 636.62573 905.5891 0.0062478846
885.2324 794.0847 262.43356 78.37628 0.0062455996
387.24368 1847.9373 443.9714 942.8771 0.006225592
528.2939 2091.098 324.61435 389.88745 0.006219515
674.0754 827.995 351.22516 505.81097 0.0061952914
692.9922 209.68663 422.05322 407.8012 0.0061396547
705.6648 1430.8582 281.79715 374.99124 0.006132812
502.59235 1525.4003 407.7861 798.10016 0.006117253
610.1571 1932.0513 376.3321 734.0011 0.0060858005
287.97437 1600.5529 303.6506 570.9492 0.0060619502
396.69553 1483.9397 555.64343 754.1901 0.006059716
812.60724 1527.316 366.30518 632.7953 0.006047095
698.45465 160.7048 77.89914 85.53826 0.00604252
516.0599 680.51166 616.28796 1173.1873 0.0060372353
543.48785 1417.8687 923.3998 706.3932 0.0060278377
606.1468 512.823 820.8165 1017.9883 0.00601158
541.1157 994.0201 640.76 1080.5276 0.006002318
550.4962 1227.4426 686.01636 993.7289 0.0059894472
470.96085 892.7363 656.04596 1204.6973 0.005945816
257.0312 2272.2983 320.94043 413.68298 0.005938375
396.9847 1539.2155 264.0194 421.3225 0.0059293434
444.95667 2103.848 504.65436 410.2026 0.0059265867
781.80524 925.44165 225.46002 333.70932 0.005919691
547.525 1074.6775 923.5119 652.96735 0.0059186053
412.41757 2233.1768 609.08234 501.24942 0.005896469
692.29517 2087.319 294.0547 338.48282 0.0058922837
392.23312 1972.9187 591.10406 782.3087 0.0058518993
547.7377 1810.4354 946.1998 1437.6982 0.0058453754
360.17923 1598.9021 615.8039 1724.5933 0.005839684
784.12964 2377.529 373.20197 324.5276 0.0058139977
534.126 1981.9098 364.61572 590.6047 0.0058128317
537.05505 1197.4377 715.39984 870.2446 0.0057818196
730.58093 974.107 540.00116 729.1308 0.005778665
793.01984 844.61774 126.31623 205.21788 0.0057666814
589.54004 1795.2922 428.719 872.9055 0.005756651
372.7439 1974.6936 255.40416 271.15018 0.005741965
274.05966 2047.6854 147.5785 171.08563 0.0057160123
464.77823 1251.2113 804.66754 968.50586 0.005714167
773.7638 435.84753 489.28275 814.61707 0.0057042735
243.36534 2167.6282 400.10846 598.65155 0.00567374
767.0907 2153.4736 311.8526 530.2037 0.005633339
832.615 2201.0334 385.0148 684.5381 0.0056264596
802.9539 701.3243 410.99805 833.473 0.005552144
790.69934 610.68097 155.10463 267.75015 0.005551738
572.89 1086.1191 701.00397 538.2528 0.00553691
590.7971 1310.8755 583.2692 1139.072 0.005530387
475.44202 1152.3462 519.06976 754.30457 0.0055275685
303.87836 705.4869 587.97205 1406.1475 0.0055267955
326.36484 1949.5197 372.22882 364.75107 0.0055029346
789.287 2278.8965 459.76004 535.0187 0.005492771
334.827 2024.9657 435.09985 527.6948 0.0054900455
408.50992 1593.7461 664.06036 1006.31836 0.0054870835
565.37976 1073.5677 773.9978 621.2814 0.0054842373
851.4311 807.278 302.1852 577.7504 0.00546984
640.3322 2022.7504 62.874382 83.55025 0.005455142
541.2342 1158.5017 508.8269 330.4048 0.0054438324
534.76495 935.97736 608.2415 894.7439 0.005442988
567.9383 1695.6139 325.01697 471.75916 0.0054410887
830.15204 1793.1289 316.38733 416.30148 0.005423866
641.6609 1659.7186 446.547 847.78357 0.005399233
833.3444 1210.036 378.28677 884.8617 0.005357352
780.38434 916.2773 485.75882 1706.0826 0.005354784
841.5535 379.96594 190.43622 249.80627 0.0053261844
882.79626 927.6811 290.28134 328.43747 0.005321604
559.0623 1213.0315 598.1033 516.15186 0.0052844062
394.01953 1359.9175 226.57278 286.8422 0.0052644964
860.32666 165.60188 193.27931 222.45482 0.005260276
616.668 1391.7343 147.31963 228.14252 0.005259727
300.5129 2182.913 515.8247 633.50464 0.0052543883
467.0125 1014.7639 786.7359 1101.9104 0.005253264
462.30847 2348.0747 448.07047 270.4773 0.0052508004
707.7043 1828.184 150.92879 183.74799 0.0052245674
565.8421 1396.3042 820.02203 687.57263 0.005219066
652.3835 2049.388 192.61522 262.11218 0.0051881275
634.6882 929.85516 330.28265 356.8571 0.0051672454
421.81274 1927.7638 204.56296 282.22107 0.0051651625
430.85358 2015.9927 533.3891 502.53522 0.005159474
736.5044 1780.8972 234.46361 324.91132 0.005148298
889.28516 282.30792 276.37723 563.6384 0.005103722
972.1064 797.5757 77.31561 43.05692 0.0050875065
551.1028 1287.1177 559.5978 423.18118 0.005086353
851.2628 1746.6235 179.1346 289.2262 0.0050807525
613.2561 218.48726 317.43137 360.12915 0.005077189
704.2264 253.86592 211.00818 278.8866 0.005069701
643.6307 1673.5685 259.1761 350.95813 0.005064052
259.5808 757.7164 500.72977 1483.5392 0.0050592083
577.4924 1549.4404 495.9034 667.00433 0.005059055
693.10205 2370.677 192.95534 277.85944 0.0050546094
717.0661 2371.0515 308.587 315.51138 0.005051124
321.39844 1456.0645 174.33463 299.48422 0.0050491304
623.6113 801.6983 169.09825 196.32376 0.0050488357
343.05402 734.201 567.1759 1401.9309 0.0050424873
431.04123 2273.4688 480.05545 378.54007 0.0050418414
534.43164 2201.2808 243.20377 568.7225 0.0050285594
359.7971 1520.3832 485.8489 793.385 0.005028106
837.163 1321.8889 234.96144 456.5462 0.005011587
507.133 661.23413 575.0353 1166.5028 0.0049964706
700.74274 723.78314 459.24008 594.29065 0.00499448
453.92615 1887.9808 151.78387 220.53189 0.004989686
811.8782 2115.8142 416.10822 863.6238 0.0049697
530.25085 2225.3027 243.49622 350.81174 0.0049601663
369.4837 2123.5618 641.2559 825.0022 0.0049530524
815.53046 1250.0194 194.72607 580.94824 0.004945064
535.3228 1586.4067 229.04994 292.97012 0.00492721
727.76874 884.3617 189.62466 220.86685 0.0049260296
789.9016 803.8852 337.6249 600.76984 0.0049201637
860.34406 1774.4733 253.55106 364.3241 0.0049200216
528.80225 1244.2517 939.6436 1000.1743 0.0049100746
760.69604 866.92584 200.2001 234.02632 0.0049090637
394.13965 1999.1097 424.37183 481.406 0.0049026716
955.3346 904.5003 141.34569 281.51956 0.004898337
323.5665 1813.3949 60.23825 108.274994 0.004897856
341.28125 1718.3226 473.73294 1358.4968 0.0048928503
775.7072 2129.522 239.75818 340.65884 0.0048788358
632.7407 1286.5396 219.03148 307.43628 0.0048719556
980.5728 171.79445 95.55113 177.60637 0.004864231
622.5263 1732.5281 316.44513 479.1255 0.004863354
638.8072 1555.6488 244.21489 429.78995 0.0048595313
704.56805 544.4806 637.2705 1082.4861 0.0048591625
930.8575 742.58325 180.12598 222.93549 0.0048555257
853.4818 1273.7045 356.7133 2527.9119 0.0048504383
807.2974 2175.8613 107.54394 159.13106 0.0048467754
367.7486 2101.4849 633.0221 857.15076 0.0048460835
180.47527 2125.8833 277.6041 541.04315 0.004845065
563.51105 1482.6188 237.9873 379.00073 0.0048383605
658.10944 2260.9119 158.7751 377.48367 0.004831787
761.3536 2176.2773 429.9305 719.61383 0.0048278472
458.65845 1461.6315 296.81583 366.72473 0.0048151286
565.27985 945.8826 858.54987 1567.6147 0.004810045
456.67526 1865.6251 99.77422 145.6835 0.004805945
634.7187 2017.265 283.6559 414.1121 0.0048023313
569.2965 2277.6511 215.11708 502.3127 0.0048003923
527.328 1204.5917 930.6975 867.52423 0.0047946074
776.77045 841.83746 449.40686 1116.6923 0.0047883
725.18225 1469.4629 589.4597 1477.0714 0.0047605964
977.8001 901.37933 100.94175 266.1526 0.004745612
498.73755 1572.895 395.98276 887.35394 0.0047331355
259.987 1920.4971 435.43262 1182.911 0.004701312
232.62401 487.98364 452.11975 935.27997 0.0046918304
760.4961 1127.7828 195.61774 237.93178 0.0046720225
612.5982 1861.6053 256.27286 770.8808 0.004658558
303.56747 610.84 561.3118 1198.0773 0.00464953
582.99536 1589.6686 564.26746 730.19464 0.004645723
515.58826 687.5864 984.0071 1378.7549 0.0046360907
532.2335 2474.5627 973.2381 253.65683 0.0046302564
743.746 2259.7014 116.88032 197.6663 0.004628459
204.33453 2078.6377 319.3513 435.09363 0.0046283714
666.7365 569.8306 219.13602 338.47717 0.0046072053
740.6729 820.127 356.23102 644.4167 0.0045895567
847.9858 2412.1755 203.89664 226.08406 0.004560041
334.45157 886.86774 602.34924 1760.6495 0.004559002
536.2397 2152.88 250.14986 208.92793 0.004535707
750.74335 1414.6805 489.07428 651.8838 0.004534224
681.7003 2012.0906 470.0591 452.52536 0.004527993
627.96 2132.4158 468.31476 278.67676 0.0045277528
690.68964 278.9797 236.56451 295.12375 0.0045226705
278.8471 549.0584 547.4912 1086.5819 0.0045010946
756.5224 870.4497 473.15887 691.05273 0.0044955
508.1733 1919.4812 168.55739 238.03125 0.0044944608
623.63666 1423.5762 138.80724 228.69533 0.004471143
649.1296 1238.6771 617.1994 992.76697 0.0044468297
428.04913 2384.873 220.3874 263.2915 0.0044421963
734.88495 1120.2312 567.5059 2122.1863 0.004420103
638.5737 897.1166 222.29936 266.3439 0.0044141077
852.66284 661.0713 252.651 308.34357 0.004413936
732.16425 2349.7175 435.21014 369.8158 0.0044061914
548.2948 230.83641 185.24896 269.86948 0.0044055684
320.73682 1828.8224 94.756004 163.66763 0.004393884
797.0262 1018.16724 82.65113 117.72482 0.004393327
602.6212 2353.5527 184.27531 233.22803 0.004347985
534.89453 1031.1499 582.8025 1518.7238 0.004345979
96.641136 1890.7648 137.59741 418.9275 0.004334857
851.4178 689.39703 311.5081 792.92285 0.004332345
843.91187 1295.9684 374.00497 2480.5464 0.004331362
438.8666 2349.9077 491.70343 385.0241 0.0043135285
843.01843 1775.3367 359.7755 1083.028 0.004305259
613.7024 788.92975 283.94617 348.89987 0.004302847
725.15045 1296.5614 359.99268 686.84546 0.00428853
764.91003 1376.5597 237.7227 583.9085 0.0042729974
595.30273 2178.2053 128.98239 200.04085 0.004271681
432.6738 2223.1196 489.72723 413.53366 0.0042697345
681.42255 2089.3438 437.2802 889.79065 0.0042592683
689.7646 2370.2112 214.48293 320.04196 0.0042554075
817.6081 1047.0526 407.48178 933.54486 0.0042402097
571.3434 1022.474 619.80865 545.40814 0.0042265593
591.73425 2394.8125 148.79407 175.91397 0.0042262743
526.54114 1922.7134 257.7888 323.48697 0.004216517
707.7886 1319.8937 616.6485 1107.8934 0.004216415
846.3491 1296.166 350.62823 917.24994 0.0042156917
877.3853 351.85443 216.94308 312.72534 0.0042043994
723.44977 1492.3157 562.1371 827.146 0.004188188
869.7998 1448.7046 148.65707 267.44574 0.0041853613
858.88007 901.0818 136.57469 280.50757 0.00418524
704.5591 1572.5181 165.06161 214.29083 0.0041764947
336.1931 592.961 533.94586 1109.6346 0.0041702525
491.6535 1023.0637 116.525986 136.33038 0.0041619455
649.6046 2364.5696 345.86438 285.2637 0.004149537
517.84814 2173.8162 231.3402 208.63268 0.0041419696
912.9588 683.3889 196.98306 286.4961 0.004141051
785.7595 2444.6086 473.1624 220.0167 0.0041387333
832.51044 1190.612 389.1282 2250.7551 0.0041376506
792.1265 1440.6984 325.92075 701.913 0.004134924
655.12225 2236.7153 138.92584 197.65451 0.004131764
554.01544 1319.9485 348.15952 456.72675 0.0041193883
438.46597 2137.419 229.80524 343.90897 0.0040965057
308.92975 1999.9581 533.86566 1075.6049 0.004088639
946.3831 140.32597 165.82864 278.42664 0.004079157
413.96414 1932.534 252.24191 408.04132 0.0040755263
532.53 1460.4973 145.76416 230.8942 0.0040362314
412.8761 1959.3114 689.87866 1144.1405 0.0040128236
332.30713 957.5716 561.0453 1296.7211 0.004005124
626.28644 1515.4441 292.13916 376.9293 0.004004604
877.0004 1377.0703 190.03821 345.9788 0.0039927997
620.7797 1512.3826 138.46744 204.86868 0.0039910213
770.3703 1594.1418 496.66217 1043.3949 0.0039706365
430.60675 1259.0858 427.23767 916.9169 0.0039623324
543.2638 850.30774 584.2174 723.24976 0.0039495165
391.31824 1505.5886 593.0522 802.78345 0.00393922
518.65735 1110.0702 679.36346 655.11584 0.0039303824
809.15454 2077.262 294.06192 321.25912 0.0039266134
419.91306 2082.026 320.18475 406.01434 0.003914065
496.85428 2378.5085 403.7281 330.93985 0.003903787
450.99808 2251.9749 371.3598 146.49281 0.003899491
724.2949 109.948685 232.94057 215.88776 0.0038972008
770.7108 2351.5334 199.62914 285.9341 0.0038928993
683.80225 2170.4438 353.99243 551.57446 0.003891829
670.85205 1476.6116 585.9749 742.36194 0.003886608
875.863 642.8484 255.67079 395.46 0.0038817266
909.29443 1475.3599 220.87764 419.55487 0.0038517541
606.0428 1363.8173 558.1048 947.4818 0.003851721
806.7045 660.29224 210.54935 228.42249 0.0038455985
357.4302 486.39377 459.14877 854.47266 0.0038330243
806.6229 2230.9128 395.2763 629.04816 0.0038230033
897.95465 270.24387 252.85258 368.93402 0.0038189339
585.10803 989.0191 424.2594 498.75363 0.0038100265
732.8439 871.17413 338.51044 452.90454 0.0038095016
377.24957 595.65894 376.91223 640.4245 0.003808031
474.35373 1332.9889 670.1495 1679.4166 0.0038073743
789.44635 596.353 399.12555 948.3192 0.0038040748
935.2387 2296.8628 182.27522 507.78137 0.0037948703
465.99197 2277.375 101.35527 105.64109 0.0037910542
457.16733 815.06006 696.74414 1340.2272 0.0037767729
908.1487 1280.5653 245.7902 2520.2644 0.0037655015
680.88513 1343.8859 648.6167 744.4349 0.003762081
449.3462 1649.785 282.61823 342.685 0.0037553676
843.5872 654.2765 314.14267 382.7358 0.0037536656
750.64496 2393.646 139.61938 224.426 0.0037462676
612.7119 1079.1989 198.65729 226.95721 0.003740849
690.8676 2170.4312 191.62865 441.30777 0.003705964
497.94235 1872.1597 163.19061 218.70572 0.003658115
478.45218 2379.7634 196.67744 146.12555 0.0036366691
899.25934 2072.8423 224.72215 328.4673 0.003635828
703.48883 166.05086 71.51348 90.65777 0.0036301336
627.05707 1729.0732 272.62726 336.37808 0.0036300838
462.69873 1247.2296 466.08624 1211.457 0.0036202387
440.28268 2375.0898 108.6195 134.74222 0.003618502
866.67847 854.005 303.09192 443.29654 0.0036063024
478.0818 2035.1471 121.61393 177.04872 0.0035781667
862.4554 852.4394 296.31018 466.40717 0.0035739103
632.9272 2379.718 120.782326 177.46751 0.0035591235
681.89557 1968.8684 298.1668 604.10406 0.0035524399
79.179634 1983.9458 113.92677 244.1587 0.0035340688
401.30942 990.9301 322.3967 438.47952 0.0035317808
520.8478 1074.7677 852.40546 629.70013 0.0035304688
672.078 2252.9294 114.880936 161.00612 0.0035302523
666.3569 2230.0908 118.88577 227.00366 0.003529823
864.3491 1780.9142 327.1291 1534.8435 0.0035293535
653.7908 1938.5543 228.9338 257.14053 0.0035219572
443.53745 588.64166 245.46053 421.15155 0.0035095348
937.5516 604.5012 180.38849 529.4019 0.003501781
508.10263 538.8524 195.22408 356.58258 0.0035014928
669.27527 505.72186 173.89984 221.8912 0.0034702043
511.2627 1286.4442 848.58203 578.894 0.0034687186
775.41156 1183.5939 181.90569 232.00981 0.0034619276
682.0234 1314.3745 362.56308 616.97943 0.0034403624
578.68695 1864.7177 265.14413 458.88773 0.0034343286
583.1618 1983.8162 614.94086 325.9041 0.0034217688
519.2427 414.85992 1004.1428 832.38275 0.0034141284
802.44543 1913.0642 414.90533 686.9723 0.003406722
629.4789 2379.6082 747.6763 313.84058 0.0034062476
353.57336 2239.164 278.58054 343.95828 0.0033931145
565.6688 989.7136 428.806 500.98962 0.0033913914
709.0923 2459.319 154.60033 170.82626 0.0033902938
551.02466 2106.4822 130.28108 161.19624 0.0033791838
586.47894 1740.613 433.0814 1354.3563 0.003378773
946.28906 756.6097 167.6335 1556.5748 0.0033762546
824.49603 1190.8114 196.70447 229.31516 0.0033683185
507.77142 2153.5542 127.73065 152.06912 0.0033675982
853.82135 2013.9529 319.36737 1053.379 0.0033576344
622.7022 1948.073 152.3953 293.70453 0.0033558428
534.2777 501.724 262.78134 607.6486 0.003354773
535.88196 1984.1044 122.89527 141.83351 0.0033149926
728.99164 1479.9982 340.5534 446.93875 0.003309793
306.07437 675.6337 597.2915 1340.5782 0.0033034456
633.0961 2279.952 69.41425 112.98471 0.0032805419
626.23047 1126.2017 173.85089 139.18398 0.0032739176
426.6389 2283.6553 240.72183 207.23561 0.0032737744
804.9271 2280.8433 199.88799 321.5262 0.0032620481
719.69244 1297.9207 378.0389 438.05453 0.0032486613
392.51132 2012.6304 164.77483 170.74234 0.003246453
704.1366 1846.5009 197.34348 294.1343 0.0032411627
850.183 1159.023 341.71432 815.48816 0.003240211
385.6702 671.7247 419.10574 846.596 0.0032332267
842.2029 1342.6749 362.53928 1156.7107 0.0032318577
869.1676 2396.8008 198.76291 284.49225 0.0032236732
603.165 2282.499 501.1133 199.6443 0.0032191148
871.93243 1361.9893 118.70541 268.18518 0.003217657
761.3812 2362.596 298.97845 370.57367 0.0032106647
788.4084 1351.6272 468.45648 1904.7423 0.0032075045
436.97638 2453.2031 230.25859 176.4598 0.0032012386
656.2824 1994.2129 494.26392 394.3247 0.00319706
735.5821 1176.2234 302.65125 433.06537 0.0031909265
973.07465 557.78033 111.45632 544.6687 0.0031640127
634.32434 1269.5602 330.12738 578.53345 0.0031625857
301.5896 632.7257 315.28915 490.17017 0.0031616932
695.62805 1124.6191 419.04965 783.0371 0.0031593286
296.34662 1943.2885 233.6925 340.00626 0.0031395317
569.8427 1019.2486 185.0783 198.88527 0.0031333922
351.1706 1551.3551 109.15548 154.7419 0.0031175625
652.5795 2409.9858 137.06944 123.3035 0.0031068588
840.35474 1574.975 369.27136 1539.346 0.003097604
756.13196 742.95013 165.23242 146.57521 0.0030963745
522.77936 1885.0077 176.46945 215.9828 0.003084277
834.5034 1028.9518 147.78311 186.26974 0.0030790286
613.99286 1399.0193 725.35736 530.8212 0.0030667463
533.3687 1282.2411 990.79724 2549.5261 0.0030581322
407.884 1771.4329 499.0555 540.7743 0.0030486449
929.57947 1228.3495 194.15211 631.2739 0.0030461997
615.53235 2474.1292 143.26978 124.18563 0.0030282207
323.75864 1932.5791 228.52425 242.18076 0.0030238417
243.11769 2136.4453 417.79837 819.43805 0.0030206924
444.6059 2395.8965 365.63925 271.80618 0.0030107298
297.18076 475.96365 587.4727 945.96796 0.0030076941
632.13544 1396.2933 348.07825 902.6447 0.0029848474
649.72437 2367.93 220.62146 367.1852 0.0029827992
819.3823 1185.1531 170.55817 187.56216 0.0029724694
609.6639 1082.1387 485.99725 284.54892 0.0029625962
766.01654 2028.424 179.4594 228.49962 0.0029577832
675.6627 2365.233 165.82074 238.33202 0.0029468266
929.7742 1767.3066 190.40726 367.54138 0.0029446965
939.00586 1031.3877 181.2819 538.1873 0.002943311
914.4553 1209.2936 222.18187 678.99207 0.002937833
207.22235 726.72766 407.7914 1410.2051 0.0029374561
349.4558 2444.0178 221.26172 190.09596 0.002930735
607.67316 1127.8059 549.76965 752.40765 0.0029096748
803.59283 2060.0942 198.18942 169.9855 0.0028861756
938.1659 373.12375 185.48354 753.61035 0.0028723723
835.81274 2482.6213 350.00613 176.1187 0.002868424
728.2443 954.54193 235.05203 296.7868 0.0028675376
845.75525 2409.4146 354.7997 299.23965 0.0028436033
405.84326 898.0164 201.20937 229.23738 0.002838698
975.6089 632.5102 109.19422 388.11707 0.0028362034
442.02502 1076.55 448.72943 822.7025 0.0028303028
931.4613 1194.298 197.859 2303.0642 0.002816178
254.17728 2196.9524 234.25116 445.15164 0.002815305
590.5814 1210.0255 388.63727 500.91464 0.0028009764
669.03186 1968.7854 264.95026 665.1233 0.0027982777
895.49146 1894.9263 206.95386 214.17767 0.0027977643
796.80945 2463.0916 224.5726 195.05817 0.0027952415
258.24295 513.96344 217.34851 302.4507 0.00278986
788.4465 1184.7314 358.94614 499.6525 0.002785908
557.4099 2101.4324 172.66977 189.5035 0.0027802757
798.0542 1676.5981 201.04169 281.26846 0.002770025
768.2071 1062.8457 197.67657 230.41466 0.0027692267
828.7544 2581.6487 587.5876 82.78769 0.0027580145
840.2618 725.5651 299.60828 165.11594 0.0027567125
88.724754 729.55414 163.02473 404.21777 0.0027516324
898.9542 76.97497 268.9086 150.50235 0.002750311
834.34955 1608.9475 166.10779 231.4537 0.0027463888
951.72687 1006.1819 161.816 486.32495 0.0027411855
791.5288 1107.0983 458.6141 1983.0369 0.0027399487
572.56116 1554.5919 427.72998 955.71313 0.0027298422
858.1517 1173.48 275.64246 349.66013 0.002728799
774.375 2555.3733 514.86084 90.728874 0.0027159643
967.3385 778.1582 120.9842 651.1667 0.002715321
678.9301 2494.691 139.08073 142.68578 0.0027106893
480.44992 1470.4563 462.37326 1633.7487 0.002705331
883.4717 1699.2598 179.455 225.21133 0.0027046944
793.8608 565.08527 123.05063 151.32088 0.0026886654
646.5146 1003.512 602.7545 560.1488 0.0026873106
773.4582 1225.9496 308.78958 347.96698 0.002685034
938.6845 1565.1764 166.49521 284.43085 0.0026839976
840.6171 440.10825 149.81567 192.17264 0.002673231
313.87015 2277.7424 269.61542 365.55716 0.0026423074
900.2086 1153.243 168.97029 175.02324 0.0026421754
198.40964 336.69092 398.25388 632.86176 0.0026365197
552.3169 1063.7506 849.7119 1124.796 0.0026264675
946.72864 1047.9489 151.66985 256.38403 0.0026227091
101.444336 675.00665 183.59053 586.9039 0.0026187743
587.1012 2485.5686 121.739265 122.063034 0.0026139787
974.6126 2392.318 105.37163 318.3968 0.0026133894
450.03635 1918.9744 283.90646 321.8619 0.0026115966
377.73557 710.3186 312.7212 548.62506 0.00260762
666.1956 2402.7961 402.57443 261.98364 0.0026011283
604.1011 2113.646 79.08265 97.12362 0.0026009243
734.2645 2469.3176 115.05549 141.13284 0.0025897091
552.5847 2464.6316 359.90384 185.57101 0.002587124
979.03235 978.4782 103.08155 461.06036 0.0025780604
533.41547 1283.9039 980.8071 2536.0225 0.0025778152
978.00024 796.6821 115.89477 787.8792 0.0025724054
961.4601 2141.7734 134.0828 398.3425 0.0025699816
872.4125 315.94302 164.38707 212.62805 0.002560386
651.50433 1130.3582 447.1904 992.1404 0.002556001
551.8984 2570.3054 942.4243 58.96231 0.0025509475
722.20654 343.80023 598.32574 699.6943 0.0025452273
258.92618 2190.4038 228.67897 286.68628 0.0025216592
838.8499 1308.197 348.69055 1672.166 0.0025182432
889.7078 447.29416 183.22292 220.79745 0.002517908
408.52472 2310.6243 355.89932 407.9466 0.002510478
277.99844 2168.7427 292.80734 365.65863 0.00250151
436.9888 2486.7583 170.66026 143.40868 0.002497388
977.0305 535.0933 103.132805 317.3404 0.0024952663
929.63794 38.28828 206.39996 75.17292 0.0024949007
655.62897 1391.2605 663.48456 1398.0621 0.002491079
356.37582 2204.5652 560.9158 681.9011 0.0024815588
914.59937 1196.358 216.82521 1123.1328 0.0024558126
705.58795 2392.991 395.69223 183.16756 0.0024540888
299.49673 690.5208 480.03046 1279.3152 0.002443882
487.58804 2458.58 495.28186 200.88991 0.0024358751
826.63556 808.0175 224.72379 274.85873 0.002433104
619.59656 2480.7727 155.42595 147.5961 0.0024305545
963.05853 623.0236 138.37758 1252.4011 0.0024298157
947.7013 1915.7893 163.08684 523.958 0.0024290853
731.196 2492.9453 110.531494 113.876396 0.0024267202
239.2201 2125.1624 217.48799 274.19067 0.0024185334
257.6265 1017.3756 410.46457 676.68854 0.0024181504
708.78076 2516.3 577.3946 169.35329 0.002412189
977.2889 743.35657 93.0927 162.90213 0.002406866
770.18976 296.0722 228.25241 168.36081 0.0023931102
890.19727 51.234093 257.62546 101.24096 0.0023864827
804.31976 2579.167 454.86624 45.50467 0.0023757163
860.919 1525.3157 312.24188 914.23285 0.0023742793
460.64713 2477.9746 115.748024 129.43 0.002373078
270.10632 1079.1399 282.22043 398.99808 0.0023698898
978.1924 674.8577 102.02741 312.01694 0.0023636536
461.43994 337.10446 196.12054 397.9242 0.0023599425
971.30493 1142.9032 112.49089 107.99518 0.002356939
80.25331 647.659 142.84511 277.4063 0.002355203
970.913 484.90582 112.612526 310.66074 0.0023491427
853.87146 2577.5413 336.42712 48.62291 0.0023416637
329.77457 2468.4812 195.55199 144.4569 0.002340589
922.0697 57.901928 207.31136 119.966835 0.0023403764
528.4162 2577.7915 961.3064 48.918118 0.0023340387
860.534 1215.4609 200.82924 281.92883 0.0023252412
894.8622 2486.18 175.96373 146.65166 0.0023245853
859.8892 2389.4688 146.71738 153.30487 0.0023243541
720.1187 594.3444 149.02051 174.6361 0.0023222817
908.57245 2568.632 237.97334 62.336964 0.0023188817
72.249466 486.4581 132.29552 602.8529 0.002316596
208.20474 22.149727 261.93655 41.93902 0.0023160956
856.0484 2567.746 357.37112 63.85834 0.0023156428
278.7622 1573.2278 445.26892 1057.3905 0.0023086634
291.0667 2515.341 233.71501 144.90654 0.0023060378
878.4722 2158.2854 179.47859 233.30519 0.0023059107
511.92584 2498.681 107.22894 108.41193 0.0023030723
615.0095 2512.9534 161.95264 81.75049 0.0022926289
172.0132 2452.8796 303.34576 256.94034 0.0022777976
935.0892 1946.199 170.79643 272.17728 0.0022698573
47.159695 2092.8833 98.705925 486.7669 0.0022692604
948.87134 15.752453 161.3388 30.700449 0.002262258
383.46997 2466.6838 244.77222 152.92856 0.0022605376
857.28827 19.43458 362.46213 38.273266 0.0022592333
342.51096 797.129 459.93726 1062.3696 0.002256418
625.36096 2568.498 765.0444 64.379875 0.0022531548
787.05615 919.9 153.19888 331.10526 0.002251106
49.159733 870.8932 90.96288 738.54913 0.0022391544
216.04259 262.55103 401.51706 513.09955 0.002227936
654.0711 2500.5442 124.384094 111.33802 0.0022270456
900.26013 562.704 179.25581 192.62753 0.0022229024
934.1244 2463.069 181.2842 241.60927 0.00221877
716.86273 274.47202 196.73831 285.9907 0.002218753
627.7216 1246.4692 787.0556 2262.7178 0.002200803
977.9951 190.73282 97.35062 132.71445 0.0021809891
965.5034 42.57486 140.65895 87.48456 0.0021752228
382.2855 284.3167 261.53717 530.3571 0.0021738561
945.3713 2308.0925 142.76048 255.13931 0.0021638412
950.4727 2360.862 145.55972 355.0393 0.0021365026
720.1221 1174.0161 252.07198 220.74927 0.0021306684
543.40204 2032.9327 301.24637 431.4516 0.002130418
784.4826 1245.778 483.4718 2513.4587 0.0021201426
943.1117 1996.6442 157.55841 224.09879 0.0021166862
599.8472 2598.025 920.90027 23.795444 0.0020800044
801.0307 2484.2087 484.23923 232.78592 0.0020720589
268.40628 25.154327 184.0944 49.134663 0.002062346
71.39384 2532.5632 136.5304 144.22781 0.002059063
434.7889 2486.5764 323.23083 167.21039 0.0020558673
951.375 458.2183 107.66247 661.6501 0.0020558215
986.1456 2596.563 313.00992 55.32766 0.0020118887
130.3806 12.8335705 272.55396 24.661577 0.0020102952
716.2725 38.340862 613.47894 73.44758 0.0020018904
448.8268 1224.9271 467.98788 866.20605 0.0019954331
762.4053 1458.0938 436.99136 1004.9093 0.001993815
960.6083 1173.0916 131.25705 237.25966 0.0019915693
924.8787 2500.655 192.65295 134.89801 0.0019846975
39.71964 1102.3871 75.23787 489.55472 0.0019839976
882.5495 904.5152 280.99124 366.37164 0.0019752006
277.4795 2541.2585 269.4032 86.99437 0.001972366
899.28217 2581.4832 262.29388 45.670914 0.0019610585
798.4848 1259.3889 338.87357 1448.8254 0.00195627
51.828697 465.76584 94.83147 459.86334 0.0019539627
620.95197 2264.7566 367.4806 211.61816 0.0019507145
973.4395 1469.9745 117.72131 421.35052 0.0019428632
977.6559 2318.3774 58.116806 69.64257 0.0019411775
862.9594 2579.6545 298.67188 51.86566 0.0019389819
44.634045 861.22235 80.455925 286.43137 0.0019333684
354.90225 2510.2554 592.1649 184.33424 0.0019179354
35.598766 1161.2628 68.38021 315.8208 0.0019087828
867.34265 2567.9841 234.72017 55.87426 0.0019086266
670.4309 2423.532 257.1132 376.98868 0.0018981004
988.87524 556.8328 84.42658 259.09622 0.001891873
574.2763 1519.7303 417.39975 1192.3198 0.0018878874
984.5785 514.49164 93.471054 327.6572 0.0018855033
522.2431 2518.3145 195.83842 118.42156 0.0018775674
920.8238 656.70435 127.565254 197.11472 0.0018731145
960.0678 1551.9498 137.11934 466.39105 0.0018698953
879.08057 2528.6467 275.68887 128.74811 0.0018637904
611.2981 646.1025 226.76161 837.20526 0.0018599967
773.1643 1144.4813 308.6368 926.6157 0.0018589029
676.7092 847.80853 161.68605 190.57744 0.0018582571
824.23035 2486.8645 280.42093 198.02495 0.0018499522
981.08417 323.4451 100.48891 489.34933 0.0018449401
936.56775 2028.6102 304.0787 496.402 0.0018421217
971.83093 1298.9811 116.74369 2503.441 0.0018296866
664.0672 1176.6758 462.96716 288.18497 0.0018290571
926.15936 2435.2551 186.04579 267.4838 0.0018218966
503.1002 1888.5818 313.70566 574.3668 0.0018194478
957.677 1438.2396 138.74184 464.9377 0.0018167893
840.9867 2582.237 308.52133 43.54528 0.0018120075
966.90936 432.92657 117.30619 312.5733 0.0018115892
1000.7297 1186.3007 77.38394 82.529274 0.0017985258
69.940155 2563.758 131.38449 82.11139 0.0017812441
576.3427 2471.3933 949.8202 275.03665 0.0017800719
853.0542 2581.1536 261.72287 52.163963 0.001779943
598.77203 2528.8613 184.54715 124.994316 0.0017767637
832.05054 69.817856 371.35263 135.90015 0.0017755437
956.64966 2466.1592 130.54005 175.16786 0.0017713027
906.1888 2468.3008 197.49802 163.40845 0.0017676918
735.8673 5.89408 646.482 11.829933 0.001759828
874.53357 2564.1487 203.96259 60.767536 0.0017586062
624.1043 1220.4031 761.1273 940.2206 0.0017570314
958.48016 2063.535 143.49997 301.66568 0.0017525377
947.25275 2559.5928 156.17984 82.33352 0.0017471453
977.69244 1527.5459 110.516075 863.2393 0.001744599
935.1851 1990.396 168.13486 316.62292 0.0017293846
172.92564 40.741016 258.67712 76.49752 0.0017277324
867.30145 1924.84 232.67685 411.03745 0.0017219901
446.7328 50.459873 131.10362 103.70008 0.0017213853
726.9169 48.241905 615.1444 96.73869 0.0017148382
660.68463 771.0345 587.18304 1437.1062 0.0017138867
964.74054 1378.2422 124.77957 644.7808 0.001708809
845.83234 1222.7955 323.40817 1286.6078 0.0016996646
405.2484 130.7295 147.37886 256.24762 0.0016987036
214.28441 39.980156 423.33774 77.07586 0.0016687512
212.2008 43.308666 443.57642 83.491264 0.0016682643
1013.03796 158.77351 36.229298 182.17488 0.0016612554
983.54144 1403.5411 97.37665 335.44843 0.0016497289
905.28577 1100.7865 344.90326 322.2247 0.0016470513
957.4733 2443.1326 114.22247 229.1507 0.0016468561
543.2738 1980.7395 269.0848 913.7273 0.0016467784
548.2547 2525.1853 329.27356 131.73486 0.0016413125
354.8817 2570.7373 474.99127 60.264347 0.0016384653
554.39923 1157.6487 599.1763 1053.3588 0.0016274948
881.66174 1205.9518 277.04907 867.016 0.0016143327
576.95935 2576.4048 203.97302 43.676247 0.0016075952
503.666 1612.6515 732.19794 1726.2633 0.0016068789
974.6039 802.55237 63.768852 32.126083 0.0016055638
376.68735 2548.0398 439.70023 96.27105 0.0015986596
790.8214 2588.6895 455.7199 37.52682 0.0015930437
753.8809 2551.7031 142.0085 97.5919 0.0015929533
383.38147 2554.0662 592.88934 85.3896 0.0015879076
675.061 2485.7246 263.37262 252.216 0.0015774943
681.9746 631.4144 603.9208 1109.2617 0.0015685734
295.17255 197.77669 300.0708 400.18726 0.0015683576
390.50687 1565.4166 351.8795 754.2849 0.0015634649
702.50836 2536.1636 128.7278 103.486824 0.0015531295
688.95435 2559.5415 169.19292 73.089516 0.0015478057
968.8276 1364.9623 126.13503 1886.1675 0.001546167
425.74228 2575.5073 728.43787 59.068905 0.001544102
665.1491 41.326527 744.19257 77.90366 0.0015346492
786.3035 2546.5234 164.28203 96.54337 0.0015252613
854.5094 2573.1594 295.857 59.919594 0.001524986
947.0759 1268.1022 164.13774 948.18115 0.0015245767
929.8877 2560.654 138.91328 96.03729 0.0015165457
928.343 2508.3289 169.6204 134.37941 0.0015029
985.581 1674.9636 94.424255 191.11783 0.001501065
634.35345 2553.5085 205.65991 81.436966 0.0014846771
150.35602 2582.1956 313.18008 57.233547 0.0014791067
492.9859 2535.6072 240.12279 113.32935 0.0014772196
23.36854 486.65036 44.942905 352.0751 0.0014759754
445.4694 2544.777 530.0792 111.12835 0.0014672567
133.24783 34.89209 267.0907 65.28292 0.0014644997
950.0771 2571.546 156.98203 55.77129 0.0014622436
956.79364 2566.246 131.56915 71.71156 0.00146137
559.92017 2544.76 189.40294 108.01238 0.0014604589
997.716 2064.242 57.73361 359.52774 0.0014588652
991.6803 42.121994 73.028694 77.936424 0.0014485988
920.0828 2605.038 442.05615 8.132187 0.0014452457
975.1221 1576.8185 149.29117 309.4921 0.0014445714
868.4854 2541.4883 124.354324 90.40579 0.0014408578
969.9632 800.81165 65.13015 32.357258 0.0014274571
652.98987 2156.9487 255.04573 697.8944 0.0014181944
378.6702 2167.395 302.95593 738.21423 0.0013967748
732.629 2420.572 425.81207 253.71017 0.0013904248
782.6408 2458.3586 453.97858 273.39297 0.0013885405
975.1576 2566.1335 100.73851 71.16776 0.0013663435
581.6172 1278.0454 517.5947 451.90073 0.0013640501
626.20044 2583.9988 778.1444 54.457592 0.0013551223
725.4692 2584.7522 156.37003 60.638954 0.0013492607
328.96048 50.94695 230.57635 102.4985 0.0013456675
996.3319 2081.9084 59.87808 186.75667 0.001345137
440.80045 2571.6448 164.58885 65.69935 0.0013435616
996.7924 2256.3813 57.72897 293.34125 0.0013405483
988.8729 1378.6592 86.284966 308.59146 0.0013404883
809.54987 998.2649 51.12625 81.35764 0.0013385452
1010.5566 600.6963 39.699276 323.5288 0.0013312566
764.9947 2214.5242 373.71643 576.0427 0.0013227735
684.9009 2583.9866 307.2526 41.65994 0.0013214445
211.05984 1740.866 375.64978 676.973 0.0013202231
1005.452 588.9742 50.572056 431.1194 0.0013110265
989.69543 624.2914 69.72951 215.74142 0.0012927706
956.78406 2501.8257 130.56645 115.375595 0.0012885218
483.0725 1181.0978 697.73145 827.95087 0.0012874164
700.5572 2577.9368 111.94082 72.077705 0.0012805632
512.79224 1412.1986 392.35843 883.40515 0.0012731435
553.65533 2574.4343 937.9181 65.749374 0.0012675106
893.6154 2605.532 143.20062 2.7561388 0.0012611005
971.92017 2576.5508 129.76056 54.200706 0.0012569807
880.5778 2595.471 272.03827 24.567858 0.0012552507
563.27545 1886.896 635.67004 807.39795 0.0012542289
994.032 416.11417 75.62414 689.16437 0.0012429513
880.9183 2528.685 246.3917 139.81982 0.0012291676
1010.72046 671.37054 41.53247 292.16626 0.0012282436
385.80505 2003.3696 529.2755 907.3589 0.0012021747
812.1803 2581.437 158.88116 89.370155 0.0011962394
998.0832 1642.4723 72.636215 281.10654 0.0011925907
712.7195 551.2822 641.3897 1124.1117 0.001177413
1004.08765 2038.5249 68.05976 386.44525 0.0011728449
962.1668 206.76169 139.54462 236.42831 0.0011680396
837.64185 271.89166 293.5406 329.9035 0.0011621314
993.54407 2559.9082 65.381836 85.78887 0.0011530218
960.7188 2568.8894 123.41513 70.582184 0.0011510026
603.58923 2568.6028 249.12827 83.32325 0.0011504847
926.031 2603.0933 198.38524 4.7026668 0.0011241126
367.71542 1558.5763 509.9396 712.0694 0.0011153776
249.99158 1680.0446 298.68158 1707.0616 0.0011126964
1004.08435 1381.5416 58.467674 276.38644 0.0011091453
985.32904 2573.5579 69.44506 84.77762 0.0010752222
460.03516 1769.4188 318.00357 1410.1056 0.0010722706
982.9241 505.47864 146.57144 340.6567 0.0010522718
795.5978 1813.5216 315.25928 777.79974 0.0010374765
957.36505 196.99356 135.18541 152.09682 0.0010290615
564.57086 1483.8195 756.9671 376.34427 0.0010232418
966.83417 2596.749 133.59775 16.427649 0.0010037691
1011.46655 1262.2256 41.27386 596.03 0.0010031397
1019.47595 1855.5046 26.952766 427.42236 0.0009928301
951.0125 2524.4736 141.71182 75.226906 0.0009896278
391.4224 1793.5149 344.97568 979.9477 0.0009685276
959.9502 2583.3904 133.15022 51.50048 0.0009638889
506.04636 1193.1992 711.261 826.90485 0.00095696474
923.35974 2590.5688 95.42648 105.80786 0.00095682807
953.70013 2589.3423 113.13271 40.67742 0.0009490728
993.0658 894.9665 89.26951 233.99847 0.00094620493
991.16486 2560.8193 71.545395 83.15869 0.00094182603
960.914 2575.15 130.64825 65.01567 0.0009356893
910.5773 2604.8691 186.09056 2.966337 0.00092128525
980.86914 2511.812 133.38219 177.3197 0.0009026625
993.7217 93.08242 74.26629 250.63458 0.00086711056
635.2144 506.8801 631.24866 561.779 0.0008648764
1014.18475 890.3455 40.552395 255.04259 0.0008441636
913.22235 1516.3992 303.23462 807.8297 0.0008430648
166.71162 1518.2301 317.31537 1866.3357 0.00081708294
1012.4533 2557.329 54.81311 44.74964 0.00081664236
1000.1391 1718.3323 177.1222 226.94739 0.00081264495
634.1829 727.4831 684.77264 980.9827 0.00080800237
831.3657 478.38602 146.79877 385.5144 0.00078823284
585.94275 2232.4543 395.6061 566.18164 0.0007814592
940.6167 19.122412 294.21664 37.072357 0.00077738456
1024.786 2383.4802 18.832392 220.32947 0.0007588497
899.9583 2600.4556 375.29523 15.255895 0.0007390252
639.6055 2599.5403 765.6635 14.423113 0.0007226218
678.05396 57.32212 718.6262 114.35351 0.000694841
553.37024 1343.6863 381.1676 672.4434 0.00067362725
656.3196 1447.6238 383.18903 794.3593 0.00064854225
564.8519 2606.0232 759.24445 4.2851467 0.000634728
474.5627 1392.9252 916.055 736.82715 0.00063024164
739.4606 1553.134 469.6074 1581.5979 0.0006254644
929.167 2594.1055 255.25478 19.219313 0.00059632596
882.7742 2152.421 230.02713 787.3027 0.0005911841
781.9286 2557.105 353.41888 87.107254 0.00058885315
1000.2471 2583.892 140.41513 52.218952 0.0005872418
912.35034 1336.3839 313.25336 576.17566 0.0005675361
612.8574 2607.4148 846.8924 3.2477052 0.00053859566
712.64685 892.5546 663.3198 1005.7995 0.000531001
950.09314 40.032207 150.06363 232.00444 0.0004926585
955.7194 1925.3839 287.4206 433.09088 0.00047465245
743.31964 1155.993 567.86163 487.66733 0.00043437284
862.2497 1690.7101 459.34726 630.43976 0.00043084178
