472.11255 1286.7903 931.40533 2562.159 0.70431775
455.54507 1789.1587 890.21686 1440.8678 0.16385332
447.83566 1763.4087 859.0798 1317.3705 0.14230175
460.4667 1711.0057 902.84766 1659.8475 0.09230089
319.84515 594.79724 629.0349 1185.2904 0.07690173
447.5522 1829.9609 808.03644 1144.189 0.07686672
164.11215 39.147667 119.8245 76.147804 0.06423853
319.42462 437.66452 627.8826 870.8238 0.05441822
481.7507 1707.7985 722.72107 983.5876 0.039432984
193.8571 160.50478 156.02827 174.68002 0.0378556
452.1489 1541.506 772.821 1307.3236 0.03660757
435.77673 1885.3467 805.27423 1038.7601 0.0350887
407.77798 290.14697 63.23366 65.33298 0.035053216
328.98508 1196.2188 635.8493 2359.8054 0.033287205
322.6437 725.4956 632.1776 1446.101 0.032407887
471.5144 1285.536 928.0077 2560.0337 0.03172859
494.2376 144.63333 87.87669 135.5023 0.03166925
264.43185 2018.9875 206.65494 192.87312 0.027109751
354.09442 1798.4203 670.6818 1201.8888 0.026943278
496.79468 1749.2465 279.54575 385.57355 0.022711845
583.19086 1600.5726 564.71936 911.4631 0.02155911
396.70102 1142.3988 690.1603 1655.1996 0.02151843
456.7915 2031.018 884.47437 1064.1846 0.021508398
455.83264 1395.6113 807.4649 1414.7809 0.021397477
462.56516 1572.0016 902.53314 1964.866 0.020951893
269.98294 140.22691 339.15762 275.10345 0.019879282
613.92053 1646.6545 497.17688 783.1102 0.019878661
293.41968 2093.8518 430.19595 586.7944 0.019407615
214.66241 1813.8575 416.162 1079.3015 0.019258562
379.6045 1906.3417 581.6726 990.05524 0.01897162
347.95822 2051.3445 592.1998 709.1387 0.01881393
188.60127 127.80977 182.66025 251.42976 0.018755507
357.44217 2093.59 576.4905 620.35956 0.01875001
252.49525 2287.6582 315.2521 201.3159 0.01842527
441.38547 1748.115 611.8194 1025.5688 0.018405747
328.10507 906.57733 639.528 1810.8613 0.018306796
328.80765 875.00104 640.5156 1746.5211 0.0182184
452.21222 1865.1996 618.81323 845.86505 0.017998068
446.5278 904.4071 847.65344 1772.5616 0.017948559
208.40538 1607.9086 390.74698 602.56195 0.017754277
349.9723 1655.7126 669.59033 1498.0837 0.017579032
411.38953 290.7766 88.811646 91.73954 0.017530406
563.58813 1469.5125 626.8468 1158.2576 0.017470358
493.17517 170.42593 96.63945 202.6243 0.017135767
266.4695 2047.8605 245.18552 313.1759 0.016636621
467.31226 1556.1139 601.49036 937.28156 0.01616953
558.04126 1675.8042 657.15906 1284.6599 0.016159179
301.6825 1794.9213 583.1114 1236.1008 0.016025914
379.93713 612.42017 744.5773 1218.1019 0.01593674
290.42117 2014.7952 297.44955 383.029 0.015888875
586.19037 1712.8782 596.46857 1180.0276 0.015730323
441.57217 1258.3628 754.3214 1310.6261 0.015722737
400.13757 763.3932 766.61505 1513.0026 0.015477084
460.80893 781.1648 898.69965 1557.5352 0.015330413
268.84253 2130.048 288.11136 469.3377 0.015299047
344.13165 1554.3932 655.03094 1642.8431 0.014997121
320.62003 349.63223 487.96906 635.8421 0.014698128
164.68083 948.218 307.20706 496.76178 0.01468091
324.6249 948.3786 630.2789 1897.7509 0.014613761
226.60031 295.8566 442.4091 587.9174 0.01424644
451.76862 2158.9963 877.5355 812.4962 0.014135923
456.754 212.2094 171.26892 274.76086 0.013969162
481.58612 1656.1791 671.919 729.51605 0.013962102
587.9367 1335.767 644.22675 1465.3202 0.013802313
248.53651 2164.6843 338.99786 443.94882 0.01359852
612.86237 1523.9409 567.83856 1218.6378 0.013571913
841.5037 1661.513 96.1014 193.65987 0.013415078
140.85202 291.44247 273.92334 573.8796 0.013392326
607.8328 1390.0233 635.3256 1572.5192 0.013260934
463.31693 1974.7089 800.50525 860.8193 0.013190769
329.1706 414.631 446.0761 688.8452 0.013186146
207.41983 1526.0818 383.603 454.94183 0.013180115
465.36655 1837.464 482.79453 730.2219 0.013073842
508.7956 1751.5583 587.43304 707.00415 0.012911914
373.67484 1722.4626 537.7859 790.46985 0.012636932
326.85092 190.63675 489.0946 379.57367 0.012624985
437.7369 1285.0074 641.80566 1271.2826 0.012418222
836.88086 2086.8506 143.54628 203.30316 0.0123703545
327.3713 1844.4005 618.4537 1115.6418 0.012264324
312.1928 508.10797 411.8304 542.36 0.012184264
225.1804 1549.1117 329.83066 408.6973 0.012071434
317.9354 889.73956 611.6931 633.5526 0.012040993
539.9046 1766.3428 621.64124 866.74225 0.012036279
482.01663 191.98506 129.74199 249.01707 0.011916061
606.02277 1747.8135 497.59467 563.19806 0.011893882
356.28418 1914.2878 518.6757 787.314 0.011890717
338.9271 2039.7241 655.9433 1015.11426 0.011641605
505.58688 1822.0057 208.62083 221.74524 0.011567954
320.61008 1992.2582 353.72656 396.7094 0.0114422515
629.216 1758.3944 512.2203 1025.9366 0.011420132
454.52817 641.9246 892.96423 1278.586 0.011319511
487.90396 1815.0435 578.1721 1216.8258 0.011241544
435.43967 1177.8037 745.65796 1641.8616 0.011214251
588.79175 1531.598 627.98193 1371.969 0.011167711
437.83884 1925.0394 709.4797 817.8631 0.011086753
690.6603 1629.7612 421.61206 973.5592 0.010802596
664.7064 1627.003 392.91974 517.8151 0.010748697
387.10693 1998.0961 572.56647 796.5558 0.010642058
341.51126 1630.3419 629.10254 901.8989 0.010606547
787.1497 1708.1296 203.94211 293.98907 0.010437175
383.86108 534.90424 753.37823 1061.9834 0.01040119
622.6891 1639.6589 274.03384 406.00153 0.010358894
501.11322 1014.4288 239.80089 289.97287 0.010346271
309.4947 489.88956 298.92288 407.59467 0.010345943
501.21597 1899.6241 358.15848 842.3589 0.010340091
582.69305 1381.1475 592.32117 1026.0847 0.0102921575
348.51602 2270.2185 615.47473 322.23996 0.0102862865
217.7711 1556.6829 417.38077 847.7876 0.010256973
324.27762 1448.271 603.6375 1905.9181 0.010188212
490.6355 1820.581 610.59735 1045.2255 0.010156467
214.53824 945.2757 403.50378 515.4163 0.010130364
151.67128 173.66158 137.51286 198.1016 0.010047872
570.5048 2229.7163 155.47934 120.423615 0.009997436
153.13324 199.83632 259.69214 285.51022 0.009913361
556.93823 2255.7927 189.74454 178.34691 0.009884283
338.29388 1444.8492 616.0338 1850.9111 0.009873775
395.63232 1918.6578 463.94778 867.7444 0.0098288255
753.1166 1788.8927 276.61493 457.20825 0.009818988
429.08655 1355.418 593.86383 1378.612 0.009774309
458.7325 878.89124 367.19806 594.10803 0.009697508
354.9052 1412.8763 656.7957 1160.926 0.0096935155
520.80286 1246.1595 638.1879 1318.0 0.00960834
383.27652 183.38658 353.75806 332.60956 0.009567375
667.97034 1744.714 463.0432 854.4742 0.009478319
243.06085 1853.4479 472.72614 1407.734 0.009435408
322.53076 1259.4723 611.37726 805.2013 0.0094075445
445.21786 1668.3794 474.10898 1071.1305 0.009401077
516.565 687.3998 219.92957 207.19336 0.009386177
619.46497 1212.7244 573.23724 1221.7915 0.009379662
658.04224 1744.667 446.49484 613.38873 0.009367419
279.98538 1677.0837 526.28674 964.1035 0.009305361
280.25122 1811.1719 543.79895 1267.9216 0.009286662
326.3953 1128.4235 621.30536 1024.3171 0.009282215
285.96115 1867.0256 556.5088 1376.0509 0.009243553
359.21957 2019.1644 546.5511 744.0304 0.009198278
440.67188 1105.3442 847.39026 2145.4395 0.009165673
465.126 949.37823 450.16086 744.36646 0.0091485875
326.14526 175.46626 528.6727 348.1666 0.009129877
374.1928 1902.5376 425.57715 533.7919 0.009024202
165.94264 863.08185 316.92682 665.82806 0.00898255
493.92816 1854.601 391.116 814.71796 0.008964397
377.17838 1978.7417 440.26117 402.59622 0.008925148
528.1468 1605.9901 722.08563 1128.2323 0.00891558
292.98077 220.10342 416.40726 432.96918 0.008913128
323.16046 1264.0806 612.5 822.6966 0.008861834
637.33875 1369.1564 499.43683 964.13696 0.008835984
194.97073 913.0126 230.95871 366.8177 0.008807337
348.91547 1628.234 599.7698 687.39404 0.008805567
559.2052 1485.7278 560.4608 775.2021 0.008802143
386.59958 1985.4901 367.7783 389.54828 0.008748117
434.91595 2084.3044 316.11026 422.94708 0.008700426
326.39032 1186.5724 622.5879 1196.8445 0.008685341
322.60043 189.22775 549.6495 376.1344 0.008684426
228.75308 176.98055 441.09784 347.91095 0.008677537
324.13098 1224.7502 608.2536 734.1407 0.00867665
592.78235 1211.7688 628.5092 1246.6808 0.0086592
388.7787 2094.8894 730.13635 939.49384 0.008647476
424.94775 1395.7731 807.39294 1024.863 0.008598695
371.6668 1354.7305 170.53793 187.16827 0.008594277
690.9887 1509.4668 391.47357 714.64087 0.008561758
731.8734 1594.3419 312.04596 530.90735 0.008520031
257.94516 1524.0977 488.85355 828.43756 0.008514607
322.9648 1219.6566 615.96466 1303.2366 0.008369924
700.5512 1709.4229 384.84595 682.1048 0.008339646
465.6882 2056.4846 227.42107 267.62906 0.008336496
577.7552 1089.3573 590.45404 1011.80194 0.008331337
213.68823 293.7416 417.8817 584.5916 0.008315598
337.70306 459.49527 358.9922 437.78714 0.008303518
269.0356 1733.0138 518.9937 1367.203 0.008297144
274.81223 1725.4614 504.0524 801.95416 0.008286839
218.94957 1385.5686 415.07013 2095.8796 0.008286804
562.29675 1760.6604 619.2469 1250.2307 0.008255919
482.49677 2010.5975 499.52307 803.4772 0.008236648
771.0527 1918.5967 179.51944 230.16183 0.0082162805
245.29495 1522.3591 470.1027 1745.0792 0.008182038
622.6729 1913.5383 514.5079 864.8092 0.008177183
247.67564 1528.5636 210.01509 265.79205 0.008121804
94.61734 299.04837 183.54195 561.64087 0.0081084855
481.15198 1229.9644 808.9406 1338.7627 0.00809171
433.19733 2345.841 859.72266 464.24017 0.008079166
231.55861 2237.6763 446.93033 649.38684 0.008013382
275.14383 897.7136 527.2491 625.1941 0.008011785
692.1435 1505.0985 388.99536 705.0973 0.007964692
232.46506 211.90962 431.93195 415.5578 0.007920121
449.12653 1123.423 866.8139 1125.4388 0.007861217
315.3234 1030.1139 605.56354 869.1008 0.007853488
260.4942 1361.4425 494.78223 1231.9354 0.007844881
509.92407 985.6205 514.6391 828.142 0.007813682
491.4109 1864.4232 443.21683 1079.3232 0.0077946186
644.42505 1289.2731 540.39185 1359.6552 0.007723462
567.3717 1764.9066 304.37997 479.7019 0.007715463
540.8689 673.53076 150.02983 165.90086 0.0076598553
346.5817 418.51135 260.84906 328.7091 0.007628877
337.23938 124.643234 197.46156 226.42271 0.0076014693
721.57324 1733.8707 395.11063 820.6199 0.0075780125
520.4 2289.9556 264.3903 253.03084 0.0075342446
334.78632 1030.3488 617.9986 940.75604 0.0075292364
551.5458 1306.7317 648.18884 1427.092 0.007493979
666.21765 1792.1808 499.9758 1303.7753 0.0074811154
406.37747 1022.9316 777.60504 815.3891 0.0074772574
395.81375 1335.7172 746.71 934.5359 0.0074725095
699.6649 1513.9204 439.8819 1174.378 0.0074478965
595.2039 1761.95 558.2367 1346.3512 0.0074432027
452.75232 1063.1006 348.14697 410.7962 0.007439572
195.70834 198.38228 192.9879 263.54163 0.0073953196
522.1675 1819.0105 482.50104 745.6924 0.0073871757
177.87462 2432.2224 339.14078 280.93695 0.007378206
589.5134 1011.2635 666.8607 1814.2217 0.0073586437
412.54324 327.8898 342.01773 581.0112 0.007354037
442.08292 2128.927 805.00995 888.68964 0.0073490674
474.40976 1205.0529 382.15073 662.3956 0.007338316
234.94922 1404.9572 440.62686 491.64337 0.0073222104
479.16193 1501.0022 436.03284 727.67365 0.007321018
231.2205 2379.8474 444.9305 368.80008 0.007320827
479.28745 1962.4647 289.72162 606.9129 0.0073204674
423.63416 1507.5312 451.3409 974.4509 0.007276264
219.88966 957.6636 421.42505 761.9308 0.0072625335
423.96075 365.8485 391.79675 696.9485 0.0072558704
319.905 996.99817 616.5293 834.3868 0.0072240625
449.5135 1954.2831 327.1079 856.9493 0.007168892
584.1945 1329.5552 601.07623 944.79315 0.00714718
480.7237 1089.4386 318.3495 444.55692 0.007128155
576.7206 754.3916 688.16547 1488.5228 0.007092693
748.8599 1922.7858 274.70087 311.86197 0.0070890877
547.52344 857.7394 308.944 547.73285 0.007076857
679.9475 1736.0674 487.48187 1338.1201 0.0070356037
473.66394 2292.3738 360.02573 279.86072 0.0070211804
481.34488 1588.4019 353.58762 551.73724 0.006978256
619.87964 865.05237 300.6242 564.72363 0.0069237044
724.57043 1712.9469 321.14835 320.90112 0.0069039296
91.05232 386.10422 175.12184 382.33676 0.0069014225
548.72406 1989.8469 323.4431 579.27325 0.006901194
800.3158 1580.7665 181.60551 385.9338 0.0068860403
518.57776 2123.1106 313.2404 434.16257 0.006860365
576.7544 917.05133 409.44843 664.04004 0.0068546794
544.49335 1365.9714 619.0737 1529.1093 0.006845622
779.5195 1740.5668 300.5659 663.4221 0.006843188
590.2388 1322.7883 606.9023 918.85815 0.006841315
569.1745 2071.9385 449.40607 660.5239 0.0068227556
467.55768 1417.524 396.73166 1063.9548 0.006819732
560.70953 1586.7577 215.60196 289.41174 0.0067981337
623.5003 2119.1782 275.07843 331.33646 0.006797802
322.6728 1364.6147 603.93744 518.6201 0.0067796237
207.24397 1850.8474 328.04068 415.62283 0.0067683565
460.41956 293.58127 285.82254 548.48914 0.0067586284
373.15143 1154.8109 456.44638 593.13336 0.006755434
656.9341 1262.7825 524.579 1341.511 0.0067532687
365.27362 2271.2104 573.43787 294.9256 0.0067532267
238.6991 934.9517 217.81229 395.20453 0.0067473697
229.08606 2354.8716 441.66913 409.2762 0.0067473375
351.89294 1012.1613 202.59189 303.35788 0.006709848
94.77433 1985.132 181.71802 623.5738 0.0067087486
289.9343 1537.3481 546.3594 816.3318 0.0066873976
138.78398 1977.1334 267.01834 666.0222 0.006676716
136.79105 1418.1954 220.56287 198.94388 0.006667649
449.90677 1328.8857 787.89777 1439.785 0.0066520935
382.6769 1405.328 206.71732 323.03796 0.0066447654
261.43152 1523.3173 521.1682 1803.4315 0.0066412385
548.565 751.4829 261.30273 345.6557 0.0066376124
767.78296 1686.9144 327.33655 933.777 0.0066354275
619.1802 2003.066 426.49527 700.58246 0.006618345
205.59636 1472.1725 304.16806 293.33795 0.0066144182
345.95926 116.16941 186.25563 220.35419 0.0066077197
328.50098 1192.5394 626.7059 1311.7753 0.0065942183
201.87657 1735.7681 388.65042 916.1103 0.006591561
677.745 1929.7124 176.96982 210.35135 0.0065889754
717.60724 1784.969 326.18176 443.6268 0.0065825335
382.24176 349.48495 365.33438 574.1336 0.0065797246
636.22626 1102.2953 608.8526 2100.7434 0.006578553
552.6548 1198.9152 470.13937 672.5537 0.006577799
853.0775 2000.107 182.82626 384.66965 0.0065749823
325.5197 463.3394 245.28352 348.61658 0.006537289
324.47235 1014.3625 624.22156 870.60785 0.00653679
631.4012 1549.6495 332.95224 536.4354 0.0065230215
309.40994 1682.7914 612.7801 1737.4026 0.00651987
185.171 1823.4241 356.52948 1135.6967 0.00650102
590.7849 637.88763 583.20245 1263.3823 0.006497334
454.98807 1325.8228 331.09302 413.85416 0.006490683
616.4016 1341.8887 324.57178 430.7795 0.0064801476
759.6092 1588.9517 334.47717 892.33856 0.0064580017
649.4041 2112.4016 210.25931 228.31726 0.0064286906
217.9186 790.72424 414.73032 816.60046 0.006413103
582.7434 1373.7781 276.16705 357.28644 0.0064110435
170.26709 1447.822 296.13885 285.37897 0.0064039975
673.7903 1513.7338 261.63663 375.66113 0.006355489
700.9893 1384.8047 477.02164 1582.6411 0.006331168
228.88263 2068.502 339.74072 612.54047 0.0063244672
386.31332 351.1342 391.7932 652.4042 0.0063122585
657.84094 1838.7635 371.7335 347.5821 0.006290304
314.6974 1194.6957 611.71954 1324.7969 0.006286958
216.39339 464.54178 178.1387 277.29575 0.0062814434
577.36334 1118.8757 651.67334 1103.3201 0.006278863
608.97925 1253.829 637.61444 1884.8218 0.006229845
163.55493 851.2013 260.12057 287.35788 0.006218887
314.81717 960.35736 350.26718 461.6351 0.0061946604
519.0877 1122.4733 289.4628 464.79987 0.0061850334
642.0662 1059.2394 528.2564 949.7104 0.0061832517
297.3032 2375.934 177.76366 204.57687 0.006159384
169.54272 1126.9922 324.86673 880.5299 0.006153599
551.0067 2278.8914 239.13377 281.5311 0.006084431
278.61948 1895.5187 298.7132 420.10043 0.006067501
680.17053 1004.29834 405.39926 839.04047 0.0060627377
551.2828 1335.6377 683.3053 1072.308 0.0060465964
360.52573 1055.034 228.47647 386.07318 0.006014872
316.5132 147.91832 596.9399 291.0769 0.006000734
407.45483 879.83057 453.67877 605.3977 0.005992568
205.41559 2186.6763 396.18787 758.69604 0.0059894645
665.5573 1983.1757 80.908485 100.456635 0.005953984
646.9133 1891.6757 401.92044 654.67786 0.0059462027
708.4609 1745.8917 446.58798 1401.0391 0.0059454245
435.46414 2316.174 229.28123 246.423 0.005934371
596.04944 1446.2216 635.0937 1716.076 0.005908578
530.7438 2306.0286 202.16002 270.17114 0.0059083793
449.7871 755.6943 351.5902 356.35345 0.0058793407
659.01263 775.36676 555.71765 1525.681 0.0058776494
720.799 2040.008 385.48883 462.15073 0.0058774985
473.9334 198.83736 248.27483 384.85272 0.0058770585
151.4856 1795.6858 222.181 274.393 0.00586138
564.1352 982.20416 588.10724 816.0644 0.0058389255
428.04352 1556.9917 300.5282 547.37146 0.005838209
435.69937 1295.0405 291.57574 338.39194 0.005828726
265.45117 40.571136 336.72128 78.2703 0.005821375
331.59637 1397.6859 290.54987 409.1401 0.0058210767
458.39435 2199.377 837.71814 784.4529 0.005794582
356.9564 973.2901 151.74638 230.59155 0.005790504
656.3733 1264.9213 203.67267 295.38513 0.0057551963
705.65045 1878.3273 431.3177 747.8935 0.005754981
360.67874 2368.32 220.28372 237.00926 0.0057519474
250.4935 1274.1178 169.64717 213.51817 0.005746979
416.54907 1295.3745 349.50998 383.7842 0.0057439525
389.19345 888.62866 323.15726 522.40564 0.0057294965
95.81765 2181.3142 169.79378 248.69763 0.0057263817
480.01993 1375.6088 151.11143 223.55357 0.0057188123
670.0606 1414.0865 196.22046 231.90277 0.005707555
447.90454 999.1115 754.11346 996.09674 0.005703265
493.1269 135.86937 92.00974 156.01645 0.005687848
721.20734 1450.1113 195.63914 284.92175 0.005679101
291.41635 1352.7468 267.08124 444.97763 0.0056718793
664.3575 176.67064 158.05513 348.2708 0.0056661484
394.86996 363.0627 210.11142 270.33588 0.005656973
702.0289 1370.9043 453.76968 1584.4508 0.005655257
419.11993 1300.402 266.1645 343.23285 0.0056473683
780.28125 1558.1694 287.3281 885.99133 0.005628562
418.3323 2392.383 195.42822 192.51797 0.0056143766
679.1691 1691.6655 441.86685 1286.9425 0.005602697
107.424965 2424.69 200.99136 289.4258 0.0055766874
382.10635 1953.7247 336.31268 809.9442 0.005567522
711.86847 1887.8612 388.97705 845.2612 0.005567345
598.7009 1184.7861 444.7487 635.2612 0.0055575436
500.54456 2084.8418 475.81113 572.17035 0.005557175
217.80797 882.41187 324.8238 379.3443 0.0055557285
574.9078 2196.636 184.47893 200.97299 0.005530555
688.1915 1921.1472 400.84415 415.6255 0.0055156415
219.69797 2417.9937 224.61324 274.09335 0.0054914383
389.79837 1775.7246 234.16292 386.5797 0.005487957
536.32635 810.00354 692.4791 1436.3704 0.005487351
317.74606 296.9662 633.29846 592.9882 0.0054730084
544.15454 1163.104 337.38336 503.4561 0.0054718372
267.87704 134.94206 294.9916 267.89902 0.0054665674
577.5184 2258.9802 145.90009 189.3224 0.0054640765
182.6018 2285.0347 168.55632 210.0658 0.0054606856
407.602 1653.3048 201.45758 307.4069 0.0054473346
315.23145 2185.4326 550.5664 758.95 0.0054333895
629.07904 1151.8981 625.93164 2192.848 0.0054190066
172.91234 932.77997 327.26175 1882.7681 0.005416781
185.84367 875.27875 353.56958 1759.4136 0.0054069976
336.53738 1605.642 574.9338 590.9996 0.005404621
464.74435 241.97578 189.91771 430.96417 0.0053678104
623.56335 651.6863 535.8517 1287.704 0.0053555258
425.60995 248.5126 112.28206 148.04846 0.0053539635
824.25385 1870.2706 233.32274 602.41864 0.005344077
187.25844 1542.9198 330.17093 442.54276 0.0053362586
188.23872 1673.676 371.72278 1144.5741 0.0053150104
543.9882 1194.0801 514.81964 652.07245 0.005306222
322.03265 2282.622 141.03638 143.02467 0.0052870614
658.24915 2028.4744 474.26617 603.67163 0.005276909
104.75183 2424.3596 196.65071 284.9804 0.0052742045
195.94133 684.9413 371.34497 987.16516 0.005257684
381.16962 2342.7441 476.85855 429.14053 0.0052552107
99.7824 658.8716 184.21275 242.78413 0.005254214
394.25745 2350.0874 777.69794 445.46045 0.0052508754
321.57965 296.29947 639.47125 591.23157 0.0052419463
684.3733 2102.4456 446.65408 546.54474 0.005240999
219.80614 1214.8602 422.356 1099.3778 0.005234837
865.0474 515.87085 207.52869 1037.767 0.005229782
641.36993 1581.4274 537.00995 1578.0475 0.005217395
713.63617 1788.0277 361.88223 477.99936 0.005184494
500.86734 1742.8424 312.72986 456.2534 0.0051838276
510.87802 2108.4836 195.6035 296.3639 0.0051830504
311.92035 176.94115 622.6583 351.1255 0.005172168
504.65366 2293.1921 139.88464 233.48778 0.005169688
421.5201 2173.1628 193.9776 245.78024 0.0051656794
504.1308 2268.8784 212.84258 261.89178 0.0051624877
550.1054 1048.9316 253.2202 359.2953 0.0051550088
412.37952 2006.9717 401.04706 376.34918 0.005150658
614.2889 1952.3578 423.19183 391.08505 0.005141447
753.35284 1372.4788 361.349 1282.331 0.005111117
727.9812 1790.3129 390.26282 851.96533 0.0051085595
365.4802 1334.0004 302.25864 371.6785 0.0050887805
196.0249 600.7231 378.39194 1138.4949 0.0050855395
234.04836 924.5676 418.43222 488.86444 0.005074834
729.1211 947.144 437.97305 1899.7279 0.005070379
463.2087 1777.4442 291.06726 358.08588 0.0050702905
438.05634 1279.4016 250.81992 294.64166 0.0050517134
568.48456 2182.5552 423.18985 726.2325 0.0050304825
155.37346 626.56415 298.12924 1197.8561 0.004993075
236.98811 2423.7295 187.51768 246.99779 0.0049828775
630.5887 1760.5496 188.86255 304.3593 0.0049667535
147.64867 1757.5629 283.36765 1100.1937 0.004952787
311.90878 2341.0002 143.10855 124.28556 0.004945742
364.26935 28.004251 131.22171 56.14322 0.004941602
645.6237 2150.7522 471.8439 448.0979 0.004934835
216.63454 2247.0122 182.80368 216.0355 0.004928358
620.66547 2132.1123 582.38574 833.4055 0.0049234447
217.35017 490.37323 424.8087 950.7399 0.004918796
407.8685 879.0719 419.23303 585.9368 0.0049160426
581.6144 586.0118 649.5601 1171.9705 0.004900023
134.91254 674.4555 248.0615 287.8147 0.0048947847
263.44977 2024.0128 166.94273 144.39793 0.004889522
676.87756 1717.5964 269.565 543.87354 0.0048821913
474.09958 2278.9863 356.38995 337.82837 0.0048701228
549.5207 761.6323 349.13696 384.43698 0.0048660245
578.1205 1312.8511 655.5506 1479.4618 0.004854694
588.0854 2262.1238 317.7848 326.5817 0.004835588
465.55798 2456.0903 918.51807 279.6007 0.004814317
758.1543 1702.3192 284.50836 714.0077 0.004802256
581.29193 726.432 267.0051 309.54077 0.0048021697
238.42743 2330.8506 299.46832 455.7012 0.0047836844
540.6754 1299.2274 713.38696 1434.8856 0.0047747893
583.936 1100.4868 439.5387 475.04373 0.0047699
702.1848 860.8919 233.97235 522.1783 0.0047669513
622.34894 398.137 330.04623 795.333 0.0047646333
709.025 766.0694 480.11868 1547.778 0.0047593834
491.31116 224.39343 88.134926 128.56435 0.0047548343
520.26807 1258.2395 746.5309 1500.9365 0.004748773
816.04913 1718.442 245.96332 928.93243 0.004738134
289.1909 2283.8171 127.58433 169.41386 0.004719908
326.29736 1890.2668 158.80165 197.85973 0.004712989
721.9896 946.515 291.76273 637.50244 0.004710002
413.73193 2399.2808 171.13817 174.10667 0.004701359
264.772 2433.094 185.23189 231.0166 0.0047009485
585.9249 1876.4009 269.38297 262.8246 0.0046687797
524.05145 2201.9785 139.8469 133.22426 0.004609452
244.93295 1434.5204 478.6068 1143.2944 0.004598971
554.7169 682.0677 113.067535 137.33394 0.0045957565
496.72137 1740.7039 520.45624 403.50595 0.004593175
451.4197 1055.642 236.69476 313.4408 0.004593105
476.48563 2380.6282 128.79451 141.48056 0.0045867716
496.35995 2219.5486 252.98763 604.13873 0.0045756297
211.75864 1377.0707 407.11887 742.8172 0.004567601
550.20514 784.3841 573.00415 816.0381 0.004540104
224.52121 959.84216 144.35805 257.13846 0.004535038
381.82214 2104.5981 163.47998 201.91498 0.00452424
566.1248 688.7678 718.5349 1377.7875 0.0045103813
169.79199 1130.8306 296.01004 351.93393 0.0045056073
506.37125 792.0599 251.40636 414.4444 0.0044953227
631.27856 2095.6428 208.50842 237.99193 0.0044927094
619.0373 1464.2137 605.8111 1733.6461 0.0044919313
522.1491 408.05585 365.61136 711.32025 0.0044869618
724.45984 1395.4194 418.17816 1572.6884 0.004466817
864.6929 956.37115 206.26605 1936.8114 0.004446351
670.6299 2180.9722 462.14648 648.62836 0.0044308635
781.9434 2204.8691 272.33185 411.22784 0.00441204
854.7308 1763.3695 162.03244 469.71 0.0044017467
757.89124 1778.27 284.3813 513.0535 0.0043953713
553.50964 1224.1688 226.70927 380.45584 0.00439524
665.66113 1003.382 253.6634 365.1649 0.00436983
740.10095 1088.3939 312.95306 752.9875 0.004366841
441.85602 289.54074 178.88559 238.96893 0.0043546804
413.82153 1008.3535 813.25195 873.47327 0.0043474296
393.42966 1059.5233 426.22595 408.0373 0.004347415
98.72898 2231.4285 186.06094 337.3683 0.004332633
266.30164 310.86087 301.19055 471.08725 0.0043323
377.02438 534.18933 259.26892 358.97797 0.0043299864
750.6293 1948.6603 112.67466 146.87418 0.00428638
165.10567 765.8619 317.41727 921.8926 0.0042852773
565.3084 1266.402 642.2826 1364.405 0.0042819334
740.3951 1450.6283 375.71637 1444.0007 0.0042815004
384.61755 970.04663 170.59367 225.86397 0.004272036
725.7081 1513.6433 418.33173 1594.1626 0.0042653373
711.3138 1818.2703 288.57034 808.4306 0.004254601
831.67413 725.94147 274.93362 1465.8014 0.004244289
497.6819 134.75562 145.8158 197.1238 0.004230149
583.5063 2085.898 114.601135 131.21393 0.004221513
643.71265 1539.4812 147.50943 204.43651 0.0042193667
329.55408 2095.778 213.35538 306.5084 0.0042090574
827.6788 2092.0186 142.43895 205.11432 0.0042014937
163.47922 525.21594 173.48769 186.54132 0.00420069
484.20007 2090.0657 125.35677 171.75436 0.0041964594
703.65063 2127.194 169.86948 237.96017 0.004187828
689.53656 2081.199 369.60626 990.53625 0.004183777
616.77057 760.0241 372.4561 920.0411 0.004178841
139.23407 1053.6023 264.87885 771.82855 0.004171116
195.3086 26.664394 217.00961 52.83251 0.0041676355
632.2863 1529.0624 256.31586 288.6893 0.004132296
373.37317 2317.2046 260.62845 194.9783 0.0041322527
645.42755 1884.177 172.12401 254.37772 0.004125598
741.1255 1039.9403 357.84082 911.07684 0.004125492
444.53915 1075.6627 310.9562 435.67255 0.0041046906
113.76261 2146.778 214.94707 842.7034 0.0041019763
130.90982 860.6468 248.44153 653.2668 0.0040966594
553.7014 1214.698 457.95203 1198.8523 0.0040909518
297.85028 1791.454 267.3359 281.7363 0.0040888446
153.97154 590.37286 296.9547 1197.739 0.004082207
833.1022 1848.1066 208.5104 653.9623 0.004072686
232.43164 1437.5024 458.6598 1167.8771 0.004054839
389.71796 40.974106 136.82391 76.980545 0.00405259
238.86113 2388.7627 407.01028 377.96042 0.0040336195
642.1844 2260.543 271.91238 382.877 0.00403081
179.24995 470.06232 343.3268 824.13715 0.0040222793
204.64578 600.13354 314.4537 332.39444 0.0040119085
97.170334 2064.395 165.11807 476.50296 0.004009945
361.55127 342.64175 180.95332 225.43799 0.0040053367
689.1918 2242.3374 470.92844 649.41516 0.004003106
762.29974 1277.4098 252.67796 435.9147 0.004002996
555.36334 2290.9033 496.83743 464.92532 0.004002496
374.7273 2085.0186 211.68217 292.43457 0.0039954763
528.7622 55.63738 160.1984 109.15205 0.0039937384
215.34691 2017.5353 278.28464 881.6381 0.0039612334
522.51996 776.3055 243.24065 419.7877 0.0039466606
497.55487 1757.183 476.94418 343.83652 0.003944616
444.09705 1641.9061 195.90135 457.96368 0.0038907346
187.06178 2494.5107 287.71585 173.42789 0.0038839434
267.3395 2478.56 529.787 214.66267 0.0038798759
567.51483 1750.0997 187.72328 329.4024 0.0038742428
261.39868 2131.5054 102.58344 131.1507 0.0038733429
570.2167 1213.8376 480.59552 679.846 0.0038729545
887.69275 2448.969 158.82219 294.4287 0.0038598455
407.80084 287.95172 63.244972 73.747665 0.0038534226
576.2981 2289.2622 348.1502 327.52347 0.0038493397
110.885635 514.7137 183.32028 200.80272 0.0038284224
102.11148 1873.4037 196.92758 904.94934 0.0038252377
866.0666 356.99396 201.57256 636.5844 0.0037854952
851.1928 1626.5729 168.353 460.00076 0.0037737852
616.6993 2087.6594 109.9415 171.13966 0.0037691756
740.6196 1867.9668 197.80411 194.14828 0.0037652063
299.52838 716.904 297.59766 326.45038 0.0037550176
511.78925 2114.9998 234.67772 398.17227 0.0037273124
295.41327 2472.3433 597.5092 228.484 0.003725832
346.76956 622.8788 212.93211 266.771 0.0037162262
715.72345 1743.9924 204.27425 273.89563 0.0036980512
838.09894 2227.4878 234.1523 568.0515 0.0036859612
250.6364 420.56433 153.45267 188.90186 0.0036701264
780.1451 2462.0256 227.29633 258.3021 0.003657872
130.91937 1858.9163 237.6424 428.9121 0.003653658
458.9733 2384.011 148.49252 298.31235 0.0036536392
814.44946 1301.1624 169.15125 293.24057 0.0036470816
670.0942 1567.1544 203.58118 215.60724 0.0036459262
482.89243 456.28668 262.20642 549.4459 0.003639189
745.90607 1182.3372 274.5064 578.5138 0.003620342
388.85886 2195.9568 134.62901 177.01378 0.003617302
349.2973 582.213 258.82794 325.5386 0.003615855
801.1234 2269.924 299.3235 610.7086 0.003615058
472.8613 438.52042 943.8578 880.1448 0.0036055879
738.36426 1254.8375 402.06396 1310.7776 0.0036024528
772.26886 1345.4268 335.57666 1460.5342 0.0036015713
106.06225 2253.2756 197.74597 632.7222 0.0035975298
873.8575 32.864765 200.24782 63.59007 0.003592418
864.49084 1271.8846 209.28465 2555.5205 0.0035868168
669.9009 1569.7422 467.23364 901.2279 0.003551753
890.91925 2367.1018 152.193 458.5988 0.0035498668
243.61656 244.81192 477.9595 485.72733 0.0035347657
493.39908 180.78769 66.64469 162.23923 0.0035147567
864.2156 714.4102 209.5571 1444.258 0.0035135264
376.2052 1531.2977 134.01001 200.22151 0.0034872298
182.78967 1016.039 185.04391 253.68388 0.0034545723
615.63196 2215.076 104.31114 113.330826 0.0034515727
682.8761 2412.1267 329.59512 360.01413 0.0034409722
869.07855 2228.2258 187.49545 751.77515 0.0034165403
360.41614 281.1681 714.8004 562.0477 0.0034151084
117.89781 1786.4314 198.44609 278.57846 0.0033991958
429.17697 1828.4315 440.3253 554.787 0.003394416
115.2982 1420.3025 147.11589 165.05199 0.0033703488
872.3341 908.2878 202.80031 633.6415 0.003351027
173.5009 2015.9021 155.8895 215.63379 0.0033311727
849.19635 2272.063 175.4032 226.66339 0.0033166301
868.69244 542.0113 196.6916 447.46545 0.003279745
367.94138 674.5051 158.78152 200.13731 0.0032761435
684.2568 2213.684 195.67969 274.6849 0.0032603801
893.3668 2172.9116 228.34569 651.1643 0.0032408256
311.55948 1645.7748 160.41367 266.34857 0.0032329317
678.35803 1708.3214 168.64606 332.44077 0.003212002
816.98676 2489.417 292.65662 214.80933 0.003202634
129.12239 1347.7614 231.9911 334.3311 0.0032003925
752.88666 465.87222 413.74393 938.75806 0.00316915
888.3014 2206.5178 169.46407 775.93915 0.0031569237
667.6099 1981.8329 344.6105 1121.4938 0.00315532
296.22708 1501.0691 328.013 625.1643 0.0031530785
919.5066 2285.9285 101.29784 625.9066 0.0031482996
253.78088 1741.9594 331.3101 553.85583 0.0031404868
101.05245 1878.417 165.1065 346.51633 0.0031274804
411.22726 273.71747 491.52576 547.4665 0.0031236827
312.09314 882.4851 600.958 625.4846 0.003121373
252.2571 1386.2432 421.95923 541.05316 0.0031049692
453.51712 2464.7644 163.79114 136.31233 0.0030938468
774.4166 2491.664 373.14865 213.73846 0.0030889004
751.22595 2481.746 586.2384 149.41443 0.0030806067
543.28467 929.6758 174.95847 203.69756 0.003079958
299.8208 19.360361 389.37683 37.48101 0.0030787094
583.9953 1729.5647 476.0897 1111.3633 0.0030718779
698.4906 1270.5258 495.51776 2251.3296 0.0030715128
873.64886 2432.642 162.44862 328.8224 0.0030630208
583.7826 1403.5868 626.453 1427.2236 0.00306068
789.70087 1639.6123 220.22147 529.6774 0.0030528845
811.0734 2191.1548 149.87672 192.80266 0.0030385745
143.60188 529.0525 241.10503 350.8202 0.0029992256
585.6806 1369.8032 632.3995 1280.4253 0.0029991288
923.261 2374.5864 93.1717 446.10312 0.0029803298
179.40837 1588.7927 138.37459 174.76506 0.0029619061
809.2186 1994.9487 141.87791 220.90698 0.0029533333
308.82367 396.03482 609.3564 790.8218 0.0029524683
772.2837 1262.3846 366.7409 2546.1162 0.0029476997
829.15186 1938.9941 210.96178 495.80432 0.0029373164
650.12537 1916.8187 315.77374 1312.4116 0.002933201
255.66168 1985.9683 246.97853 228.25017 0.0029315224
792.32684 2320.731 182.88147 297.25366 0.0029229522
246.6391 1363.4261 372.278 345.5076 0.0029215447
269.68478 1492.8937 125.84316 171.14334 0.0029077053
820.96454 2536.7615 261.04807 125.8865 0.0029053893
641.2844 2352.5176 115.775795 155.08766 0.002900619
467.93744 2537.5544 928.9364 120.4856 0.0028934139
465.12558 2523.2317 898.5855 149.63298 0.002890914
847.551 2383.419 200.46204 422.08212 0.0028893515
490.90198 1493.7848 778.07965 1226.293 0.0028842306
768.06555 2526.3335 148.63974 138.00441 0.002880933
189.82141 1393.0637 376.88177 1019.7305 0.0028783684
489.1895 538.7355 259.3216 455.80023 0.0028768622
508.3211 2464.4019 223.40125 200.77719 0.002864221
402.17932 1836.4395 310.53772 438.27216 0.0028557626
284.81253 835.37085 170.26012 230.80428 0.0028484275
470.00366 2536.3577 930.9196 127.07843 0.0028448135
471.41876 1290.194 930.4447 2557.4133 0.0028426826
806.82495 1769.4065 174.16849 267.96396 0.0028279016
839.79095 1795.6749 183.67622 478.57574 0.0028278707
398.76328 2474.86 247.33049 200.73889 0.0028197395
366.73535 2060.2974 542.8829 699.7756 0.002808188
98.850266 2313.0305 137.38672 172.03308 0.0028074698
826.3496 1487.6643 262.90515 1382.2788 0.002791468
699.9695 790.1379 512.6711 1614.703 0.0027784745
885.9861 1656.1366 166.8886 1082.1211 0.002770606
180.68492 878.5468 180.34343 231.363 0.0027649307
782.88434 2473.4668 330.9252 246.38933 0.002760334
320.18698 1509.235 526.7486 723.0073 0.0027522263
749.296 2008.5131 133.97018 171.14828 0.0027469376
572.9788 2445.7532 161.04411 213.57828 0.0027375147
150.81587 191.55965 211.8451 372.07068 0.0027043507
785.1291 2450.21 313.2358 285.76086 0.002702245
138.66158 2525.0588 212.4217 134.39278 0.0026983544
838.5296 1659.8965 245.3985 1285.7865 0.0026940436
839.43726 1211.1748 203.2985 1164.9316 0.0026761529
526.5237 1005.4418 134.05008 198.9295 0.002673306
493.64148 1790.1346 288.15616 473.32892 0.0026549324
732.61346 2522.2522 460.01624 152.5154 0.0026537925
262.90976 2528.7124 534.4633 131.91774 0.0026273783
78.49835 371.70868 129.04103 385.99768 0.0026240917
768.8726 1543.7552 349.0408 1554.5464 0.0026232393
856.91174 42.88182 223.03381 83.09134 0.0026212537
635.51654 2359.9294 139.07849 153.5914 0.0026065672
400.17548 2490.4563 291.65698 164.28075 0.0026040496
90.684875 672.2739 161.80937 254.04668 0.0026035095
118.01821 2564.322 235.69086 55.222782 0.0025990547
99.389 1103.207 158.98564 217.26363 0.002594654
517.5435 680.77295 210.79099 204.83513 0.002593424
225.94373 1584.2694 434.07788 489.2728 0.0025867315
284.49805 1181.9055 525.88513 646.7127 0.0025767856
219.92514 2577.002 355.2056 140.04416 0.0025731898
474.0565 1191.4165 696.64233 953.4367 0.0025693963
702.1055 218.02034 163.71121 244.04669 0.0025681856
429.0014 2505.478 632.93884 181.21739 0.0025642726
860.88306 339.16364 186.87207 481.54666 0.0025603909
583.2556 447.69748 301.91815 363.52347 0.0025594886
892.4977 1804.1016 153.32967 740.15454 0.0025594241
916.29065 2370.036 97.999985 454.4235 0.0025585906
850.1265 2149.2136 164.96793 292.2083 0.0025417833
290.24078 1449.7228 582.5189 1920.0076 0.0025320842
323.7563 2134.801 211.96709 374.78934 0.0025274998
833.44836 2523.5693 183.84062 143.81006 0.0025246153
623.7232 2489.059 414.55438 215.12663 0.0025228458
684.66064 2118.7393 273.20416 700.47235 0.0025221067
252.17625 252.78377 398.07303 499.31647 0.0025120347
869.28015 2546.9495 190.79803 93.395134 0.0025041825
956.85034 1525.6179 82.48086 743.20197 0.0025022607
760.6082 2347.481 176.15526 200.0762 0.0024959773
87.475136 907.9802 160.60733 628.27826 0.002466198
679.3355 71.69802 133.63647 142.3258 0.0024660188
906.8849 2139.895 146.80771 283.51184 0.0024598448
728.45 2532.5498 189.05324 138.60286 0.0024467038
513.3307 2537.2239 809.23944 122.82934 0.0024311396
821.17206 342.48376 329.29514 910.74365 0.0024307997
337.40543 2529.0537 237.51653 93.19248 0.0024301636
133.09145 336.74136 203.83424 450.09723 0.0024165164
630.1848 2564.2378 231.06898 69.527664 0.0024091136
294.7933 2564.7754 606.77057 78.80743 0.002408796
206.8176 2568.1924 406.68533 61.612347 0.0023995028
721.42914 2497.279 191.48012 195.82661 0.002385823
853.00793 1263.6726 221.0425 1241.539 0.0023851753
864.6914 2525.8933 178.03781 133.15198 0.0023811169
915.4884 2503.6877 86.19316 186.51346 0.0023801655
146.64493 176.22714 229.13243 352.02927 0.0023775944
884.5947 1767.9869 122.07533 336.6119 0.0023755322
891.7239 2183.5498 155.78491 759.5886 0.0023754418
508.85623 1479.0234 297.37192 817.25745 0.0023732416
81.74717 2116.9944 130.43474 398.00937 0.0023677554
175.54013 2569.907 272.37546 50.85089 0.002363548
421.087 1082.008 828.35925 681.5408 0.0023460279
136.36496 2550.6467 262.10474 74.39305 0.002338848
881.50616 2379.8914 158.84886 369.5558 0.0023380716
794.2266 1143.6393 278.52618 612.3349 0.0023328396
897.46185 2528.166 125.94501 129.8433 0.0023277723
145.13918 2565.998 279.83005 58.726364 0.0023205844
841.67993 2530.8938 211.28763 121.81417 0.0023192798
76.45122 2392.8867 121.01402 312.621 0.0023113547
747.9261 2571.5798 439.45233 61.193596 0.002310174
213.08603 1260.8335 415.20795 2465.1804 0.002302118
418.24893 1315.359 394.45178 1360.1918 0.0023001574
142.36879 325.8585 280.5679 646.76245 0.0022985449
834.58105 1861.3451 248.45714 753.3028 0.0022969008
650.31244 2517.6348 177.43803 157.16812 0.0022964135
826.08 2529.8562 197.81236 140.82088 0.0022932584
882.1412 1151.7747 191.74854 456.79178 0.0022926442
68.46518 12.374251 140.8087 23.125433 0.0022925767
54.806927 2580.2085 125.16854 54.380722 0.0022895988
845.3536 2041.7185 244.04897 797.4949 0.0022847753
921.48224 2511.0698 87.10925 170.10977 0.0022843697
813.7798 2577.1257 318.08844 52.881516 0.002276646
404.0674 1735.1736 362.6625 353.34393 0.002266963
608.7311 1709.716 598.9803 987.67004 0.0022586498
667.697 2506.8557 172.70877 168.15094 0.0022506155
874.61395 979.875 196.46342 914.145 0.002244546
789.92847 2434.3127 158.58305 216.70595 0.0022429288
921.2058 1702.4883 105.65685 613.4572 0.002242517
800.364 1615.1523 197.24126 364.26944 0.002223666
901.51526 890.2629 137.5954 556.3924 0.0022207163
762.64825 1795.5698 296.32468 491.05054 0.0022137982
541.50385 2547.0293 201.1362 104.81843 0.0022109519
894.58203 1604.8824 153.94154 773.6763 0.002182511
933.5614 1609.1447 82.7818 427.72476 0.0021774657
391.20108 67.74001 563.18896 131.93747 0.0021762892
900.14935 1239.5432 157.73822 440.14868 0.0021754827
357.2827 2571.6877 571.0589 56.493317 0.002141613
933.25397 2479.4932 127.087296 233.57407 0.002135773
891.0173 1861.2025 150.15935 640.153 0.0021283643
908.0863 2431.4949 136.21884 326.6386 0.002128176
386.0878 2519.4382 213.22232 147.56256 0.0021104328
909.21594 2452.2236 120.6602 268.70172 0.0021029017
368.01505 1918.764 661.0958 883.158 0.0020996341
631.7063 2563.9243 311.75824 73.42286 0.002090012
215.93994 2583.2231 256.1835 71.97056 0.0020835933
630.7088 2570.4138 211.2566 56.973747 0.002074713
175.48605 2583.3572 159.58368 29.464403 0.0020623538
489.33713 518.17926 947.61786 1025.9056 0.0020616336
873.3407 1203.5656 165.64557 2125.3435 0.0020585083
899.9719 2049.1802 125.68285 307.90298 0.002047739
554.52997 2562.662 126.02602 108.41537 0.0020415005
360.41696 2530.4558 292.9379 140.26785 0.0020163553
240.39008 1525.5576 363.90283 1733.5408 0.0020090186
172.44807 1757.7163 264.09457 1715.5992 0.0020066719
856.2296 1144.62 224.41269 2340.0066 0.0020042248
34.854286 440.26685 65.80392 271.22162 0.0019995463
931.8619 2329.6511 67.5161 327.84488 0.00199459
941.4699 2050.4573 83.58021 330.0737 0.001985664
316.47693 583.89606 619.36383 1163.3223 0.0019856298
881.91376 2539.1938 164.13425 130.5258 0.001980567
601.86084 2579.9485 129.93623 127.04304 0.0019769028
481.24496 1466.7479 728.6036 800.0603 0.0019745475
934.68286 2465.0403 60.041805 271.49695 0.0019741105
605.7576 2567.444 268.69962 77.32621 0.0019719002
935.4362 2251.831 84.688354 423.15228 0.0019718383
415.00436 2576.6118 201.35803 89.1269 0.0019696755
250.32327 2594.9888 165.46585 12.091906 0.00196322
777.8157 668.1535 103.22271 234.00941 0.0019627775
217.3481 65.22695 420.80426 128.3867 0.0019605788
356.12143 2590.809 373.87064 30.730795 0.0019526893
305.11044 2567.71 203.50975 147.36496 0.0019447161
573.075 2580.378 183.74156 46.13464 0.0019386745
890.7606 1638.7701 143.38562 837.8118 0.0019269566
493.52652 2589.6309 681.2882 26.739702 0.0019227382
612.72736 2581.8752 531.88727 39.10483 0.001912196
936.52 1974.4243 82.0192 428.7283 0.0019095023
349.62317 928.85223 127.11235 176.58049 0.001905917
481.95697 2578.1252 283.5494 53.070446 0.0019038046
896.12445 2555.6003 126.71145 74.093704 0.0019011806
915.07385 2530.895 93.86671 131.73509 0.001896865
797.6 1889.4454 273.35376 1256.7124 0.0018895764
884.9292 727.79266 165.42279 1173.1873 0.0018807218
730.6469 109.21637 154.87628 225.30263 0.0018788395
463.0583 2555.5586 233.72368 97.038086 0.0018706449
904.8608 2539.2185 117.34807 119.251396 0.0018692779
473.14734 1293.6204 922.23206 2539.6804 0.0018674077
906.04724 1676.714 79.881424 276.5779 0.0018654526
422.51382 2553.5876 167.70107 83.56493 0.0018605067
902.9066 2389.308 175.84062 307.1991 0.0018601525
915.6064 1427.9309 129.77856 494.8887 0.0018539769
518.0661 2537.7395 419.13412 125.741356 0.0018485949
943.76953 2263.2422 69.229576 325.68466 0.0018440735
69.503876 43.494316 132.59906 81.2878 0.0018371458
661.1242 2575.8606 426.0868 57.380054 0.0018271741
944.55005 2534.2979 78.752174 177.65195 0.0018254954
936.87384 1886.3326 87.71841 503.72354 0.0018251003
375.9532 189.53012 756.57465 371.76025 0.0018054381
946.4376 1693.1301 61.426365 605.2365 0.0017897818
562.9286 1591.3649 251.91331 1064.2185 0.0017888816
934.76013 1837.5944 91.92871 320.7211 0.001780893
917.421 1875.6373 123.319565 267.26514 0.0017770749
481.1517 187.33812 66.9389 192.57681 0.0017697115
951.3596 2186.346 65.779915 186.84763 0.0017535256
598.5189 2083.5247 313.85492 875.19794 0.0017456015
854.71265 2568.7864 206.29706 63.979687 0.0017383082
610.37524 1437.2429 479.02637 1155.8611 0.0017323797
401.92313 1896.4154 269.2096 404.76993 0.0017224745
468.70242 1825.9454 890.6088 1460.5972 0.0017172652
852.59125 1730.5697 261.7312 1053.4775 0.0016986706
950.3622 2225.7693 47.223904 523.10016 0.001693342
942.5944 1583.1501 66.19323 321.9612 0.0016847325
914.82385 1819.5531 107.70558 345.51825 0.0016742965
221.3997 1257.4009 321.16278 883.262 0.0016723545
736.9878 2591.9436 134.97118 59.35797 0.0016520921
572.4722 2591.449 301.1247 26.047066 0.0016422442
925.15643 2537.756 79.31438 127.56624 0.0016402267
930.151 2541.7817 68.08284 173.37776 0.0016377463
953.1206 2333.7393 61.10676 283.87866 0.0016277984
909.0483 2072.238 257.44376 232.6361 0.0016167916
654.31824 2585.8213 151.57797 112.30807 0.0016132749
933.34326 2531.176 81.7737 142.58635 0.0015971526
611.26294 2580.6375 242.45216 73.03908 0.0015888755
142.24902 74.44884 113.64388 145.18915 0.0015674134
247.73883 664.0409 430.72665 1246.656 0.0015428314
957.8895 1936.1836 36.83585 744.2412 0.0015401345
439.58624 141.53223 862.13086 272.1583 0.0015390276
258.7019 1191.1488 476.5376 2335.0645 0.001536253
915.4332 2587.7285 82.50038 147.93481 0.0015251248
905.7224 2570.9565 121.35825 71.20544 0.001519818
858.14886 2581.1982 186.01656 46.65486 0.0015112932
693.0495 1724.6025 243.70372 527.85876 0.001490808
945.61615 970.4655 53.95772 1139.4648 0.0014807315
947.9796 903.64374 52.007526 480.961 0.0014636931
941.63 2560.7122 80.42336 74.816055 0.001457394
496.37814 377.9516 930.7295 812.4646 0.0014572748
921.9239 2570.634 91.81894 73.126526 0.0014229151
953.4959 2552.4778 57.54642 97.74944 0.0014044698
647.4077 2594.12 210.91122 19.500324 0.0013892673
962.3694 2433.2222 35.258274 168.89905 0.0013827434
485.59366 1312.1042 903.0089 2446.9023 0.0013809227
786.22314 2005.3452 398.0416 1156.9077 0.0013715859
274.5839 865.74915 464.20795 574.8734 0.0013486281
519.62915 2573.9922 750.5637 58.791664 0.001319166
946.3954 2558.9292 46.669846 86.979836 0.0013183734
503.3103 1771.9537 382.7352 819.66864 0.0013064482
283.44495 1235.6663 515.719 2439.6353 0.0013002062
136.7834 1442.8182 228.68668 647.657 0.0012658607
965.6194 2482.5994 16.840574 230.21643 0.0012586784
149.67186 273.42776 216.07176 557.703 0.001245473
350.60443 547.89813 690.5194 1098.7975 0.0012431265
61.74238 357.00485 160.40134 677.6015 0.0012413918
934.6886 2576.075 56.97249 114.3131 0.0012334866
284.9377 1163.8457 377.6629 531.6269 0.0012010273
935.3797 2578.6792 61.65239 104.3427 0.0011729839
96.68216 1153.9631 184.01654 2167.5847 0.0011643925
957.831 2558.4531 42.672974 81.43338 0.0011499554
946.7835 2568.3582 45.741222 128.6894 0.001140104
305.87155 1751.9563 243.2017 332.15958 0.0011386193
955.5032 2569.1091 32.575115 58.531017 0.0011362496
302.62195 1473.2544 336.71014 1187.5251 0.001101481
127.31729 1524.3872 188.59085 1491.4642 0.0010709919
158.52115 1815.8529 318.15933 1140.5184 0.0010704017
963.6727 2549.1912 28.413212 115.15663 0.0010696102
368.45154 2240.5835 298.22614 679.9757 0.0010666716
291.05194 1614.2177 384.45587 873.67975 0.001065603
337.9987 779.22974 196.38095 463.15588 0.0010488774
952.9711 2587.329 50.090584 124.07105 0.0010391289
403.11105 1961.9011 777.87354 864.7868 0.001031482
173.55408 1818.4978 275.07025 1154.351 0.0010267895
271.0353 587.33856 409.68988 1113.6874 0.0010235255
607.5608 1738.9751 224.95915 635.14954 0.000957148
307.34283 1301.3584 294.0024 795.6604 0.0009360282
560.5493 2594.9673 708.14526 14.677772 0.0009308636
655.63556 1575.3268 501.29395 1169.9763 0.00092801166
534.52936 1918.2638 212.85555 216.50613 0.0009147239
792.2663 1612.8307 183.61668 242.16367 0.0008853121
326.04016 2078.312 313.09784 595.7073 0.00087460846
489.63174 1602.639 480.76215 515.24115 0.00082630134
627.4968 1619.1383 362.8964 1033.2996 0.0008134062
680.7454 343.34326 649.22534 644.12006 0.0007797639
969.0571 2598.3037 87.857666 17.618475 0.0007785993
516.87585 1424.6075 535.4885 1107.9419 0.00076352
658.1791 1311.6649 435.82846 1470.2423 0.0007557783
578.8307 1635.8094 434.87216 1045.01 0.00070988486
535.4462 574.21 536.83154 988.7955 0.00067043264
482.8692 1948.0616 298.58127 508.74738 0.0006634517
535.43585 1455.6495 368.534 818.15295 0.00064861367
472.4004 1472.8196 772.5759 859.84827 0.0006412452
827.95966 1871.3545 406.31796 641.29944 0.00062558905
711.45526 1709.3524 331.19653 977.4171 0.00061669404
232.51382 1287.9858 365.37296 1341.519 0.0006147953
694.58136 1250.6185 365.73343 698.91156 0.00061314256
393.38025 1406.66 448.90668 889.07574 0.0006059405
698.23706 1386.0388 324.78888 797.8045 0.00054588506
520.7916 900.7354 657.51495 545.2778 0.0005442283
823.0071 1329.3827 390.609 658.8439 0.0005320056
618.36163 1298.3727 432.1814 1005.42535 0.00045391076
