577.94037 1224.3221 1006.60004 2435.6025 0.8192518
594.3503 1469.6063 785.34973 1196.8488 0.16179389
618.5578 1445.9655 684.2282 1138.6376 0.13266203
606.49634 1610.1271 923.71075 1499.3885 0.109519735
641.9357 1377.9193 591.9136 988.9937 0.08441814
596.0101 1423.566 842.70807 1382.5614 0.07382557
620.96765 1360.365 514.994 930.3929 0.044870142
603.4467 1433.6132 499.83563 1075.2336 0.036251463
597.6338 1382.0586 861.2407 1564.5546 0.033077043
602.25055 1168.188 830.654 1526.103 0.03040196
578.28046 1223.3439 1003.2926 2429.5083 0.028949346
582.88525 1643.4574 988.8508 1564.5348 0.028106755
63.347034 1552.391 104.27345 197.00935 0.025948979
651.63086 1145.1274 764.1533 1647.0471 0.024919204
635.9754 1343.1967 776.514 1426.9598 0.024520509
93.14173 1552.973 164.71773 217.40585 0.024089327
600.5222 1232.8905 844.7963 1618.5254 0.02368645
695.99097 1580.1741 726.1084 1411.7297 0.0236104
587.34064 1339.3429 726.409 934.0394 0.021495583
543.1523 1445.799 621.7519 1113.4617 0.019722197
125.86588 1552.0558 105.85885 218.35168 0.01849165
443.3322 693.0128 74.254776 52.56515 0.017971586
444.79364 693.51636 83.243065 62.04432 0.017407428
599.98627 958.45276 886.85364 1427.0986 0.016901692
655.7993 1177.9934 721.1352 1621.6666 0.016325755
572.4751 1552.095 389.62387 535.0031 0.015999753
577.6666 1586.6107 443.46005 664.5735 0.015151391
672.23016 990.99713 741.07733 1490.6719 0.014419337
595.80835 1018.56384 920.2631 1698.3011 0.014244243
626.3099 1801.8411 881.5125 1146.0443 0.013991985
590.86926 1213.2235 425.2697 662.25824 0.013478265
600.6683 1251.567 458.47852 726.991 0.013345732
651.8184 1636.2217 587.4754 789.2637 0.012920796
596.68225 1678.0564 763.47235 989.99457 0.012772608
587.8061 1140.5315 401.36392 506.0378 0.01277004
645.4028 1173.5133 754.29474 1124.456 0.0122447
587.2792 1984.4407 980.9586 915.09955 0.012182708
603.7272 1268.6218 356.92075 676.2371 0.0121599585
581.6814 808.85425 986.222 1584.7041 0.0117374025
600.11786 1051.0101 819.8575 1170.8059 0.011629326
603.31287 956.1459 870.1024 1241.4117 0.011568613
768.80817 1478.166 430.07193 1065.2614 0.011364596
524.6586 1576.7556 650.0685 854.2981 0.011280073
520.10175 1377.1593 591.68524 974.7629 0.011120549
688.329 906.15283 714.4108 1313.4662 0.010836532
809.3175 1912.6405 259.2243 275.57037 0.010794731
823.79785 1654.1302 381.8165 778.0526 0.01071533
639.7439 1079.836 660.61584 1373.2234 0.010599039
581.9315 1905.9282 992.3725 1068.5912 0.010405343
561.5746 1636.7551 557.46234 793.39526 0.01004158
596.4442 1722.9564 757.1965 708.4419 0.0097874245
671.75165 980.3192 185.36374 174.38776 0.009650591
595.98285 1862.4032 280.96793 249.13507 0.009566919
609.4714 1691.8405 552.931 682.19824 0.009539573
604.5393 1323.4456 343.49066 567.6184 0.009267195
558.1381 1732.2094 749.58795 942.9692 0.009257323
672.1412 1182.0331 698.6571 1138.4481 0.00925226
608.4642 1339.1823 383.60965 548.8868 0.009102319
584.24786 1460.8961 981.05273 1881.9783 0.009032743
461.06042 1296.1702 704.3912 852.25616 0.009009613
661.54156 1203.0326 713.08813 1161.499 0.0089936275
565.8374 1269.9614 880.1092 1147.0219 0.008934601
649.37 1185.973 665.31537 1078.9536 0.008831838
640.47894 1368.2998 755.0355 1728.4343 0.008503721
524.4721 1809.617 97.54651 111.64832 0.008476282
666.4917 982.2822 212.69304 203.33302 0.008448247
643.03815 1120.3962 794.9066 1034.1187 0.0084403055
683.96466 915.5741 731.92487 1377.7231 0.008438319
612.31915 1493.7544 891.7432 1281.5837 0.00841429
578.4986 1315.6207 952.63776 1139.4125 0.00841367
825.62634 1880.693 342.96774 369.84586 0.00840371
502.61148 1305.5637 782.1791 1345.6886 0.008392778
868.79315 2054.4604 419.02316 571.50934 0.008369785
621.0022 1790.5624 645.18207 544.3315 0.008220431
551.90985 1762.8093 678.97906 685.5556 0.008208048
616.28156 1842.8094 856.7413 839.88196 0.00797883
648.8675 1202.2599 803.7328 1209.657 0.007919019
443.4795 1162.3601 712.5413 1016.6709 0.007912698
669.07404 1044.4592 230.72746 304.74173 0.007852674
639.30566 1845.0465 161.70476 187.69685 0.0076843454
592.2654 1059.1606 377.32248 355.85318 0.007662698
737.89417 542.33966 626.2441 817.2955 0.0076521644
648.85864 731.88336 842.5986 1363.8694 0.007621838
666.7321 1887.6381 435.3329 324.66312 0.0075673084
667.00146 1858.3013 536.5414 415.7081 0.007499691
623.4824 1684.5535 243.12411 239.88972 0.00739231
780.09546 558.57275 495.09595 688.029 0.007307294
541.53485 1793.0465 433.53546 397.0086 0.007298866
700.5098 667.4785 348.4761 451.76556 0.007289871
676.98883 1859.2441 155.30078 193.87376 0.0072122565
742.6018 1908.6332 336.0799 299.0907 0.0071898657
872.04047 2161.7524 412.85062 375.10397 0.007143969
874.7571 1872.4706 381.29556 390.5246 0.007114645
548.03485 1594.4714 720.1686 1486.8408 0.0070133526
524.2958 2070.661 85.584496 91.51095 0.0069989883
740.8658 615.42206 255.23247 349.92218 0.0069640586
667.0968 2068.3503 813.7313 714.81415 0.00693896
599.28033 966.6732 896.00146 1127.7627 0.0069338656
684.0255 1895.8763 193.62114 204.98566 0.006890643
874.1896 2144.228 406.11478 336.56427 0.0068677673
648.59607 786.6953 234.08932 231.36304 0.0068192314
141.56087 1544.9773 257.29636 247.16058 0.0067885877
424.5356 1880.0088 592.47095 712.37366 0.0067723193
652.27484 1236.2745 606.3257 731.3176 0.0067435647
514.01086 1799.6102 631.3802 698.76086 0.006694541
725.7442 601.965 678.3886 976.4711 0.0066487235
723.8793 1109.4681 660.6488 1144.2723 0.006622968
735.072 1442.6984 448.43713 704.04297 0.006606618
665.39404 953.074 752.41455 992.5858 0.006596355
781.19403 1973.8619 346.51758 381.45547 0.006586058
699.05023 1321.9985 353.79105 579.2456 0.006543668
806.6649 1471.5961 309.89236 449.52237 0.0065349634
629.4935 792.8161 324.93515 299.75827 0.0065348553
581.20984 544.7077 976.09845 1084.2324 0.0065269563
869.9595 1867.3876 415.3839 770.6637 0.006526428
539.9548 2060.545 136.08507 130.29968 0.006508008
622.35925 1204.9852 284.54526 375.47226 0.0064843427
705.2407 1103.2528 179.0225 359.54703 0.006466617
338.82986 1304.9907 420.49185 711.0762 0.006452268
456.8327 1566.7886 699.415 1422.2454 0.0064493823
440.24326 1510.0673 532.61816 1213.5691 0.0064451764
688.456 1970.8792 764.41974 819.2426 0.00642997
636.7025 1107.8159 825.7958 1123.7699 0.00642697
859.1275 2150.9707 438.25815 451.87817 0.0063567148
648.4349 689.4685 434.96786 478.99658 0.006345437
623.51044 1681.2035 240.76256 242.59052 0.0062972647
790.0874 1848.7974 165.54196 145.56116 0.0062828306
707.8348 700.93884 652.761 785.64154 0.006279783
431.88742 1065.8988 707.0558 1273.3615 0.006264735
715.887 524.0166 702.65717 959.08527 0.0062498804
844.7154 1619.7921 470.03036 1444.4193 0.0062467507
754.64655 2076.944 643.2645 675.91437 0.0062140883
634.7485 1094.7325 618.74347 999.0724 0.0061973995
878.9762 1900.1954 403.7477 1015.3584 0.00617872
825.61676 504.9278 323.37003 536.9432 0.006175105
583.5525 1897.1292 802.75336 719.6924 0.0061651105
458.36035 1574.6156 565.18933 812.46735 0.006132236
480.48825 1687.8398 613.1032 1135.0206 0.006116917
600.61804 1319.9069 839.6138 932.90466 0.00611321
810.463 1672.4778 378.61224 712.0217 0.0061009787
481.60446 1807.8699 609.08563 454.93536 0.00609264
754.81476 1927.6587 623.3675 703.87646 0.0060609137
602.12225 1462.1807 298.33536 324.49283 0.0060405093
240.42738 1384.9733 322.7706 555.9883 0.0059839566
899.9341 1714.1534 324.79135 651.81683 0.00597059
633.54517 1917.9595 738.91174 762.72723 0.005964449
714.4145 1660.0667 196.13568 231.89034 0.005952274
692.47754 1237.0894 703.2376 773.07855 0.0059274887
803.37585 1991.8269 547.21356 808.23004 0.0059062685
634.15454 1346.0079 293.2252 374.57867 0.0059056943
375.48468 1557.0897 384.09735 542.15045 0.00588164
684.2582 644.3986 606.61334 866.4617 0.005735756
520.8606 2059.4744 189.04752 203.60275 0.0057316567
602.51086 1441.8932 194.38974 286.14395 0.0057246666
632.0581 1199.2151 262.2176 341.53113 0.0057071596
775.3283 2169.2673 606.39777 515.0409 0.005690117
511.83392 1517.7223 293.01846 459.86194 0.005674386
628.3674 1417.7177 259.9538 534.65485 0.00566157
709.6247 1659.7144 142.45558 171.5024 0.005660094
767.1736 573.19257 332.4164 611.6133 0.0056414995
813.1121 590.68414 228.16315 302.9306 0.0056402744
421.80518 1608.3082 636.6399 1160.3494 0.0056223287
645.86035 669.9156 490.48096 577.0724 0.0056214733
866.81024 2136.6252 258.3453 272.55255 0.0056010312
978.6866 120.39837 202.82674 218.51776 0.0055976943
694.89386 512.88806 757.80145 1010.2336 0.0055863345
254.16943 1301.8685 357.47202 721.05756 0.0055708042
411.99954 1653.8855 251.91806 236.45433 0.005569505
644.851 908.7061 801.4051 944.0475 0.005562469
774.0588 1327.2181 537.85675 945.67804 0.005553168
860.1953 1615.5591 440.58328 1449.0305 0.0054964093
452.47455 1655.9728 173.39117 184.1851 0.0054940637
771.98804 560.5048 160.12183 232.33443 0.005447564
682.7238 564.6611 764.3318 1034.2776 0.005444775
532.51166 830.73773 175.90532 248.65198 0.0054352134
898.2339 867.79553 310.01654 442.2246 0.0054288064
432.45593 1180.5597 721.19147 1537.9941 0.005423357
650.85956 779.269 152.35362 143.73978 0.005421155
622.81885 1425.7612 257.78836 326.167 0.0054154717
576.43884 1117.0602 949.99756 965.34937 0.0054095984
274.23407 1448.4377 219.50948 384.1145 0.005399474
784.4097 1425.9495 265.13516 378.57535 0.005384797
454.80307 1926.7032 481.4005 531.8827 0.005382262
395.278 1301.666 450.17242 743.6155 0.005382145
654.37695 720.5716 830.54266 1400.8771 0.0053748796
745.57764 2061.1052 394.9932 408.45602 0.005367894
515.76495 1239.621 587.1879 732.71594 0.005367505
364.7825 1536.0042 399.39246 709.49255 0.0053642676
656.53284 1626.294 861.88275 955.8996 0.005362164
745.2257 837.5733 597.2881 568.297 0.0053397776
396.251 876.4439 283.89767 414.8342 0.005309953
460.7526 1782.6788 528.5645 997.912 0.0052606226
384.0563 1612.6111 422.3639 688.0115 0.0052555944
855.0965 1220.4371 456.65686 2375.9014 0.0052180514
831.34406 1530.4076 111.19014 159.82964 0.005215722
914.4906 1219.3098 337.3215 2389.3157 0.0051941853
508.98596 1182.9989 582.31195 628.6773 0.0051868674
469.13593 1475.4159 215.19458 406.25543 0.005184877
716.94745 936.99255 681.3793 701.824 0.0051671723
507.3627 1208.8733 590.0683 677.3313 0.005141401
447.5225 1662.9207 467.14108 880.14624 0.005116345
421.49664 763.5555 178.9386 207.74571 0.005105204
915.9943 455.42606 295.459 500.70792 0.0050686426
851.5962 498.5895 403.30884 623.9664 0.0050672865
676.0925 1185.3213 264.24585 500.20416 0.005064845
605.0373 816.49524 410.0001 360.92548 0.005057776
888.4772 1477.4166 378.86978 1200.1578 0.005051754
775.93524 1409.1327 367.751 688.48145 0.0050497577
808.2502 423.60056 263.87094 421.16513 0.0050451267
734.4439 959.83374 100.60764 163.05862 0.0050317645
762.31665 2045.845 613.00726 688.1608 0.0050302916
680.3313 781.96796 720.9722 634.47565 0.005019885
429.80823 1627.8262 373.77185 420.5137 0.004997367
650.1463 971.3532 622.1985 666.50635 0.004991201
778.51276 1974.871 198.72058 166.7452 0.004987911
649.1649 1322.6885 666.7968 1774.937 0.004986512
842.8876 1899.4617 190.24397 223.88971 0.00497506
750.0573 800.8713 631.53894 1245.2324 0.0049687997
667.787 1304.964 240.12085 435.57666 0.0049383016
570.127 1339.4178 335.86084 480.62674 0.004937032
755.2247 390.22897 632.42804 768.6458 0.0049276142
629.9977 734.09503 593.1176 1002.5695 0.004889341
210.92285 2052.4766 412.29727 839.05646 0.004856604
589.2282 2218.6812 966.6121 488.1183 0.0048517026
621.3524 1191.2094 448.5633 652.6079 0.0048494465
884.35956 1535.113 395.92505 1739.5303 0.004834911
810.33997 1470.7483 245.55144 269.12186 0.004831457
683.6026 1571.6956 293.00812 412.31677 0.0048160814
303.33768 1951.7246 563.42285 1032.1971 0.0047861845
901.0172 503.94278 333.89603 650.6909 0.0047840546
654.0055 693.7781 521.3937 559.4218 0.0047738357
495.22208 1597.7104 258.588 501.808 0.0047615496
513.289 1269.1942 509.7008 761.3165 0.0047605378
789.46075 525.9922 423.7209 480.1552 0.0047483444
685.55615 1023.6792 737.59326 969.64 0.00471383
706.4855 1429.2515 235.84935 330.33383 0.0047123493
268.12952 1263.6311 207.15773 309.5899 0.004690354
348.136 1283.6926 545.2295 789.14874 0.0046781222
900.0183 1563.4828 364.22638 1602.7555 0.0046546087
875.12506 2150.2676 364.80008 272.40793 0.004652281
363.1129 1447.9 228.245 405.00116 0.0046360223
686.35095 1225.2135 747.9076 1998.7002 0.0046356595
712.0094 1434.0034 338.72464 406.72366 0.004634779
561.23315 851.14276 353.45758 396.55582 0.004626509
906.541 790.0462 241.46669 302.27798 0.004595796
658.61487 966.5524 770.1079 694.23615 0.004595423
653.3696 1369.1249 176.08759 268.84448 0.004562968
415.78845 2006.3556 591.08167 745.63464 0.004549354
827.0911 1203.1742 494.2848 1734.6497 0.004545499
802.0815 712.9914 531.8139 1063.4366 0.004537307
883.0955 1486.0037 192.28616 232.49384 0.0045360946
417.8708 1272.3079 642.8302 772.6928 0.004535245
799.63354 1266.6385 414.79977 749.65015 0.0045316033
483.143 1534.177 453.49704 486.8788 0.0045226724
345.63803 1021.00555 474.84235 709.3321 0.004487153
705.17566 1032.0945 170.14346 270.96832 0.004483493
750.19336 856.7068 581.74554 466.15588 0.004470162
585.92206 1889.8126 206.51822 205.07089 0.004466762
290.87714 1328.1295 257.50378 413.70035 0.0044457368
399.24353 1939.8004 650.4559 979.9499 0.004428105
255.19437 1190.335 179.58615 227.33714 0.0044182
782.28577 976.1029 556.9882 831.01154 0.0043649967
759.32654 2097.2227 200.0941 302.5222 0.004354039
526.3204 2022.0046 472.75735 509.60614 0.004334203
721.55383 2126.7134 189.07861 277.5961 0.0043286774
340.4299 1985.416 525.22284 839.87225 0.0042902445
554.37585 1817.8883 180.29533 170.12299 0.0042840424
898.7854 970.6904 347.27368 745.4428 0.0042829397
925.36884 324.89108 259.10553 332.98825 0.0042788847
729.5482 1967.9957 163.7336 224.68338 0.004260136
584.918 1476.7166 760.5616 1211.4755 0.0042088036
693.4576 1960.0028 182.63797 237.60532 0.004200945
293.90536 1731.1962 192.54422 231.33556 0.0041857148
359.0185 1405.3416 180.56346 347.07983 0.004181884
562.7484 1837.8595 233.519 457.8291 0.0041712364
751.5226 1877.0477 296.76767 322.82675 0.004171092
782.3986 918.0073 560.7414 887.39624 0.004161432
498.74097 1727.6414 348.07013 516.3209 0.004148928
841.1429 762.98444 334.6281 551.329 0.004137554
935.89453 824.7592 254.556 413.78436 0.0041320426
251.87967 1160.0509 145.96661 148.01025 0.004122404
829.2905 1911.5582 480.1159 801.9215 0.004119772
875.4376 1475.2626 217.16731 265.17526 0.004108218
637.728 813.946 499.51413 467.14764 0.004101117
715.01685 457.27054 712.92786 918.3498 0.0041002096
583.5426 1896.9631 203.81328 232.55504 0.00409183
149.21327 2235.8372 280.64044 475.93042 0.0040896777
700.80524 960.75476 128.67252 136.54918 0.0040858164
562.53143 1970.3186 387.47653 704.7996 0.0040757316
295.81934 1026.4785 418.8219 720.68744 0.0040509794
931.2114 760.9276 247.63599 303.71677 0.004032145
658.17584 1602.5865 471.3174 622.53644 0.0040255706
768.132 1524.7437 218.37555 259.62512 0.0039951745
893.3896 848.0785 347.08652 503.4014 0.003930061
890.98065 1912.8302 144.01991 237.91083 0.0039284267
615.6032 914.4084 866.1686 863.3273 0.0039150543
322.71606 1871.1102 235.68297 348.13336 0.003908317
883.9124 825.46643 367.89597 589.3658 0.0038941016
338.24353 1288.507 532.5987 768.7976 0.0038929435
798.2688 1518.3301 262.7956 524.1527 0.0038714812
415.204 2024.1923 635.1115 790.8926 0.0038695345
666.0469 729.9842 757.82996 650.0585 0.003826828
599.2062 2215.4775 193.54362 219.88496 0.0038234827
761.62946 1238.1926 640.9283 2096.5789 0.0038158693
840.5483 973.5334 432.659 733.41583 0.0037802302
439.03986 1934.3258 256.71582 299.66214 0.0037611732
868.4445 1858.6364 396.3355 784.4899 0.0037603783
513.8746 1953.9316 536.1376 626.47064 0.003756206
762.5429 731.106 503.2936 950.5789 0.0037532505
454.30487 1891.0615 735.6591 938.17834 0.0037381293
815.943 1351.7977 513.85657 1373.0059 0.003716703
611.17645 774.98334 195.42783 163.40158 0.003701456
598.6523 1790.1586 268.28452 335.7824 0.0037013576
917.9655 2300.1638 301.9759 217.08682 0.0036963827
817.6055 2154.3872 187.2569 214.33725 0.0036912553
299.96936 1318.6768 221.12976 296.43066 0.0036881613
685.2031 2022.8319 750.2167 784.89905 0.0036803794
465.22495 1529.6666 356.91388 1099.5844 0.0036774832
424.9675 2074.802 253.68434 304.47363 0.0036686796
893.9848 673.29144 320.81808 482.025 0.003659815
689.3609 1000.5619 409.27484 1124.9844 0.0036485065
952.5023 730.2677 189.2748 238.88387 0.0036152164
930.76807 246.09732 230.13058 299.66318 0.0036135658
505.05634 1946.1763 537.31256 955.7202 0.0036134268
167.3525 2275.2014 322.2494 394.2477 0.0036061176
557.5547 780.6679 297.4308 254.88391 0.0035982614
445.02676 1918.8545 730.196 1026.4155 0.003594822
798.7778 2128.7244 253.47305 254.03198 0.0035843705
491.2802 1997.237 440.7403 702.99335 0.0035811467
701.17126 1123.3706 693.73816 562.1443 0.0035803758
959.5024 2340.6006 238.6741 208.63835 0.0035749988
738.0956 1926.3124 962.9816 619.2355 0.0035703753
984.5945 2092.502 181.0517 394.8557 0.003568791
878.8033 858.1281 395.35687 1335.4736 0.003567884
608.3401 1687.304 232.32953 205.18405 0.0035650947
924.39777 943.3142 296.58182 589.0395 0.0035562653
872.6137 2115.7673 397.41403 331.9775 0.0035449788
908.2704 1096.0885 339.52112 901.3666 0.0035385787
741.23846 1146.2075 127.508766 246.5142 0.003535322
626.6777 2242.847 213.59302 214.54884 0.0035283992
724.05994 1803.1683 713.0974 689.1439 0.0035117234
109.93275 2034.9259 198.33316 696.9839 0.003491443
577.012 1800.696 229.58495 276.95407 0.0034853893
422.63095 1635.4738 419.32352 1429.29 0.0034851194
934.83984 1601.0518 275.87442 524.0732 0.0034734607
397.5612 1624.3877 402.6292 716.5229 0.0034733287
579.75543 1227.9299 1003.66675 2426.3118 0.003448715
554.335 2346.941 1024.5774 260.56107 0.0034463103
565.1238 2109.8088 225.73402 262.91016 0.0034450283
954.99207 1659.8342 247.2677 464.33084 0.0034421433
717.1019 791.7642 674.4404 474.1771 0.0034398292
763.73517 187.0655 231.86449 321.0388 0.0034213753
555.5853 2002.7765 250.54135 246.80017 0.0034209918
805.0472 2176.671 186.91641 245.90103 0.0034088355
699.3453 1708.694 123.93702 175.32799 0.003403012
274.09418 1494.3387 390.8801 369.08386 0.0034011588
625.88617 2191.1865 354.1845 434.48724 0.0033951632
271.37802 1264.5051 194.93472 257.14792 0.003393226
780.9842 272.11188 99.040565 108.55201 0.0033902826
611.9938 1411.1874 143.2904 226.69012 0.0033791794
843.1969 1976.7325 254.98026 250.13062 0.0033712923
780.8993 801.5956 374.44223 357.0106 0.0033670268
896.0367 1997.6769 353.91602 784.62494 0.0033659358
286.97833 944.8761 112.72628 170.31606 0.0033638217
782.15765 2273.7925 237.08864 227.75159 0.0033577764
356.12518 1936.2548 51.36604 72.626366 0.0033528765
706.4036 2149.782 157.84424 247.16144 0.0033328417
431.6449 2063.0535 303.76636 491.17953 0.0033180064
828.175 2004.4435 132.6426 135.82639 0.0033136036
768.929 814.32916 418.11163 320.63553 0.0032997394
673.19556 1082.7961 232.91058 402.74786 0.003292726
920.9942 730.5193 200.31042 239.34227 0.0032876874
290.3668 955.92737 174.59654 260.31046 0.0032844685
597.15845 2067.1128 183.0776 205.9206 0.0032760531
726.2599 1444.9324 145.34825 250.26358 0.0032735441
438.91055 1658.122 161.68993 140.90755 0.0032726529
397.8273 2000.2867 298.3287 556.9535 0.0032695094
456.38095 1461.3884 162.99683 266.0677 0.003260227
884.99115 2327.3682 387.18884 222.36356 0.0032589333
641.00287 2120.8723 351.21338 568.94116 0.0032551868
849.79816 860.1208 426.8019 541.9166 0.003253328
806.6978 973.20233 430.5921 1003.4353 0.0032487465
927.10516 1906.1782 139.11075 245.00963 0.0032312712
859.2643 630.0385 433.95108 1057.4938 0.003230798
853.61774 2331.9675 453.77362 237.17294 0.003206855
465.37253 1601.8035 300.95312 361.9695 0.0032016418
951.7762 1226.698 236.22238 361.135 0.0031969794
954.97296 1625.9683 257.1934 1594.5112 0.0031941647
485.74567 1721.1859 187.64653 212.62686 0.0031856045
596.7099 1084.9456 351.39377 388.23874 0.0031821327
848.0908 882.71704 456.74826 1574.5586 0.003168481
290.14722 938.4871 90.65031 133.20847 0.0031660092
838.05084 687.20514 158.35942 169.16917 0.003164067
932.60114 1280.1571 273.71243 340.49075 0.0031567842
292.59012 1946.8118 416.45715 964.3463 0.0031498817
897.00073 1294.8052 363.26196 1315.4586 0.003149855
945.34454 2015.466 144.7747 205.35619 0.003140629
933.72186 1250.985 201.4505 324.97165 0.0031324464
902.14435 1173.0782 350.23117 1741.7384 0.0031249556
871.3519 2269.91 175.9927 206.55571 0.0031184843
588.50543 2152.7473 558.8655 485.27896 0.003117423
713.2811 1283.9464 197.80002 356.8912 0.0031140537
324.4663 1762.0615 437.34912 622.4283 0.0030970532
889.2555 877.9201 296.31708 617.06067 0.0030941174
789.08514 1915.313 112.54551 124.73791 0.003094016
594.41425 860.5852 192.91995 138.31076 0.0030877965
345.9389 1515.3647 487.34125 715.28595 0.0030817946
336.12177 1212.2322 327.55634 425.9162 0.0030734085
490.21735 1247.3918 565.1526 743.1295 0.0030656692
776.3718 2304.0996 294.8854 247.57123 0.0030633265
400.91226 1833.8306 580.29504 816.9912 0.0030624687
291.58737 1586.2207 417.6846 334.0797 0.0030617162
253.88474 1796.0227 258.33142 338.34467 0.003046482
603.6784 1909.7509 577.41724 625.8792 0.0030392
474.49835 1178.7886 198.84372 280.2137 0.003037106
936.84076 633.56146 282.88425 978.9418 0.003032801
653.7631 1686.8383 229.8758 345.73737 0.0030279574
934.70746 786.92255 274.68475 683.33655 0.00302657
781.7768 1463.4307 181.63411 271.2068 0.0030229865
538.47925 1957.3495 187.76427 204.7629 0.003008146
923.1244 1162.0006 311.55005 1173.4031 0.003007827
611.8562 2050.5498 273.55234 379.17328 0.0030015006
971.0787 1965.7129 225.48016 946.7048 0.0030007088
498.96143 1984.7262 354.3732 327.1332 0.0030000112
578.84216 1790.6337 142.47008 138.13562 0.0029936342
569.711 374.94104 985.07513 757.99115 0.002989703
928.374 749.92303 273.63092 558.25977 0.0029875278
830.62805 1957.5554 435.62665 844.9482 0.0029874085
270.25983 1403.8063 361.44794 520.069 0.0029774972
624.47437 2004.728 187.4116 289.26984 0.002974427
669.06226 2013.8228 703.6265 456.48254 0.0029632205
708.1887 1987.845 313.89227 422.1154 0.0029595273
913.9827 1465.6182 153.46881 208.68666 0.0029584735
616.5903 1842.5148 143.45444 131.91017 0.0029539776
747.3949 1941.1743 440.8973 378.95035 0.0029440161
629.18835 1037.5011 187.92351 198.68329 0.002943721
797.95856 1694.5933 194.51704 288.54965 0.002931932
278.94904 1525.3207 467.5836 1697.1102 0.0029309636
297.30222 918.87067 70.27246 92.90759 0.0029303269
579.2106 1226.7651 1001.5904 2408.3406 0.0029244383
638.4934 1530.0854 177.81851 257.45502 0.0029194327
865.4448 2345.4504 358.74854 182.03082 0.0029160993
255.95776 1934.8605 330.38773 460.12784 0.0029144099
376.64804 912.15485 358.82944 494.87375 0.002913638
397.22418 2088.1084 228.5287 255.0038 0.0029019308
672.64825 963.0571 132.30894 140.8939 0.0028870294
519.30096 2222.3381 229.71005 247.79588 0.0028851482
328.01495 1598.3988 481.4483 422.25586 0.0028804264
709.76465 2217.9287 202.41623 380.32047 0.0028776007
848.1013 1554.488 413.97665 849.7025 0.0028744761
807.3549 1288.3737 182.0866 243.38399 0.0028742808
191.39177 2400.3645 255.87683 143.2768 0.0028577282
423.2183 1778.727 259.17902 301.07703 0.0028512732
713.7602 1554.9818 139.06415 205.52919 0.0028487782
980.0136 2183.586 165.47128 209.67218 0.002843733
773.3272 995.91644 588.7853 786.0358 0.0028398428
631.1236 1894.3025 451.51764 276.8383 0.0028387452
725.165 1091.5685 275.98947 429.39688 0.0028212026
224.11852 1291.7856 301.14462 727.05396 0.0028180021
939.24786 1915.6373 226.52441 276.12875 0.0028133215
905.6682 2183.1343 173.6401 175.59639 0.0028128615
908.0924 881.3909 314.18256 380.20395 0.0028074752
932.22845 894.4154 286.862 653.9635 0.0028038572
674.7736 2257.487 126.44337 157.25215 0.0027992493
275.36758 1364.7072 173.8603 264.905 0.0027959994
996.2773 2331.8167 167.56123 224.78293 0.002790766
707.04846 879.12854 694.9996 535.9472 0.0027822542
400.64374 817.26575 236.13011 289.577 0.002778896
318.413 1392.1759 281.2825 548.9462 0.0027719843
387.68417 1971.0748 179.50858 240.51622 0.0027717182
424.8035 1912.5681 352.24197 323.86374 0.0027677945
691.47723 945.09357 730.201 634.4133 0.0027648099
936.8901 982.09955 258.54874 328.25714 0.002759123
457.4078 2148.84 317.79276 339.70697 0.0027556128
229.24327 2170.1182 341.65735 391.4942 0.0027519516
570.2761 1520.9746 281.13263 382.75974 0.0027490375
269.27463 1409.0916 477.1439 1988.1458 0.0027478859
769.3414 2132.8694 134.3346 185.09055 0.002747703
577.364 1169.5879 907.18896 1066.758 0.002745189
609.168 1938.7046 589.2556 391.63016 0.002741029
982.12085 1591.3251 200.97025 382.6387 0.0027382607
937.43066 927.7001 278.54123 1451.9115 0.0027380043
959.9585 2148.8777 203.38898 269.44016 0.0027359556
910.71234 2011.0319 320.64337 531.084 0.0027324788
670.93414 1652.9142 209.17293 292.7303 0.002725895
886.0521 806.2014 223.74562 293.96194 0.002723603
303.94485 862.78375 287.79034 395.5803 0.0027135087
930.5242 2424.9812 296.1108 102.40706 0.0027100437
895.6531 1169.9553 364.65097 1035.1713 0.0027042672
794.7926 931.54083 544.2239 640.1688 0.002694951
669.7511 2272.5928 127.14802 144.76912 0.0026895993
298.18533 1187.4988 237.68227 237.9183 0.0026795515
281.4683 1618.8447 291.0213 392.7858 0.0026765969
274.08334 2319.0432 541.57825 312.58453 0.0026746222
767.04785 688.3309 276.96902 353.03857 0.0026639958
685.9408 1259.2657 133.76814 189.05417 0.002663123
804.5896 495.84784 532.3155 924.90234 0.0026555664
71.91589 2388.611 138.36554 175.52031 0.002652034
845.6224 1798.3706 202.36084 362.945 0.002641893
766.4174 1644.4126 156.02461 201.23787 0.0026203776
555.0718 1644.7949 602.1738 350.87097 0.0026152157
687.14355 1582.9163 146.58998 194.87842 0.0026100369
828.5907 761.4776 475.33038 703.32416 0.0026082378
97.54144 2392.4573 207.07236 157.54013 0.0026030205
1023.1329 2356.08 117.64383 176.70168 0.0026027567
811.1653 1128.6862 517.30475 881.53564 0.002601565
868.8238 1191.6351 411.91235 1309.3412 0.002593201
790.683 1230.5042 185.86066 325.55875 0.002591503
229.14691 1939.945 265.0273 308.49622 0.0025892546
314.14664 950.6931 136.77568 193.8324 0.0025891564
696.61255 1310.2762 156.60002 225.44453 0.0025880728
281.92407 1286.5656 342.28183 707.7542 0.0025869848
925.85486 2175.3213 217.7902 314.28802 0.00257643
373.77264 820.02386 165.9631 238.67688 0.002575875
766.9691 661.43494 255.76472 416.87756 0.002575188
193.8102 2270.742 383.46182 399.39178 0.002571921
765.8337 2199.2927 162.9145 166.48605 0.002568101
501.07556 1410.4849 271.25818 331.34198 0.0025612619
810.32886 2371.3337 536.9275 211.32036 0.0025589897
545.2785 2250.7646 140.25595 134.8797 0.0025558406
232.39697 1647.7561 377.08023 557.30304 0.0025542693
918.53613 2148.149 203.28229 199.60008 0.0025540239
887.7468 2008.5214 122.92173 160.9995 0.0025520227
799.9118 1006.8408 227.00812 307.19452 0.0025477419
707.4175 1470.5771 150.65038 230.30902 0.0025405888
824.52875 1299.5587 431.4222 1942.743 0.0025330961
890.2413 1029.7953 339.85965 416.64517 0.0025267918
971.09766 418.84598 215.99281 456.38214 0.002523992
539.23126 1539.1027 199.51318 383.30695 0.002523542
500.3525 1654.757 229.48347 303.40152 0.0025222925
839.28174 1006.89496 461.43735 699.8039 0.002516537
612.042 26.728737 186.59889 52.31627 0.0025111649
669.17926 2193.5962 107.15424 151.64925 0.0025053439
674.3311 699.06104 692.95526 810.48627 0.0025034097
520.11206 2266.5063 153.5933 163.97725 0.0025030798
830.07666 1561.2683 67.62845 99.55271 0.0024930562
635.0946 2272.3545 126.96428 127.98177 0.0024868716
365.3038 1456.0112 538.5773 1132.0643 0.0024841712
901.76135 2104.0425 158.6778 199.2919 0.0024826664
521.31946 2397.1936 1062.3324 157.4164 0.002482566
601.6309 2355.3 907.4648 242.98093 0.002480655
558.24567 2293.369 345.16373 255.69609 0.0024794575
972.38727 1355.7498 218.28487 693.7267 0.0024794259
556.3522 2239.071 87.50943 122.61759 0.0024390253
747.38495 2166.9124 176.97546 169.48756 0.0024385636
800.6185 1059.1483 207.6654 373.503 0.0024244287
651.61536 2330.839 817.8621 330.28323 0.0024239144
1015.5029 2101.6365 134.3469 601.71313 0.0024199178
643.5637 2327.431 833.9078 329.75043 0.002418117
628.3514 1603.4996 188.11911 303.0482 0.0024050488
980.7127 2373.9473 211.07184 129.72366 0.002399229
975.0796 1241.8478 200.68405 349.31158 0.0023944962
808.8288 1074.0498 153.80746 247.72142 0.002384574
855.8062 2196.8545 157.35545 154.09422 0.0023836473
430.98337 2270.6716 185.5464 181.25864 0.0023774495
940.91895 1122.8899 280.15817 889.3823 0.0023761946
204.52829 2204.0295 280.6208 410.0209 0.002372183
621.1638 1484.0422 140.41727 209.70796 0.0023596617
462.55618 1028.8804 200.89067 274.70618 0.0023544086
575.9899 386.07825 990.9873 779.957 0.0023479138
98.5808 930.8373 184.04333 1498.9385 0.0023416905
95.75012 2440.8167 186.18925 73.05104 0.0023404898
773.2587 862.9743 426.7205 901.8546 0.0023395226
793.62646 726.75366 208.9557 218.2117 0.0023378315
59.855793 550.5072 112.1055 296.69373 0.0023371999
935.8761 1170.3031 289.15524 1204.7719 0.0023292846
728.48065 1584.3191 137.41293 180.67033 0.0023289754
550.7159 2387.117 162.0653 134.15118 0.0023179916
705.73193 1335.5369 163.67517 240.55984 0.0023132632
458.39923 1855.233 299.92365 479.031 0.0022943136
527.5604 1807.7382 69.02504 98.384476 0.0022911516
935.0807 1011.877 292.5152 1594.8107 0.0022910775
745.8079 1728.3461 153.96024 194.67416 0.0022851406
992.8906 186.19179 189.18314 370.19482 0.0022840905
102.26402 761.2307 182.1179 488.01532 0.0022829694
997.506 1807.1547 163.32199 383.8461 0.0022755025
362.93872 2013.388 186.24304 211.90993 0.0022699505
466.10092 2336.8787 295.56244 254.78503 0.0022689255
473.33005 1860.8212 302.93024 464.8602 0.0022683018
850.00006 2180.648 103.308075 183.15848 0.0022644093
967.7055 2198.3608 164.11472 182.46378 0.0022636165
611.16614 1610.2866 174.73404 310.61615 0.0022611292
1035.8574 2320.4014 94.25308 239.81316 0.002259585
382.73672 2228.2197 574.27124 450.27478 0.0022518698
545.8859 284.2457 1062.0175 569.13116 0.0022480837
893.5253 2276.9949 168.25575 162.18745 0.0022456388
260.31097 1384.317 355.9497 566.3288 0.0022362024
531.71 1402.0377 562.529 1428.1836 0.0022342114
349.56638 1414.2662 345.7488 503.7124 0.0022336184
320.6208 1143.0605 482.29688 1043.9707 0.0022279795
449.12723 2091.9849 256.23663 265.82227 0.0022266961
412.2589 2123.5664 195.42258 194.31898 0.0022204006
990.7595 2349.6987 181.54594 150.72835 0.002210953
992.1317 2195.1077 161.57472 253.60625 0.002200941
659.7112 252.87529 227.88858 312.76743 0.0021961546
646.2422 896.9851 815.21857 1261.8251 0.0021914775
888.63055 2416.7615 396.8164 117.07232 0.002187807
759.42224 1969.5721 187.68427 242.7571 0.00218717
389.31723 2226.0583 288.625 405.80533 0.0021808916
297.61227 222.1914 361.3321 378.0051 0.0021789912
487.1282 194.81459 199.15546 248.31133 0.0021748752
200.88615 2411.471 376.07642 132.04185 0.0021688764
881.0834 1731.8439 326.3995 281.2744 0.002157923
976.84314 1595.5095 207.71109 378.8313 0.002156843
640.65173 2148.7168 204.30638 272.74164 0.002148249
541.6965 2331.6475 356.62363 205.70036 0.0021447684
57.91712 562.8151 107.02573 465.83746 0.00214155
70.489204 2453.4902 193.69592 66.51684 0.0021398733
353.9868 276.75296 150.96452 179.09146 0.002139578
306.82944 2349.899 635.4442 263.80087 0.002137065
861.22424 2283.6316 225.4834 221.31943 0.0021358877
763.75604 2367.1467 599.14716 211.60826 0.0021311955
677.96173 1805.1091 146.68312 204.33041 0.0021258015
512.8261 2462.5142 1046.6783 39.358723 0.0021176483
610.1691 2338.6094 183.49736 162.05782 0.0021129418
697.69836 1644.8102 215.06445 289.70935 0.002107252
394.4342 254.3347 184.7717 234.71722 0.00210449
298.10068 2311.7927 302.6219 313.74686 0.0020931948
477.8754 205.88193 322.76624 378.13397 0.002086266
358.68042 2255.1357 281.5423 350.82446 0.0020842995
982.854 937.5757 192.90178 329.46103 0.002083516
1008.9932 2435.239 143.6504 80.134605 0.0020802717
937.43225 1864.225 210.98038 321.9986 0.0020708663
769.0212 2359.2932 251.76332 173.68561 0.0020663834
985.65753 2362.1072 184.63562 154.857 0.0020569596
868.542 1722.8888 218.2505 294.0026 0.002044418
85.922325 2437.9749 171.2175 81.983444 0.0020443343
354.4147 1303.17 169.22948 249.28665 0.0020418125
926.4507 1760.458 163.46272 214.65529 0.0020406446
915.97534 2210.774 155.07141 149.60944 0.0020326811
838.92194 1668.322 253.47487 265.3635 0.002031891
512.5907 1768.0115 408.4122 493.15408 0.0020264024
168.56537 627.05975 313.44772 1111.364 0.0020182414
390.6419 1434.9633 325.86426 437.91357 0.0020095713
1008.8716 649.1862 139.59349 307.22192 0.0020074856
852.3837 2355.83 449.33456 178.61685 0.0020034076
362.91324 2336.6394 192.38574 206.19756 0.0020014446
587.2964 2384.952 167.35971 116.23889 0.0019869325
1005.6528 1798.211 148.89226 251.33733 0.0019848212
532.6611 1819.1492 57.93113 87.20485 0.001982115
991.42084 851.6809 178.95668 424.43384 0.001981633
377.68558 2322.4333 251.0074 225.36581 0.0019766479
352.87595 2398.176 361.56473 156.86902 0.001970842
970.61395 2392.0227 207.4612 104.04768 0.0019659614
304.02618 770.8991 385.64075 501.23495 0.001951421
675.8792 1085.8053 569.90454 447.04416 0.001950927
538.2018 2444.2485 997.4864 62.682255 0.0019508954
766.0086 865.95764 201.7346 171.59157 0.0019448366
995.99927 397.95676 179.2595 806.13556 0.0019404099
959.6329 970.4088 238.42314 1226.7404 0.0019330345
868.2256 2359.1428 288.20862 163.14491 0.0019323942
563.9389 120.69268 207.18785 222.19122 0.0019158226
1072.3552 257.11197 23.246536 103.893745 0.00190671
410.7018 2354.3286 526.0236 239.69281 0.0019046249
660.10315 2353.2107 224.33287 214.45895 0.00190059
966.6522 1680.25 211.23216 253.75362 0.0018964967
1013.5524 1643.0807 137.8513 1489.2338 0.0018931807
992.0593 1212.805 179.10287 2440.961 0.0018907422
583.0452 1092.6355 875.624 588.9067 0.0018894684
503.2156 1343.6592 521.11774 963.39905 0.001888067
792.89716 1331.1234 161.07623 225.30203 0.0018775915
648.2965 2414.6245 155.74254 122.69662 0.0018771706
1023.1811 759.474 116.555275 348.66602 0.0018712273
929.58594 1225.4141 297.86142 1482.3181 0.0018689531
868.70306 2372.0757 305.72284 135.28821 0.0018645615
1016.7834 1363.6001 134.39212 978.37616 0.00186308
944.4515 1188.5791 268.7939 1741.2134 0.0018610744
538.4338 2365.3286 343.41992 165.95848 0.0018596002
1004.08856 913.97754 144.0234 252.80276 0.0018473213
362.3448 1309.6174 160.20647 248.56097 0.0018454266
345.68097 2448.7908 603.8278 65.61726 0.0018439472
987.95667 2267.6284 150.20691 146.47762 0.0018351086
928.902 860.61896 216.7488 247.72719 0.0018347235
355.60797 2428.5032 322.1082 98.85913 0.001816765
355.53873 1257.2864 122.260864 185.79407 0.0018160465
375.68985 1747.5018 315.32666 444.37674 0.0018123802
1008.48895 2006.2372 143.61824 220.34285 0.0018121861
507.94653 1168.6553 522.0154 605.7886 0.0018105678
101.89098 275.29227 182.88078 433.87204 0.001809125
1024.7025 138.64682 122.58676 269.3639 0.0018087538
995.106 1931.6561 171.8119 304.87146 0.0018052318
489.3839 2379.3376 376.8312 200.48785 0.0018042832
656.4322 1464.6058 608.57324 1173.0199 0.001802599
555.7968 1639.4828 451.50763 1414.0243 0.0017953815
412.35483 2422.051 357.16025 104.35122 0.0017836051
371.2357 1322.6718 323.5188 887.8961 0.0017784974
1027.0009 1599.3912 109.30955 348.06784 0.0017774504
965.8992 1487.7516 210.99272 1802.0245 0.0017764474
949.4688 1363.6511 251.57057 1275.8602 0.0017726471
1012.3901 2229.0945 131.21304 178.44695 0.00177078
567.4469 1223.329 1046.3967 2416.8218 0.0017706519
235.04922 174.38782 211.93625 213.95944 0.0017642321
849.82446 330.7232 407.96967 671.57275 0.001761941
1031.6252 2327.685 101.62072 225.96841 0.0017614472
500.89023 207.66034 137.52174 171.02719 0.0017577015
831.3297 1171.1384 463.82892 855.20886 0.0017534255
296.59808 948.77386 159.63129 213.8087 0.0017534164
1004.9169 2293.8042 156.28973 186.82477 0.0017523933
285.73538 24.2639 141.2826 49.875736 0.001735046
887.44574 2428.0244 647.8811 96.90239 0.0017333793
1049.3059 856.22345 69.483635 440.26514 0.0017320137
1021.55566 970.36865 129.57626 335.5407 0.001731261
825.6674 2376.1968 247.80249 139.63164 0.0017272457
574.87396 2450.0369 953.5565 73.59923 0.0017264459
1021.0847 1734.9758 137.0053 460.33325 0.0017252192
572.82935 1780.5808 252.0474 398.26416 0.0017231051
748.24335 2383.7773 287.33218 137.21234 0.0017212648
626.96515 2372.5706 559.7432 206.54532 0.0017176118
576.23724 1228.6337 1023.6043 2384.505 0.0017149199
596.4034 1289.9568 984.5255 2294.3833 0.0017044262
948.53705 2436.3665 248.13223 72.54789 0.001703869
1035.0933 1295.1799 100.37434 422.1445 0.0017026949
420.7965 2424.3894 181.3517 109.32845 0.001697631
1029.0541 2307.665 106.9689 134.05557 0.0016892898
778.5341 2400.2253 317.40344 124.24804 0.0016867233
826.20215 2423.263 219.38199 71.70099 0.0016784797
1046.2677 2270.959 69.67675 345.35855 0.0016701237
1041.6097 2331.0388 81.763145 228.60585 0.0016664229
1015.3041 2424.0498 128.02982 96.777916 0.0016610902
956.21545 45.434155 273.76236 90.50101 0.0016526522
791.72687 2395.6475 521.5212 401.14752 0.0016423872
972.2805 2251.8325 202.1667 232.1838 0.0016419417
771.2641 2379.483 203.01689 159.79865 0.001639408
633.12305 1926.5303 877.5376 896.1417 0.0016346829
1020.08105 1012.1699 127.86778 821.8164 0.0016239849
1028.2727 1978.4443 118.03496 299.981 0.0016229849
690.38855 2396.751 168.31818 111.34457 0.0016177424
1016.5931 1927.273 139.90616 296.31265 0.0016115508
271.20288 29.424158 159.74573 59.545906 0.0016053964
500.0015 55.450546 357.9982 110.34859 0.0015992321
688.89703 2401.6455 466.84442 143.71382 0.0015967337
906.62634 2452.9304 326.33548 54.905327 0.0015925908
152.7981 139.86415 235.55692 210.72102 0.001587086
1043.986 268.3382 75.57267 154.90857 0.0015867952
1001.1073 2319.939 150.39871 305.50284 0.0015831551
614.08594 71.77427 190.15205 142.79077 0.0015827249
796.25836 2396.9602 208.508 129.31696 0.0015796474
762.68207 1681.9155 271.6535 803.4436 0.0015725895
360.0783 87.76347 174.26135 115.95566 0.0015615218
1019.0788 1171.7244 123.681244 275.61832 0.0015556463
990.7147 1299.1772 178.77116 1299.2174 0.0015540156
1035.0428 1615.4396 110.649155 493.43454 0.0015470241
649.6691 2401.0125 333.3226 153.407 0.0015379114
441.06415 2451.3025 485.72012 63.176105 0.0015377026
259.4986 2465.9253 188.95033 63.91058 0.0015371215
862.1673 2461.4282 410.31107 40.3649 0.0015323618
496.69653 1330.876 852.01556 827.99835 0.0015307181
835.54065 2289.2576 456.94705 323.83182 0.0015256215
1046.6705 1236.0118 76.54979 2386.707 0.0015233728
964.9394 2459.3909 206.54503 45.295742 0.001517875
869.4016 2421.8284 226.85394 74.45023 0.0015160599
991.90857 2472.483 168.53563 36.70864 0.0015013908
939.18884 2467.9688 266.6978 52.46445 0.0014992245
910.02466 2454.9746 646.3191 53.2712 0.0014984201
454.9272 1947.2494 381.13535 1009.8376 0.0014970603
955.4336 2444.8652 227.35873 63.308395 0.0014937565
860.1499 2406.545 223.362 87.2023 0.0014865764
849.3579 2421.2712 188.39622 101.09956 0.0014859735
903.31165 2430.5862 209.46173 87.94963 0.0014827069
781.2313 2438.9185 227.96797 77.30674 0.0014746842
59.093803 258.2463 112.414185 477.24838 0.0014721727
397.61765 2075.0352 328.77118 689.41876 0.0014694302
399.71072 43.32859 760.8128 83.68672 0.0014621253
506.43985 1872.9735 442.90845 834.4954 0.0014603531
943.8484 326.62918 264.68616 391.69168 0.0014535042
920.4702 72.68515 315.82913 144.8298 0.0014513439
1031.9985 103.00493 108.12937 199.66429 0.0014492224
294.1053 54.928646 165.57515 91.82085 0.0014413293
1051.7349 935.92755 66.66891 665.4699 0.0014387092
1010.9231 44.507328 136.19615 82.703926 0.0014313352
898.5339 2445.0383 183.94666 82.96215 0.0014286368
243.64577 33.713543 488.3594 63.287083 0.0014177576
1039.1781 2342.1638 112.1285 192.8818 0.001405913
145.5507 2464.0637 226.4562 91.30055 0.001400799
207.19063 199.62971 393.51324 372.10507 0.00139682
660.931 2433.7024 221.5701 88.54003 0.0013801029
819.33954 2439.4666 184.13689 94.93859 0.0013775686
938.87976 1824.1946 228.17142 176.75151 0.0013720975
695.3327 2435.8438 377.2188 81.38973 0.0013696848
992.53687 2393.024 145.42104 115.71513 0.0013628535
895.0722 2407.4739 338.65067 157.54778 0.0013372487
810.1427 2439.8916 236.05806 77.10176 0.0013321913
1047.7117 522.2609 71.02013 410.5231 0.0013273155
1061.1144 182.62753 48.403194 355.00723 0.0013177978
263.60565 63.512135 523.72363 125.3255 0.0013098165
1052.9247 2419.7368 61.449013 92.69313 0.0012992617
1052.2992 1621.1018 59.994034 262.4153 0.0012959747
1042.7202 1801.3798 70.56277 243.20013 0.0012936298
952.5529 2460.4604 252.89702 64.57451 0.0012913242
583.5537 253.8993 1005.8896 513.81714 0.0012890587
834.9739 2452.4045 178.37265 103.58084 0.0012881916
1043.9656 893.4976 79.83774 1077.3397 0.0012876518
682.5075 2447.1592 182.60945 64.68111 0.0012835781
969.1681 2404.4058 180.22849 198.02655 0.0012732907
1046.6464 2429.9531 87.59424 86.743385 0.0012683342
1038.5435 1024.378 87.46615 1521.799 0.0012565228
974.0732 2420.7205 184.56413 97.81165 0.0012527395
996.74475 736.7978 242.32877 1032.9156 0.0012440112
181.13043 58.320652 362.25412 114.26443 0.0012430169
57.06674 65.44624 116.42584 125.71043 0.001242467
1058.015 657.661 53.388477 707.246 0.0012396406
1038.776 2469.119 82.83201 69.95282 0.0012281296
1062.4231 984.5255 39.88819 244.0046 0.0012274747
1065.9746 860.4437 37.711536 403.81088 0.0012195732
1064.5569 1666.198 41.682217 387.31317 0.0012134607
1070.8813 354.30038 27.35007 322.48657 0.001208281
1052.2001 100.2173 66.4257 203.59525 0.0012057889
602.5191 1517.7031 395.2466 913.24854 0.0011906186
1062.9862 1826.8954 47.000156 281.8466 0.0011906062
981.4086 748.9708 322.51553 788.9589 0.0011847002
1057.3732 1081.8486 61.56156 389.58478 0.0011799717
1045.6632 2385.3994 82.322174 118.99306 0.001166168
665.6271 1604.1328 409.71844 386.57297 0.0011651559
1061.7323 2322.9038 43.95709 247.03432 0.0011581106
696.2106 1351.4962 184.2079 341.0597 0.0011539985
1064.0466 1351.4708 43.833824 547.4733 0.0011493948
600.1448 1927.8931 237.31516 389.33698 0.0011420834
827.62366 2456.3618 286.69772 101.17205 0.0011411873
445.2586 1431.1412 652.4676 699.2233 0.0011381329
1073.9419 417.92825 21.966259 447.57526 0.0011260862
1054.7445 2428.906 71.15034 80.22662 0.0011230069
345.71802 1282.094 549.101 808.50165 0.0011229743
505.3765 1999.1011 713.3416 640.3894 0.001116085
621.50555 1823.5845 565.239 346.12292 0.0011140609
937.51984 656.5425 357.3131 921.62946 0.001109789
1029.4005 2413.178 99.16594 83.44812 0.001106819
984.8824 2477.1138 157.19745 9.793681 0.0011004888
997.97205 2443.3513 144.04028 74.44897 0.001092099
1058.62 1386.8578 54.088486 2106.2754 0.0010881822
1060.4275 1335.8561 53.800934 311.87585 0.0010806435
992.74347 2457.9995 144.01332 72.54947 0.0010786868
976.63727 635.268 267.93924 904.7425 0.0010710628
950.17377 815.8619 353.4605 943.7351 0.0010491261
624.4971 351.28757 857.2157 807.1393 0.0010273942
1065.1035 2405.1387 41.29931 95.49552 0.0010247076
1066.2052 2349.9905 61.242588 180.24115 0.0010195378
468.51297 1351.3589 876.95966 957.6759 0.0010071741
1069.4801 1345.3927 32.48531 711.6013 0.0010051879
728.79 2121.6934 421.18213 279.44077 0.0010002719
1068.403 1579.986 35.093933 357.78284 0.0009948006
900.3222 2426.6926 268.08487 105.18417 0.0009803001
647.2385 1915.9362 306.20227 390.5816 0.0009720719
1076.2197 598.00104 18.076105 864.3348 0.0009634097
1061.1147 2200.8154 40.31294 221.37593 0.00095990556
584.65515 1077.6058 906.2151 726.8217 0.00093342544
1069.5607 1489.377 33.641953 395.00253 0.00093030685
944.16797 634.30536 365.7584 826.02075 0.00092537515
1078.6395 309.35733 13.557242 203.75958 0.0009203552
1080.8911 264.11917 8.821874 105.480156 0.00091664813
681.3938 2191.0598 254.39014 645.56036 0.0009083235
484.07028 1252.8126 255.77745 509.58322 0.00090196397
1070.0897 1056.6173 30.863905 410.9366 0.00089886645
1073.5176 1307.2692 24.173298 620.594 0.00087410357
1064.6606 2419.0486 43.521667 72.57115 0.000863245
1076.3682 2290.0732 18.851696 301.1396 0.0008574945
549.4279 167.73883 753.5653 679.5833 0.00084868504
561.97144 1678.4971 891.8755 676.8418 0.00084336684
729.5504 625.94727 580.51746 736.77527 0.00083296356
1074.3389 1954.7795 23.445236 316.13467 0.00081829535
1075.1733 2362.5244 20.982494 172.45908 0.0008144311
1077.9371 253.73222 13.180255 88.48725 0.0008094041
824.17316 2423.0962 359.89047 107.26828 0.0008081622
1071.1968 2399.1133 30.269665 126.75354 0.0008058425
1076.0057 2331.8452 22.421062 174.94304 0.00080287625
678.29694 1858.0967 551.19885 834.0342 0.0008004058
1062.1869 2344.846 66.65176 139.05229 0.00079482276
501.05304 1323.271 864.3438 778.2105 0.0007866451
1077.169 457.92075 20.21414 375.94632 0.00077581755
1076.8712 1102.3958 18.645498 334.781 0.00077473186
720.2477 525.54504 604.9734 745.9482 0.0007712671
1071.8582 2447.3267 24.6686 53.157 0.0007679215
1080.3726 836.2613 10.674765 300.80103 0.0007572879
1075.4614 2413.0242 19.79944 87.414406 0.0007522033
1077.948 1820.3547 17.329271 417.18762 0.00074835523
1080.506 1468.9398 12.287767 228.85132 0.00073822803
639.1443 1116.9265 551.9964 1292.6914 0.0007302733
930.25037 598.89496 395.898 851.156 0.0007281805
1069.824 2436.291 32.147423 83.131065 0.00072671735
881.32385 2434.6772 568.2919 26.23225 0.000724719
957.08234 2433.8047 255.85793 75.41296 0.00070094183
1077.3513 2380.0596 16.948715 143.6627 0.0006882656
1080.0206 354.4478 10.269508 242.06009 0.0006853784
1079.93 270.5003 9.89536 101.012566 0.00068399403
1078.0386 2208.67 15.924548 272.50418 0.0006727659
1081.9141 931.926 7.736212 275.07053 0.0006656592
1081.5403 863.1795 8.020704 359.40756 0.0006410384
956.2843 2049.9707 425.2237 652.57416 0.00063474796
986.5219 2388.9355 239.09259 195.10307 0.00062965206
388.74814 1285.9825 583.31396 829.73645 0.00060073676
779.9437 721.65894 491.51862 605.8187 0.0005999543
966.84076 1176.8779 287.71948 711.00946 0.0005963592
903.44653 566.9525 504.5305 526.2977 0.0005761964
1012.8721 2474.7722 270.37698 12.573879 0.0005398374
955.51483 507.38245 404.93408 510.91656 0.0005291856
603.216 229.96768 539.3001 754.0741 0.0005117818
881.6558 1424.4 542.40894 691.08514 0.0004950626
957.87555 1803.1504 438.45422 586.022 0.00045054316
912.43506 386.6735 493.53485 501.61206 0.0004498029
704.9649 225.56914 739.92755 579.10657 0.0004467623
670.9699 372.7297 784.0759 505.87738 0.0004314507
