595.5006 1171.0662 968.0158 2279.6907 0.8983135
640.4956 1256.1907 796.1524 1529.764 0.067006074
642.2881 1154.3215 794.07495 1330.4977 0.06399751
76.02277 1278.4186 127.46297 192.38182 0.056813035
635.107 1494.4581 843.1819 1492.2344 0.035030596
638.03864 1330.6644 837.4284 1706.9023 0.034671865
451.0721 1580.6674 362.01495 424.80142 0.033398736
637.764 1322.0061 781.8057 1172.1005 0.02769747
575.54395 1216.8544 671.4789 1183.2422 0.02747255
597.9325 1170.0184 962.3633 2278.353 0.026181463
430.3203 1579.3405 296.34558 387.2463 0.024934618
641.9797 1585.8549 843.2367 1338.8456 0.023254193
643.68604 1599.295 845.79816 1332.4681 0.022724861
518.00836 1410.4905 527.572 770.1131 0.022148864
631.1609 1298.978 776.0337 1068.2894 0.021298751
705.3915 1123.4583 141.51945 126.36517 0.018943485
641.48755 1627.3695 846.6443 1257.5996 0.018027186
687.8843 856.15356 642.05023 692.00494 0.017467353
512.67926 1295.6774 524.4696 995.5965 0.017432608
454.49936 1616.6724 252.75482 312.28238 0.01720593
624.2221 936.06274 831.1048 1192.0374 0.016631559
558.0622 1175.3282 1028.7332 2270.2036 0.016450413
658.3802 949.3021 746.61285 930.10675 0.016319983
485.7207 1445.8041 456.20773 701.12915 0.015881041
633.68024 1096.3573 827.0074 1468.2206 0.015587949
576.917 1378.0656 638.587 857.0592 0.0153269805
735.19965 1170.514 213.14607 225.52122 0.014985889
822.2358 761.3817 292.0844 306.26028 0.014839188
650.7188 1693.5454 828.2933 1127.5458 0.0135831535
565.2023 1184.9075 737.2034 1458.9615 0.013056239
609.3041 1644.0996 928.16223 1296.2882 0.012971247
648.1181 991.3617 749.68854 981.44214 0.012810258
566.1183 1500.8218 693.41125 1257.9305 0.01264327
643.71893 1374.7583 793.4103 886.54895 0.012605028
582.5397 1393.625 655.98303 853.5875 0.012402152
500.71313 1576.9098 467.1482 470.65176 0.012296541
640.7152 1780.0892 857.20667 996.86395 0.012244204
549.5283 985.27686 289.40164 320.5851 0.012191721
737.16656 737.6319 522.93915 457.8825 0.01208718
568.1317 1526.0586 687.58734 1197.907 0.011883883
459.87943 1414.5267 427.87146 745.17126 0.011802837
237.31386 1658.4917 33.94912 47.188572 0.011518264
618.29425 1173.9829 509.86365 1030.0334 0.011397688
618.9056 1511.0022 898.0226 1512.5516 0.011275399
713.29236 1045.4558 663.6966 1158.4183 0.011099437
653.8199 857.73627 810.2796 1230.6158 0.010880465
626.1516 1021.5378 782.1517 990.6284 0.010875981
717.6103 1049.901 617.73065 956.6244 0.010337793
641.83655 927.8058 818.2513 1250.3931 0.010248205
514.75714 1029.2495 353.94534 399.38202 0.009977926
550.3201 973.9418 219.969 249.02397 0.00996937
531.7739 1459.7391 628.7192 971.66534 0.009966576
502.42465 1200.1431 532.63 1167.4281 0.009843069
556.3964 1252.3549 511.73965 809.42914 0.009712907
439.06622 1125.2386 193.4909 200.20322 0.00945874
571.18054 907.7604 361.40747 496.50647 0.009390097
713.24445 711.6345 466.26978 428.77994 0.009330486
480.70187 1160.2614 414.91153 625.6569 0.009257096
626.9634 1156.6018 767.15076 1326.3934 0.009038758
647.9684 896.6814 763.67004 747.55237 0.008878271
698.28357 857.9963 523.29083 576.20264 0.0088441195
575.19324 1019.7112 597.10895 847.3217 0.008809511
814.7408 751.2267 203.47722 236.23729 0.0087111285
464.47836 1649.2124 232.14474 236.79852 0.00867606
566.8122 1172.623 603.46375 815.66504 0.0085053295
523.2546 1337.6703 632.54913 1645.0524 0.008477528
532.6532 1015.93976 499.7301 778.4538 0.008428593
573.6744 1544.6119 185.38112 235.07465 0.008380227
425.89465 1476.825 370.35468 626.0341 0.008363629
763.87354 1233.5826 607.51624 1503.1705 0.008303177
791.04944 732.1523 431.33936 426.89685 0.008297258
718.1936 700.2661 632.3295 654.09125 0.008264505
670.3328 984.5655 573.59534 779.3498 0.008256177
604.12885 642.8339 933.7651 1193.1378 0.008167597
663.0866 1043.865 550.2818 917.4742 0.008146364
521.87744 1360.4696 670.8639 1198.6992 0.008021084
486.83496 1281.5673 419.8345 502.47574 0.007941645
596.86365 762.118 950.5633 1408.655 0.007888786
815.9899 753.5211 213.59401 242.20184 0.007675664
616.9373 686.9728 297.84897 376.10297 0.0076456065
607.6095 809.68994 908.7699 1092.2961 0.007642658
715.11926 801.44745 639.8464 658.40857 0.0075834473
567.26636 1500.9879 712.6927 1473.8414 0.0075750183
530.0449 1325.1378 396.37546 501.89352 0.0074928585
678.6452 787.8208 737.2492 755.16144 0.007421281
609.5239 1768.8472 930.57404 1065.5629 0.007405057
460.77277 1262.5281 377.7899 469.1089 0.0073765335
744.9574 1051.3573 622.70667 1163.5319 0.007369665
427.2022 1279.9675 315.15237 474.52216 0.007360187
541.16254 944.69934 450.0181 599.0811 0.0073466683
626.27826 854.8247 834.5626 751.7745 0.0073272474
687.9928 988.6786 716.27185 1028.6595 0.0072834967
825.37305 1377.8325 441.7878 861.3126 0.0072263842
758.18097 1364.8527 631.79193 1749.9924 0.0072255805
479.97296 1470.21 578.5435 1250.7018 0.0072226087
1048.5608 2230.2825 63.6268 161.94496 0.007136509
749.3926 1005.6405 602.9756 999.7446 0.0071176263
526.1687 1743.8284 526.9141 761.99664 0.0070999702
583.3799 1506.1433 147.932 160.64221 0.00709456
583.8243 1220.5883 628.47394 641.4401 0.007011589
426.12097 1095.1377 145.13121 131.77861 0.0069874553
856.5253 564.4536 143.73344 121.492744 0.0069436175
611.20166 945.94415 865.18866 844.80963 0.0069403634
764.9253 1202.5342 588.13025 1266.7081 0.0068569486
612.40753 785.63495 894.8581 1027.5475 0.006798079
713.63403 1240.9874 560.6956 769.2357 0.0067707766
615.48285 944.3288 898.91656 1540.2963 0.0067309095
856.9231 731.8292 340.01764 382.19354 0.0067098606
609.0336 739.774 914.52277 1276.3802 0.0067076012
483.79446 1173.2744 611.9007 1205.156 0.006631302
614.99194 1958.8032 913.04175 714.9902 0.0065595214
713.3118 782.1344 550.8039 661.27936 0.0065281778
528.87415 1291.3213 642.186 1689.0486 0.006484951
810.6652 2103.5176 157.9614 248.46097 0.006465955
486.3911 1201.3945 527.13715 814.79004 0.0064303046
602.22003 771.3095 239.74094 248.49403 0.0063491478
235.99626 1655.4009 62.24642 95.34574 0.006342178
418.53238 1570.8933 207.49675 255.23485 0.0063071703
98.73726 1781.5875 187.4088 1211.7169 0.006294717
704.81915 1815.016 700.6193 802.45715 0.006273231
692.01715 861.09735 457.57455 472.55145 0.006244667
652.62054 1302.3074 387.0585 499.6432 0.0062110624
473.478 1242.1062 506.4904 904.4512 0.006125733
730.7788 1270.2622 278.54715 433.77652 0.006117308
528.30304 1368.1656 339.26645 384.8983 0.0060907835
870.03534 722.63916 315.33698 362.64752 0.006090732
456.11862 1122.2533 256.13342 242.35057 0.006066779
811.97736 825.7053 444.03906 590.78375 0.006008962
617.3825 789.6097 871.18677 1003.85406 0.005964452
520.2834 1331.6912 531.6096 1490.6821 0.0059607974
553.81665 1014.6804 463.6423 459.20438 0.005938654
673.65533 1221.7806 343.2919 363.0832 0.005919043
744.95184 1983.7404 649.4294 565.26184 0.005888464
568.1754 1237.4368 525.20844 435.33878 0.0058882185
91.746864 1461.5283 167.20999 578.73 0.0058875093
803.01636 1729.9248 539.68365 1038.9464 0.005875164
855.64874 714.8146 381.83887 456.29312 0.0058372705
555.1336 980.89716 173.12666 196.4386 0.0058163684
490.18158 1291.4136 354.1932 920.07367 0.0057949885
579.128 1463.4458 544.42114 1107.5388 0.0057888906
76.454704 1280.4175 105.9779 176.3166 0.0057641226
625.9213 970.65186 510.5393 678.68146 0.0057537397
424.65408 1405.3973 332.0003 747.6825 0.0057151155
704.8132 1320.2573 487.28387 648.94214 0.0057147685
866.84564 558.2132 182.41034 157.00981 0.0057074116
120.90718 1265.4058 219.6277 236.2168 0.005688517
535.5027 744.89777 131.1198 206.04092 0.005676964
485.00473 1016.35406 535.65485 693.83594 0.0056626275
660.3634 977.86127 650.8355 510.19626 0.005645526
496.5045 867.3008 542.74164 686.298 0.0056139217
547.7702 1687.0175 1050.9332 1240.5096 0.0056128646
745.86945 2010.2139 650.0608 538.4588 0.0055831755
535.9974 1669.8087 616.833 1169.7229 0.005570382
717.49725 674.4772 679.1727 711.49133 0.005555133
670.3907 837.39886 347.02478 349.76016 0.0055289683
761.41754 792.61597 577.2942 645.4636 0.0054943687
829.9111 1932.8572 473.73203 603.8319 0.005489631
843.44794 1660.0217 467.56512 1250.4086 0.0054768454
537.63055 1322.0828 552.0938 1469.6317 0.005469402
700.2077 1481.574 454.89746 831.98285 0.005457196
469.4984 1096.9858 503.5384 559.8656 0.005449311
376.04153 1313.4777 211.50684 247.67068 0.0054442943
483.6174 1004.55585 590.9784 922.4487 0.0054268194
90.37815 1769.5997 167.86012 1250.2618 0.0054222685
777.4462 701.05634 301.46765 323.7117 0.005399625
644.1461 1516.6028 823.2617 649.2551 0.005396023
607.00995 1050.736 533.47955 529.2398 0.005376825
565.77356 1234.2559 394.8008 726.92126 0.0053660413
580.18054 1978.9502 214.1968 262.05838 0.005348641
580.32544 1312.6188 241.91678 253.43384 0.005341652
565.22174 1975.3003 272.31412 344.72818 0.0053013545
458.47546 1025.152 549.5428 854.1947 0.005291913
682.9218 707.4333 781.7953 1275.8275 0.005282494
524.32117 732.64343 96.92956 175.76263 0.005277385
127.57181 1434.7053 235.23708 522.3525 0.005255455
763.4631 873.7293 562.2542 685.95325 0.0051493044
720.714 794.0679 288.3316 282.22113 0.005147981
827.74774 1643.9917 502.0209 1307.4896 0.005119535
787.5589 1103.5746 550.46655 1012.4727 0.0051184036
597.1613 1582.3625 431.093 452.4094 0.0050958474
894.5545 1018.27435 327.1886 256.97885 0.0050609848
560.5244 1722.1053 573.5447 711.3417 0.0050392803
666.052 573.6797 202.13461 219.5793 0.0050352965
220.0297 1767.0347 415.91104 1197.6075 0.0050140223
379.14853 1329.6243 240.85992 308.50253 0.0050138016
345.44116 1467.3911 648.59863 659.7802 0.0049541923
519.3938 886.6985 283.39706 487.73114 0.004950421
570.8108 1576.4619 288.7005 398.77658 0.0049387845
741.16895 1304.8513 372.92648 535.1026 0.004937442
89.89285 1553.2427 165.4381 779.276 0.004910958
407.5571 1416.5876 313.76474 738.8045 0.0049027926
616.75476 1374.7823 363.47226 622.8497 0.0048990087
589.9145 1967.1393 373.79663 464.70782 0.004895205
598.4948 721.5702 949.3504 1376.4703 0.0048931288
863.3146 2111.8887 408.2061 336.41174 0.004887532
831.8047 1856.458 486.64835 855.7168 0.0048697
904.77264 2077.7642 322.78857 375.78696 0.0048624445
818.32446 804.5202 282.4527 466.68625 0.004802491
790.9764 1545.5491 568.4111 1476.0448 0.0048020966
264.00183 1677.4995 491.78452 982.2318 0.004800479
623.733 1601.1261 291.21133 403.78204 0.004783853
859.3915 695.84033 315.1039 368.93298 0.0047645583
143.77794 1520.0327 268.8875 690.9368 0.004717713
602.5206 1358.1843 243.59476 297.45807 0.00470077
493.85095 984.91205 404.33783 742.3836 0.0046808315
572.9279 1492.4485 449.56448 1301.7067 0.0046784575
584.6269 485.71796 975.7888 944.3712 0.0046775118
83.56377 1007.92804 153.66653 747.1851 0.0046578394
468.85706 1294.8752 460.13043 1106.3895 0.0046355557
729.97626 2007.4185 679.2476 536.3475 0.0046085683
271.4269 1021.7507 173.33122 265.17593 0.0045910473
685.4339 1152.2784 434.29898 740.6827 0.0045816647
385.08444 1658.3104 75.77845 94.57358 0.0045614713
753.69385 1064.0806 523.60706 1196.028 0.0045184754
717.1138 556.9696 476.35016 439.56146 0.004515358
207.58426 1225.5626 388.9189 329.95056 0.004506974
405.497 891.53296 377.64352 536.28625 0.00448743
596.82855 1735.2811 600.4974 697.9092 0.004479309
878.0927 814.72797 376.9136 611.88525 0.004457454
648.0129 1160.4072 487.55246 497.34 0.0044502364
699.35175 799.4858 486.48328 345.5712 0.0044493913
659.75946 667.2439 356.93497 404.4847 0.0044412375
884.72186 1001.8778 318.3563 280.17508 0.004421129
215.24774 1674.7944 403.352 1015.26636 0.0044178437
819.0223 1886.9164 494.21692 680.0331 0.0044044913
646.94885 1420.1056 408.93774 674.4025 0.004401705
694.4267 1459.0464 353.79108 821.6932 0.004381598
728.33435 933.34174 384.87854 663.50543 0.0043560327
898.4103 1596.0051 341.84073 539.1377 0.0042994656
491.93115 1808.4222 668.71356 932.6642 0.0042842436
86.178665 1154.2014 154.40968 449.6405 0.004282527
340.7516 1730.8523 642.06555 1117.8975 0.0042824256
781.03076 1411.9857 149.83534 176.0011 0.004268117
667.0716 1618.5488 346.93616 471.2287 0.00426121
196.64603 1848.6367 378.06677 1052.3928 0.004257808
798.50745 1075.803 526.61 888.0725 0.0042459155
706.53125 1391.6909 313.54083 680.2348 0.004238817
93.63215 1611.3925 175.81288 929.9652 0.0042300103
605.4994 1598.3989 175.20256 312.52097 0.004197651
264.14484 1666.1642 480.88147 960.2945 0.004191974
759.866 505.24213 623.3898 834.68396 0.0041891886
75.96333 1277.6324 123.22466 186.96802 0.004178389
842.05707 1290.762 470.64236 1587.7952 0.0041711433
819.8918 1287.8875 460.45013 606.61304 0.0041537005
276.74878 1002.9353 208.83292 324.79852 0.004105484
801.4179 1318.4944 529.03925 1017.4847 0.0040876972
679.9733 1784.0864 729.9366 734.0458 0.0040764166
586.4557 607.595 982.4926 1184.5886 0.004042798
672.46954 604.4943 498.9781 518.1815 0.004028066
872.25256 2029.324 271.65924 374.9906 0.0040244022
759.5173 1690.3036 384.48447 540.45856 0.0040091756
839.74994 1380.4341 475.73904 1804.2695 0.0040057935
440.99078 1160.6981 380.90393 609.52277 0.0040052417
702.53766 1474.4291 359.71854 856.82306 0.0040022866
623.5383 2144.0137 890.6938 462.83005 0.003998937
999.4514 2176.4236 158.34329 260.2429 0.0039980332
849.7422 1839.3597 400.15967 609.0313 0.0039941217
853.8681 1635.5819 449.70474 1337.0876 0.0039925515
920.4623 2010.163 307.5577 580.75604 0.0039853295
889.60736 2025.931 271.32745 381.42334 0.003980948
317.1525 1207.2959 592.603 2133.0906 0.0039802543
660.8625 1271.2332 180.1145 213.08598 0.0039725187
394.15787 1089.9333 403.29395 529.7597 0.0039165234
626.9755 952.9506 198.03387 240.58453 0.003915642
881.3687 2100.925 197.27106 242.20917 0.003914409
733.475 1597.2416 239.29512 345.83582 0.00391392
207.74956 1704.9086 390.62463 1096.3402 0.003913641
498.57962 955.99457 178.10335 235.7485 0.0038983799
733.7995 1841.4783 218.72586 277.73132 0.003887683
749.8802 1472.1758 247.7543 318.18646 0.0038616664
578.8921 756.76355 151.1285 188.6132 0.003837834
544.39594 1310.6003 170.1865 200.57713 0.003834437
914.52997 1825.5769 304.01318 398.34143 0.0038226657
477.89816 986.6334 387.40536 725.5741 0.0038146065
786.0628 814.2445 267.516 267.51508 0.003808984
768.0735 981.2632 333.12387 734.46454 0.0038074576
922.52686 1920.7825 302.11542 630.50275 0.0037779016
782.7188 1822.7144 245.0227 295.2689 0.0037721992
557.85626 1723.1304 524.02875 637.5702 0.0037451163
830.9689 673.3837 456.47626 530.76245 0.003733653
600.6184 1950.4093 415.55106 544.7136 0.0037073288
573.68823 1972.5624 530.9422 505.7458 0.003702151
903.76624 1163.1743 360.58286 2250.5999 0.0037005083
957.69946 2087.9036 237.50772 422.76965 0.0036930146
865.5044 1723.5197 408.58386 756.9359 0.0036828823
526.6611 1144.6436 318.54056 474.13043 0.003678874
732.1833 1889.1844 330.66953 510.8378 0.0036769905
901.47235 515.7488 282.5799 227.8445 0.0036746766
493.49835 1151.6619 387.79132 1268.0709 0.0036497354
754.96106 1959.7513 174.29259 252.77472 0.0036367017
850.92816 1167.0061 447.56464 1152.4279 0.0036351301
674.12036 1350.251 289.3046 481.39258 0.0036327075
609.3364 1693.7347 505.64038 695.976 0.0036003154
769.49927 1940.6251 352.24207 445.2171 0.0035825863
835.5377 1598.0502 421.73294 541.0499 0.0035773828
764.67267 2021.1101 581.70215 464.28357 0.0035662365
797.78503 1202.6465 569.7821 2150.1345 0.0035628525
734.43506 430.80634 673.02655 806.4417 0.0035586806
800.2928 1537.8578 226.5727 347.15375 0.0035561128
325.53265 1704.1658 346.60364 681.03375 0.0035560557
568.94073 1606.0339 588.7947 477.3205 0.0035504217
532.7363 2174.2234 1053.63 439.7604 0.0035419075
615.9917 1944.9862 572.7727 540.02234 0.0035347322
620.36597 1765.0397 304.84058 677.86035 0.0035279684
350.2444 1102.4419 353.9743 559.7402 0.0035233665
630.2799 1298.3794 339.33804 482.26157 0.0035168051
884.0089 1814.1932 386.45264 975.38666 0.0035119455
785.6513 782.1135 531.30347 726.5896 0.0035085045
620.9785 1389.5477 288.2039 656.8694 0.0035081296
515.99976 1202.2666 549.59863 1165.2126 0.0034911213
830.46155 1297.7139 431.67532 541.112 0.0034857222
657.4891 1311.7861 268.2202 488.11118 0.0034851013
106.18172 1105.6683 193.54591 550.79803 0.0034819413
611.1834 1949.4539 345.58832 496.35657 0.0034817513
85.5545 1424.8718 154.33434 508.9108 0.0034784635
684.686 1158.1896 619.1143 595.76166 0.0034648275
938.8732 1228.6976 261.82657 413.3983 0.0034571078
651.1478 649.54755 800.5112 709.28326 0.0034564456
592.64404 1150.0183 613.2914 538.6905 0.0034408201
911.37085 1579.912 296.67526 326.2713 0.0034284585
864.93677 1447.235 230.4916 382.1854 0.0033965977
750.0798 1829.0288 242.0784 281.22223 0.003385813
787.913 1245.2603 272.3725 396.80228 0.0033845408
689.41174 2045.0511 220.91782 319.1088 0.0033814232
327.28012 1815.7064 242.77773 350.87238 0.0033801429
659.7572 1512.5992 580.373 917.3383 0.0033793107
620.7866 1989.4957 306.2878 437.18973 0.003371874
149.03743 1046.8606 280.61414 673.1979 0.0033641304
673.3787 1313.339 331.52368 505.00394 0.0033545098
633.0028 1349.9608 351.01245 484.53967 0.0033477766
915.38293 212.44548 325.77942 363.93066 0.0033445738
863.5553 1330.3289 423.08963 772.1045 0.0033400913
813.22046 1103.113 137.60872 139.85478 0.003338674
889.88684 1802.1189 349.81842 789.00653 0.0033202006
805.081 1571.5323 168.10356 255.54251 0.003319456
685.97614 2046.7227 456.00104 383.65726 0.0033005176
836.68036 1292.1354 460.07767 1350.1228 0.0032976903
764.11926 814.1243 420.51505 422.828 0.0032962346
538.2394 1946.3898 284.92767 426.14478 0.0032959417
667.6281 1466.1495 342.6217 828.4203 0.0032924365
388.66937 1385.4126 236.36755 274.19482 0.0032836385
760.6882 1846.908 476.17328 623.3362 0.0032808164
704.03406 1808.9614 139.93047 179.99086 0.0032781807
560.4467 1225.066 550.6565 907.36334 0.0032645543
540.24567 1145.628 696.56946 649.5029 0.0032639743
141.81032 1176.4183 260.01392 426.56714 0.0032516986
833.3341 2206.38 481.25226 223.6987 0.0032491216
506.97546 1785.7231 727.9713 1013.3997 0.0032439646
831.44055 1642.6403 264.1506 446.96637 0.0032319177
657.59894 1915.9028 322.59897 381.37433 0.0032030344
643.2951 1379.479 199.68591 269.85928 0.0031860254
936.04535 2023.036 276.01953 549.2087 0.0031734235
780.26984 1493.0531 296.419 442.22852 0.0031718777
598.3882 2095.521 232.26166 266.5273 0.0031710789
445.6052 1121.5647 94.55405 129.15503 0.0031704863
886.4121 980.5188 344.71484 317.51987 0.0031685522
909.95734 2006.7213 319.0766 585.5863 0.0031614287
895.6086 542.3512 196.95407 153.98085 0.0031610797
320.74728 1821.6974 197.75574 255.81061 0.0031603484
769.30194 710.0719 209.9467 220.84416 0.0031520233
559.7009 1972.8997 342.22018 579.4327 0.0031514498
410.3665 771.6945 191.30946 279.90152 0.0031471772
618.2751 1451.0046 179.53946 250.33757 0.00313959
666.98804 1550.4983 210.29575 306.64578 0.0031129392
601.7759 1175.7029 959.46735 2270.3604 0.0031018783
838.5931 2087.8406 129.57938 192.57254 0.003083377
379.8525 1852.5314 265.8123 355.33127 0.003075386
142.98088 829.539 272.89896 1111.3185 0.0030701477
268.98694 1182.5038 189.006 322.9433 0.0030655481
750.45496 1881.2944 187.92267 265.43814 0.003058596
644.8857 2024.6105 237.84592 311.17255 0.003054513
714.77277 1536.1193 374.05518 461.68466 0.003053144
644.8298 1343.0997 733.59283 769.1741 0.0030523299
916.5576 1504.6989 326.52383 1133.8309 0.0030439545
920.7782 1734.3358 300.30008 838.6622 0.003042132
300.20737 1567.4355 267.73862 475.2924 0.0030375188
519.5038 2017.273 417.33932 438.36908 0.0030302745
217.97787 1335.0016 417.72253 1972.6097 0.0030292475
230.1866 907.93646 433.46475 951.6849 0.0030197247
87.40649 769.3448 164.29953 1229.8116 0.0030162008
699.05896 1396.4503 312.07666 675.76886 0.0030119724
921.8533 1779.4408 314.95496 1051.3414 0.0030116504
594.0291 1403.8534 211.65343 283.52686 0.0030059742
572.2093 980.30096 146.39519 174.70866 0.0029930777
994.49066 2150.8416 166.87227 314.43655 0.002987056
534.2606 2310.9556 1054.1027 165.96492 0.002980731
640.7313 1601.0636 738.564 1276.0198 0.0029794374
914.64716 1848.1299 297.78302 487.01813 0.002977523
672.1018 1512.9938 255.84875 481.46213 0.0029745544
514.745 1917.74 476.98138 657.46716 0.0029680622
874.23364 1418.7278 402.5744 941.0899 0.0029616542
745.6779 1926.2697 379.3043 356.98947 0.0029577324
800.3936 1027.0737 374.99548 349.51892 0.0029546644
708.3451 1225.8861 282.6316 344.15723 0.0029543778
780.38367 1455.3447 411.4104 540.8915 0.0029508434
878.6167 1783.7946 195.76286 258.34503 0.002938951
318.4147 1316.389 240.64743 372.8124 0.0029351555
473.99857 1936.6708 527.33514 599.5996 0.002927304
299.32617 1290.216 171.75827 229.96835 0.0029202935
784.475 1286.123 243.99811 413.2585 0.0029095113
887.42975 961.4723 337.71765 356.09595 0.002903522
486.29892 963.6801 192.34468 240.10612 0.0029001653
852.0685 1724.2513 456.7081 1151.2554 0.0028933783
792.15295 2008.4487 121.86091 173.7078 0.0028930039
917.166 1817.9899 314.08557 972.5768 0.002885435
601.37463 1301.9088 155.38127 165.38873 0.0028670414
567.9724 447.5183 1000.8849 862.17865 0.0028538757
605.67114 1138.928 150.00388 177.6638 0.0028483043
622.86957 1474.91 330.4022 824.66693 0.0028470205
818.06384 953.85187 477.18265 949.64703 0.0028340628
542.07336 1412.9911 520.02325 724.87634 0.0028254876
573.30945 1969.9374 467.10748 454.51102 0.002824169
917.7941 1889.6127 241.17097 299.26425 0.002823214
716.23 1356.5636 443.44855 505.81958 0.0028212643
502.17093 1870.5094 178.56995 216.55377 0.002819324
987.6705 2148.5137 148.20528 184.7208 0.002817087
667.3416 1582.0747 178.23834 321.11496 0.0028081362
1018.67163 2095.492 122.273865 414.5791 0.0028030826
782.9883 2237.7136 790.2417 155.35693 0.0027994358
602.59753 1175.7025 955.7738 2265.8738 0.0027930401
915.73944 1970.7139 324.04092 663.286 0.002782499
160.432 2062.0684 311.3568 653.8783 0.0027823388
913.39233 1571.4896 300.67456 492.52927 0.0027765527
930.3768 1799.4346 170.64687 224.59572 0.0027706495
828.91986 1351.5343 465.44284 1319.3374 0.0027580603
880.85986 2239.8042 385.76678 171.39572 0.0027455452
251.25868 1379.0007 483.28506 1823.3187 0.0027380562
790.19086 2346.7988 785.1823 128.66698 0.0027144884
258.9542 922.5667 273.1761 487.65994 0.0027141736
514.79724 1991.0995 353.66064 383.10263 0.002713736
588.97327 1025.7552 169.3192 178.19237 0.002711788
607.6944 1512.6346 142.92482 179.98196 0.0027082285
713.6697 2277.822 728.50024 232.25961 0.0027031114
629.57855 1243.1444 494.72852 448.71115 0.0026738173
868.6918 1920.1918 405.4997 765.0628 0.0026730862
892.65564 1617.5884 367.34567 1375.0133 0.0026722169
668.5415 1125.0602 182.40959 165.11954 0.0026708243
725.9229 2140.8108 241.42314 313.04727 0.002661276
922.2092 488.21387 270.14975 332.7074 0.00265791
485.37027 1327.865 141.42615 177.1183 0.002654082
607.5969 1520.7518 157.42538 221.58995 0.0026476975
548.49396 1584.6332 573.6054 423.26294 0.0026383107
807.1914 2180.3289 158.15685 228.03922 0.0026377311
681.2884 511.57227 244.24725 317.64795 0.0026335255
862.6718 2175.3013 182.56874 205.5479 0.0026117656
635.44836 1954.235 338.8474 569.2821 0.0026070757
888.1825 2325.0774 379.42755 136.83578 0.0026039283
779.41064 2092.874 137.09837 266.08163 0.0025958735
640.11426 2181.4333 851.23474 576.0435 0.0025915424
697.367 1420.6835 484.76697 523.67676 0.002578844
65.84106 945.95026 119.708176 873.9379 0.0025714466
92.513115 2111.3005 171.69916 533.1925 0.00256773
1032.6863 2100.1719 95.33954 421.34042 0.00256585
597.4966 1515.9695 151.35097 195.92018 0.002564242
558.0738 2173.7036 176.51842 129.9134 0.0025598162
81.020195 2307.9158 158.27109 171.0592 0.0025472753
720.8275 998.32837 241.9794 261.72034 0.0025470064
791.86255 2116.239 144.39864 234.82823 0.0025371523
741.3232 1789.5952 186.00125 232.58989 0.002527293
867.4786 1407.4371 205.2169 252.97316 0.002525947
1007.05786 1977.7072 144.73878 643.7365 0.0025142017
824.9608 1993.0905 180.33391 280.08984 0.0025088976
541.8946 301.29922 1064.874 582.9587 0.0025088438
727.81494 1722.9916 204.30618 322.57925 0.0025033036
402.28668 690.9497 96.03574 113.05009 0.0025022526
301.50626 1659.5476 283.12003 591.9703 0.0024998267
510.93558 1211.5702 306.409 358.59424 0.0024963086
944.45013 2016.8243 265.8826 578.1477 0.0024942944
100.65665 916.6534 186.66536 543.7008 0.0024934877
621.3064 2275.6973 913.02313 347.80048 0.002487664
370.96255 1467.728 231.34637 304.73843 0.002486136
963.43365 2329.591 229.7884 124.721954 0.0024724407
737.57166 2150.166 153.1086 170.6368 0.002469768
320.46872 1761.4984 152.10751 204.36989 0.0024501267
572.17896 1916.6299 317.17322 404.82962 0.0024346136
562.678 1204.8705 221.32022 300.09546 0.0024200594
498.38763 1596.3889 485.0226 1330.174 0.0024188037
375.1691 1819.1672 315.28876 431.70364 0.0024113033
598.6173 1200.8254 171.94739 203.9493 0.0024094929
562.0237 1916.7164 413.06793 605.7204 0.0024070756
84.11498 537.0596 158.45815 461.4619 0.0024054789
708.95105 1972.6577 267.18765 519.47546 0.0024052318
921.8036 1163.9015 303.76608 448.7221 0.0024024644
123.02645 691.786 216.83409 396.6087 0.002398471
932.4385 2030.7039 200.77034 202.73793 0.0023984462
906.6791 2103.8574 265.01114 402.2247 0.0023954713
339.59988 1794.3217 184.66154 227.32184 0.0023927258
412.7766 2019.5197 291.40265 407.2024 0.0023862375
819.51483 1292.7277 304.1834 510.16528 0.0023845127
979.4376 1848.7792 197.6346 915.4783 0.0023838028
94.61282 667.7316 171.27977 422.10712 0.002382457
997.18164 1960.942 147.40155 241.35074 0.0023812107
44.146637 2179.1062 85.415054 432.89594 0.002380264
325.94656 1806.1215 187.73929 285.48605 0.0023791692
487.93442 1688.1002 133.27895 183.45001 0.0023780016
203.18317 674.3492 393.0112 1273.6013 0.002372718
570.91095 1195.4042 151.89743 177.22878 0.0023721738
1011.80426 2257.3042 134.45598 250.45535 0.0023715894
237.57452 1662.0509 26.182606 35.36618 0.002355345
624.62506 1417.5925 158.20271 197.674 0.0023509671
573.2676 1105.6344 128.20584 152.55374 0.0023505075
555.3822 1447.5052 143.88806 179.76476 0.0023476356
122.84899 709.1177 233.10605 1345.4982 0.0023391075
531.128 1711.7892 358.91284 540.63873 0.0023383687
660.8978 1694.3256 169.27669 245.50453 0.0023311623
639.08673 1168.6128 800.0886 1013.35284 0.0023310261
222.58308 1769.4227 219.2886 272.2152 0.0023270582
724.86914 1516.0238 601.6304 567.9956 0.0023179296
596.16425 1198.0828 234.18808 404.66034 0.0023156824
819.4733 1971.4573 183.2163 241.72249 0.0023155657
711.33673 1805.9733 234.03801 272.54153 0.002313519
636.8971 1851.0625 160.31073 189.66278 0.0023069791
920.6399 1816.8451 307.13687 972.6601 0.0023063724
323.0014 1666.2571 609.683 1175.7765 0.0023029123
72.819244 1273.1958 132.2878 285.50003 0.0022981754
704.7364 1124.4092 124.103516 117.30835 0.0022975393
703.6591 1357.7275 147.9872 200.87909 0.0022899148
238.36775 1661.08 28.232367 43.67914 0.0022869078
698.71625 1250.7023 302.10782 435.78992 0.002286193
708.7408 1396.4431 144.04643 183.59486 0.002286118
80.06955 838.7977 148.18178 1105.0801 0.0022860407
901.7336 1619.5848 356.29306 1364.3325 0.002277377
689.9392 2163.1396 171.31091 285.5633 0.0022655204
796.86835 2072.51 148.99303 249.94485 0.002260359
599.4631 928.2191 212.151 388.5884 0.0022603527
856.6379 1971.0687 192.45467 272.2707 0.0022573564
361.33224 1483.9788 172.14993 237.89714 0.0022531645
866.63257 1970.7832 395.6303 514.5705 0.002239962
684.65283 1068.256 230.09616 236.47047 0.0022367353
243.86388 964.38617 363.04422 733.39557 0.0022208928
630.4213 1377.1512 250.02687 503.85397 0.0022173813
97.234215 2355.4976 191.53305 77.016754 0.0022103072
945.1622 1027.3217 250.46481 226.02478 0.0022096478
567.6045 1312.5822 141.388 155.92188 0.0022062894
943.6462 1699.5166 264.05032 1213.699 0.0022018526
870.7277 2157.4187 105.815414 149.29268 0.0021974936
198.14345 1571.122 325.18747 521.77167 0.0021958328
702.4866 2215.8474 201.87971 185.78816 0.0021949376
840.16 2006.6805 437.22946 482.5154 0.0021942714
938.24164 1939.8169 255.4074 603.3387 0.0021941324
770.1247 1994.4805 263.5268 301.50525 0.002193186
244.32622 715.9466 196.25717 245.9593 0.0021906162
468.7876 1887.5576 250.49207 413.7364 0.0021849452
803.5792 1990.6909 156.90231 243.06732 0.0021706345
408.46793 1916.7797 194.10625 263.94504 0.0021694296
809.75305 1879.3923 362.90106 794.9373 0.002167787
444.49734 1957.3162 460.51953 667.0964 0.0021603948
625.29675 2104.0288 286.78433 423.96152 0.0021528485
852.6132 2024.3829 183.85101 199.35503 0.0021502073
159.84581 774.2926 300.58746 688.1393 0.0021501828
170.75204 454.37247 323.8087 784.0036 0.0021499076
582.9936 1551.2705 131.56163 195.17601 0.0021351988
967.9119 678.8331 204.49944 323.52325 0.0021304656
570.7362 2191.1987 345.0777 245.09789 0.0021264593
170.91167 2238.2402 314.51953 312.9108 0.002124856
995.20386 2320.9248 164.30809 140.50484 0.0021233803
625.0689 1862.3867 281.61133 632.866 0.0021162613
815.61816 2070.1113 159.34622 227.27516 0.0021154738
763.2721 1737.139 179.24614 249.64728 0.0021130564
131.50755 2099.3003 222.35815 576.14844 0.0021037362
727.95105 1945.4081 522.7172 401.9639 0.0021028006
128.63806 565.8476 239.41559 682.47974 0.0021007254
414.16275 1905.0212 126.18232 177.16882 0.0021001487
999.88666 139.22617 169.633 248.6129 0.0021000097
253.84164 1523.1602 176.10918 317.2374 0.0020991955
172.25827 1511.9092 286.9202 475.54788 0.0020876117
674.2716 2318.5784 803.42456 290.9913 0.0020846743
539.2621 1415.1862 553.7076 997.45355 0.002082949
1061.1349 2258.97 41.4804 104.28181 0.0020829162
979.25696 2095.4202 168.85854 293.767 0.0020740703
315.68787 2149.2188 414.73737 436.7075 0.0020738856
895.7403 1557.4799 354.92136 913.4323 0.0020726596
65.85636 2318.9878 133.50041 143.89679 0.0020692083
998.39044 2169.159 154.07153 265.81055 0.00206652
895.7627 2173.33 280.30255 246.79112 0.0020629594
534.39307 28.969551 255.34846 56.27536 0.002061107
72.62708 2283.7087 138.53984 205.80637 0.0020534152
589.11304 1383.7014 142.4703 180.3133 0.0020525458
505.716 1743.827 115.373314 167.83977 0.0020452216
934.98785 2058.7654 222.24524 270.70258 0.0020451157
986.2095 2209.7153 157.60017 156.7165 0.002042272
890.73364 1640.1407 270.0536 414.67285 0.002040202
1021.4036 1923.4133 120.26637 771.46423 0.0020384057
320.37604 2069.512 260.39072 260.13455 0.0020332604
802.18164 1443.8687 211.40865 298.4389 0.0020317025
751.8574 1607.9163 135.28029 219.54573 0.0020316725
675.01575 2325.618 807.35345 134.0101 0.0020313708
951.99603 1546.6045 284.39764 490.22144 0.0020303542
802.1399 2221.1472 582.0369 419.32175 0.0020267149
924.20715 1557.1201 312.20358 1497.4261 0.0020203209
436.21783 1300.1707 540.5967 1364.241 0.0020196529
146.94514 1070.832 259.88474 618.3569 0.0020101154
708.52527 1329.2585 139.29616 187.46078 0.0020040094
304.03052 1935.7644 520.3626 650.49115 0.0019916953
89.68704 1314.8007 174.8843 2096.401 0.0019848808
981.10785 204.44925 209.21205 363.5661 0.0019844426
895.4426 2115.4954 223.48495 286.08536 0.0019839949
851.05286 1772.3308 162.78453 224.51486 0.001981998
263.79614 2091.8452 239.80614 224.04874 0.0019798053
993.61127 1141.5321 177.38535 424.43665 0.0019793618
926.57794 1374.2852 301.74042 858.18 0.0019671193
912.414 1919.6631 221.51625 222.89189 0.001962969
664.5012 1528.5438 185.32265 269.17902 0.0019617185
1018.1821 2305.02 121.701294 179.38333 0.0019582158
732.127 1592.9677 146.06543 216.45398 0.0019564554
81.28358 350.33978 156.36934 523.0048 0.0019463847
562.7555 2271.1907 168.9581 160.5455 0.0019460531
920.17096 1864.9053 240.68802 228.27338 0.0019442758
952.99274 1964.1 214.29024 217.46477 0.0019378399
520.0725 2241.8591 165.57062 133.01888 0.0019355181
242.57321 811.558 373.90082 648.8202 0.0019313084
645.2169 2263.0369 839.80676 375.63858 0.001931027
959.3133 1200.4735 239.82726 546.685 0.0019269602
679.6619 2216.8608 251.15198 368.35892 0.0019167474
956.9363 2074.0593 241.58087 471.68436 0.001915849
875.5904 2258.7478 163.16705 273.21014 0.0019085448
957.16284 2221.4817 202.33334 185.86986 0.0019068479
969.9258 1107.03 193.97162 272.65524 0.0019060975
1016.37524 2327.1013 122.882996 130.1684 0.0019030139
384.03885 1653.1127 68.55915 88.28184 0.0018916558
243.45676 2330.1787 349.72897 125.438095 0.0018906253
636.57043 2331.1682 862.5345 126.71586 0.0018890972
175.11086 2124.3303 257.78928 532.8015 0.0018870393
321.49396 2270.982 311.6391 230.10213 0.0018855311
1030.1913 2233.822 114.4266 154.88167 0.0018826205
795.812 1989.353 150.56956 205.35474 0.0018816225
895.187 1814.2781 335.7063 972.63446 0.0018814713
984.68787 2209.9126 186.28734 172.39359 0.0018728257
127.43923 286.89697 219.91655 371.93466 0.0018671687
679.02484 2328.5625 764.46765 286.32993 0.001863213
369.5387 1458.8577 200.46165 182.81494 0.0018607104
899.00116 2326.6677 340.57498 131.86525 0.0018568257
1016.41833 2334.8496 124.06548 114.98536 0.0018562927
541.4321 2280.7114 1050.1665 280.5501 0.001855422
741.2099 1673.4445 137.87584 211.4838 0.0018497392
837.42377 1239.6637 427.28152 459.2243 0.0018480778
436.36783 2257.5652 319.99713 249.14325 0.0018461164
970.83954 2119.846 192.35065 454.3563 0.0018413573
917.21106 1844.6488 289.1035 495.24197 0.001837584
667.7531 923.2301 167.44002 197.37328 0.0018323846
459.17773 241.75108 180.60881 171.09491 0.0018272018
631.9659 1643.0896 296.26236 870.453 0.0018269392
1029.6539 2332.836 96.37021 120.3882 0.0018261082
882.91205 1102.0442 165.22636 186.58778 0.0018223468
839.9381 2282.906 230.56897 233.99469 0.0018179284
921.9787 1467.2295 290.70926 663.027 0.0018147186
258.92175 373.15732 402.07025 429.233 0.0018113616
998.1461 2242.7786 153.53174 131.68437 0.0018059734
870.1641 796.0953 374.99118 1104.3522 0.0018019266
834.05365 2243.3054 197.31285 95.31822 0.0017970924
967.7194 2209.5376 199.42484 188.3708 0.0017969897
696.27576 2233.4568 290.50397 188.62077 0.0017931713
414.97827 231.07094 183.34285 174.35118 0.0017931329
881.83887 1187.8672 383.22897 1006.0439 0.0017900426
802.3975 2122.136 494.11615 373.06396 0.0017854177
441.04175 229.47241 265.50024 246.62808 0.0017853904
365.36105 2320.3943 323.2515 137.66542 0.0017853173
960.0932 2238.0024 215.59557 145.27675 0.0017785465
988.92755 2245.631 237.47362 190.6149 0.0017764625
857.87933 2140.0251 434.99506 610.0322 0.0017682094
877.7218 1755.0582 296.9414 589.6885 0.0017631683
891.05646 2232.431 126.62884 140.19492 0.0017612266
853.90674 2249.5684 498.18268 434.06534 0.0017491208
922.37506 2285.2654 213.80424 160.97931 0.0017467394
909.9332 461.7231 266.4695 493.30896 0.0017419262
956.9145 1035.0502 197.56772 206.61359 0.0017386301
516.191 170.81398 198.62852 164.9373 0.0017349048
788.5333 1507.6407 388.77774 846.4261 0.001730246
217.46997 2328.152 421.45184 132.1496 0.0017246535
754.70447 2252.5256 624.9102 377.75922 0.001723718
543.1946 115.09853 1063.704 224.33069 0.0017213057
88.496254 1276.2607 151.8056 200.4591 0.0017172088
577.14087 2229.8435 350.08664 242.54004 0.0017157544
617.4288 2346.7168 891.77 103.98094 0.0017113741
941.6553 2234.347 118.3243 145.04077 0.0017047119
886.0065 2324.4434 183.84842 120.50169 0.0017024283
515.2019 2224.9124 429.26956 245.85327 0.0017006067
874.7357 2260.1765 133.95512 148.04 0.0017001
813.2502 2371.0317 549.97955 48.458336 0.0017000531
839.61896 1786.1696 413.41623 1025.7552 0.001684386
346.36163 1463.4198 215.6121 262.13507 0.0016834328
1012.02014 1549.8972 136.53697 367.9667 0.0016812963
819.12024 2298.194 194.17505 136.73514 0.0016799073
986.4202 2219.0024 163.08516 301.70215 0.0016759257
1011.4688 1472.355 143.12708 621.0826 0.0016688902
787.30524 2199.1177 580.5226 417.2813 0.0016647696
295.73917 233.08894 420.62134 381.9119 0.0016582467
792.9824 1772.183 179.87964 251.66182 0.0016523759
873.2127 2324.344 297.65414 136.31552 0.001652321
569.6545 1419.5032 533.8314 716.136 0.0016486502
841.9008 1178.283 428.16382 1075.3108 0.0016479109
665.16516 1699.6243 339.19333 507.60898 0.0016454854
1058.1296 2287.446 47.7658 204.05101 0.0016421137
347.96063 2276.4321 731.79596 231.4688 0.001639785
988.3889 1978.6096 170.94342 655.6573 0.0016375125
251.60109 1590.2142 55.59011 129.98613 0.0016344977
1011.0124 2256.702 127.42734 134.43736 0.001628452
979.11316 989.8642 184.81993 204.99469 0.0016226526
803.67706 2292.9917 226.61484 170.87059 0.0016074636
965.8371 2345.5012 178.52663 99.125015 0.0016058672
44.050716 262.59113 86.700874 459.93707 0.0016032082
846.19403 2299.3623 680.33374 87.5144 0.0015999586
890.30975 2345.2603 353.49197 97.67032 0.0015980394
453.67554 72.028465 257.0678 133.41649 0.0015885987
352.08582 103.396225 295.65225 179.85779 0.0015883477
754.08014 2280.3352 188.77733 189.17558 0.0015820693
837.91626 2242.1697 641.41675 144.0314 0.0015750066
996.6921 1435.9886 167.07657 290.28613 0.0015697059
804.31 1182.5552 347.13382 419.35538 0.0015672104
996.82666 1194.7928 155.5519 314.6869 0.0015641475
1049.4152 2354.931 54.09299 68.20527 0.0015635005
1048.7174 1859.4114 67.96558 911.9012 0.001561026
642.6919 1485.4233 446.2867 662.17505 0.0015604002
922.75525 2248.4736 185.61644 186.93495 0.0015581622
757.84644 2289.4043 160.49394 161.48683 0.0015544692
784.328 2294.1152 155.06429 152.43306 0.0015440455
671.3276 1588.1936 347.3408 647.554 0.0015434899
913.56415 2338.7175 276.48627 110.05069 0.0015423101
800.2361 2287.379 142.24506 174.45467 0.0015387865
400.39474 72.63523 195.51665 112.224686 0.0015317263
326.33923 44.859776 210.23259 84.82883 0.0015158931
999.1629 2230.3535 156.65395 317.2699 0.0015110644
842.5784 1764.1111 404.56924 582.022 0.0015098196
1046.6754 2363.269 60.65393 62.175224 0.0015020022
971.52405 2242.7656 197.90422 136.29945 0.0014983994
874.9384 2331.3066 373.90912 109.12274 0.0014928301
489.6599 2205.3706 451.44104 204.40729 0.0014922617
932.6606 1101.0881 275.81567 1030.6532 0.0014902593
896.1141 2155.0898 320.856 463.88043 0.0014799639
1035.2284 2267.6768 93.56843 254.32921 0.0014735142
907.8239 2111.6602 332.20633 534.5496 0.0014729047
329.39075 2338.6597 267.6664 174.6229 0.0014728043
987.31714 2166.321 186.12749 270.95343 0.0014664995
479.43506 1388.1018 518.0378 1138.8912 0.0014625513
87.5126 252.22357 195.53154 849.06354 0.0014476947
1014.5887 1249.9078 129.71834 304.25485 0.0014471862
1051.7645 2370.3733 54.255592 43.427708 0.001445777
1002.7884 1025.8625 150.71521 199.96513 0.0014444696
235.7456 2365.832 319.1449 158.36682 0.0014440247
759.79205 2330.83 174.55736 106.82037 0.0014371468
847.23804 2292.584 127.390366 76.087364 0.0014363327
730.0202 2317.996 185.99153 158.13493 0.0014348145
670.39984 2333.3835 738.5856 204.18346 0.0014329111
1021.1269 2295.839 116.93081 140.40744 0.0014324029
828.8748 2354.4668 195.27943 77.200096 0.0014292934
1032.0336 1584.5927 102.02134 401.23383 0.0014272423
558.6283 2276.508 478.77167 176.2497 0.0014265119
197.91641 33.02328 199.80496 66.81974 0.0014264712
1006.2656 2273.1218 127.26289 239.47523 0.0014222661
248.23628 232.34003 475.9714 417.91492 0.0014209414
728.4315 1182.4523 232.61513 303.03976 0.0014150355
582.9834 1491.3959 217.24585 295.62622 0.0014148712
1016.08264 2344.137 110.7061 91.582535 0.0014132559
1039.0349 1162.8977 86.73114 2270.136 0.001409318
942.48004 1457.4471 251.42181 627.01465 0.0014062866
292.44205 59.90922 217.54503 97.96718 0.001391588
974.817 2262.599 219.76831 290.91864 0.0013867227
996.2124 1831.9381 206.68114 927.5316 0.0013845084
953.4628 2292.9607 195.20276 158.99861 0.0013835377
632.4429 2207.976 276.18805 277.12018 0.001376859
321.94168 35.665382 656.70654 66.864044 0.0013646517
937.2316 2384.2385 596.34894 66.41033 0.0013574809
1002.8899 2374.2087 146.68893 38.28193 0.0013359516
513.75336 1420.5142 473.95023 691.0213 0.0013311051
1036.3905 1109.2675 96.465256 373.21677 0.0013250401
847.18054 2342.3933 161.38756 128.51987 0.0013243543
952.28546 2350.789 223.73622 88.20527 0.0013235316
1040.2766 2379.4268 68.839966 33.55017 0.0013226143
843.41223 2328.1973 427.69348 126.506325 0.0013175864
198.5196 46.782417 388.1815 90.200966 0.0013142877
1029.5541 2350.6003 96.208786 86.88007 0.0013109865
774.9947 2386.8755 624.09015 31.62161 0.0013101364
934.73956 2350.048 451.11462 103.27303 0.0013006942
427.0886 1221.9606 377.96762 1185.6039 0.0012926998
579.5254 975.31683 668.08276 903.4942 0.0012908102
507.21436 1001.3904 223.51398 247.1621 0.0012900033
1002.5045 2365.468 125.221886 65.20589 0.0012873643
1038.6335 1836.7107 72.59893 312.45117 0.0012870271
701.4065 1113.6178 115.36793 124.744705 0.0012813433
827.8585 2375.5332 337.955 44.448757 0.0012776459
879.67084 1529.4154 362.0935 783.01373 0.0012772001
1033.4043 2349.3953 81.56093 96.015076 0.0012770807
1049.7893 2347.6501 75.63355 90.13126 0.0012753723
594.61774 2037.1283 973.2454 1361.6105 0.0012749478
1055.3596 2186.0188 65.91653 223.77783 0.0012709814
921.09656 2350.0017 274.40118 89.71058 0.0012690309
820.1782 2341.7715 149.04881 104.70207 0.0012588575
766.3072 2370.9429 207.21791 60.6628 0.0012571376
1033.253 1145.176 95.83927 2284.3943 0.0012558043
815.0216 2385.8345 759.03564 47.999527 0.001250612
144.5584 128.27475 275.9992 236.15515 0.0012501671
1032.2786 37.271225 88.50799 69.166626 0.0012494975
719.5733 2363.9397 402.6119 63.315037 0.0012472679
663.12775 235.43805 845.34515 425.74326 0.0012397357
850.24255 2392.0332 459.57172 65.710396 0.0012360906
1019.4519 860.5828 125.23211 408.06058 0.0012258342
1055.1321 2252.0723 43.101387 147.26535 0.0012255593
829.8094 2386.4473 478.76465 104.41017 0.001223834
843.3296 1264.9756 403.9137 1172.341 0.0012187533
775.9843 2383.6497 423.50015 83.322525 0.0012152606
897.34216 2021.0167 374.17776 621.4946 0.0012132187
1025.9115 1294.5349 107.65501 379.82358 0.0012077942
986.3077 2323.3145 170.17413 146.566 0.0012071329
963.42957 2295.003 237.79175 255.42757 0.001204591
1036.4893 2369.1235 75.29081 61.239326 0.0011996581
1045.4001 1512.2158 78.808846 327.29474 0.0011995102
969.31494 2392.7388 171.31265 50.82426 0.0011983458
1050.0295 2312.0522 62.294754 147.76456 0.001197384
1010.3471 2316.3704 154.32594 89.62766 0.0011942766
733.0785 1766.9337 490.23236 386.30627 0.0011817124
1005.6662 2335.8809 147.26543 98.453255 0.001164276
1061.1873 1771.0758 42.551075 1103.4314 0.0011639328
692.38416 2175.0955 650.5479 539.2966 0.0011614531
951.83344 111.43125 249.61469 194.39116 0.0011587627
986.823 2264.3237 185.82214 264.89716 0.001155154
616.06647 1092.3053 274.77417 383.7468 0.0011458866
999.4886 2353.292 139.3796 85.11593 0.0011309314
813.2158 2090.7192 421.15976 403.2104 0.0011290455
628.81995 1913.3878 472.7013 665.7841 0.0011269711
1067.2616 2329.8513 29.85232 117.805756 0.0011237432
573.0485 1580.6172 369.34967 1204.4918 0.0011171764
650.2941 2392.8389 772.424 64.2181 0.0011159383
609.399 1381.1082 441.49097 561.104 0.001107779
1039.2885 1364.2222 74.01421 425.7741 0.0011039365
416.86218 1633.3525 274.11874 416.0079 0.0011005208
741.81726 2253.8174 569.5909 175.01575 0.0010972118
843.74976 2388.9946 394.29633 38.373898 0.0010956884
942.34064 2264.0874 294.03632 269.3788 0.001078862
1038.2439 2371.373 65.7807 58.949764 0.0010742254
1017.6459 991.016 129.47668 256.08572 0.0010713189
1012.03973 2342.6555 158.64015 219.67403 0.0010582332
950.1333 2348.8708 234.02724 100.35434 0.0010474798
1047.6597 2372.2512 63.98759 85.58528 0.0010423994
563.8765 1607.3196 347.1343 515.99194 0.0010258474
1068.4568 1757.9076 30.073154 860.6773 0.001025824
925.0352 2384.342 579.4347 36.643227 0.001017298
1068.0458 2307.3103 30.951035 106.063614 0.0010062889
709.9981 2389.0 359.01263 83.36327 0.0009880376
397.9713 1644.3202 453.7987 459.98248 0.0009840024
1046.2611 1378.3906 69.074486 1864.1129 0.0009830667
987.95074 2331.6099 163.1851 136.06133 0.0009805794
975.9083 2326.6973 189.59955 149.62366 0.0009696148
833.843 2388.4297 702.3556 25.320755 0.00095954206
1072.4949 1981.1342 22.28238 645.57336 0.0009576671
657.0732 1552.8021 794.24365 476.62112 0.00095614593
831.546 2383.821 409.83307 86.52465 0.00094994676
1060.9055 1661.7036 45.237026 512.2467 0.0009428787
1000.9162 2362.8684 138.33809 72.563126 0.00094031653
980.7077 2362.8477 158.36113 77.73818 0.0009330835
965.40674 2384.4504 190.61096 34.445465 0.0009326253
601.58954 1944.159 375.32883 639.3181 0.00093114487
1069.0067 2350.82 26.494616 104.05223 0.00092089165
948.5461 2387.8179 215.51506 51.277405 0.000912379
1012.5945 2356.5317 127.73409 135.96558 0.00086986873
955.2123 2388.748 205.30344 45.99206 0.0008650276
920.2059 2389.3494 278.43387 54.62392 0.00086364936
1074.934 2308.4812 17.294428 131.79677 0.00086051313
580.9737 1356.5233 291.6366 858.91974 0.0008403527
642.6732 1675.8353 610.434 907.92114 0.0008332489
583.1658 1659.9395 404.0797 552.87604 0.00082745997
914.6083 2355.0466 286.8212 116.30128 0.0008265872
1074.1592 1700.5863 21.422981 758.6585 0.00081041054
350.46237 879.038 473.63293 988.55084 0.00079879316
669.88403 1333.5795 686.5081 520.89844 0.00079772325
679.91907 1690.7676 518.35583 816.2897 0.0007831805
980.02905 2358.939 205.21304 133.30469 0.0007626201
588.3393 1609.4915 591.7175 1256.8275 0.0007606536
962.81647 2353.8855 471.3084 64.27901 0.00075980887
1071.4562 1613.6511 24.56635 434.61865 0.00075965136
1075.4967 2219.2153 17.13146 183.84549 0.0007472528
1072.0515 684.1915 23.615295 296.42767 0.0007327906
854.39087 2354.6626 549.9529 76.14048 0.0007294237
321.63153 1129.1536 272.63647 953.0144 0.00072182924
623.2736 1764.7407 305.54367 890.0849 0.00071938796
678.4512 2347.1375 660.2279 77.877396 0.00070984015
791.6869 439.5986 539.6614 879.3064 0.000701777
1075.08 2023.4496 19.197865 243.81265 0.0006885414
628.03253 1571.0537 529.1641 738.68695 0.00065189885
458.6025 1780.9 303.1351 1042.2677 0.00063467387
852.37366 2040.0868 517.49585 320.69867 0.0006249907
876.834 2162.1326 347.80173 430.79465 0.0006204534
717.18774 1389.8369 591.3297 548.07196 0.0006054542
805.2721 1269.2174 400.43674 1360.2377 0.00060390215
575.95764 1746.6729 411.90085 889.0625 0.00060346053
584.30444 1072.3776 405.11093 746.7771 0.0006026855
1074.0771 2363.6697 18.612955 127.46683 0.0005947733
904.1118 2374.4158 538.3471 54.59617 0.00057200826
646.8198 2372.275 589.03613 60.536076 0.0005664706
698.5457 2375.5 561.8562 34.097042 0.00056156516
538.51276 1069.9283 704.63434 635.79694 0.0005602919
775.65326 558.99554 565.7985 627.9697 0.000547745
534.64703 1778.4609 414.74655 1004.38293 0.000544563
666.2657 2379.485 730.4744 55.652287 0.00053978956
674.70996 2383.723 737.08527 34.42481 0.0005377321
1049.6893 2338.519 85.9249 85.29159 0.00052234204
681.82635 1668.4285 500.74493 654.04315 0.0005146941
1068.5931 2295.2205 67.640396 135.41939 0.0004889379
568.10504 1057.7347 857.86145 736.9511 0.00045477413
889.0354 194.35959 458.02704 599.86725 0.00040868254
873.87805 219.86412 498.43607 545.2512 0.00040569328
