608.3192 1249.1263 1093.8638 2484.1306 0.50993407
617.4874 1501.0432 1054.3917 1961.3441 0.25803193
620.5997 1640.6761 1047.0103 1666.7109 0.24967156
591.22864 1743.1589 1120.6077 3456.1267 0.1820166
584.2067 1523.3162 958.36395 1699.6445 0.17138253
575.9216 1561.5604 906.3726 1382.1212 0.13835731
594.8024 1538.6119 1106.309 3033.2805 0.1249752
573.12164 1558.1782 897.17725 1383.349 0.11940143
573.3619 1415.2976 920.07025 1710.3708 0.11333558
832.41437 122.06119 644.94965 243.02544 0.046023294
824.22003 1229.4066 657.6196 2448.8965 0.045844704
830.38995 852.0403 648.5305 1700.4835 0.042406905
589.3443 1499.5042 735.8766 1053.5345 0.041693065
673.7443 1171.3934 866.9104 1791.6373 0.037039563
1098.9639 99.38428 125.06574 198.88086 0.03270507
833.0263 974.2645 641.1756 1948.1947 0.03148339
628.6768 95.4784 227.61021 190.214 0.031260323
697.3304 1051.719 864.24207 1915.0504 0.03097392
661.04755 1609.2329 690.5686 1274.1648 0.02974398
831.6224 584.37994 645.07874 1161.3656 0.029667776
831.5402 540.81055 643.64856 1072.9668 0.028750269
611.8907 1247.3848 1080.2646 2484.889 0.028178321
615.5452 1504.2561 632.196 955.8019 0.027080575
644.0085 1068.7017 87.31382 94.207924 0.02692876
777.3351 1238.4514 750.4681 2461.1428 0.02542934
831.973 492.0524 644.3347 976.60284 0.025370402
833.2859 301.83365 644.3515 600.09973 0.02516961
768.1264 111.04016 489.7545 221.58397 0.023580309
670.42004 106.984344 327.5119 213.69421 0.023199627
801.6551 1030.2306 701.03906 2045.1156 0.022858422
631.9608 885.32477 1024.3906 1757.9392 0.022558268
702.9524 863.4532 885.0494 1706.731 0.022301063
746.17285 115.01357 453.5268 229.24889 0.021589292
644.8838 1098.5726 939.89905 1429.8268 0.021565191
634.3015 2041.9912 1025.8173 893.4322 0.02148353
588.8168 2001.1453 1113.334 2951.894 0.019882396
828.25525 218.53267 656.95154 436.77618 0.019850131
588.79724 1318.1564 655.1873 1277.5922 0.019528048
635.8887 1037.4645 958.9195 1406.1218 0.019321395
722.5933 806.99536 843.6171 1597.4393 0.018754173
797.8254 713.7302 704.67444 1423.7576 0.018681658
553.18646 1397.0836 591.6595 782.2587 0.018674185
563.72565 1477.2737 568.75586 838.1265 0.018597579
536.058 1348.4495 742.04974 887.47205 0.01833848
605.7231 2130.452 1082.7955 2665.8545 0.01798093
661.43994 1176.0195 752.314 1310.6056 0.01785016
437.98978 1491.3601 594.2384 1050.3927 0.017497929
586.08875 1111.2047 725.51434 1145.4606 0.017104844
647.7375 751.5786 1000.3048 1495.1708 0.01628435
730.7213 1521.3578 735.5937 1470.2213 0.01614001
583.144 767.201 443.48846 507.08847 0.016015224
575.6878 933.10986 163.4033 152.74416 0.015705368
400.25977 1308.7793 490.1026 711.18665 0.015670752
623.2222 1969.2513 1039.1285 1042.0507 0.015644398
589.6937 1891.5508 899.8213 732.17957 0.015516404
772.13947 124.64009 747.78015 246.39188 0.015287622
653.7656 1062.8788 138.65457 141.73233 0.01503361
614.52625 1900.5907 884.60156 973.77527 0.014899175
549.5798 1111.1838 826.2867 1191.9092 0.014840375
685.0868 514.32294 926.60046 1024.6239 0.014810295
872.028 590.70044 530.0657 817.88336 0.01470476
374.00464 1478.9779 535.4697 1130.6902 0.014638804
688.5745 1956.9178 791.6291 877.2865 0.0144294435
664.3686 2230.3298 962.3188 524.2698 0.0143995825
674.52344 1843.7928 783.6845 1013.8168 0.014195142
696.65924 1136.6125 745.1768 1282.9164 0.014174012
736.732 2081.0508 523.15436 326.61786 0.014091092
546.6265 767.77356 548.9757 529.64276 0.014062887
550.06494 1508.7394 497.29538 835.55804 0.0137844635
716.67316 1969.3429 558.9306 540.7558 0.013734832
1066.908 102.36079 187.88637 203.80533 0.013534911
448.15125 1307.2383 369.28445 506.04114 0.0134729585
545.099 933.1502 105.614815 117.95515 0.013431154
705.8991 560.99896 884.86743 1118.0759 0.013292399
576.46106 1467.0115 359.36856 511.474 0.01323669
880.014 953.0182 540.84717 1533.2684 0.013067205
716.05096 132.64977 870.4422 263.43408 0.012974203
703.8486 2199.8408 866.69226 557.967 0.012881022
1093.7433 295.41147 131.98515 594.0291 0.012691361
1092.5212 142.89946 136.51938 288.506 0.012537976
563.15656 674.7942 302.3849 317.2899 0.0125215165
581.25165 2772.2275 1129.9867 1469.3087 0.012473332
868.79364 378.49506 458.2695 393.72147 0.012416245
842.6347 103.11461 277.12598 202.27318 0.012332662
873.48755 397.84296 508.59497 458.56128 0.012300247
886.09503 802.2468 527.9124 1265.9985 0.012158704
559.09515 1278.6215 889.923 905.0542 0.012090665
735.6536 1206.6399 631.366 1377.4458 0.012015595
578.4998 2993.2104 1135.6808 1029.822 0.012015058
550.8129 1092.7457 822.62866 1166.6979 0.011809358
618.6455 1682.4867 555.64905 919.9413 0.011794659
841.6913 340.6132 392.10474 310.08347 0.011725687
620.8829 48.153717 188.60725 93.62898 0.011723329
795.10535 1400.1569 681.64996 1824.0516 0.011711672
494.66495 1334.5795 280.05746 411.8569 0.01170296
631.18243 929.28094 758.3567 1397.0809 0.011617182
646.7902 893.80646 864.22473 1503.1272 0.011573609
876.429 2188.548 424.27145 426.73956 0.011548032
671.47186 125.2702 956.2133 248.18867 0.011492977
590.8867 1037.3467 854.9098 1484.0128 0.011460966
660.9842 112.71077 974.3226 221.64284 0.011386046
846.04346 2301.3235 325.55563 194.09402 0.011323572
700.92865 443.0391 898.95294 883.83093 0.011226666
830.3975 1427.2639 628.6837 1877.0087 0.011160177
635.288 2088.5166 748.0408 328.28738 0.011117608
888.8617 732.25977 511.9439 1057.0104 0.010882252
686.9546 1872.6707 722.8021 996.1869 0.010878936
738.76544 1366.9446 616.7478 1754.4652 0.010790013
899.6249 707.24023 482.18784 987.58026 0.01077609
304.718 1807.4187 359.46887 459.73752 0.010762167
711.4636 415.03934 882.674 826.9638 0.010682086
533.7185 1380.1666 439.95047 635.70636 0.0106058605
876.54724 2113.5603 295.3421 266.76865 0.010563938
583.5205 966.3589 762.4967 957.37427 0.010557147
718.7464 23.319319 227.12405 46.46674 0.010513251
631.82825 1289.1848 543.87085 634.1978 0.010476449
428.7648 1304.8866 656.6221 1586.6284 0.010431581
517.8196 1324.3018 763.1453 955.11884 0.010405952
1132.6045 2984.48 50.50256 1040.1421 0.010334934
629.29724 549.7791 1036.9346 1097.9977 0.010251432
851.49664 256.9386 419.5688 433.55753 0.01009305
746.84424 1390.4595 479.66766 840.92596 0.010089801
544.0765 1884.224 830.10706 713.9517 0.0100687435
603.64044 1449.7804 573.66125 835.15704 0.010043674
582.56793 880.04834 614.2469 747.2472 0.009880023
458.7822 1421.2446 720.96216 1655.3396 0.009837137
504.6853 1335.3137 262.54257 391.593 0.009659564
783.65796 1968.765 692.12006 990.2099 0.00965178
694.7687 1059.7859 207.86946 172.67758 0.0096392585
882.56696 794.3562 520.6157 868.98035 0.009582515
1095.652 169.37773 129.10556 340.3664 0.00955619
698.91486 303.6318 909.38544 603.36664 0.009399909
568.20575 941.61945 262.30225 222.82687 0.009388288
860.3121 1033.3345 559.0248 1194.6906 0.009383969
607.42017 534.75964 1087.6415 1065.378 0.009367109
662.7397 806.1367 919.78815 1596.7631 0.009156115
920.3195 756.32965 393.7347 551.24207 0.008987921
585.1521 876.71045 589.2238 738.5475 0.008971639
305.02374 1858.6843 390.39493 590.1111 0.008833521
581.5102 2584.5798 1137.0273 1847.1802 0.008807141
681.3927 1847.6499 372.25406 348.55142 0.008799611
770.8309 1310.589 367.47226 656.49457 0.008799061
654.3439 922.80396 918.7562 937.345 0.008792322
634.5346 1762.1083 639.337 822.7323 0.008722555
542.9496 1384.9225 205.68228 308.57022 0.008660641
564.7212 989.9746 522.1815 883.5338 0.008623285
536.4546 1367.873 758.0315 1568.0243 0.008598024
470.6469 513.35394 609.7796 957.0849 0.008595565
979.4653 105.43684 359.58423 209.62491 0.00854425
827.74506 1601.2448 515.9942 1187.6904 0.00848319
619.5343 1264.4828 1004.0261 1047.1384 0.008471915
523.11035 930.0557 272.63312 202.94353 0.008457227
521.72205 829.812 697.8276 661.5746 0.008401513
599.3563 1399.0354 214.08914 277.0713 0.008385444
702.5948 2081.3994 387.75903 277.06403 0.008370873
648.4501 1897.9089 737.8783 704.0144 0.0083481055
817.22394 1970.039 643.6515 1018.46405 0.0082916925
831.8934 1734.83 647.4408 3450.1711 0.008278246
684.05365 827.1522 860.7604 707.7475 0.008269357
914.7291 873.47626 447.53287 778.9905 0.008243997
585.6396 1937.6776 874.3214 2362.9534 0.008141796
510.96707 687.4149 340.9547 370.37024 0.008114321
885.92975 1168.8505 534.35675 2242.0945 0.008017642
901.6657 282.50168 504.7728 567.3229 0.007957089
957.63715 839.9982 333.55722 539.6753 0.007939272
691.3373 1958.6584 489.35837 537.2934 0.007928158
597.6731 1768.3981 607.403 672.0756 0.0079171695
632.17487 930.7882 962.65375 1009.13245 0.00788366
688.5934 756.05615 812.94543 640.93396 0.007878171
598.2917 783.51447 857.1083 1392.6659 0.007834744
1037.1934 86.88201 246.95467 171.57684 0.007834692
915.2894 2118.6892 464.8279 625.1118 0.007791794
618.434 803.6411 779.8322 630.2503 0.0077544143
938.62024 623.80566 371.16605 576.5598 0.00770655
912.8575 428.16412 385.26395 455.0095 0.007701731
843.3797 2335.7703 588.2428 300.20084 0.007697366
614.8487 2183.2637 1030.5719 2597.6636 0.007654996
747.3764 64.53016 456.60852 126.46213 0.0076425066
832.4777 13.125954 654.8394 25.767523 0.007580387
714.2953 817.5393 703.0242 661.16626 0.0075651025
825.09937 1873.1428 474.16367 714.72656 0.00750534
744.5015 2046.5216 316.4439 330.38107 0.0074626952
624.7137 1762.1349 489.26514 455.89078 0.0074224262
309.8705 1556.3295 416.37595 1045.3838 0.0074034343
1125.0511 84.106514 72.85798 169.63045 0.0073776264
1135.2704 126.17718 53.57398 256.31445 0.007360169
816.0015 18.435884 317.3417 36.654137 0.007358062
912.38446 227.03033 483.59903 456.28964 0.0073559517
566.9132 1680.6288 1139.0339 2848.8706 0.0073520807
934.77454 1087.8859 429.51 1268.1299 0.0072974153
939.0223 2174.4797 273.53305 406.73715 0.007296179
658.3594 1929.9275 263.05942 223.2814 0.007265405
888.407 569.114 498.9813 687.10815 0.0072098016
825.6963 1095.7848 634.5416 1213.3021 0.007201611
403.5359 1238.2041 330.82635 431.8394 0.0072011305
1026.8756 123.53154 267.4483 245.92519 0.0071933214
302.63705 1867.6865 309.1122 309.20755 0.0071887835
269.3987 1278.4685 327.382 709.9383 0.007171726
911.96246 608.2484 304.64572 478.79086 0.0071517797
709.383 334.092 858.2329 666.94104 0.0071434113
284.8806 1117.4119 537.9035 2173.2368 0.0071383873
779.2487 14.958848 547.971 28.33685 0.00710143
657.09033 505.56247 901.42554 1020.6171 0.007092797
660.03723 1917.6204 668.1518 892.8316 0.0070668324
456.96216 1415.7511 684.60187 1745.268 0.007018844
580.96216 2306.0525 1127.0724 2383.78 0.0069985935
906.1563 536.1311 428.59216 621.27423 0.0069927378
527.1949 1815.5588 788.40607 3215.5117 0.006956159
810.95795 381.96707 304.06125 340.3097 0.006923534
662.1267 911.0828 595.38965 1218.7664 0.006923252
884.43976 15.813464 546.8163 31.85142 0.0068889335
785.0072 8.913907 267.43475 17.837154 0.0068822843
670.23987 1217.6298 815.71844 872.3629 0.00684378
895.1719 1335.0261 507.72415 1686.2769 0.0068399156
893.4967 83.52665 236.56293 164.8133 0.0068162577
688.3016 830.35345 170.60301 159.13327 0.0068042953
274.92978 1807.3317 286.15347 400.49194 0.0067955586
402.81088 2092.1743 280.67606 260.41483 0.0067797075
820.3504 2046.9252 640.0495 832.626 0.006759271
799.07947 330.3834 285.11 251.78041 0.0067103566
760.8679 589.7641 528.57355 940.0695 0.006708999
597.5126 2088.975 757.9215 349.62924 0.00665778
706.809 201.57538 523.1001 403.57062 0.006652787
949.0351 1096.9349 399.08356 1212.5635 0.0066305012
1148.6228 91.97473 27.408373 185.09705 0.0066023944
740.83923 1006.0288 621.26013 1001.0047 0.0065273712
826.32886 32.002644 294.10907 63.359985 0.0065067755
912.4627 1809.944 468.51038 1183.7465 0.006499671
706.4297 1092.809 246.17554 255.65268 0.00649175
1036.8824 23.056652 248.16835 46.235485 0.006489112
791.7893 1359.0013 438.46033 781.80115 0.006469574
582.50525 2892.868 1044.3234 947.7448 0.0064683203
788.2456 1284.6193 282.7607 435.29904 0.0064199767
623.2891 2700.6057 1008.50946 1611.5797 0.006413914
398.3272 1287.9886 202.11847 323.89343 0.006411988
619.9705 664.49396 1043.4235 1335.2163 0.006402659
833.59247 41.107864 651.38074 79.25834 0.006400096
960.84155 2181.892 342.44235 433.74777 0.0064000417
586.4944 2181.4968 785.32996 527.46533 0.00639183
924.52057 474.80084 453.99124 919.6772 0.0063680015
732.5185 868.9762 493.99026 747.0623 0.0063565527
1059.4275 273.1926 200.48283 550.6019 0.0063370178
457.2902 787.27277 439.0127 559.28815 0.0063352976
909.80444 1066.8484 468.7867 1164.0214 0.006304132
334.17587 1633.8099 471.07095 1474.5491 0.006281333
897.68036 1632.744 238.4152 265.7281 0.006255528
955.65424 649.80414 282.59573 447.7741 0.00621251
315.30328 1868.5685 426.77768 635.0647 0.0062099644
946.71295 270.4196 418.64874 543.0523 0.0062034437
401.09756 1535.9905 599.2232 1302.6362 0.00618372
627.1881 410.4121 1033.5048 818.32446 0.0061828117
1000.7431 21.895824 322.18515 43.786953 0.0061548674
1144.9396 2671.5283 31.07732 428.6917 0.00614536
981.8998 17.415754 354.20532 35.215504 0.006141625
1033.5537 298.02234 251.32191 597.2718 0.0061192364
1049.6218 192.84164 221.29338 387.84564 0.006107818
1060.7031 236.71379 197.81227 477.41766 0.0061053787
585.3927 67.95806 355.8978 130.45164 0.0060957675
581.3934 284.30844 543.72644 567.58276 0.006095456
651.7767 2337.1353 905.1893 2293.4812 0.006094881
575.23505 931.273 88.69894 100.459496 0.006085613
683.7914 134.57393 666.5824 264.52948 0.0060649053
670.1154 2025.9648 331.2841 359.7967 0.006058481
840.3268 680.0963 239.33609 333.74023 0.0060214866
635.459 38.77738 373.55228 74.59399 0.006020371
738.8077 56.78631 446.94583 108.92404 0.006010059
572.03455 3272.594 1126.7616 475.00308 0.006007874
591.28937 308.10403 1111.0259 610.334 0.005997487
952.3154 716.47394 366.3779 791.9421 0.005990714
1044.7744 25.870531 235.62088 51.988045 0.005976788
597.8712 1721.1473 363.86835 367.93646 0.0059031057
1035.2253 326.21307 247.48428 652.37787 0.005902949
601.0082 598.01416 202.45273 189.3543 0.0058739055
381.423 1787.4089 246.53978 394.82788 0.0058554015
704.27075 1787.2589 291.67026 254.9942 0.005833749
679.7821 774.8163 245.97621 234.89832 0.0058306963
886.63806 2283.2874 223.33609 216.36464 0.005812463
682.8997 948.2984 791.03284 934.32983 0.0058124242
566.17865 254.27238 506.17484 508.83298 0.005809752
244.37106 529.9762 466.1449 1052.6953 0.005799859
879.4145 1647.7334 265.37527 309.34152 0.005796401
649.6246 97.7199 208.65549 215.39825 0.0057942388
900.8395 611.9295 476.9906 764.6816 0.0057884348
1016.7804 312.40042 281.87646 624.32764 0.0057761404
653.48785 1077.2568 61.8122 73.680214 0.0057737855
780.5835 1938.1123 276.10077 496.07272 0.005731665
868.7177 737.82214 285.1981 436.9758 0.005710879
748.731 696.9545 345.2217 385.7539 0.0056882715
765.51965 915.1958 680.0815 1069.1062 0.005676148
515.21783 1782.5615 669.42285 452.73495 0.005663903
602.02203 2059.399 989.56635 2266.8323 0.005660442
1044.8639 344.3557 228.5859 688.4906 0.005630898
957.59357 2319.936 107.9587 139.19183 0.005627964
825.05383 2180.8787 301.14023 377.95956 0.0056097866
572.04584 1729.6882 443.00632 600.3606 0.00560377
207.2064 600.4994 406.74426 1206.4418 0.0055910116
1130.5828 3193.029 54.427467 622.61035 0.0055816164
592.1864 2130.2358 977.02747 2619.5547 0.0055809044
340.8666 2075.5896 314.42233 244.58084 0.005576667
572.3064 3368.994 1120.7935 281.55743 0.0055614267
431.21786 1347.4569 688.2164 1929.2562 0.005536435
1061.8073 360.7261 195.63597 724.0403 0.0055336743
605.0368 955.7587 431.78555 362.8227 0.0055334144
665.4463 756.34186 919.7383 1318.683 0.0055114897
592.2007 1978.754 898.3112 2348.2734 0.0054966803
967.59595 1171.3405 363.8936 1121.0734 0.005495291
558.8398 905.60516 868.07294 817.4167 0.005494215
570.7452 1606.187 321.4224 644.41205 0.0054488746
907.1008 653.87555 458.27362 807.34845 0.005416617
799.84595 1424.5111 414.12106 803.97235 0.005414968
737.0127 1886.7366 369.87546 663.53906 0.005408736
956.09717 1055.4626 369.4098 871.53406 0.005391516
815.9372 2017.5941 329.00415 417.55234 0.005341814
621.4063 1969.5027 342.49466 483.0106 0.0053353696
607.5845 959.5335 362.15417 339.44363 0.005311336
892.9587 49.08061 528.12476 94.703415 0.005294795
946.3951 1651.4535 404.95212 1400.298 0.0052815094
807.39624 1696.577 299.6225 384.61752 0.0052752877
643.0587 2047.3794 350.07864 587.48376 0.005263328
861.8556 1608.8711 370.82172 1060.1215 0.005262981
544.48114 2099.9167 212.59137 250.34718 0.0052514654
591.1666 1743.1311 1117.0542 3470.1282 0.005236874
894.7461 633.6368 373.11584 367.5819 0.0052307565
734.17834 1013.0043 754.4584 1060.7064 0.005214854
824.10034 2066.6028 593.0575 658.74786 0.0052127196
759.7445 3.0617495 535.73096 6.125521 0.0052102893
707.2708 1884.6744 612.07947 735.0572 0.0052039125
929.8213 1887.568 261.40207 491.40366 0.0052016983
821.719 1918.665 320.8615 539.4595 0.0052000037
828.3296 935.7298 615.16595 874.50336 0.0051369127
1042.0791 255.53888 235.38654 517.4271 0.005135037
452.9626 476.58557 330.58463 549.86194 0.0051330808
939.7891 500.88892 402.76944 786.24884 0.005127566
1003.7872 321.37448 310.3418 644.3531 0.0050453804
928.7821 2109.0532 160.02144 194.96149 0.005035167
994.6004 873.98395 260.04095 368.29742 0.0049765264
807.8245 3.4525719 402.67657 6.896489 0.004957115
787.7819 1242.5155 728.8624 2480.3325 0.0049320357
642.6457 1893.9496 658.9616 2167.969 0.0049272752
856.57086 2237.405 365.8698 465.63586 0.00490782
594.8527 602.8989 1091.235 1208.3358 0.0049077547
634.8788 781.9182 1023.47 1534.2722 0.00490232
633.49585 1319.9398 474.65527 1717.3234 0.004880417
416.43066 2127.0127 509.71158 445.40762 0.0048564076
952.6108 1227.5895 412.00787 2477.8704 0.0048550833
530.408 908.9864 206.53308 201.36214 0.004849739
386.99353 1829.9785 193.3591 305.41812 0.0048392494
859.48425 1691.4012 337.50516 436.45767 0.0048346817
461.6243 1021.2026 680.02625 998.75055 0.004834551
651.892 49.50513 982.82477 97.52824 0.004807717
804.69806 2257.789 295.37744 322.9919 0.004803544
938.8675 395.50137 434.08618 792.1891 0.004790125
778.9731 2225.1372 496.88806 1112.3993 0.0047893794
830.5345 2999.6196 632.6945 1016.00806 0.0047658226
938.22577 1432.1355 429.74692 1493.3135 0.004765472
377.4795 2123.8196 403.53833 340.6429 0.004751056
852.4089 1294.2092 508.98407 740.9828 0.004746833
821.7584 2231.812 604.4159 1448.6531 0.00473839
820.17334 1317.526 441.92938 653.80865 0.004719314
602.59247 1620.3436 190.55869 229.19998 0.0047190613
517.88367 712.99976 704.3791 588.39453 0.0046903673
1016.4972 1231.1848 282.7931 2475.2263 0.0046799076
916.00824 1132.0839 461.8952 1326.2104 0.004666314
975.6267 348.9416 237.46501 326.0339 0.0046630176
945.70325 1195.2147 412.56293 1461.5432 0.004608975
958.861 0.76212597 418.5276 1.4150848 0.004603293
525.0022 308.68997 477.21524 617.16547 0.004601864
808.43256 504.32352 319.58542 368.09677 0.0045840642
574.3772 3440.0085 1023.38324 142.30164 0.004580973
663.1394 899.1637 875.675 850.7702 0.0045748893
670.00604 2119.9001 426.34964 809.65826 0.00456705
691.5492 85.82773 915.3538 167.65143 0.0045621493
1041.1608 267.7102 235.10799 538.0087 0.0045614564
788.8053 1192.098 605.3483 968.36786 0.0045590103
729.86945 1431.8895 166.1946 271.08078 0.0045526205
969.3786 423.50574 334.14462 448.3096 0.0045319973
824.06274 1945.3553 630.0571 1076.4995 0.004524816
743.81067 1822.9847 201.75714 230.36572 0.004513971
667.7765 1937.9944 206.21411 189.16441 0.0045002014
985.8302 865.34314 337.72742 1628.6376 0.004478233
433.99045 1728.5315 373.30753 511.13318 0.0044763777
637.36945 1801.465 327.7905 423.84348 0.0044761696
1136.2537 282.961 51.974854 578.71643 0.004464911
958.2945 1491.5582 388.8241 1893.1216 0.004446437
812.9927 2055.6245 222.7428 301.9599 0.004435519
991.74713 1234.826 336.05405 2481.0737 0.004425646
227.56828 492.3019 452.47388 983.3524 0.004425566
1011.2927 1084.599 128.25418 185.77766 0.004412945
1115.6951 292.14313 91.510925 591.92993 0.0043999813
287.91077 1469.5817 282.4408 398.9557 0.004399942
992.04346 5.777467 340.51187 11.340355 0.0043941196
523.6393 1915.6349 327.17618 559.01654 0.004383762
541.25507 2151.417 705.64026 636.7095 0.004364271
728.4856 1780.4012 202.29005 197.51538 0.004327831
591.8485 348.4317 1097.413 689.80945 0.004316735
669.433 2849.792 895.73145 1308.3729 0.004305142
845.8227 441.55972 195.93904 271.33475 0.004286384
588.8663 15.440124 1081.6882 30.386852 0.0042720563
410.1288 1649.6322 322.2175 460.15704 0.004255084
746.74835 370.7735 411.9116 529.1866 0.0042307535
883.52356 1940.1876 518.2056 2846.122 0.0042254115
473.55203 1072.2212 664.0727 1085.4302 0.00422489
681.4175 1727.3132 337.1927 528.7581 0.0042232354
581.595 1792.8162 331.47394 477.7215 0.0041982173
688.7373 1970.4298 227.1191 258.44223 0.0041950447
931.02704 744.6968 309.38406 419.7711 0.004194236
863.28 752.5159 291.1854 390.74954 0.004194121
498.62698 1820.1592 511.00757 760.9972 0.0041390755
585.9779 1741.3639 341.19577 429.99994 0.0041251807
718.81433 1220.8921 338.06183 673.17084 0.0041133445
626.5149 1765.7023 362.20013 493.01706 0.0041017346
784.036 1114.0385 665.202 1142.2118 0.004081042
749.50775 2125.809 153.10553 193.91844 0.0040545803
632.54 849.60614 966.5495 769.76404 0.0040414445
900.601 1840.0845 510.90082 2848.1597 0.0040159845
1136.9934 3237.426 43.224403 533.03955 0.0040148897
1017.08435 1318.3352 270.5839 721.23175 0.004013401
808.5133 2058.31 368.61694 798.23376 0.0040002307
542.3369 3436.849 1097.5123 155.8968 0.0039911503
536.2931 1484.1566 324.72986 1077.3829 0.0039905626
184.7109 27.631096 367.0663 54.324722 0.0039873137
622.4089 2273.7466 340.59897 389.1197 0.0039851535
451.05988 1852.5646 292.87433 496.3012 0.0039832518
456.63263 2087.6948 333.8553 339.56348 0.003976188
328.4532 3450.0903 284.7964 121.78475 0.003967454
693.46576 2917.7412 764.8478 862.4173 0.003966143
409.92877 1912.6943 168.8037 238.4932 0.003960923
808.588 1106.5859 245.81691 260.33954 0.0039515505
1046.2418 294.7909 225.09732 591.1295 0.00393377
1083.6125 3173.1575 138.9408 667.17926 0.0039317156
565.5038 2252.325 224.11852 296.0597 0.0039271875
1004.16077 3023.738 315.35278 976.59143 0.0038934576
784.3523 243.5508 219.45778 401.15994 0.0038838638
1130.4601 130.77205 65.33443 260.92712 0.003876667
1095.3145 2972.7385 125.29322 1062.775 0.0038722723
215.01485 17.620584 432.34637 34.142265 0.003869027
683.3679 2085.3406 202.11887 227.27136 0.003858493
1014.868 815.1864 246.1379 358.0615 0.00384876
1071.938 167.0001 179.26805 334.93268 0.003842668
840.90295 2031.2227 371.22272 423.09338 0.003840199
877.0013 2886.764 511.69354 855.1477 0.0038351768
872.06006 3307.3188 238.79567 399.0518 0.0038289316
1085.8508 649.4384 144.13882 1302.6808 0.003819059
1062.353 561.54083 190.9702 1129.5974 0.0037994804
614.1935 1742.1406 286.77304 436.26105 0.003770182
385.96982 1920.6261 184.51346 220.08308 0.0037696983
213.35623 1654.6301 197.34355 229.74088 0.0037476576
179.02795 1823.8768 256.15704 549.046 0.0037344547
1034.8956 991.29254 231.0402 972.2009 0.0037319579
782.24194 3414.8896 563.4528 191.19287 0.0037293613
686.886 2120.9512 191.93846 189.32185 0.0036997804
845.6101 1342.7734 490.38474 782.23865 0.0036995485
902.80853 2758.3296 439.7117 542.3998 0.0036825656
950.0415 1738.8 416.60004 3459.8997 0.003646957
1053.1812 1310.9409 202.1977 818.8059 0.0036395022
556.062 1412.983 843.4299 1718.018 0.0036238148
960.73035 2080.6191 170.87221 245.54388 0.003623047
358.92715 1792.2465 458.9217 629.79 0.0036161232
336.014 2885.1306 492.11725 682.8908 0.003597725
217.18791 466.46225 432.30347 936.1835 0.00359073
117.94233 793.8033 210.67958 769.7527 0.0035814561
621.93414 1654.6604 1052.6088 1639.7648 0.0035584266
677.9521 1793.4287 322.51205 290.2973 0.0035386411
768.6572 3230.6013 353.0982 553.77356 0.0035331806
608.7284 1247.5908 1089.7484 2469.8296 0.003521803
538.0322 940.08704 88.70021 136.21957 0.003507546
1053.8013 2340.2925 200.4236 284.49454 0.0035040462
722.5904 2021.229 192.77016 289.93176 0.0034991843
922.8062 2010.0604 436.93753 943.09265 0.0034948608
562.17816 1609.3741 211.15652 247.1241 0.0034890382
690.79224 1755.6012 194.03192 240.10704 0.0034868654
615.24 2393.9456 580.87714 1039.6296 0.0034837967
763.3165 2976.3337 716.2591 1071.7522 0.003475181
301.69025 30.05238 450.54153 59.271576 0.003473076
710.8813 1438.8252 109.76364 183.39084 0.0034581411
936.0121 2438.9507 410.40335 854.1253 0.0034567611
1128.4534 2713.7578 60.168488 479.86118 0.0034379617
1013.5448 1935.2067 257.66794 547.9649 0.0034197546
1038.8364 365.96606 230.73048 462.79694 0.003416105
1037.8423 1489.0945 235.51515 469.27344 0.0034146477
123.26627 3427.1138 231.36064 170.93059 0.003410386
1027.4655 661.35767 256.9404 1311.6097 0.003410318
1060.9026 1351.2126 188.58815 770.18835 0.0034010815
721.17633 2035.7001 171.01094 274.04337 0.003393068
681.7227 1934.5505 259.37357 436.95517 0.0033862123
523.8302 1137.8026 814.0717 478.91632 0.0033778497
1041.8657 3216.875 190.77217 567.84174 0.0033716673
592.08655 1630.2208 155.42336 191.31635 0.0033691463
1002.00305 958.91754 290.01828 899.66205 0.003368794
534.8243 2106.0527 182.45251 262.58002 0.0033615734
179.84074 2422.7249 278.71643 490.3436 0.0033510907
136.95496 650.3206 255.30946 1050.3914 0.0033443498
1126.2368 2595.115 66.16652 1828.0612 0.0033375334
921.1479 714.2095 189.60803 220.96512 0.0033348128
579.07104 2915.9346 967.14105 1177.405 0.0033305348
529.2141 1834.5762 272.99994 430.1628 0.0033191736
1135.569 3124.2544 73.173386 543.43164 0.0033188455
428.94772 3017.8584 681.4161 778.5434 0.0033165717
567.5263 3445.2617 386.9694 133.30199 0.0033109793
810.2435 2773.1646 576.6895 558.36945 0.003274898
825.05975 3429.825 551.9052 166.94853 0.00326432
535.6458 3280.8733 254.47743 452.9742 0.003257583
816.60406 3374.2742 583.9508 426.42844 0.003254845
629.5474 3396.4016 926.30896 237.98035 0.0032531794
1139.4731 124.79476 46.43364 254.07246 0.003248689
791.91766 2093.5981 287.3197 234.76613 0.0032398521
809.8737 3011.2737 273.24988 492.26718 0.0032337676
747.82434 2334.917 789.1761 2326.5386 0.0032324446
407.44577 1270.8973 246.38051 268.00018 0.003224761
1065.1683 3043.4822 174.65411 886.6977 0.0032201356
969.61694 2170.745 149.84831 247.95296 0.0032169095
83.295815 458.91553 164.91049 900.06116 0.0032165684
1134.5709 2965.3394 48.61787 1091.4692 0.003211373
523.3036 1651.1404 247.58167 507.2436 0.003203744
730.83887 2786.2285 355.06635 559.6566 0.0031988749
277.6207 2126.9175 247.12454 278.29037 0.0031851744
799.8674 2391.0322 201.92754 203.1505 0.0031811756
978.5432 744.9783 238.51689 272.438 0.0031792042
1068.7238 372.59982 174.06477 337.54883 0.0031683156
596.6683 1394.8217 123.01647 163.27461 0.0031449252
740.7006 2710.8984 363.25684 428.25574 0.0031409513
970.87616 2027.4524 499.47736 1109.3391 0.0031356583
160.1641 3475.2214 280.31766 74.02496 0.003130842
589.24023 1995.7036 331.71918 428.26062 0.0031244252
1069.2932 2752.1653 173.79848 565.2317 0.0031210098
801.0745 2675.6033 475.18723 457.52026 0.0031198424
900.83435 3228.623 375.4256 575.6213 0.0031140877
881.72107 398.47104 544.046 802.38153 0.0031079357
1052.4192 903.5438 210.45288 1832.5342 0.0031036837
565.22876 2904.6504 345.41388 478.61862 0.003102269
958.2798 754.37134 341.66757 458.77023 0.003099302
1038.7867 2982.027 232.58345 1080.2415 0.0030992432
1011.54126 937.9212 232.01099 387.37802 0.0030931337
272.81525 252.51357 311.77914 502.26498 0.003088768
920.6296 2711.9065 421.17307 561.15094 0.0030796842
1053.8231 902.6155 195.2417 641.364 0.0030631737
943.6415 2372.147 406.41605 672.4335 0.0030614033
460.04596 3069.1145 223.49806 402.596 0.0030543953
1016.2971 1332.1432 268.36047 560.16705 0.0030455047
983.4676 3260.522 249.47943 493.95847 0.0030398373
1028.0848 460.1071 190.30397 294.21957 0.00303568
404.39923 2813.157 320.74445 527.79236 0.003009508
1089.9546 905.95953 136.05215 1829.0211 0.0030079728
1001.038 3208.5962 250.40355 596.1841 0.0029954566
783.68365 3198.2961 570.78937 392.71982 0.0029953043
642.22626 3413.2046 940.10315 315.58167 0.002994874
664.41113 1791.8212 332.12296 484.54132 0.002991011
692.06683 2014.6499 642.2336 2206.279 0.0029873573
1035.6492 783.61334 225.06401 666.7025 0.0029812665
1128.2139 3265.6477 56.72539 468.31442 0.002976597
609.50653 1857.3496 240.18678 475.06024 0.0029758615
944.4898 2405.313 327.68045 297.64105 0.0029713023
561.1957 1727.7689 143.88713 238.54048 0.0029622542
581.89874 2265.188 385.15112 495.57977 0.0029433263
758.35736 3217.3423 376.85812 557.96765 0.0029388696
314.50833 1699.5743 365.2603 504.29037 0.0029357974
1033.2739 1110.9075 240.30011 1380.0568 0.0029307797
945.4051 1577.9496 417.2613 1360.2565 0.0029178455
655.98663 3184.1345 375.81967 532.1771 0.0029070405
1020.56146 824.8415 251.74635 767.4853 0.0029060731
832.9627 2328.9573 159.73737 128.85458 0.002904189
928.8685 2599.5994 407.0498 512.3723 0.0029022207
883.7565 2634.7058 482.28925 524.61597 0.0028997518
969.92365 3121.873 319.03076 746.4406 0.002899082
1143.3474 3147.5583 64.044304 516.4584 0.00289658
958.6711 605.42737 180.85928 262.15344 0.0028877943
1018.72864 2227.2935 311.8848 588.5202 0.0028773956
999.6586 943.8909 276.45593 446.44763 0.0028753786
637.9856 1851.8027 244.42331 504.82953 0.002873603
448.63016 2243.5437 540.1918 625.3944 0.0028730442
984.0337 2432.1797 335.18884 884.27893 0.0028724584
1041.8148 679.83856 211.16899 406.67087 0.0028692915
581.21295 2947.963 264.86118 459.5563 0.002866308
1082.8921 2785.416 125.19925 419.05084 0.002863834
555.8392 2363.2246 202.72202 268.38483 0.0028613897
1050.0697 748.4357 194.85378 365.8004 0.0028572634
632.68024 3180.5447 447.22028 528.5989 0.0028505302
574.74457 2431.5894 656.5499 1908.1703 0.0028482568
55.44159 863.6379 108.69093 676.0767 0.0028411895
804.31024 2139.6362 605.1467 1068.957 0.002840425
59.9939 1162.1932 113.65633 2186.6936 0.0028391164
591.1164 3155.7778 279.4425 365.74194 0.0028389897
1129.4622 3087.8147 58.87153 352.9945 0.002838003
772.22766 2541.6577 568.4679 364.67377 0.0028342986
986.32153 3280.7095 337.15005 458.46564 0.0028317135
648.87683 2932.2847 459.11337 423.20575 0.0028192285
906.81866 3066.2153 374.917 746.8031 0.002815546
1024.282 928.60596 214.40671 307.25363 0.0028142717
1049.3666 2995.5386 164.0158 418.08792 0.0028120927
1038.1217 928.845 218.20209 536.8241 0.002806593
641.309 1856.893 180.3721 249.02722 0.0027874412
534.1226 1765.2512 274.58368 429.73013 0.0027847795
1073.6804 2850.1794 167.34402 1314.7189 0.002773647
987.63965 2385.739 223.74582 312.82178 0.002769394
1140.124 2777.7527 58.884758 493.0121 0.0027663445
234.98915 55.449585 446.57135 108.69508 0.0027599798
1122.024 486.3904 79.5748 975.9889 0.0027565956
647.9288 2886.4666 411.60822 631.38513 0.0027517513
779.29425 2434.74 253.2714 320.549 0.002748291
612.2948 3481.663 897.50745 222.97328 0.0027317668
925.1046 3475.3 415.1572 70.49243 0.0027304396
1057.9268 1150.7026 194.29367 1019.68494 0.0027233788
1095.7538 2226.1758 127.95746 470.25494 0.0027136535
91.578735 388.66638 170.38644 598.87866 0.0027117094
437.80966 2753.9077 282.30627 431.291 0.0027082027
1114.1827 3378.5654 81.233444 261.09927 0.002704931
1154.7463 362.46054 17.13531 724.6967 0.0026895197
529.07385 3456.388 1041.6443 183.20628 0.0026847608
276.0981 2332.5994 351.57355 434.46976 0.0026844507
1010.89703 3089.6392 203.35461 449.6681 0.0026840486
1106.2971 3120.242 88.71982 826.5778 0.0026803445
595.21704 2445.7456 708.0075 948.2445 0.0026748702
786.4393 2602.3494 520.74646 423.82413 0.002670475
894.11163 3068.9346 438.26083 532.8344 0.0026695342
757.3157 2686.2322 259.79578 318.23306 0.0026680797
548.1474 1582.3414 861.2597 1322.7654 0.002666971
1040.658 2310.958 136.81323 156.67473 0.0026664054
1047.3706 1551.9366 174.6378 305.24664 0.0026633928
870.7186 3013.571 340.44025 434.66855 0.002661682
1070.2722 2050.4226 174.16702 655.4843 0.0026545085
1150.5394 2676.5122 20.729921 398.83224 0.002653712
1080.0272 2348.7773 153.6862 273.8293 0.0026524893
70.38344 2243.2524 130.34877 518.3567 0.002652097
598.9247 2386.026 179.70076 204.28339 0.0026283544
1148.9277 374.93982 28.702152 759.551 0.0026210034
321.69443 2521.572 396.15012 411.53735 0.0026194705
1037.107 2855.8452 186.53857 426.53497 0.0026116974
945.2931 446.95917 337.9279 404.55536 0.002606752
537.5957 1594.6642 351.85468 591.4999 0.0026064804
648.8803 1971.3589 128.32979 168.09726 0.0026018186
206.675 354.07556 406.89035 708.0188 0.0025974964
1076.6575 538.70685 161.87706 1103.0208 0.0025943257
492.3786 1908.891 290.68472 543.6782 0.0025854057
1073.5532 1321.2313 166.20882 611.20325 0.002579104
680.7527 2439.8364 219.08206 185.64929 0.0025770892
1014.6302 516.18536 265.48932 759.0014 0.0025667336
409.1303 2448.8162 456.9276 634.4854 0.002563097
1113.7114 2783.5964 83.9909 606.7969 0.0025605955
26.663816 444.81348 53.40915 840.0015 0.0025603205
407.42947 2470.0366 557.2386 860.99567 0.0025546763
1066.5894 2614.6016 168.72269 302.6035 0.002553521
414.913 1313.0212 351.47906 612.2383 0.002537495
758.9292 3321.8105 234.37306 292.93658 0.0025370845
1094.8617 3312.1323 100.28785 395.9612 0.0025344663
38.20264 109.567055 76.97653 218.69405 0.0025288032
778.58136 3445.8943 738.70087 329.61624 0.002521399
602.8179 2536.3555 214.71812 241.1067 0.0025212143
892.08154 2433.5579 264.76434 353.5781 0.0025108508
825.7654 2558.5166 522.1697 1052.4286 0.0025085062
776.876 30.436722 795.81696 59.109127 0.0025064526
864.2406 2888.0054 238.67116 410.28595 0.0025021313
522.59204 2709.7788 258.20148 344.6357 0.002496494
1085.3353 2665.245 137.61981 403.1343 0.0024934404
914.2495 3080.8037 271.49033 329.74963 0.0024929887
1054.2367 1162.5011 201.4067 952.11334 0.0024835593
409.85104 1415.0598 612.89026 1694.8164 0.0024748186
600.1311 2670.5625 308.6637 520.08026 0.0024692782
770.8246 96.10162 795.63855 193.74344 0.0024607868
1107.4344 740.4816 104.36499 1563.818 0.0024588117
883.06335 2675.3723 262.7313 331.3074 0.002458462
589.3668 2511.0786 543.29333 523.36035 0.0024367988
1015.6778 1554.1819 269.87604 3217.8074 0.002434271
412.5775 2373.364 555.3196 912.3825 0.0024340565
1111.1882 2922.9873 79.344795 610.87665 0.0024323899
1093.7782 1948.6852 124.32137 933.07465 0.0024322756
1046.8041 3350.5068 198.84581 319.01227 0.0024310343
676.74493 2633.0996 287.53928 531.6284 0.0024225553
742.73236 2799.5593 272.72543 398.2119 0.0024200976
751.26935 2582.9558 302.82278 339.05756 0.0024175292
1039.825 1282.6254 212.75429 450.32037 0.002410722
1034.3683 2975.2637 190.33415 516.50287 0.0024079129
276.56024 2477.3347 446.59998 467.33792 0.002404655
943.78906 2431.0574 209.5692 251.2442 0.0023957405
1071.743 2054.244 163.02641 422.2383 0.0023923751
829.5002 659.5445 644.77484 1329.8184 0.0023921656
631.2081 3489.475 826.87164 143.44028 0.002387088
925.70514 2589.8528 406.83173 603.54865 0.0023863497
1020.5752 1167.3832 434.65585 807.09406 0.002382856
1154.9232 2991.2898 11.619171 1015.95355 0.0023823823
540.1213 2092.068 346.26706 331.4124 0.0023750307
1020.2538 3219.7385 267.09552 529.5744 0.0023749357
1052.4913 603.6312 190.87592 380.5882 0.0023749198
480.35123 2444.0579 549.3764 559.3826 0.0023716593
1068.6903 2348.8752 158.39833 279.04376 0.002367376
1027.3474 1851.5728 243.73804 1272.3442 0.0023639335
1114.2279 3225.8408 81.564705 568.69244 0.0023635197
796.83936 2975.3447 222.62744 288.91794 0.0023624508
995.4973 2443.0923 295.97205 637.14545 0.0023619472
875.39685 2560.9736 253.24046 242.56625 0.002355558
980.7098 1678.4548 329.37006 2273.6753 0.002351964
851.3048 2705.4792 429.8033 488.6871 0.002350265
488.20084 1249.9581 142.78957 182.27676 0.0023463971
628.3062 3160.2588 1078.9316 348.91522 0.002343924
1070.1917 1225.238 157.94794 2538.9648 0.0023401768
813.05176 967.53015 679.6696 1856.6464 0.0023355992
1128.9166 3087.5781 74.71807 357.91238 0.0023321284
1082.4948 1575.5907 153.82571 624.4576 0.0023260831
1042.8489 1422.3596 230.39882 658.12305 0.00231821
859.4763 2513.1917 298.84497 434.92108 0.00231014
73.173225 1199.4193 132.00218 691.17126 0.0022944086
1105.1057 3257.115 132.73268 511.58908 0.0022860572
977.48444 2456.54 253.50974 305.3135 0.0022834507
941.9335 2620.494 368.33746 546.9025 0.0022820735
630.3267 1854.8293 629.54297 899.47424 0.0022814502
1055.5374 2803.2095 200.85915 1456.3766 0.0022768076
1005.69086 3408.7156 232.40149 190.08131 0.0022721458
638.9784 726.9538 1003.6377 1161.9518 0.002269664
1144.1152 3170.73 30.677557 666.0577 0.002262342
925.4979 3471.283 245.09566 76.87119 0.002255469
538.08966 2440.006 299.8033 376.2209 0.0022544607
1019.9893 2170.2107 200.30653 358.58438 0.002248906
979.7257 3389.5688 368.84967 422.19244 0.0022486635
710.6482 1768.387 162.28674 194.69762 0.0022454667
1139.2538 3213.497 60.319454 312.0929 0.0022323276
835.52606 8.66197 670.1355 17.150133 0.0022180777
738.2803 2619.5562 242.12595 287.15747 0.0022149137
1070.5704 2927.9397 135.78679 306.89386 0.0022119577
1110.8115 441.0008 98.46345 298.56665 0.0022080063
947.004 2725.633 283.151 269.77075 0.00220649
998.0284 1321.4149 319.02707 1146.3069 0.0022007455
1037.7714 1211.7512 236.5616 642.52136 0.0021989965
806.6825 2583.4868 220.90645 282.967 0.0021922095
377.93277 1229.5762 578.50464 803.62726 0.0021793055
1149.3728 3033.904 23.957914 936.5025 0.0021790173
988.8136 3299.905 418.4386 451.79947 0.0021646814
991.6623 1129.0168 304.77048 916.40894 0.0021562593
1085.6682 1482.3605 144.88533 410.5482 0.0021379732
1153.7404 2699.8354 16.257507 1622.8417 0.0021344766
1131.7119 3399.5676 57.08308 215.15102 0.0021155102
812.6925 455.4934 691.4294 946.2859 0.0020985543
1018.1896 2649.167 237.43665 496.42804 0.0020933722
675.9424 2194.141 632.1163 643.82007 0.0020879575
1079.9116 1383.3661 144.99254 1294.4633 0.002078371
909.69147 1704.2332 365.54688 781.7117 0.002076046
531.4667 1444.8259 239.48227 550.98145 0.0020653335
1136.6704 3364.9194 59.000683 293.10046 0.0020547563
598.7579 1169.8661 217.01587 486.3365 0.002043601
1139.0526 2387.899 44.038895 1212.7234 0.0020288387
1112.0336 3386.3123 128.97388 239.02208 0.0020275146
1113.7458 2069.3833 84.26442 1652.8224 0.002027147
756.71185 2216.2654 223.68105 317.33218 0.0020224536
472.9601 2094.1167 414.32254 345.80392 0.0020191234
672.0985 562.661 921.2909 942.3048 0.0020142002
881.99884 313.4479 555.7071 633.5993 0.0020062258
1112.4948 3430.8823 178.32715 141.82793 0.0020023107
1120.1888 3376.1855 62.976547 265.97318 0.0020012218
1077.8723 986.2325 156.76672 497.4446 0.0019996157
1099.3533 3155.8374 105.063255 455.18832 0.0019890345
1090.7126 2691.5957 126.71361 442.1762 0.0019848524
1033.1903 3483.3438 242.99689 54.156803 0.0019823376
1071.4626 1287.2079 170.47333 611.4482 0.0019789916
1091.4994 3331.9675 123.12894 354.22006 0.001969905
1138.5591 2912.5063 65.55452 325.48053 0.0019668317
1089.0006 745.78143 143.4173 826.62115 0.0019648448
1104.931 784.0569 109.24048 487.34598 0.0019635314
33.549973 1228.3173 63.392338 1304.7367 0.001960551
1050.0844 3457.4966 161.44821 80.30124 0.0019569239
1088.6625 2236.7874 137.08725 238.22272 0.0019521557
1103.0231 1233.6555 112.337746 1102.5175 0.0019487351
709.948 859.5378 675.95544 773.7945 0.0019426637
1026.959 2473.81 221.633 839.26904 0.0019424944
1069.3036 1523.6486 181.94844 588.5647 0.0019374441
521.53217 1375.2673 745.8698 962.59564 0.0019334779
1048.0175 2826.3533 178.65814 358.0254 0.0019246332
557.70715 2107.3198 715.7259 291.21265 0.0019149119
1059.0752 3442.9546 179.57011 235.26665 0.0018905858
1144.0007 3388.543 32.96647 239.12367 0.0018904399
625.0703 828.45355 993.3363 806.10547 0.0018856836
1095.0515 338.72018 133.61714 607.369 0.0018846752
958.9804 2061.4563 252.12762 330.3459 0.0018810827
3.8975627 274.20096 8.689898 512.794 0.001880259
1073.7556 649.1637 164.15985 553.7873 0.0018775798
1124.1008 1229.4899 72.4479 2563.9565 0.0018681028
1103.7303 1036.6644 110.442406 309.49197 0.0018669838
995.34033 1245.806 274.33792 2540.0022 0.0018666588
1115.9968 3425.024 127.60947 165.46808 0.0018565773
1097.8668 299.9408 128.70892 603.1706 0.00184382
921.55084 2544.6167 210.0195 334.99625 0.0018415028
808.80676 190.49686 711.38477 396.6085 0.00184013
1084.7191 3428.9192 192.34705 217.15327 0.0018249437
910.3324 1366.3835 461.13553 729.47656 0.0018240337
1140.2605 2571.0708 39.749535 701.1797 0.0018158712
931.2712 3065.1863 521.2083 757.9167 0.0018112047
1105.2084 1894.3783 107.220695 455.15445 0.0018080445
1146.6342 3316.6826 26.1119 375.70496 0.0017969077
1137.9175 3393.1482 36.54655 232.15883 0.0017888986
1117.6072 2537.5059 148.81772 608.3167 0.0017883767
677.1733 1939.5093 220.02994 437.1211 0.0017832052
1090.2172 2615.8237 121.8198 442.91168 0.0017799473
635.37823 494.00818 1006.0117 1225.7755 0.0017755209
1072.9459 2398.1907 123.992615 198.56593 0.0017747089
1098.3534 707.96173 130.44461 291.60095 0.0017702314
1071.7139 1587.7274 176.46619 447.8795 0.0017538496
1114.2814 1891.7942 93.376686 1891.3611 0.001753317
1090.1052 3010.217 154.88394 263.5194 0.001733475
1112.2858 1493.5199 97.27974 818.97504 0.0017284958
441.04965 2008.0055 530.6992 821.29175 0.0017249746
1067.4368 2807.8083 208.48209 421.21326 0.001713762
559.22 2409.0356 628.989 1397.3494 0.0017110711
1126.8655 3456.5325 62.952473 110.671974 0.0016965057
1135.399 2248.359 53.040604 467.21387 0.0016927577
1102.2029 320.18063 94.368835 484.937 0.0016924186
5.1826587 167.38373 11.098469 323.94238 0.0016915946
1086.8165 3469.4758 185.42213 171.55154 0.0016908683
1111.16 3455.244 136.87994 145.84845 0.0016887793
1137.1404 3444.0637 37.920494 118.77901 0.0016846563
1108.7179 1236.041 104.16998 1018.13385 0.0016414656
619.61865 929.8426 1028.2434 976.5428 0.0016413054
1137.417 2283.494 47.745335 476.64774 0.0016412858
1127.1987 2409.8572 63.690765 904.2907 0.0016382774
453.51495 895.095 652.6386 881.4177 0.0016343194
989.2348 2838.9927 349.3137 551.55865 0.0016156121
899.3182 2775.4038 367.58286 653.3505 0.0016129377
839.66626 929.0382 609.6287 1857.4269 0.001601401
1134.1272 2206.254 53.74957 554.5158 0.0015909388
577.6565 995.16986 554.4778 965.9959 0.0015896496
1120.054 3477.6697 109.89751 154.52867 0.0015887469
878.82007 945.4787 602.87805 1051.2294 0.001586283
999.132 3438.946 316.2958 157.20299 0.0015763367
1113.4375 1729.886 96.94415 625.7969 0.0015760094
1107.8916 3451.4734 78.429565 126.17201 0.001568592
527.6953 1370.5587 693.9514 1151.9001 0.001556502
1092.4941 2508.095 115.86756 172.95433 0.0015453817
450.75235 1510.1052 225.80396 313.89157 0.0015396308
1110.6682 1477.3936 101.06162 508.39105 0.0015375394
1116.9557 2032.0863 87.47829 586.7374 0.0015355891
1121.4158 909.3613 77.99428 357.01944 0.0015248669
1107.6708 2336.0642 106.08325 307.2145 0.0015154515
1116.8029 1760.0509 88.06339 679.8315 0.0015146855
1143.7585 3399.2195 33.408592 215.84627 0.001511982
552.2563 2110.2476 353.58307 388.80634 0.0015097657
397.86697 2635.1604 719.5916 1145.0969 0.0015095263
462.96585 1421.9766 720.66376 948.7457 0.0015078225
1093.7487 3487.543 120.58536 48.817535 0.0014941328
1134.751 765.6437 53.227074 527.40936 0.0014605367
548.6927 1218.2559 451.84854 490.1001 0.0014559631
1155.3005 2516.2341 12.713515 733.4469 0.0014539486
1108.7089 1848.2734 94.35435 392.16544 0.0014245888
868.72266 1232.4415 563.1243 2462.2507 0.0013898211
655.126 2171.6082 333.2971 582.2111 0.0013795833
1112.5522 362.19345 93.01121 714.32983 0.0013764185
1092.305 3481.9456 107.60701 56.114326 0.0013717199
1092.8792 3469.0913 101.50532 97.04378 0.001358297
391.13284 1569.1356 577.57623 1325.8798 0.0013580266
334.85513 1426.9122 322.03827 493.1231 0.0013428918
1152.4731 2512.5437 18.16911 638.09955 0.0013407826
641.0764 762.8846 943.75616 725.44977 0.0013369259
1097.9404 3342.6257 154.92209 241.43883 0.0013346004
811.0444 2229.3281 537.6192 772.3597 0.001332251
777.228 3477.0098 754.1816 128.94934 0.0013137864
657.1566 2012.3943 242.36203 401.76154 0.0013061949
856.93494 1934.5409 363.85345 520.8393 0.0012768741
827.4989 368.6124 673.1212 743.33167 0.0012650327
994.6395 1093.3745 313.05728 2138.3225 0.0012612838
1144.5188 1030.8566 33.671017 967.8563 0.0012487456
1145.3113 1127.8657 31.575232 1425.114 0.0012341494
624.27167 971.20825 1025.112 949.74963 0.0012263965
1138.5046 1761.6561 45.772373 400.41202 0.0012099808
813.4493 1431.5652 547.1684 853.41235 0.0012031588
1137.904 1085.1699 47.737637 470.11472 0.001185797
1156.6353 3369.185 8.777251 264.04443 0.001182371
767.4655 61.150387 815.7725 121.0932 0.0011693309
525.94275 1855.9215 268.27264 439.9253 0.0011665236
406.05392 1592.8081 193.73505 571.3465 0.0011532184
485.00827 1958.2548 336.82956 502.5507 0.0011530493
1154.7623 2716.651 12.63326 339.6958 0.0011203208
1136.9211 1038.2161 51.574207 311.36066 0.0011139208
440.56577 2259.5684 178.0392 588.5654 0.0011061523
506.1111 1867.7219 429.0308 695.88025 0.0010964684
1148.99 2659.1743 28.75975 457.5505 0.001094007
588.46234 1031.5609 668.2858 1097.6951 0.001083098
289.02753 1269.8531 459.12323 1570.3896 0.0010830697
1153.012 2658.5735 19.720976 372.43335 0.0010795502
455.80362 1013.4359 525.9247 968.2186 0.0010349582
539.40027 1286.0754 1138.2225 1771.69 0.0010281692
1011.23956 2553.107 437.2628 560.6244 0.0010222216
926.6322 851.64764 411.50897 658.75995 0.0010063209
791.92285 70.975235 669.3403 351.4523 0.0010017453
599.27344 1722.429 453.2243 579.8145 0.000998745
555.231 3313.7637 719.2079 92.70044 0.0009979078
1081.7887 2387.3752 282.44995 558.54395 0.0009810737
838.3153 286.58127 709.3349 585.9612 0.00097349135
697.14844 1987.5004 511.36166 462.542 0.00097330724
601.91766 429.34833 1034.9749 1149.9318 0.00095920666
710.64276 1443.6819 306.14688 365.1139 0.00095022423
839.3353 87.80301 666.5237 177.0366 0.000949218
310.12625 1290.4714 343.8474 949.2546 0.0009425293
984.13367 615.5109 273.11633 471.2837 0.0009320484
687.35394 520.5049 850.4113 602.4781 0.000925567
818.14465 755.2871 420.8645 647.18994 0.0008562967
888.5611 359.85068 659.99646 734.7522 0.0008390872
1066.7457 2048.3599 461.7029 676.777 0.0008322685
519.0678 2237.9229 670.67694 500.729 0.0008211155
629.9788 2781.748 573.96967 518.21344 0.00076251733
818.44324 2640.2593 750.4633 491.95908 0.0007532261
884.5545 3508.8992 660.3704 13.766711 0.00074875826
963.07684 2488.9277 311.73935 264.55746 0.0007426497
1023.1338 2819.147 258.86893 325.07883 0.00072966324
1000.9742 271.2935 544.65796 236.8195 0.0006705339
937.557 2245.5679 410.61417 451.54486 0.0006088417
