460.2745 1750.3364 764.1816 3492.4438 0.5045836
464.21964 1516.7692 754.85486 3028.334 0.31782088
788.03516 320.1971 115.209076 320.24918 0.11963425
768.8625 600.95465 88.227844 96.75835 0.11228543
540.2974 945.2624 605.98816 1881.9219 0.09669093
780.24854 405.9803 130.19775 536.47 0.08884642
596.18945 954.55005 494.2437 1906.1898 0.07617407
529.5162 1017.862 625.92755 2029.9769 0.07323316
607.29 919.1343 472.56915 1836.4365 0.07102272
492.4722 1157.0032 686.3529 2296.6511 0.06982211
92.01388 1963.4644 157.24889 174.17847 0.06900673
522.72705 1252.5925 637.98553 2488.7473 0.06281242
540.1095 1144.3236 603.5721 2282.2253 0.060604274
500.9276 1037.5334 677.68 2070.1182 0.056520123
482.1789 2125.1475 707.19763 1735.8582 0.056312546
534.44354 1342.1064 616.117 2651.5364 0.051980622
482.80942 1313.0322 628.3996 2391.2776 0.051547594
512.9593 922.7026 655.1055 1833.0115 0.05135048
782.5076 3222.7585 118.57456 575.1625 0.050855268
476.4683 1042.3085 726.6821 2078.545 0.048256926
781.3153 537.5368 128.19511 830.0124 0.048158996
606.0001 763.0435 475.00082 1516.0103 0.045786113
590.51 1162.0823 504.29114 2313.6035 0.037973505
540.14966 731.3678 605.6105 1458.7712 0.037800763
779.41724 352.80298 132.46306 698.9197 0.0370573
467.3184 1035.3352 742.27625 2080.6448 0.03548713
613.9402 618.4924 459.58987 1232.1744 0.034969702
504.53177 2456.4927 669.1641 1099.8065 0.03492136
471.68912 1855.1752 727.90393 2240.3215 0.03386803
629.8855 640.4726 427.73026 1265.9069 0.033208854
477.19992 1898.3384 710.1441 2170.3545 0.033018537
594.7919 1358.8479 496.14774 2698.7273 0.0319516
770.95544 596.7981 129.53769 152.3982 0.031807464
514.6836 2052.8367 605.4105 1425.6063 0.03166
604.24945 714.0416 477.31128 1423.3308 0.029750038
242.81978 510.70282 43.0219 47.591835 0.028450124
602.4747 802.1723 481.22705 1600.1108 0.028419675
781.5579 714.2803 127.37216 1215.4857 0.028377397
251.37439 509.3204 67.60709 69.090126 0.028120235
645.5613 934.7618 398.6894 1777.0144 0.027872363
596.69055 1175.5005 493.72333 2355.1191 0.027748313
464.03815 2440.4597 748.2972 2100.9507 0.027554123
626.1563 458.0415 434.69186 913.6746 0.026887659
624.1016 777.0263 439.89603 1535.7511 0.026630694
546.4113 625.15015 593.268 1244.8986 0.026384925
600.1615 1491.04 486.90982 2968.7205 0.026142694
379.06836 1701.6527 314.82596 588.51697 0.025529109
650.6821 515.5723 385.8472 972.84436 0.025060803
441.40112 1017.688 600.512 1991.9865 0.02488389
508.37576 747.5344 658.306 1492.1301 0.02447061
758.3849 563.62067 173.25024 916.0623 0.024291648
350.94617 1005.23944 510.70663 1990.5117 0.024242302
782.8634 1007.1918 124.98145 1842.9062 0.023940288
647.8584 452.28003 390.6942 846.6017 0.023861542
617.12994 1499.1129 451.8517 2995.817 0.022290925
464.30023 1753.7056 752.5026 3494.507 0.022155069
519.0128 628.39703 645.2727 1255.1663 0.021991067
514.8417 782.192 646.04395 1564.6578 0.021500194
606.2843 600.4461 472.2955 1201.5167 0.021171093
599.86664 669.5058 483.8548 1336.5851 0.020073274
503.3167 690.2255 674.95605 1380.6805 0.02000555
463.91165 1512.7408 751.32776 3018.6377 0.019980095
496.03522 2712.172 685.7684 1577.1147 0.019899672
756.56366 690.97107 177.3019 1202.7516 0.01918999
472.52533 1275.3751 583.3818 1690.6376 0.0187906
468.89005 2289.382 739.164 2405.0723 0.017884769
835.3941 598.4967 22.269451 117.45316 0.017569656
451.2613 2695.9026 751.1688 1611.0326 0.017462002
516.9201 1989.5637 571.7662 1287.1401 0.01740853
631.0216 566.38574 422.47794 1135.5273 0.017371757
803.0035 556.93695 85.1415 906.8637 0.017370153
842.5385 598.6289 8.304342 147.67519 0.017094169
508.30188 730.99457 657.68945 1460.0692 0.016960686
455.2148 1205.1299 627.4387 1703.5548 0.016948685
542.55066 453.5566 601.8214 903.7992 0.01691125
646.49896 1313.2181 393.01868 2604.7234 0.016889099
625.1697 763.25964 434.2304 1536.0833 0.01688601
613.4272 633.18744 455.92847 1266.3849 0.016836096
589.83154 391.5956 273.56326 596.5751 0.016748652
361.1899 1262.0109 340.59564 245.26335 0.016629772
654.87415 1031.5374 377.1209 2049.821 0.016322395
493.77954 1810.2698 575.0195 973.6782 0.016098998
344.73657 91.44487 233.08919 181.0448 0.016081711
833.0194 218.69296 26.98224 439.043 0.015932553
390.0849 1622.9324 247.84967 434.3181 0.01590284
672.47314 700.6951 344.73087 1288.9885 0.015890298
472.16873 1681.1366 548.0805 711.32697 0.015866755
621.8889 612.9804 438.40958 1231.0276 0.015673922
729.733 564.7816 230.78946 963.36865 0.015590502
454.93182 1456.0149 680.47015 1345.9917 0.0154087385
677.1018 991.27435 334.5826 1864.3556 0.01538143
685.44196 619.7454 318.89053 1103.7783 0.015326663
474.873 1717.3633 600.5865 864.11615 0.015270454
370.8106 704.1887 357.17868 1349.4285 0.0152647775
644.1448 608.50146 396.03207 1215.5107 0.015224274
567.1923 2160.8782 543.75885 1605.0172 0.015081281
646.4706 1364.952 393.52908 2727.4526 0.014919505
632.6604 304.3181 419.8265 612.3504 0.014838172
458.88776 1610.4901 633.27966 918.186 0.014727451
545.2669 446.9254 596.32 891.4807 0.014675972
743.96277 446.90884 202.84726 739.26074 0.014656953
783.21466 1502.8865 123.13723 2887.877 0.014611041
691.0049 786.7647 308.09882 1331.8335 0.01449979
733.0632 422.00204 224.0277 756.3153 0.014463375
698.63885 503.3926 292.35773 901.9796 0.014456818
467.33664 867.89935 753.2664 1740.4688 0.014429552
653.3728 439.88 381.35907 883.9447 0.014245662
667.95776 354.2596 354.19406 702.76306 0.013866935
593.11206 2300.4202 468.37744 833.2651 0.013827924
465.19824 1639.5906 699.1191 1723.6711 0.013821799
721.84894 458.2886 246.77626 688.9965 0.013785728
844.36255 537.82074 5.209479 238.30461 0.013684675
284.51413 508.90308 135.85547 111.032524 0.013652346
386.94522 1129.2712 407.50525 521.91656 0.013382387
498.88947 1381.5408 566.9057 1226.1312 0.013374412
780.2973 1337.5017 129.877 2551.7317 0.013368852
780.7901 609.38495 131.23172 154.02115 0.013316962
840.8778 278.4728 11.3990135 374.29742 0.013223076
461.19864 1654.9897 676.33765 1580.9008 0.013211826
726.216 759.791 237.98087 1332.6608 0.01319676
831.92926 404.11298 28.40676 523.44904 0.01313948
576.0466 2184.9424 526.12836 1600.6255 0.013002052
256.27322 1029.1299 429.63135 2048.3694 0.012998252
378.9727 1573.947 496.21414 870.35034 0.012904562
505.95883 2206.0044 657.6033 1537.3065 0.012839363
668.24457 1223.2395 351.94214 2330.5574 0.012803
549.21893 2239.4177 465.52182 644.4787 0.012792831
704.1512 365.24796 281.7912 637.8777 0.012708144
802.39307 229.43224 87.40305 140.23843 0.012639966
537.56287 1591.7823 561.5533 1855.3337 0.012534329
610.24963 421.38672 463.88184 846.433 0.012521669
536.843 356.78064 614.10675 708.9317 0.012493617
626.62366 1729.7616 432.364 3430.0713 0.012479271
263.6056 506.27383 94.3271 88.90917 0.012288824
594.34436 383.8151 202.47931 432.78912 0.01225171
636.6335 2351.783 401.60968 858.7854 0.012098562
656.5809 1157.4349 372.313 1256.7927 0.012095992
539.9031 2147.298 533.7322 1501.1947 0.0120785395
650.20435 599.8341 386.86145 933.7992 0.012068131
371.3613 898.78973 347.69138 938.89215 0.011973446
843.9699 587.1446 5.021865 151.06812 0.011943585
621.06744 359.60202 443.87537 724.95105 0.011833394
843.9621 440.1722 5.6332264 583.62146 0.0118214
120.09161 1026.3999 227.74037 2057.211 0.011807684
588.2017 2060.843 504.33624 1826.604 0.011791031
742.4979 991.74243 205.855 1879.8749 0.011650364
627.92474 1277.3213 419.29666 1204.6912 0.011642207
617.58856 2247.967 392.52707 700.4469 0.011628751
386.9185 92.966576 316.98068 183.91599 0.011552833
591.0663 2252.57 497.07602 1432.8352 0.011507368
789.87445 21.749876 112.22008 43.47495 0.011456845
668.1957 913.16864 348.75946 754.0836 0.011428113
579.35516 2178.636 400.34637 642.3496 0.011423664
619.07666 2411.0298 441.2581 958.18146 0.0114187645
236.98148 87.919 458.1283 173.8812 0.011377333
715.4 518.80164 256.8345 869.7421 0.011352837
392.05774 1472.7247 565.5776 1687.8168 0.0113099255
687.99774 940.9577 306.05005 477.54358 0.011292343
457.60654 1418.8861 683.732 1524.121 0.0112835085
817.2737 403.9713 57.551872 502.4442 0.011175197
657.0224 913.2617 374.64136 1811.1155 0.011060439
460.88763 1498.2513 549.95636 985.797 0.011023942
605.4156 2125.6646 458.33282 1347.8518 0.011016064
398.9737 837.3411 522.1684 1661.7855 0.0109975645
354.09372 1404.6703 472.2061 1194.356 0.010961428
327.50555 1161.5187 448.47507 1666.197 0.010933104
411.15204 1579.2865 578.54156 882.00116 0.010927306
743.1377 1197.1392 204.19627 2274.0273 0.010924821
777.1777 941.5632 136.60504 1705.6089 0.010912823
606.9368 2267.422 461.32803 1049.2351 0.010874155
803.2002 2820.2285 84.21164 379.6342 0.010862181
676.95374 812.95056 330.52374 540.7226 0.0108351065
830.1669 245.22414 32.526295 488.15747 0.010826325
736.4534 257.0765 218.46916 509.88116 0.010826141
352.64642 954.8445 432.90585 1836.1605 0.010777529
465.46304 2355.6511 743.0043 1392.1287 0.010741935
830.1098 511.559 32.975956 785.7773 0.010706599
354.22934 1444.6704 549.35236 2814.775 0.010634258
789.0152 318.61844 110.71271 305.7378 0.010626997
401.09622 1582.109 204.59706 357.354 0.010617752
612.2998 1379.2333 455.29068 1687.9534 0.010555832
582.295 81.67348 88.68163 156.0533 0.010487593
318.58072 77.64724 166.51129 178.12038 0.010482392
711.80414 918.84143 265.97556 1793.7043 0.010478515
769.2532 599.58716 78.22898 87.92149 0.010445116
403.22174 1017.7739 630.0577 2030.4835 0.010351867
292.03894 1702.7732 281.816 578.06177 0.010344406
780.71277 744.5779 130.71446 413.4099 0.010316457
676.8996 255.9986 333.34332 508.944 0.010315206
794.0053 823.487 102.4544 1413.8479 0.010294819
567.51746 1673.6124 415.73944 777.5014 0.010267342
667.97516 2394.9658 333.9962 612.9996 0.010209743
702.73334 258.3434 283.93356 512.6284 0.010167138
671.4195 1064.8959 344.03622 1078.8237 0.010158514
462.76276 716.71906 749.2866 1439.801 0.010149509
675.58594 1247.6217 334.15543 1036.749 0.01010387
655.47034 811.45154 375.79645 1080.4545 0.010069375
835.2072 520.11725 22.134933 767.16956 0.010028339
703.82434 819.206 278.1774 564.2438 0.010000037
379.40848 1266.9475 556.39905 2414.7612 0.009997332
685.2653 855.7637 246.73993 315.05542 0.009960343
434.62793 1702.4219 295.94232 612.1936 0.009946829
370.09467 1125.3666 363.47076 521.15936 0.009941773
784.80524 2765.6072 120.896355 1482.1117 0.009936771
661.4961 326.51526 365.0389 656.47815 0.009905076
699.98535 437.04715 285.18054 862.83417 0.009891061
534.45734 89.186646 619.0082 174.76868 0.009874904
841.4348 395.5297 10.908456 784.09406 0.009874362
136.21577 1027.6511 255.79384 2060.014 0.009864847
561.3683 84.75288 198.16122 167.47752 0.00985737
654.4655 2417.916 375.71432 1105.0867 0.009843836
657.8591 762.9189 370.9978 897.3152 0.009816531
470.83865 689.7445 740.34753 1381.4847 0.0097937025
483.74637 444.69336 714.80145 888.7627 0.009751702
360.23764 63.26663 144.9853 128.18282 0.009747945
161.09447 2677.8562 312.99173 1692.8505 0.0097295595
520.295 2194.5725 584.364 610.24945 0.00970026
738.14716 1527.8625 213.41435 2972.2817 0.009674067
625.81494 233.63092 434.20264 469.74054 0.009668751
449.48544 475.49057 67.20521 120.30536 0.009650992
728.70917 1005.88416 228.00276 520.55914 0.0096494835
613.67114 1596.6002 447.99902 1724.2136 0.009638367
510.797 1226.8867 583.934 1130.6007 0.009587598
774.3161 76.29373 144.59644 150.09926 0.009571922
522.96576 1634.4487 314.96915 528.4377 0.009523665
779.1025 761.7678 133.28348 1554.324 0.009498154
488.64032 527.8926 90.83899 157.98537 0.009496795
434.25583 1432.8136 591.1325 1138.5977 0.009433637
488.52722 1792.784 669.2307 2171.9456 0.009429664
405.6822 2421.387 681.8095 1113.7194 0.0094284
833.1441 73.68383 26.6553 147.45004 0.009402627
844.4018 661.883 3.4349024 241.71198 0.009384382
801.6695 2716.4521 87.374596 622.7617 0.0093802465
600.48834 1892.0834 457.31296 1123.7961 0.009324255
394.87222 972.2992 468.4188 1029.1862 0.0093175545
843.6838 247.21878 5.4653077 393.0045 0.009287969
781.91437 852.54333 127.61733 649.97906 0.009280482
465.30026 2356.9377 747.60004 1324.7246 0.009142926
595.76434 2172.0876 245.00363 379.8276 0.009111145
449.11182 666.9131 770.75336 1342.1178 0.009084148
783.3912 2742.8503 124.11943 1527.8099 0.0090831965
499.16943 1732.6024 649.837 1153.8345 0.009081467
653.938 1503.0836 290.77194 555.2208 0.009069314
821.6559 73.91806 49.712093 145.95502 0.009035394
721.87213 18.713457 250.61874 36.71656 0.009026714
468.63318 682.3514 503.6048 1357.1924 0.009017991
732.2675 3217.2751 217.24649 583.973 0.008923959
258.6729 315.6251 48.610744 68.73569 0.008899066
828.084 621.76996 36.392395 1055.3744 0.008857546
529.0885 2473.3923 591.6329 1005.8073 0.008829835
625.2898 1688.3286 426.24542 1739.0669 0.008798267
137.75775 2434.3828 263.4764 1166.1896 0.008795406
635.5451 2356.3848 267.8998 508.42426 0.008773961
763.2584 1035.0714 164.7557 1883.5271 0.008760204
747.3393 1060.3628 197.35692 1939.7095 0.008740177
611.4454 2123.0771 416.41888 675.85736 0.008730408
675.7916 2543.5781 334.84454 845.6136 0.008730396
571.4295 1595.2396 510.4864 1582.5858 0.008674534
778.8483 113.2928 135.96248 223.25076 0.008654039
625.20825 131.03983 437.726 259.68985 0.008643884
613.93555 2376.4868 459.8601 2170.2368 0.008628665
480.44962 1624.0128 251.78693 461.6601 0.008613121
841.17145 619.5383 9.854323 988.8839 0.00861293
202.66504 2343.8767 371.9244 968.27765 0.00859024
758.25433 1770.3186 174.2262 3453.7512 0.008588681
681.4715 92.070625 324.63522 183.09839 0.008564532
590.40717 789.82806 502.39236 1603.1412 0.008504445
421.89664 1306.8269 510.47488 892.78107 0.008502676
338.94104 92.5947 555.7893 181.94748 0.008490319
633.98615 2100.4556 291.87878 463.92694 0.008488429
782.3353 802.8579 127.5651 225.65514 0.008472663
828.3869 480.96774 35.23147 221.40489 0.008446713
671.6603 248.20193 344.3377 498.30396 0.008444185
502.9771 1428.8972 557.2353 1158.2246 0.008407081
681.54285 1744.6992 325.5408 3356.6064 0.0083974665
524.51807 145.37146 636.702 287.72943 0.008373985
824.78314 68.98943 43.583218 136.34082 0.008358407
782.16016 973.6737 127.14374 1977.1122 0.008323816
378.95102 1375.5406 399.59357 981.0513 0.00828838
773.7987 28.76239 146.76701 57.341892 0.008283819
645.70325 583.7486 398.74496 576.23413 0.008263747
385.20163 1240.6266 324.7095 1096.7051 0.008232862
105.06483 2196.0515 196.58284 684.9148 0.008185781
753.87134 1513.1162 183.123 2994.7427 0.008174839
544.025 117.75052 595.1752 233.5745 0.00815469
305.04025 2406.378 546.1941 1078.389 0.008153834
509.04572 289.37415 662.78516 577.75415 0.008131978
758.6333 43.135105 174.59688 85.8949 0.008129583
577.4475 306.45227 223.7936 500.16684 0.00809094
446.73575 1597.9357 682.76135 1211.8969 0.008087347
657.41113 2222.3254 370.7667 1553.1361 0.008073218
614.0585 1956.1483 443.25433 1127.043 0.008058347
806.9986 21.605284 76.231476 45.781834 0.008036973
536.93646 2060.7776 383.5057 1027.3588 0.008018587
828.28754 107.65373 36.468395 215.46703 0.008011346
643.9997 1581.847 389.39758 1538.7635 0.008007345
825.9112 611.61255 41.244247 1240.6458 0.007997817
415.03433 2458.3618 494.49628 1003.7079 0.007996403
759.40533 34.909782 173.76918 68.47929 0.0079715485
398.6069 2075.7324 402.72797 1360.3771 0.0079705035
560.3306 1084.1078 205.80359 428.51184 0.0079294
450.8413 300.0391 776.6777 598.14905 0.007888871
839.5816 801.0983 13.581449 571.1477 0.007856904
104.656784 1809.4546 185.83559 489.88678 0.007842447
788.25714 1703.9813 114.30839 3255.1846 0.007835129
145.52133 2103.6152 261.86847 499.64444 0.007812854
592.5263 1487.8032 203.80243 400.22437 0.0078090946
413.98035 1626.6716 572.55396 1239.6901 0.0078003476
764.371 605.27325 166.00157 1216.0967 0.007775347
676.32306 1314.7753 309.17346 877.7308 0.00775699
840.56396 101.98211 11.4262 201.51277 0.0077524222
781.64844 664.1685 127.23333 1066.5293 0.0077447887
823.20056 121.30003 46.897762 245.96146 0.0077414587
99.89059 1706.8381 180.783 687.95404 0.007733368
365.34573 1015.8851 397.72684 1152.8062 0.0077135544
805.24603 984.99 81.331604 1909.261 0.0076866364
486.65692 528.8855 138.84879 279.83063 0.0076832767
350.9171 980.0949 411.65356 1906.9023 0.007679286
499.63693 1286.794 568.2635 878.8434 0.0076744547
799.5274 1549.5121 92.479774 3016.0708 0.007639484
696.11755 3215.6882 288.3058 589.5711 0.0076286756
796.90533 2528.9075 97.42026 990.27625 0.00757089
194.06592 1833.0895 206.77316 354.7087 0.0075638923
730.43774 993.9944 227.55774 803.2091 0.0075517357
614.4971 1306.8497 382.8166 912.3118 0.0074973274
536.7287 1643.1104 578.3779 847.16846 0.0074907704
235.68648 1710.6434 290.09576 597.54425 0.0074486127
555.02686 9.332171 560.25006 17.8151 0.007433374
457.40448 1466.9298 687.1868 1179.3225 0.0074233147
615.6284 2225.3416 176.80328 272.6872 0.0074099344
733.19 2649.1274 222.44168 633.5945 0.0074077565
775.1006 914.1701 139.76172 443.40054 0.0074070063
465.91666 1684.5929 704.8532 1216.0295 0.00740163
167.13307 2123.3245 301.7912 536.2546 0.0073978542
581.8965 2688.68 359.64142 532.0452 0.0073914607
645.2917 2229.4998 293.03784 538.53125 0.007384191
636.36115 41.46127 413.68207 81.869064 0.0073758313
445.19415 1256.6605 408.95142 799.9707 0.007355318
735.2269 2287.4866 218.50974 684.2708 0.0073407795
789.93646 116.12557 114.1157 230.62057 0.007336483
750.0165 1113.2308 169.04698 360.2185 0.007333139
817.0602 795.4731 58.39609 235.20328 0.007331463
765.4852 84.25418 162.42403 164.82382 0.0073311226
694.3502 2261.8682 296.8549 881.78015 0.007322248
637.501 2203.5332 404.47894 1155.8152 0.0073220367
653.06525 2407.9543 384.46448 2178.9072 0.007314859
827.8259 889.69666 36.45781 245.0651 0.0073097157
517.6511 2230.4106 422.49634 953.5576 0.007302972
111.51546 1545.4584 205.14009 1014.60315 0.0072958814
140.9936 2294.5312 262.71603 897.205 0.0072649987
347.96677 1435.0334 510.49258 1164.6265 0.0072646067
628.12024 1234.7372 428.68704 1433.3964 0.0072590825
810.77716 942.93243 70.21784 1704.3058 0.007254459
770.1545 2768.719 150.7945 536.5821 0.0072522652
521.3053 469.0679 636.66034 936.1017 0.0072510224
634.05524 448.44952 169.5225 429.451 0.007242025
118.27014 1261.2162 214.20306 1607.1173 0.007238443
544.87067 1115.804 262.0243 517.10626 0.007236483
432.60843 97.10202 412.6524 191.90874 0.0072179264
822.3363 607.13873 48.51333 1247.3386 0.0072178952
798.7392 910.7096 94.296196 1821.9902 0.0072006774
538.53107 8.986232 218.44891 18.80262 0.007169971
743.2169 932.8243 204.36977 686.7624 0.0071563725
792.688 1725.4338 105.614716 3438.5864 0.0071552508
608.20685 1692.3611 350.91135 770.50464 0.0071428935
362.32474 1800.0612 509.93866 1973.8947 0.007133097
757.2646 2.305933 181.07884 4.5295753 0.0071271253
669.7998 2196.9775 118.95068 244.4097 0.0071270885
836.9003 1537.079 18.720518 2974.4438 0.0071229837
476.55524 1984.6033 704.6727 2010.5884 0.0071228347
688.9185 2498.132 308.30133 750.8796 0.0071218633
840.77014 560.58307 10.987396 873.992 0.0071207304
839.86426 732.0414 13.066801 1491.008 0.0071185934
455.74164 1922.5663 513.05115 1577.5339 0.007100962
580.0105 1849.0984 502.17636 1084.0544 0.007097692
784.05383 2531.9348 122.90973 1948.7144 0.007078797
712.93463 965.5961 263.6298 904.54895 0.0070268945
231.96127 100.40341 462.50775 198.11432 0.007017565
496.86847 2085.822 164.87744 270.40762 0.007011088
460.2858 2129.0754 293.2142 363.95947 0.0070105535
835.4662 775.9343 21.662992 1506.434 0.0070051947
680.3816 2384.0308 323.5293 1001.51056 0.0069897054
647.8949 1956.9327 359.2212 1349.6888 0.006988034
384.93622 1351.3057 420.08585 467.92688 0.006986201
512.5278 147.50363 655.0454 290.11987 0.006959688
477.72345 1647.8429 681.81995 1480.7109 0.0069424934
652.3792 2473.166 382.18326 1011.8616 0.0069408827
796.8452 2725.6448 98.49309 1559.1654 0.0069137476
688.7548 2673.4268 313.13388 1661.0544 0.0068835197
605.2949 1783.0715 450.69308 1112.9618 0.0068571926
386.01654 1742.2212 177.38599 280.65207 0.006855738
713.1356 2067.5325 238.09642 480.47125 0.0068508917
626.24414 2299.3984 433.0093 1539.1125 0.006850331
755.99603 1302.2697 174.01509 831.8889 0.006845142
268.8469 2198.814 489.71375 677.83417 0.006839951
122.057274 42.922264 241.91646 85.90724 0.006813734
362.3589 2250.5247 352.9344 591.3773 0.006799663
115.199326 1217.1392 220.0092 1697.4111 0.006789668
784.47614 2481.091 122.128944 2050.4795 0.0067821224
523.3073 1477.3495 455.04092 514.5935 0.0067556743
662.08936 2034.7456 362.42117 1515.885 0.006727277
522.91956 523.9602 259.85477 627.7478 0.0067213275
517.62524 969.29285 611.4959 1012.24274 0.0067005903
833.14484 1440.8817 26.135155 2944.955 0.0066967485
833.0544 2722.9563 26.516104 538.3594 0.006692496
685.44214 3173.0137 308.53363 674.8233 0.0066818343
508.44733 1943.7015 427.98422 852.0911 0.0066547035
699.58124 2743.3945 291.99387 1494.8778 0.0066320533
762.64105 2284.173 164.19019 503.17972 0.006595205
825.6826 2543.2668 40.95052 970.7504 0.006588651
90.16137 1962.9608 146.092 161.75618 0.006576783
773.1013 1333.928 141.35927 817.9679 0.0065626977
825.5241 963.89655 41.243526 486.44055 0.00654408
703.5975 2703.6482 284.06903 1541.5795 0.0065412014
398.09918 2119.9412 330.02173 338.28867 0.006539754
560.7062 2070.1921 440.99106 453.15607 0.0065323757
785.3286 2367.5215 118.96551 2279.724 0.0065319245
502.0925 1402.3832 501.7487 1068.4005 0.006528812
460.51648 2159.12 420.83093 468.21896 0.006523457
383.31198 1369.405 314.78802 843.41614 0.0065075336
547.6643 2167.3982 552.4209 527.4362 0.0065066675
775.6986 257.63702 140.22485 505.78955 0.0064874464
477.59995 1298.9602 177.23788 276.38354 0.006477483
844.92334 320.5197 3.028566 352.0617 0.0064759366
788.6186 885.0709 114.04888 1786.4922 0.006474127
460.0535 2020.5759 758.1308 488.34525 0.0064594643
288.60532 1250.5089 440.8873 1581.3353 0.0064583262
837.2637 1019.3237 17.492615 454.04556 0.0064310664
785.20404 3045.0203 119.00728 961.5863 0.0064131697
780.2898 2613.8337 130.29643 772.49634 0.0064099743
538.326 1821.0616 161.50949 279.7268 0.0064081126
688.17694 2350.3918 312.7337 1298.0471 0.0063999724
770.65625 924.1872 149.86453 472.9974 0.0063980804
733.2695 1419.5791 218.36658 741.98145 0.006374866
678.943 2180.129 314.3883 647.5561 0.006339216
687.0178 618.2083 302.32547 311.7649 0.0063146637
467.7569 2127.7866 669.6536 2747.1316 0.006313623
739.45514 1707.923 211.84668 3211.7039 0.0062973695
345.11407 847.7738 252.79619 414.44247 0.006292567
691.0688 1829.9047 304.22272 1200.6156 0.006286029
617.62836 1891.4324 439.07864 1140.3185 0.00626453
840.7289 316.27774 10.769508 646.6623 0.006259406
341.6246 1286.6141 322.57797 336.4679 0.006256325
644.14935 802.8638 217.97206 332.2232 0.0062518055
733.2155 2698.5935 225.16032 1611.4061 0.006250813
292.9519 1231.155 418.13565 1589.2566 0.006245259
681.1548 1116.32 321.43317 796.59094 0.0062121125
479.6098 1292.064 374.86136 738.4571 0.0062110564
843.97125 503.26898 4.111808 648.3588 0.00620454
772.4923 2256.8354 145.6255 788.4706 0.0061506894
581.25507 1323.9779 288.80133 898.99603 0.00613619
598.33154 1645.0988 404.9919 1369.6293 0.0061337044
389.47687 2020.9263 588.3084 1474.606 0.0061221225
771.4038 1195.4948 147.51735 1107.0139 0.006115818
659.3571 2503.1433 184.05974 313.8136 0.00611102
76.40434 3020.5276 162.56494 1007.8651 0.006107989
834.8729 2296.8484 22.36868 457.716 0.00610706
605.093 1700.5171 463.85486 1794.8147 0.0060982965
769.76794 592.8666 76.64086 92.60409 0.0060940953
261.38858 1710.3625 317.09225 580.0046 0.006091107
674.4282 2596.3882 342.01782 1819.8306 0.0060896175
528.224 1677.1743 579.5217 1219.3937 0.0060834964
401.16452 722.218 404.3202 1308.2527 0.006051929
451.6295 1064.1833 197.48514 399.35086 0.006010845
677.3453 1012.0674 157.2129 275.05322 0.0060095317
795.4666 1024.9872 100.05194 2090.3345 0.0060008364
309.1846 1590.8718 447.25598 848.1224 0.0060000373
688.0556 2172.437 273.8569 606.0469 0.0059949458
519.99146 1865.1423 351.70068 670.2922 0.0059876023
404.99533 3059.8467 784.30444 902.7678 0.005979296
531.98975 2488.5383 299.594 488.52945 0.005971988
680.27026 947.54865 329.9478 818.9126 0.0059609585
374.7846 1236.0795 310.81192 419.51917 0.0059445337
840.1821 2159.9211 12.321943 605.45325 0.0059438855
682.2192 1157.2177 321.1631 1167.8538 0.0058980174
334.30713 1435.3553 507.9313 2828.26 0.0058923475
184.92435 1971.2256 173.89618 239.59904 0.0058882236
431.3765 112.09567 773.24335 215.0733 0.005881278
801.8545 833.5695 89.41216 285.49652 0.005880338
706.683 2214.4502 117.674934 258.20734 0.0058727167
719.0776 1408.8141 249.95619 1104.9828 0.005864318
838.02527 2587.9148 16.6207 746.2024 0.0058625587
343.83713 484.78793 108.13674 228.79326 0.0058612945
595.8511 425.83118 123.53666 222.6766 0.0058562118
793.20764 82.49752 107.84721 162.43298 0.005853606
799.0991 2320.4937 93.049 1465.082 0.0058470746
485.9214 1491.21 708.65735 2978.1814 0.0058126003
769.5189 748.71906 146.22203 1504.6198 0.005803792
368.53668 1112.3573 301.72083 1190.554 0.0057988167
558.5087 2347.16 660.5819 787.59686 0.005793371
492.68738 1380.2047 625.8436 1357.1526 0.0057861106
825.7819 2643.8428 41.000576 650.7871 0.0057780985
842.4905 2415.3628 7.3030868 628.02515 0.0057430835
104.69852 2081.032 193.85388 439.44333 0.0057427897
468.12027 1522.8885 422.93222 988.43475 0.005737274
94.93903 657.5999 196.70836 795.1285 0.0057234587
501.5753 3011.1877 640.6424 990.24335 0.005710359
481.43265 493.9746 158.69499 411.66898 0.005688312
49.973045 3211.5208 100.51616 653.7623 0.005678819
830.9022 3222.216 30.905224 580.55414 0.0056689675
826.7075 2337.3247 38.885345 1429.396 0.0056414995
357.34366 2114.62 245.79022 303.80634 0.0056387046
818.0362 5.379119 59.787075 10.133566 0.005636783
838.4824 538.69055 15.699065 1115.9141 0.0056366012
722.4515 2374.4143 244.5918 2271.9175 0.0056228456
662.2923 1224.0018 358.05048 1361.8154 0.005611058
412.16574 1270.3718 250.92285 229.10004 0.005603109
784.40155 2558.0017 122.35912 1925.3196 0.0056020888
656.4462 1587.3593 369.7365 1615.1752 0.005597582
607.416 2053.9958 165.56961 288.63336 0.005588213
440.33145 1275.7699 200.53839 184.27208 0.005586684
654.8373 1866.5665 377.1581 2129.9312 0.005570128
592.23615 1314.2311 273.00565 634.69666 0.0055361125
439.6683 1443.4913 353.3099 1627.0974 0.0055181743
701.7174 1753.317 284.25513 1172.1543 0.005509676
827.5294 2876.8298 38.132057 1265.7988 0.0055060326
836.21625 2090.1594 19.894466 989.1708 0.0054840446
719.9622 2237.9783 249.04335 871.45654 0.0054733274
844.78204 303.73422 3.2895906 322.9499 0.0054616076
461.5313 1800.1313 742.3315 932.4124 0.005456322
104.24929 1586.896 181.04697 936.45123 0.005429309
661.1207 2396.9985 362.11194 2422.8457 0.005423189
362.1853 1018.87354 268.4881 368.71973 0.0054130037
770.9619 436.9209 156.70937 873.4876 0.005412796
676.8485 1045.7666 252.5162 611.1719 0.0054084053
624.4897 2790.1362 206.36406 368.48898 0.0054081692
619.653 1256.3711 308.38647 749.0798 0.00540376
84.26103 60.441963 168.52188 118.12365 0.005367411
839.8198 2276.312 12.940027 1490.2261 0.005360079
714.7255 343.42593 265.27734 692.1857 0.0053595807
372.09464 1300.4434 332.00845 417.92184 0.00535439
451.5613 1519.9506 787.6822 2874.0051 0.0053460696
743.0965 1458.6104 197.02357 568.6096 0.0053413375
781.42883 57.38175 127.311035 113.15556 0.0053353775
179.75478 1430.6467 170.49452 598.07196 0.0053337
679.3977 2417.5552 215.02367 355.98398 0.005330561
697.637 1500.6736 292.43414 1028.2457 0.005322528
493.08572 1675.5969 673.634 872.4196 0.005312709
741.88605 2072.0537 206.36707 1138.7601 0.005292732
244.58127 509.77563 35.95607 47.08613 0.005290834
571.6467 1133.4906 237.50815 536.2348 0.0052884803
360.20386 1030.141 205.35503 280.05765 0.005272283
783.8281 1627.9998 124.29873 3336.8306 0.005267579
770.65985 1583.8772 150.80618 2941.0266 0.0052667293
724.85425 1432.7053 237.17885 925.2981 0.005264277
771.49054 1526.388 145.08495 710.36536 0.0052623716
630.2672 2817.0715 361.02414 535.02386 0.0052527185
835.19116 1078.2941 21.524687 284.00552 0.005250494
99.27824 1758.7593 179.2062 581.8224 0.005239664
375.65884 1323.3545 374.91068 394.4384 0.0052368613
584.71686 710.188 313.9542 652.6088 0.005234475
587.67596 1586.7925 178.53613 335.76968 0.005233618
766.2805 745.62915 164.91673 1501.4474 0.0052228128
455.56174 2060.7305 275.25607 439.7229 0.005220658
453.2686 1296.5272 744.2923 2374.8838 0.0052183354
629.59894 2141.357 427.73114 1734.7582 0.005214552
782.1626 2447.5488 127.936325 2146.6577 0.0052089947
79.13105 3293.4543 158.72452 454.1612 0.0051842555
779.4206 2111.6145 131.92659 2783.6758 0.005171741
186.70738 1432.7863 293.33624 1229.6913 0.005162203
819.99274 1034.9862 52.25014 545.0582 0.0051363353
406.4929 3237.0354 804.5548 548.2364 0.0051263864
826.4235 2848.7346 41.810413 506.49316 0.005120531
841.54785 1836.3713 8.748815 494.3712 0.005087581
838.67413 2599.3762 15.091379 701.75134 0.0050596455
753.2855 1570.2765 135.49448 356.51135 0.0050580925
746.946 3078.7576 193.39824 868.8076 0.0050397203
139.47289 1731.8181 244.90358 645.00146 0.004993231
836.0704 1062.8981 19.944767 242.91978 0.0049844803
603.78204 3251.5483 567.71625 148.20459 0.004981776
690.3028 1516.9882 188.36378 431.9059 0.004981485
165.20679 1027.589 305.8424 2090.7 0.0049512926
157.14064 1770.6447 261.06586 546.8666 0.004951093
478.3256 1207.0048 350.43967 626.0515 0.004937498
785.90656 1541.3291 116.90327 515.28735 0.004936418
716.0113 970.71625 264.1762 1140.5342 0.00493358
403.84668 2076.033 196.5992 244.56303 0.004920472
617.92786 2203.071 452.37442 1582.9128 0.004909367
722.19666 1459.0573 241.05846 645.0368 0.004905946
821.0337 1300.9268 50.31871 655.3235 0.004903914
829.47363 2702.0232 34.13713 1601.5403 0.004896039
443.24615 1256.4221 595.691 2100.7754 0.0048845783
682.6876 1184.0671 318.54343 570.21875 0.004865249
573.4581 1330.1516 333.8577 670.5704 0.004859557
127.434166 2807.7327 235.36948 610.83954 0.004821272
778.7003 2601.8918 133.58049 485.0887 0.004819225
84.68865 3182.4463 166.08292 658.145 0.0048183515
658.972 3251.0657 340.8476 529.70703 0.0048172884
816.26587 243.30609 61.83981 448.75204 0.0048073134
822.2367 1066.3995 48.10076 862.7289 0.004805386
761.99426 2157.9053 167.60985 2692.1665 0.0047944617
95.46149 616.2563 193.79716 747.7769 0.0047846315
715.2747 2507.5967 259.1494 941.35315 0.0047786296
364.1768 2144.0298 362.78662 611.2578 0.0047712987
333.8232 2158.3877 509.70184 1597.8447 0.004769221
790.37775 1116.083 110.285484 737.1587 0.004764719
271.99625 821.35376 95.37331 204.1765 0.0047545973
843.95795 309.79007 4.3952127 624.6002 0.0047330814
782.3344 2468.585 127.77815 443.4811 0.00470755
433.14597 2215.8535 383.1231 629.4568 0.0047050756
567.1596 1433.3085 295.2382 936.7685 0.0047050193
537.3342 1559.889 330.6998 569.81396 0.0046945964
352.015 1865.9299 451.07254 1746.3158 0.004686233
27.973059 38.487225 57.049824 73.71755 0.004681338
360.79547 1077.9188 299.76935 825.2791 0.004674367
623.19934 2492.5398 208.50494 348.0108 0.0046731113
274.2788 2226.391 444.37912 1067.5609 0.004672431
737.3263 2824.9756 216.89838 802.33246 0.0046502342
763.9844 3219.221 149.38786 587.49414 0.0046227006
488.19482 1024.1986 159.4662 295.9373 0.0046183825
400.43192 2294.5767 306.48615 615.92523 0.0046178387
825.3987 1825.5149 41.574146 458.76016 0.00460679
628.3002 2677.784 232.48842 507.8316 0.0046066153
253.12262 1430.0693 172.23584 311.45572 0.004596924
477.89847 2006.8744 182.27318 280.4601 0.004592588
631.78656 2275.7412 133.72092 231.66858 0.004592488
787.111 3379.7373 101.12485 251.78012 0.0045434195
593.4924 1061.4213 165.29117 352.3113 0.004525129
800.08453 1418.6744 89.988205 918.38947 0.0045249485
348.37888 1988.0139 464.202 1599.0768 0.004515885
757.86566 1234.6984 175.75275 952.1174 0.004500524
800.0238 3098.3057 92.122734 788.4924 0.004492234
527.4764 2563.623 189.27223 329.75705 0.0044903173
211.75807 3048.9053 443.23718 958.8017 0.00448857
446.26685 1637.0459 336.0893 539.59906 0.004479407
527.0534 1521.3132 136.7399 284.4128 0.004478905
361.58292 815.12384 243.85954 551.201 0.0044740047
842.7979 780.5222 11.444449 676.2954 0.0044658966
551.6605 2272.384 217.31152 401.5058 0.0044650994
834.3701 2723.243 23.988466 633.5337 0.0044565513
726.635 3232.782 227.22131 599.85065 0.0044564283
845.2984 462.77313 2.0187156 671.84595 0.00445299
831.2758 1634.7346 28.757814 859.90985 0.004417833
781.1112 2220.7058 128.73059 570.69214 0.0044117696
750.28876 15.185675 209.5379 29.391943 0.0044056936
515.6558 1068.6567 132.23474 314.8404 0.004399292
567.00696 2223.5566 185.36897 295.4091 0.004390135
827.16034 247.28152 40.893356 484.28262 0.0043866807
832.74316 2635.33 26.84537 1089.6417 0.0043670842
41.061764 101.86965 81.797264 199.86726 0.0043547032
657.6473 1518.8828 221.8343 424.85016 0.0043290206
827.9085 2980.9636 38.496704 243.18166 0.0043266453
694.0155 3184.0364 171.11827 516.52747 0.0043204934
403.9759 1623.5183 125.02376 226.07016 0.004318707
696.0001 2717.2234 313.19745 1359.0925 0.004305933
577.5648 2432.6694 234.89648 619.7507 0.0042984816
786.9837 3021.7224 121.466896 193.73737 0.00427134
349.54398 1711.9719 351.98108 553.09344 0.004257606
845.2735 508.66183 1.848374 780.75165 0.004241714
644.67474 86.64327 394.00952 171.12526 0.0042351815
2.5087945 131.98094 7.0692024 250.57207 0.004232932
810.84 3226.6802 68.0272 552.05414 0.0042328574
226.2972 2744.6663 272.60562 487.14267 0.0042313263
477.83105 1799.462 203.44467 377.5757 0.0042236666
792.2974 1636.1665 106.23778 1154.7506 0.0042111548
784.42053 3109.1282 121.26384 602.1789 0.0042089755
832.92633 1712.022 25.516453 500.08057 0.004204603
691.4853 2259.4539 304.26898 1454.7897 0.0041992776
413.29233 2676.301 216.16663 479.25497 0.0041989884
835.62616 2559.8533 21.753492 483.71353 0.0041959654
713.8515 1712.4043 261.23553 828.2738 0.004184614
683.5138 2555.7742 333.48288 1869.7874 0.0041834973
345.86435 698.25635 578.8945 1422.4463 0.0041827047
481.25476 3305.2356 656.3319 505.2571 0.00417451
151.08286 1554.7902 125.92423 457.82358 0.0041738697
726.86664 1590.8502 145.11047 320.4862 0.0041326275
729.4605 3209.1973 216.04341 609.9704 0.0041306107
732.15027 20.756092 234.43199 40.744003 0.0041280026
665.21295 2801.4973 217.82843 327.8256 0.004120351
370.03983 1683.7614 510.06113 636.6397 0.0041183694
803.03674 1439.1812 84.44917 608.2179 0.004115812
623.4509 2129.6758 397.8719 1725.9349 0.004115085
601.0449 1853.6005 339.7845 829.9282 0.004112288
486.615 687.22894 181.47113 432.89264 0.0041030026
197.53192 2710.8398 412.1602 1190.7867 0.0040985686
761.0812 1839.9075 171.03065 447.08853 0.004092273
252.40668 3078.673 331.89185 560.69226 0.0040918104
410.36105 1604.9592 213.38583 498.03693 0.0040917327
486.50742 1848.8925 398.93332 934.81305 0.004091399
766.7123 2646.8538 158.41791 1739.5953 0.0040894873
819.288 1852.4688 55.29934 461.14474 0.004086315
571.3262 1632.0928 144.77748 252.10512 0.00407464
470.1451 1754.2015 742.5044 3484.944 0.00405356
836.259 399.60916 21.436943 728.1972 0.004053402
832.4745 1981.3193 26.903381 1977.9585 0.0040533887
3.908042 346.32922 7.8315473 623.85065 0.00405254
94.798584 1664.7754 169.0587 796.23376 0.004043376
823.8651 3036.3582 46.901527 504.42468 0.004038745
201.03186 2821.5693 371.2369 847.5926 0.0040298877
219.12663 2591.2546 431.72302 1403.959 0.004012675
769.3619 2496.5134 142.70578 339.74515 0.0040117754
790.0488 1636.8956 112.48089 467.11484 0.003986931
89.88454 1646.503 152.35905 802.972 0.0039707874
727.4836 1689.1698 230.97081 1831.6416 0.0039673336
286.52176 3263.6235 325.81366 494.6152 0.003938648
649.6799 1606.703 262.4209 429.84497 0.0039374544
820.0151 2910.318 54.829235 342.02097 0.0039334823
701.1005 2060.5369 274.6732 1322.6108 0.0039307373
767.7943 2330.3726 151.06671 934.5615 0.0039263745
463.8363 445.03122 524.8156 895.13727 0.003907497
800.25024 1962.1764 92.75688 561.142 0.0039056004
705.38367 2583.3665 275.39246 881.25995 0.003897963
778.124 3097.1433 125.84509 824.03217 0.0038933316
643.9026 3229.985 272.68478 551.6496 0.0038695326
782.7295 3101.3333 120.23297 332.6124 0.003862738
832.4729 1937.4319 26.424711 2238.2498 0.0038510002
131.2855 2819.3591 241.99335 617.9565 0.0038316117
782.47473 3127.2834 121.24793 393.73575 0.0037997677
145.91452 2402.8623 152.59962 342.22043 0.0037963705
324.48187 2739.0706 313.08075 665.65234 0.0037818772
101.68316 1240.018 192.61636 1640.4028 0.0037809936
834.92847 1006.01385 22.447067 2080.5195 0.0037798802
96.036545 1627.1198 176.86058 868.10706 0.0037722886
211.30101 3122.0396 446.31586 824.90485 0.0037694566
775.0456 2737.5469 144.24898 474.28482 0.0037297371
503.44238 2408.903 679.4734 1198.6831 0.0037257525
844.25165 354.74213 3.5070393 728.71204 0.0037176337
763.1451 1645.3041 165.22702 561.22253 0.0037158753
478.17743 1570.119 598.6864 643.52704 0.0036932072
182.0607 3275.4543 225.59737 168.34016 0.0036913708
664.3964 2608.5078 175.71593 379.925 0.0036862346
791.0901 3220.8228 105.7665 625.23334 0.0036828856
788.6513 967.82434 100.68535 1690.3627 0.0036699364
154.79979 3435.9878 309.7391 170.73569 0.0036505698
753.1333 70.88885 196.2076 136.99597 0.0036432096
171.24454 1488.3936 176.67427 645.2511 0.003611503
729.0893 2446.4631 230.1615 1086.8081 0.0036114946
373.203 3221.0042 267.31137 553.5107 0.0036079392
312.09277 3283.9363 302.83417 458.24396 0.0036052335
84.814575 3468.8408 156.59207 90.18256 0.0035789981
364.41263 1904.9204 411.2096 506.4563 0.0035788824
301.17877 2302.8826 365.80038 1249.6813 0.0035742754
404.43942 3133.912 491.5949 721.3464 0.0035575444
745.44763 1248.5131 188.05588 483.33273 0.0035566725
680.95056 3110.2256 358.11813 985.0886 0.003550688
372.9942 3385.642 741.1605 257.58276 0.0035492158
784.0097 3329.2686 100.56576 355.63855 0.0035102954
65.81695 3419.8135 131.5239 173.30885 0.003499813
731.7978 2076.561 168.95012 296.1636 0.0034899916
412.84836 3468.4272 809.576 98.11662 0.0034717661
837.64355 2343.5708 20.50523 296.12842 0.0034484921
742.90155 2730.358 160.99275 324.16953 0.0034280985
433.56183 1665.4027 368.3422 661.67346 0.0034241925
340.23157 1882.4717 436.29443 1056.6477 0.0034198684
602.4941 1341.0056 205.37166 261.9054 0.0034053284
746.9409 3059.6702 187.98943 887.47314 0.0033874465
771.7091 629.8392 105.381195 161.31444 0.0033724043
301.47574 945.3347 364.98074 1931.6115 0.0033522248
249.51659 1347.328 354.2295 2370.2568 0.0033471466
772.0073 922.08356 82.16331 1708.9193 0.0033251415
720.4301 3352.6006 155.68526 323.97168 0.003297206
788.795 3358.1333 105.93786 296.43918 0.003283543
680.3652 2603.319 342.3887 1831.7238 0.0032793884
253.15234 2920.0457 454.97913 1217.2737 0.0032778252
281.99014 2412.607 498.23932 1051.6145 0.0032773113
347.5265 2936.2864 251.59961 336.03946 0.0032730494
797.3402 1836.0916 104.19184 434.27975 0.0032519922
654.5651 3377.2961 306.86154 270.93842 0.0032455365
810.9603 1341.8912 70.1702 789.9064 0.003239432
782.2599 3377.3875 110.616554 259.4464 0.0032385436
675.78625 2604.5127 142.46095 267.191 0.0032342812
459.83005 1743.6515 757.7941 3448.8315 0.0032059955
783.596 3220.129 119.490746 578.3796 0.00318896
5.8386283 807.46265 11.308155 412.38806 0.003161029
840.562 3077.7314 12.296782 455.83176 0.0031342488
691.6574 3373.1304 234.77554 273.13434 0.0031276764
813.12164 1606.3287 66.77592 418.1095 0.0031250343
732.8481 3086.4028 131.7735 327.5317 0.0031242396
801.0097 3044.464 89.73469 242.25403 0.0031212738
666.794 3344.7234 165.16151 331.27963 0.003114616
805.923 3438.2468 61.040054 129.34909 0.0031127082
831.6925 3131.5718 30.48974 435.42252 0.0031050236
780.771 3348.299 95.65968 318.05453 0.003096454
769.7291 3344.5254 130.98074 333.7692 0.0030894703
842.2149 176.88449 8.351956 355.5561 0.0030788586
683.27625 3356.091 164.99995 287.44464 0.0030725233
506.79953 2410.5422 365.77777 1475.3693 0.0030396048
514.0018 2149.8206 579.50574 1839.8312 0.0030366671
610.36053 1932.5408 363.94556 807.7801 0.0030316762
740.23236 2098.949 177.12973 431.2022 0.003019465
285.0482 1697.2932 423.17563 1834.2308 0.0029952514
445.4335 1414.2968 450.7481 691.66034 0.0029495668
659.93317 2059.705 356.63992 1137.247 0.0029248567
819.3645 1420.4757 52.715107 2038.2336 0.002923087
799.0432 3373.1663 86.384834 266.46756 0.002914788
645.24756 3229.5647 173.92032 370.8291 0.002907874
785.77637 3422.3528 92.98214 174.60379 0.002893458
802.3557 1768.9479 88.210396 3318.8757 0.0028878148
758.3771 2781.44 152.53099 368.86975 0.0028859782
714.5181 1883.2408 238.16573 1127.8464 0.0028837163
708.1184 1519.3958 268.8401 1337.6692 0.0028752869
800.1412 2002.0178 90.04875 464.15866 0.0028522194
525.30707 2642.685 645.8049 1677.9631 0.0028076782
760.6963 2614.6284 132.97592 342.3224 0.002801348
821.26855 3431.745 44.60666 153.77908 0.00277648
729.10596 3347.8071 177.14983 331.75653 0.002759716
745.8669 3220.039 194.25409 587.68274 0.0027588108
823.4157 3223.429 42.956898 564.6385 0.002752272
650.7571 3375.3518 202.45602 252.09686 0.0027459932
806.48364 22.426481 80.3375 85.11199 0.0027395438
839.33234 3203.0505 14.164699 540.98364 0.0027388756
604.9258 1304.5422 158.26318 211.67947 0.0027130444
510.59665 3042.6272 496.56363 801.0221 0.002699087
385.10022 1102.4257 272.26367 780.36005 0.0026834896
357.41882 3404.652 781.9082 323.3436 0.0026369796
460.81204 322.17197 750.441 701.45386 0.0026212987
824.4579 3309.3044 38.018383 394.00665 0.0025963094
512.7101 2439.1543 538.5545 1072.4081 0.0025239715
554.6861 3395.8723 453.75204 245.36963 0.002523117
797.74396 3464.5085 73.60665 88.78958 0.002510823
596.2358 3469.594 433.326 116.48677 0.0025102524
762.46655 1497.2314 140.72513 3041.8062 0.002503574
774.06616 3421.6924 129.82281 178.96407 0.002499204
733.4427 2615.3796 214.78964 426.5262 0.0024422805
546.6306 3036.41 514.66943 967.2118 0.0023888291
691.4945 3159.8281 215.9436 410.21008 0.0023843697
818.2718 3372.042 44.592594 269.63693 0.0023295183
201.90971 1711.6764 252.89583 1695.0942 0.002286329
657.48236 2155.3735 333.1834 879.9642 0.0022734585
833.83215 341.58783 36.51078 685.6775 0.0022726886
803.5084 1505.0431 94.020744 2781.259 0.002246978
802.745 1321.0736 91.45405 2419.58 0.0022372217
526.4196 3386.9143 559.20593 458.6843 0.0022048005
591.6983 3502.81 452.4117 40.061207 0.0021932067
775.227 2657.4265 190.3006 1705.6615 0.0021798655
804.0957 1349.1836 89.58554 2273.3516 0.0021793097
685.6516 1001.13135 320.6148 2029.979 0.0021654994
603.1607 3423.8206 353.55585 212.51057 0.0021636814
696.4975 3487.341 224.54877 68.970604 0.0021542637
660.1051 1787.7152 80.49551 1259.3938 0.0021390803
738.6646 3116.4666 213.30489 784.40247 0.0021358135
547.05585 1285.8873 264.24054 2604.887 0.0021312148
312.84274 1490.7266 266.27097 1427.5681 0.0021176313
656.32007 2894.2205 609.05786 234.61353 0.0021170094
475.66745 2419.4077 670.48694 2109.127 0.0021120573
811.0315 3476.0886 55.983494 72.3245 0.002070266
276.08762 656.2884 368.98764 1314.239 0.0020644364
572.6704 3480.6487 601.307 61.72599 0.0020314192
760.7099 414.68082 87.60929 495.71518 0.0020295805
683.4975 2176.4856 315.07748 897.9123 0.00200106
835.10565 3060.0574 27.471075 254.93756 0.0019958918
435.71045 2509.5735 795.43475 2019.1863 0.0019839006
474.49072 1578.835 595.9925 671.46045 0.0019749524
652.11053 3501.2368 302.50748 33.781525 0.0019595248
769.27655 1762.1797 147.29218 3348.3008 0.0019116583
617.8168 1346.0082 288.8051 1093.3866 0.0019095606
837.0358 1906.8655 18.506197 2538.3528 0.0019006468
839.27716 3330.606 14.813738 330.62646 0.0018286
273.27335 2923.5447 194.90202 493.13464 0.0018124215
828.5633 3461.353 31.616873 129.52516 0.0018113703
332.8363 1883.4069 360.62674 505.7076 0.0017970719
580.79767 3366.5845 413.1208 184.41644 0.0017800828
274.16956 1764.862 300.76395 940.70374 0.0017634521
834.95294 3347.5845 21.958414 296.94717 0.0017489691
568.84045 3473.5225 503.18057 91.92816 0.0017079812
820.2815 3484.451 42.3552 192.82616 0.0016912073
807.8471 1409.7104 83.157776 2531.9368 0.0016719461
462.02457 2147.9617 280.10315 808.7345 0.0015686242
830.0904 3401.491 28.870169 207.9158 0.0015267173
766.50696 322.95526 107.30039 668.79474 0.0015254073
731.1074 506.70853 100.65533 780.96875 0.0015029572
605.56964 795.9899 322.8391 509.594 0.001494648
837.406 3459.595 17.965935 95.063805 0.0014641254
669.99335 3239.8135 286.76065 485.8541 0.0014201798
572.6288 2948.3386 421.28973 1915.7255 0.001407786
506.0519 85.94174 688.825 199.1125 0.0013705962
405.3811 345.0142 315.14636 630.84015 0.0013326184
806.5916 3272.7249 109.19846 448.46396 0.0013167578
840.4448 3381.8474 12.543555 225.1366 0.0013071906
432.5697 900.832 750.9705 1852.4576 0.0012867674
278.04794 1279.36 260.7426 1331.7697 0.0012781863
619.735 2431.9863 331.49887 916.43414 0.0012534389
376.70087 1141.7963 571.4877 2258.9277 0.0012403907
331.0791 1573.708 322.65805 837.3668 0.0012376568
775.7318 284.96844 138.33415 473.20853 0.0012300208
481.99872 1865.7482 350.831 504.70148 0.0012280267
790.7586 1865.4154 116.2149 1782.8175 0.0011962269
544.8253 2800.0725 635.4231 1509.6483 0.0011741364
834.6138 3489.4226 23.677526 165.92717 0.0011728515
323.8442 1007.9347 535.0972 2039.5496 0.0011671182
565.4147 623.0095 197.99731 907.0373 0.001102001
722.0237 631.2866 104.17524 1136.3942 0.0010943355
442.9178 981.41785 792.2845 1739.3657 0.0010718212
688.8699 249.19725 507.44238 411.62668 0.0010610885
430.18323 482.94885 700.5971 927.0651 0.0010595885
666.5716 289.35062 513.46454 443.82095 0.0010458416
462.26782 2772.2527 362.6387 264.32507 0.0010224938
359.6113 3366.7795 586.3583 469.75064 0.0010187266
441.37405 414.58044 800.42834 785.438 0.0010137357
477.24515 2277.8916 250.34213 872.4768 0.0010115332
722.42523 3046.5076 247.36032 1027.796 0.0010076176
778.5009 3366.453 71.61707 442.678 0.0009988501
644.366 910.01666 437.95697 1063.927 0.00097115693
435.0924 32.869614 807.77313 93.76064 0.0009486954
637.781 3380.396 301.66525 64.230995 0.00086375343
645.78845 3501.0781 337.27994 30.65876 0.0008510607
654.40845 3481.3496 275.71887 113.25466 0.00083229947
790.099 3220.084 172.26392 202.9974 0.00070610305
803.9375 2250.9438 290.4533 604.5201 0.0006221505
716.15735 1445.8494 488.4262 1194.8075 0.0005966216
