578.48 1465.3936 1143.6436 2917.986 0.5971943
570.17163 2180.4463 1126.7231 1482.2695 0.2630245
289.94846 410.36542 180.62405 197.45729 0.22165833
576.12256 2063.5688 1138.1448 1713.101 0.13119382
537.0315 2270.1975 1045.3721 1287.284 0.10218914
358.82797 869.00854 708.01166 1734.1189 0.07881534
576.1953 1895.7396 1134.1813 2044.0048 0.069586836
608.3967 2158.3948 888.80786 1235.0876 0.03980088
602.7777 2133.878 868.3235 1156.7064 0.038087197
779.19196 2243.3162 518.26575 665.3124 0.037014443
344.79672 391.63388 300.15668 246.4925 0.031463556
542.81903 2175.0083 958.81177 939.05066 0.030405644
558.5026 2050.5999 995.7348 1115.7261 0.028949615
323.0681 414.6615 103.452774 180.10858 0.027667398
355.39212 760.1574 698.7112 1514.6116 0.027601063
561.1557 946.9731 1094.8757 1882.0756 0.027465794
661.7437 2186.5732 768.9434 1142.8326 0.026943728
577.6084 1911.1401 997.6628 1640.8342 0.026143948
329.87823 407.70892 302.3144 307.97202 0.025365952
300.0351 865.26337 589.7127 1725.7002 0.025016489
578.3992 1465.1376 1140.3153 2916.32 0.024489585
292.1151 823.0555 571.7653 1626.4067 0.02433743
374.31937 1455.0387 729.2704 2899.3232 0.024063552
578.0785 879.6357 1136.6378 1749.0293 0.02320791
639.34015 2322.6475 789.65814 1041.8427 0.022471754
473.0668 883.3182 916.884 1759.4036 0.022057677
533.0179 1217.4487 906.1487 1885.7695 0.021710992
537.8646 1099.9199 983.7119 1753.106 0.021129873
450.0658 917.4819 874.08875 1825.5657 0.019946767
503.46634 972.5018 933.8682 1823.7654 0.019538984
550.2282 2289.4302 852.4852 827.3658 0.01927546
266.58133 963.51154 520.42255 1433.8152 0.019100824
709.7153 2129.277 358.26443 402.89117 0.019017003
555.014 1117.0249 1061.3947 2185.9539 0.01898769
756.1642 2069.145 605.0823 1166.4851 0.018748907
577.5955 1684.5426 954.4651 1726.9078 0.018354913
354.66333 423.6808 694.72125 842.7423 0.01808237
1065.8176 2595.86 141.38965 170.5636 0.017975938
504.4357 903.67285 976.5402 1801.0573 0.017912973
289.97952 409.72467 175.25586 193.34518 0.017908469
861.1446 127.36571 386.0808 250.50624 0.017865239
437.71527 901.562 849.41455 1793.2148 0.017547438
356.25677 504.91125 698.6372 1003.13196 0.017327087
571.3335 1759.6127 986.7696 1659.8673 0.016542321
682.9251 2260.4329 686.384 818.8123 0.016145986
569.7833 1608.0394 974.047 1755.8037 0.015885387
465.00742 2294.491 883.83765 1231.679 0.015495018
569.1616 1678.7303 951.20404 1590.1753 0.015474498
701.5222 2290.6567 684.8857 981.9871 0.015341142
352.09128 267.31903 692.0639 526.4012 0.015335454
357.26694 601.8227 700.2283 1198.809 0.015285949
498.87766 1100.8097 838.13367 1679.7523 0.015083094
789.25806 2098.083 635.07153 1258.583 0.015032855
442.64484 1161.1028 808.6611 2016.2196 0.015013591
355.22977 342.8009 697.02325 681.802 0.014806385
304.52246 241.93674 596.75854 487.03705 0.014683186
566.11475 2406.4214 1102.3507 1034.7526 0.014622257
540.8807 2358.895 737.7824 917.7601 0.014497371
419.55206 1022.9631 814.4702 2037.5498 0.014163016
723.13245 2344.0352 630.7975 1009.55457 0.014088006
777.69556 2137.6384 491.13873 445.58505 0.013944232
439.9365 349.337 114.87715 146.6969 0.013905144
572.04974 2705.2168 1122.818 461.5205 0.013734004
819.50183 2285.3613 591.57794 826.3538 0.013700151
603.3889 2156.5386 812.70404 820.97424 0.013621553
529.1635 263.54645 1048.5347 522.67804 0.013485994
504.7026 1193.4408 909.6512 2067.3794 0.013385316
298.15982 462.58243 440.47574 521.52386 0.013349049
552.9993 830.5107 1083.6252 1657.1477 0.01332723
371.50446 1184.6069 723.1258 2365.808 0.013289741
564.59375 1635.9105 972.41986 1496.7704 0.013239201
922.28876 906.6423 494.39444 1819.3317 0.0126793515
360.89417 2274.5403 694.7731 1279.2373 0.01244922
435.09027 270.21237 492.98404 522.1496 0.012416252
811.09326 2304.4272 621.9438 986.8195 0.012398413
370.2782 1205.824 720.34955 2408.067 0.012293825
513.18665 2386.721 720.4494 967.69135 0.012227709
523.9998 1409.1714 884.781 2078.8582 0.012217647
52.73115 2754.835 98.685776 228.57976 0.012065693
563.43744 1944.3378 934.0633 921.5558 0.011801743
209.86127 574.4176 381.82635 537.2302 0.011735135
269.26935 550.2265 490.48322 617.4334 0.011699636
727.0 1992.2273 619.6696 967.05457 0.011527112
955.90765 2219.8994 161.37521 254.46175 0.011520181
637.99896 1979.7969 725.6565 889.4359 0.01144503
268.8395 762.763 504.63147 1012.2591 0.011286707
483.23 1005.24347 780.86487 1450.8064 0.011240893
568.2238 2603.751 1111.6852 649.631 0.011238672
720.3339 2072.6199 786.866 1302.229 0.011237576
699.8276 2038.9905 330.55322 227.71518 0.011229578
366.98535 1001.9139 716.60516 1500.5028 0.0111843785
303.61087 496.65732 586.1307 983.2694 0.011098029
875.7749 2057.3171 521.8286 1248.6494 0.011036666
801.31323 2302.6702 632.0844 950.3736 0.010998337
424.2315 1088.9846 822.1631 2174.1484 0.010945311
437.78122 390.47748 129.41809 224.40968 0.01090404
594.845 1868.2191 827.6574 1330.5358 0.010793035
528.755 222.26762 1049.1311 441.59412 0.010770506
452.44586 946.74115 846.2789 1455.9249 0.010706468
391.5847 369.2984 404.77463 310.53235 0.010674031
566.38965 1625.0221 1068.5869 1484.3983 0.0106534
664.1372 2215.611 703.4552 722.7241 0.0103822425
317.44952 403.97363 413.7125 452.02142 0.010355434
358.66235 1068.8665 693.8849 2134.0364 0.0103015015
298.84225 195.2504 590.70856 391.8058 0.010272713
698.22235 1966.7253 845.74066 1570.1863 0.010234402
570.52435 2747.7244 1121.7762 381.75824 0.01014392
744.6567 2142.0342 773.39795 1419.2655 0.010038062
556.52057 450.4903 217.29094 388.58994 0.009980291
793.2169 2224.377 337.3982 541.33417 0.009911072
348.0496 148.24657 307.5172 246.86021 0.00990249
347.49207 444.45468 519.4514 679.5206 0.009867022
720.3 1879.5758 810.8078 1628.148 0.009854383
231.0233 914.6702 440.91028 1237.231 0.009840638
961.1956 2071.8235 375.2998 1252.5068 0.009821236
432.46698 382.88544 150.59256 243.88477 0.009775993
922.1448 2122.9563 244.05042 459.98587 0.009633502
316.1667 2409.277 607.12555 1019.76105 0.009553131
417.21014 1148.8535 668.3481 1112.9441 0.009487581
543.21246 1387.7615 1021.86945 1224.1521 0.009433557
529.53033 436.87842 1043.4991 868.3823 0.009418047
387.76688 384.3875 224.29155 246.00801 0.009114132
309.45248 322.8795 468.41644 469.7332 0.009040326
918.7734 2066.5422 448.70874 1233.3799 0.00900502
926.34076 2242.8047 380.81775 860.6712 0.008973497
381.20383 155.11693 405.10458 303.0728 0.008958497
525.4346 1617.7888 397.6908 332.43542 0.008934416
278.47876 533.14716 528.1012 773.66864 0.008781835
546.46985 1353.8151 1030.7345 1378.1769 0.008777469
935.18085 2261.9973 357.9044 822.2541 0.008725392
532.5682 721.8854 1044.7439 1439.7937 0.008633148
580.6599 740.4719 1147.5165 1473.0171 0.0086271595
717.3694 2346.1191 342.53195 842.1605 0.008594062
534.1309 1299.6959 758.88403 970.39966 0.008580417
871.0024 2243.0134 370.618 652.7589 0.008545482
309.65332 592.3615 426.7258 781.8924 0.008544864
551.6462 1148.9401 510.13898 746.10785 0.008538548
561.2482 1297.368 747.91425 1019.94507 0.008532532
420.2963 1611.7773 634.3431 382.20065 0.008520708
579.87427 2087.8286 736.87866 676.8055 0.008476894
924.30646 672.4389 491.50305 1349.5398 0.008423458
615.7247 1459.9567 907.8864 1396.7073 0.008370921
225.24315 978.30865 430.3422 1129.3223 0.008366762
387.6387 1067.7177 629.4141 910.54034 0.008346949
716.2721 2658.0823 273.93823 311.3993 0.008317174
330.6181 2653.6694 541.9913 534.86475 0.008312251
561.4736 1477.9615 1087.4685 1150.6239 0.008295449
825.17566 2359.1167 586.1507 1082.3064 0.008292214
217.99455 1197.3915 418.2582 933.8221 0.00826531
921.6034 1203.4128 489.7619 2415.7786 0.008264274
648.9185 1229.0173 866.29834 1742.7037 0.0082606645
312.17136 387.68088 418.1534 376.09464 0.00825284
533.5474 1279.0333 597.74084 849.782 0.008232917
840.3693 1937.6174 508.26694 977.74615 0.008175215
531.059 525.20917 1044.4531 1043.0502 0.008167462
606.35187 184.02005 210.8206 361.7062 0.008117473
529.74084 1521.4602 981.54395 806.05695 0.008103827
902.0899 2076.774 318.2397 580.38245 0.0080847
583.4636 1793.9596 743.4302 1339.2065 0.008045817
435.23935 1440.5603 741.5375 692.1705 0.008043617
964.5761 2123.4705 358.6718 1101.0812 0.0080264835
71.62861 2704.9485 135.19008 331.39874 0.007994682
653.554 1723.4512 606.9003 572.74304 0.007948248
618.3419 1353.7006 841.86444 1313.8108 0.007930356
434.92978 1279.5587 763.79785 962.3124 0.00790243
736.16504 2142.6118 240.8071 305.39774 0.0078917565
394.51556 1272.0745 747.045 951.36426 0.007839141
155.20341 228.42538 306.7405 440.26624 0.007823713
587.93256 2116.4153 485.65732 679.4337 0.0077867336
413.34656 292.39508 311.01886 430.1148 0.007745035
723.10767 2596.8535 385.38617 477.49033 0.0077371667
557.42 1500.2223 1074.7963 1298.3165 0.0077054407
790.328 181.83067 522.2745 359.11877 0.0076764417
221.88951 930.61694 409.5217 705.8357 0.007612297
1016.5254 2169.6587 266.47525 985.8331 0.0076004546
753.7839 2124.2302 244.85278 310.45663 0.007564315
556.626 1308.8749 953.0474 1818.4249 0.00755688
579.87506 1536.8881 972.693 1060.9011 0.007543167
598.2326 1110.2627 406.1812 588.05884 0.0074935146
756.7 1737.0505 442.08734 570.70886 0.007438421
523.3554 1279.3654 997.2619 1230.1702 0.007427413
528.1449 485.92352 1035.3217 968.36597 0.0073994063
955.15314 2344.49 231.44621 473.96268 0.00734967
734.43964 1850.4185 697.05817 944.8227 0.0073462054
592.94183 1240.1307 541.769 779.2095 0.0073429206
628.7217 2203.7346 411.16977 563.97705 0.00731684
445.88477 2613.814 324.6184 515.42163 0.0072605335
544.1285 1595.1572 1017.84644 753.7696 0.0071662655
294.7657 1571.1501 565.5312 2631.4077 0.0071657053
728.0635 1829.3301 749.7436 1654.8146 0.007164851
650.00775 1455.2363 614.01215 1054.1854 0.0071598394
354.74045 1363.5371 672.0157 868.97144 0.007151269
566.62836 1603.5137 461.49518 374.37497 0.0071467026
384.03262 1730.3934 731.9483 568.8789 0.007145515
700.39777 1712.5723 810.8162 2061.6953 0.007140341
388.48135 1148.3739 743.58093 1240.0171 0.00710414
920.1718 1447.6597 485.76132 2884.0828 0.0070988247
527.1639 179.20522 1047.8163 353.51855 0.0070531676
671.368 2579.5679 488.4771 630.29785 0.0070333187
630.5645 1388.9749 856.9137 1184.2461 0.0069970703
769.3538 1718.1849 326.1864 503.64578 0.0069803484
578.2714 1560.9208 798.7213 694.2805 0.0069767036
251.35275 1519.3788 478.7852 2738.6936 0.0069759637
536.07385 1393.0923 1034.8092 1019.08435 0.0069644386
678.87115 1446.4014 819.34204 1247.8512 0.0069391276
384.9982 2621.2036 737.5175 603.94604 0.006924862
680.17725 1513.6597 693.08923 894.23566 0.0068764267
524.8906 1605.9987 244.55313 255.4684 0.006850214
467.0241 2719.776 896.6637 412.05954 0.0068162195
351.29825 1926.6206 678.0347 1963.9274 0.0068128854
512.25635 2041.6239 722.8856 597.77356 0.0068109334
883.6514 2107.901 530.07367 1595.1412 0.0067848177
619.92 1334.3062 708.99664 898.497 0.0067645814
745.2712 1338.6248 773.6812 2171.8965 0.006754193
568.06464 1613.215 982.751 815.6371 0.0067179604
578.62726 1586.2395 654.85376 1843.4668 0.0066582756
473.7793 911.4119 580.111 1271.1351 0.0066422173
336.1113 1811.6613 646.055 2165.2615 0.0066116177
686.973 2561.6946 766.51373 698.1096 0.006535539
493.5203 476.12268 935.5185 949.1795 0.0065060267
552.6757 1149.2952 618.6602 1185.9635 0.0064977314
975.27313 2614.3955 325.78183 285.172 0.006496949
850.46844 2246.2197 539.8026 1108.4027 0.0064935675
377.36728 2047.8337 740.12 1738.8955 0.006483335
220.49292 791.37494 421.01367 981.8516 0.0064818915
417.7841 1327.4528 797.4613 866.34656 0.006478217
598.8458 615.00116 383.23346 819.78876 0.006477796
799.51044 2254.5046 645.5052 1212.153 0.0064651067
407.32065 407.06082 467.59048 554.61755 0.006422964
399.4504 1476.1495 592.9675 549.1276 0.0063900407
207.73096 1010.304 354.38812 481.6856 0.0063840277
519.7814 943.3786 449.35532 1331.5914 0.0063729035
1009.6713 2621.7227 254.67381 238.24455 0.006365745
602.674 1358.7535 919.3544 1146.1064 0.0063635465
831.8681 1778.287 620.5201 1773.8224 0.0063502006
490.9214 2595.3977 241.38232 388.52243 0.0063244104
479.04767 1298.56 477.3373 549.0251 0.006320528
830.38995 1711.9082 487.74344 673.94366 0.006304998
278.49625 141.18915 199.93625 217.43373 0.0063010794
831.0468 2640.8416 208.53996 260.15707 0.00629501
569.0355 1713.7561 1065.1107 2389.768 0.00627823
582.30725 1083.9987 359.20132 434.1446 0.006271263
378.13177 477.1503 611.60126 813.98364 0.006212731
463.75067 655.2408 880.0576 1314.255 0.0061989943
805.45874 2274.6792 617.45605 1100.984 0.006171571
856.70013 1790.5392 142.76 280.63623 0.006132768
751.1599 176.30496 651.60736 346.61734 0.006119805
874.05145 2473.7988 302.67148 410.32242 0.0061172848
826.0623 2636.8242 276.37527 321.58722 0.0061125383
882.282 2630.322 163.252 227.12802 0.006085359
197.99068 977.5049 378.4484 1331.2527 0.0060338224
630.02637 2753.4304 225.75499 277.17603 0.006032396
863.7947 2706.7961 546.2047 414.57333 0.0060263206
271.39935 2589.8599 517.0647 663.54724 0.006023336
759.12885 2181.2969 497.85666 1430.5068 0.0060180547
822.62616 2503.8367 586.7504 810.293 0.0060054627
438.11404 1168.9617 594.7061 579.38025 0.0059817843
734.23175 2719.359 202.2226 226.34749 0.0059657977
800.9288 2659.4595 639.89874 521.3532 0.005962764
637.87994 1494.1758 494.58676 543.1004 0.00595244
295.3474 704.09644 542.2427 903.28577 0.0059166
618.00366 2253.9912 373.7475 1102.0999 0.0058840355
632.97894 2622.571 330.50018 433.091 0.0058833635
957.3152 1941.3967 363.4061 932.9765 0.005874148
538.5149 192.20676 345.8004 377.27554 0.005873271
638.7845 2006.8112 433.2803 801.8027 0.0058685676
519.27734 1389.611 402.5242 441.53537 0.005851708
384.80414 412.06168 404.67035 395.50107 0.005838115
909.30054 1659.2964 216.07231 392.4133 0.005824796
365.58075 1413.6338 685.9718 1313.6481 0.0058195326
585.33545 1808.237 281.0237 317.59848 0.005817096
765.97003 1357.4248 163.5921 195.78955 0.005805771
905.12 2395.8167 249.5399 320.51852 0.0057847067
651.01215 1154.3821 319.0345 492.35498 0.0057731317
279.02646 694.8727 193.06291 211.93362 0.005770141
976.53406 2136.3254 356.87918 1515.3973 0.0057651014
526.657 178.6036 1045.7065 351.50168 0.005762759
446.65564 1472.4502 782.5396 590.4184 0.00575789
428.97867 1275.2936 798.7867 1509.9661 0.005754984
583.94324 2483.5208 207.27684 293.98163 0.0057450556
492.24634 906.38513 484.50906 1209.0865 0.005735452
779.7928 1620.3978 683.0358 1415.0717 0.005732698
817.50525 1419.1947 685.3718 2805.1946 0.0057201437
598.6168 1607.236 611.5172 1446.316 0.005686646
526.9366 779.82886 1038.9026 1563.7278 0.005683918
925.1318 422.21375 497.09152 848.4646 0.0056831175
827.99615 1428.429 665.2575 2830.3293 0.0056810807
621.3187 1622.5599 512.8698 794.1694 0.0056668064
926.83264 385.03146 488.31735 772.74915 0.005650183
1014.9515 2099.2244 270.72888 1285.2112 0.0056441505
746.3257 304.24072 616.8402 610.76337 0.00562829
550.57776 450.66617 139.70827 302.25113 0.0056223795
827.5989 1513.1255 324.7968 434.2656 0.0056094085
605.10736 2600.208 291.7017 410.7646 0.0055893073
904.1234 2680.9368 460.30716 365.48578 0.005555246
287.8805 358.08786 169.23862 93.95191 0.00554747
719.946 1517.5145 712.55365 959.00275 0.005541373
845.65826 1786.2976 562.60077 1498.2252 0.0055306545
631.79706 1315.4475 747.0715 1145.0187 0.005505205
642.2656 1238.9575 633.9321 1967.4807 0.0055032265
947.3598 2159.2603 387.07074 1061.8348 0.0054989536
319.846 1881.542 594.7997 935.6907 0.0054983594
606.97003 804.08844 424.63278 1095.393 0.005494702
848.1134 1792.1409 208.97055 395.27496 0.0054855817
459.14587 1365.9999 310.4739 293.98047 0.005482469
984.97266 2633.2424 298.14014 260.85587 0.005480537
583.7727 459.7576 1148.9917 916.38727 0.0054702885
817.2318 1744.6788 497.24084 1475.9194 0.0054360307
286.19287 2731.1787 550.26135 391.10962 0.0054133763
1034.7832 2111.9482 218.3094 610.2732 0.005406836
1007.3525 2442.5266 177.93294 321.2203 0.0054000295
1039.2448 2228.2183 220.62833 832.8896 0.0053986497
294.07715 1492.8945 436.97083 493.64554 0.0053715156
948.1634 1918.227 367.67383 903.0082 0.0053549614
246.18005 657.7724 298.87878 313.51685 0.0053528314
261.09384 892.3832 514.60785 1747.6619 0.005350552
742.44305 1482.6323 440.26514 590.79584 0.005336195
215.70398 1070.6592 349.63406 510.64346 0.005334469
473.80936 122.91995 240.69403 240.03079 0.005310321
432.8616 152.10854 294.1018 292.29013 0.0053094365
441.30585 1253.5719 433.9051 789.6956 0.0053054495
335.761 2434.936 640.72217 965.74664 0.005296938
528.9948 2773.6208 176.94589 259.92407 0.0052634235
608.9207 1375.4116 457.1456 450.42706 0.005249212
1009.249 2692.1467 288.25134 385.596 0.005246578
307.87415 2790.5122 582.7254 277.84018 0.0052436567
708.2036 1598.8395 762.10425 915.1963 0.005234065
923.7766 512.1169 498.17673 1032.9812 0.005230523
188.45389 874.23914 365.7887 1694.0338 0.0052215196
677.2763 1520.2491 590.8026 1231.8934 0.005215601
829.8982 1738.9963 618.88983 2037.5695 0.005207962
425.71387 170.93246 173.5428 160.72003 0.0051953928
687.0645 1397.5554 451.65067 1043.9552 0.0051763724
986.1828 2714.7693 320.505 437.18283 0.0051752473
543.4739 2561.569 362.66376 538.2696 0.005169256
456.15967 2777.7576 252.7225 285.69174 0.005142882
581.18463 2428.9387 291.29953 432.46863 0.005142028
857.58826 2423.2412 287.7286 585.05383 0.00513868
911.4565 2560.978 449.25598 656.8136 0.005107779
914.2088 1796.1128 246.84248 305.99622 0.0050690346
242.7111 2109.9482 438.62753 707.94214 0.005054106
836.5949 2585.2278 419.05603 495.74652 0.005034508
536.7085 2750.818 176.12419 275.20132 0.005030497
189.70264 1388.945 359.57077 711.41327 0.005030318
147.57574 132.21814 287.50775 247.49753 0.005016733
493.47955 948.5404 485.13525 1389.688 0.0049906354
394.03964 1721.3954 695.8081 790.5958 0.004972582
638.4603 2019.8876 295.707 321.22064 0.0049672653
892.2705 1901.6981 466.4608 927.92334 0.0049633374
787.9625 1769.448 684.47284 2079.862 0.0049599875
520.5909 495.03848 1021.27325 987.0549 0.004957978
763.1372 2619.4863 716.97687 612.82495 0.004950703
453.7481 1077.581 829.8234 1951.1279 0.0049402444
236.98503 650.4461 435.83734 685.8438 0.00491344
1021.2901 2047.9314 248.09035 631.0681 0.0049060415
626.832 1252.5171 863.2634 1161.4722 0.0048962855
101.58705 2659.1406 192.28795 448.68536 0.004895516
653.0977 2198.1719 651.99774 615.0684 0.004881355
408.00198 1692.6279 595.7451 497.88266 0.0048363935
1008.40955 2616.4036 266.03088 218.22519 0.004826008
286.08188 118.5064 185.02463 226.79689 0.0048237895
194.28629 1499.6606 361.6998 516.97125 0.0048033227
275.89148 1298.3977 529.48816 2007.6624 0.00478031
722.2404 2672.0583 257.82968 296.23557 0.0047745854
683.6834 1503.6322 221.23167 238.85727 0.0047475537
827.61993 2508.7563 189.29176 242.93175 0.0047463304
971.6946 1944.494 283.75583 547.6864 0.004726864
726.85376 1382.0356 742.04 1495.4326 0.004725953
953.7089 2654.505 257.31314 300.54956 0.004719254
699.2916 2676.5908 323.2774 479.34998 0.0047030305
79.904045 2570.646 152.12383 609.30225 0.0046865935
569.9472 1527.5706 584.98254 2488.9126 0.004681054
775.71796 1029.3641 630.88043 1610.7373 0.0046468456
710.0365 1424.4663 274.05078 333.113 0.0046466803
785.1903 1523.0186 354.62646 748.70917 0.004632699
890.72546 2359.6172 251.60706 371.54996 0.0046263705
373.62915 1722.2174 693.3026 524.5791 0.004605741
172.41321 1252.6322 304.04773 501.0531 0.004572681
867.70056 320.3596 394.9124 645.8803 0.004557411
733.914 559.09674 622.1085 1123.0409 0.00455657
703.2436 1560.259 803.4517 1480.8213 0.0045396555
423.26117 358.65466 454.2491 334.4049 0.0045279115
726.4427 2700.9814 265.4416 341.1072 0.0045154328
784.47375 2008.105 671.8328 1106.1753 0.0044894437
535.2634 589.4748 1051.3837 1189.5258 0.0044803782
1060.1553 2177.697 173.91574 435.29767 0.0044742296
940.77606 1708.4941 288.81213 526.3395 0.004472393
260.94025 1863.9579 455.1684 404.94666 0.004439138
640.59454 132.7173 817.8323 258.5358 0.004436846
533.5174 2121.436 322.8684 358.0915 0.0044258432
250.91989 1903.811 444.08264 538.3478 0.0044036717
628.2501 1864.8438 262.92264 370.65152 0.004400211
124.862595 214.03093 243.57808 367.68823 0.0043991543
336.85672 61.60895 390.82065 243.4045 0.004397327
699.22955 1460.9827 374.6216 423.65805 0.0043943324
572.70416 2178.51 1126.3993 1481.049 0.004350279
318.1237 775.88654 398.0207 508.0916 0.0043360367
291.508 867.1095 440.27994 834.1593 0.004331609
670.64154 2785.0884 134.26086 189.92801 0.0043177023
570.5692 2832.0063 1126.0094 229.00253 0.0043153334
134.96773 2686.3645 255.42436 458.26944 0.0043081255
570.41724 867.3958 1112.8469 1736.9686 0.0043045552
578.4156 1505.004 765.10895 542.3972 0.0042980695
774.11005 148.9645 302.0859 300.99734 0.004291157
465.4584 1638.823 564.8933 1459.3464 0.004288491
531.8548 1352.479 295.99298 345.8088 0.0042699715
248.7827 750.0135 439.40692 492.93448 0.004236865
867.06244 2117.3396 500.08847 1629.3479 0.004218249
675.6088 1182.5739 742.8394 1300.9655 0.004211805
1014.97473 2503.1648 237.70515 381.51193 0.004193356
518.9397 418.20264 1040.9159 830.3557 0.004187818
544.4323 1613.9275 194.51012 220.89743 0.004181414
928.34796 1737.884 355.45135 619.3873 0.0041776593
349.63892 2821.7324 189.00461 207.33914 0.004169086
658.742 2786.1274 160.36475 209.5341 0.0041473443
134.42987 2756.7668 252.27492 339.19543 0.0041442476
782.6128 1631.658 642.554 2364.6187 0.0041432087
539.02594 2692.8694 125.67169 227.0649 0.0041245874
125.51087 557.3495 222.59464 364.44263 0.0040962724
641.3817 2431.6711 250.78992 333.2191 0.004075654
832.0802 1777.1006 579.7696 1879.8251 0.004072744
708.71515 1422.5267 228.92575 248.63165 0.004064428
320.3483 198.86626 644.1949 391.6565 0.0040560267
987.00494 1986.8042 331.68777 1457.8523 0.004044724
629.23236 2793.7634 217.77222 243.2065 0.004041387
825.5454 215.98006 342.73053 426.62964 0.004024599
542.9985 2845.134 1079.9308 201.00081 0.004005017
559.42883 625.91284 689.87006 1248.2572 0.00399367
608.79065 1545.2097 535.9971 933.59656 0.0039742533
324.43558 1688.9966 611.0118 1339.539 0.0039680083
802.514 2242.3364 346.37585 1204.0732 0.0039676614
425.9223 1726.3516 791.8192 778.79663 0.0039586793
518.74286 92.042076 166.41057 175.72087 0.003949655
616.1764 845.3994 345.5174 515.93994 0.00392907
1003.40454 2206.8972 272.32507 553.59717 0.003925737
822.82275 995.51337 679.4374 2050.0752 0.00392429
403.73944 798.9983 406.51138 517.1883 0.003916144
944.8008 1805.418 185.68654 217.43387 0.0039135613
700.852 1115.5905 708.1081 1221.8442 0.003911452
555.27423 306.0779 1074.129 614.31464 0.003906107
678.4513 1828.025 699.80133 862.1696 0.0039045562
758.71906 2127.4604 166.35236 218.81807 0.0038925607
881.8448 2685.045 171.64728 179.12335 0.003873619
523.0946 2514.0627 254.11232 315.7318 0.0038545614
531.82086 83.856224 1046.0806 161.47452 0.0038512235
971.7717 2248.3027 121.240456 187.57947 0.0038192915
720.5079 1558.3298 202.78345 260.86545 0.0038178295
571.15314 1112.1051 524.3433 946.074 0.0038158116
481.84705 1493.504 474.68427 935.6618 0.0038007263
362.78116 724.4505 195.09264 264.02527 0.0037986361
607.4525 2380.8855 386.0457 398.22134 0.0037914538
152.36966 1152.8893 282.54153 879.6877 0.0037899362
667.6501 586.565 823.54047 1192.1428 0.003748801
1002.5014 1869.641 207.86394 278.0584 0.0037466395
510.96152 2586.0747 130.45209 205.54404 0.0037334652
122.76049 2048.6553 229.00897 556.1262 0.003731956
504.45465 670.76483 186.17343 277.3843 0.0037315642
844.3516 1714.0315 496.7976 1260.5536 0.003721426
916.8062 1579.1996 359.6464 623.85913 0.0036977667
259.88474 1842.1254 477.31845 1034.4418 0.0036642551
987.7921 1710.5537 267.14752 485.8553 0.0036580071
461.12073 2691.287 140.14804 280.93796 0.0036553964
612.8394 2813.3596 111.40849 194.93817 0.0036473817
1015.2262 1963.9668 265.08414 917.4815 0.0036422592
1013.41223 2485.5225 162.06068 347.29907 0.0036220022
1086.6964 2339.7898 267.7744 780.8398 0.0036189696
138.5527 1554.532 249.84926 422.45306 0.0036108028
941.6753 2114.8762 157.68317 369.39523 0.003604877
519.0459 1195.3862 1040.1605 1130.8623 0.003601898
878.4567 1967.6575 232.99506 356.7491 0.003601111
1004.3568 650.5567 293.65378 535.734 0.003595476
648.94653 1613.047 223.03378 266.89108 0.003578185
111.26775 2801.7805 209.58171 254.83145 0.003572418
323.67776 536.0826 133.50378 134.45177 0.003570034
472.55576 1673.9908 494.5553 418.6849 0.003566528
849.42017 2604.0881 124.4315 171.59077 0.0035551751
725.50995 1189.1893 305.14124 496.50418 0.0035443672
543.33813 1382.1556 414.50153 1254.4739 0.0035440032
519.5675 2787.8323 295.9002 276.629 0.003532187
214.88882 1209.9602 81.07681 96.36747 0.003528272
867.5023 1974.6235 252.18407 292.89062 0.003525654
483.7735 1818.4459 579.7055 2048.5325 0.0035181304
732.6446 2203.472 340.33463 523.4519 0.0035134493
885.96454 1783.109 450.18793 836.53613 0.003508423
1060.8556 2069.021 184.22122 907.83044 0.0035071026
543.3762 2321.9941 427.14615 409.8321 0.0035033002
970.9806 2616.5396 152.93605 192.00008 0.0034931123
253.91872 20.47734 414.90823 39.222298 0.003488604
1051.4486 527.7221 252.26033 1032.3041 0.0034884282
742.0722 1570.6393 306.2335 492.12515 0.0034825387
934.1247 1795.7422 194.76146 255.62544 0.003468226
597.47864 1527.2816 541.1191 1825.4338 0.0034675635
961.1686 34.80125 318.3076 70.72081 0.0034666094
669.54474 1345.7362 681.6988 1128.2463 0.003432702
820.468 2272.338 173.94333 225.73494 0.0034172856
903.9936 149.29805 232.11163 301.7053 0.0034075105
421.88184 2831.7363 593.1104 212.73041 0.0034048334
773.1137 2742.9824 647.2476 396.97156 0.003403476
653.07385 1485.1868 363.79047 382.27637 0.0033998988
675.5312 2790.4807 163.57912 188.58069 0.0033962394
1042.7938 2613.0325 134.16002 142.55365 0.0033903148
576.1488 2328.7844 1039.1492 439.06253 0.0033834053
419.93323 1506.2892 333.11218 364.75323 0.003382965
588.1795 116.719635 101.22823 228.29977 0.0033807966
895.8825 2023.9764 483.85175 1220.1625 0.0033728213
650.03687 2848.2327 198.99495 155.47725 0.0033633055
520.6099 1607.146 494.4659 1451.5682 0.0033612333
672.77045 1501.8209 165.76169 180.83023 0.003360939
163.26244 158.99385 322.9876 308.1598 0.0033598435
869.1426 1285.2645 347.6217 688.3013 0.003342605
659.5109 1321.729 346.07104 491.2706 0.003341898
685.7794 1161.2161 263.57745 471.89102 0.003339658
625.03314 1703.8286 513.6358 1924.7102 0.0033245522
606.64636 1154.8307 263.2805 372.04684 0.0033236423
1077.407 2603.829 190.88275 435.8883 0.0033202986
882.03656 41.334045 383.8292 79.22513 0.0033146366
690.1073 1392.7756 326.48312 485.0449 0.0033044256
343.69244 13.253923 714.6181 25.175055 0.0032984992
228.98245 2117.7888 366.12848 364.4211 0.0032984554
497.44492 2236.7727 582.7715 1158.2684 0.0032948705
670.9061 544.07715 230.51904 570.5884 0.0032784068
312.71118 79.85399 530.0049 159.40407 0.0032767975
294.18906 2846.8528 320.65845 157.2038 0.0032756652
925.1967 1222.7163 420.72104 740.31854 0.0032592057
1000.536 2121.3198 280.68893 1147.2578 0.0032528718
293.53833 2753.858 472.8503 343.92285 0.0032391301
765.3915 2690.1565 211.96706 454.25162 0.003235782
503.5024 1105.4797 187.83104 237.52629 0.0032352065
548.41876 152.10535 529.14636 296.68445 0.0032328041
695.28314 1458.5784 156.92534 171.17265 0.0032316658
929.7354 43.944023 494.21 84.06778 0.0032217584
158.36177 2816.5132 301.45908 236.69672 0.00320741
1035.4438 2172.6282 186.81628 335.56653 0.0031999303
201.26787 2775.3064 154.17035 196.34697 0.0031989615
901.0945 1409.3668 393.07193 905.36414 0.0031984248
578.1081 1466.474 1143.6696 2908.9666 0.0031876082
541.91077 106.70573 147.23839 207.8327 0.0031835502
129.48224 1445.5278 200.05217 490.5919 0.0031680234
67.44183 2410.7861 127.25331 937.4263 0.0031679797
1064.0063 796.4189 229.72137 1627.2479 0.003161029
1025.2233 2423.0964 136.86491 220.44434 0.0031518093
221.25226 2834.1465 234.18878 172.0564 0.0031505001
613.57916 2790.0852 446.3668 269.51807 0.0031474826
389.7852 1483.6259 649.1685 583.5687 0.0031308807
842.53186 906.6737 292.25464 631.4002 0.0031086495
445.33984 2751.6985 250.23195 280.2661 0.0030991049
1074.4053 2407.4326 185.73665 569.20966 0.003095496
766.4801 2708.7134 544.1162 438.75235 0.003090253
808.3791 1515.317 557.3226 917.0448 0.0030628853
1010.19366 2069.9263 286.7151 1409.3901 0.0030567807
619.3209 2832.915 226.40802 192.28099 0.0030493045
1001.61444 2716.0557 307.73083 469.93216 0.0030396034
120.255104 1420.4884 219.04813 514.7026 0.0030338233
727.68695 2790.2837 591.0023 304.25644 0.0030298466
725.6326 1584.5531 315.56747 537.98755 0.003027874
927.36365 1261.026 417.31238 707.25867 0.0029965462
110.52199 2811.4814 190.70825 230.04721 0.002994071
667.7158 1338.0742 766.3464 1175.4015 0.002993983
925.9328 1717.43 445.7972 2178.3667 0.0029890465
139.78291 25.03901 275.5783 48.45349 0.0029795903
577.2529 1708.4229 497.07123 779.0901 0.002962137
1047.5071 2599.9197 124.26023 175.10956 0.0029546476
827.6173 1764.2638 604.8393 2140.1057 0.0029513931
958.29193 2787.9292 226.47346 215.10173 0.002946458
1112.5896 2771.4028 120.80569 356.86304 0.0029463435
759.41986 1553.1725 566.3779 707.2943 0.0029313592
564.779 1576.872 686.8108 1443.135 0.0029199978
591.8554 1274.8878 380.28793 585.4578 0.0029114792
147.34512 986.9871 210.9795 745.47577 0.002907986
568.2721 2891.7095 1129.9329 116.159706 0.002907748
284.3138 557.9115 147.28874 153.18013 0.0029065055
539.7834 53.258495 1081.8248 104.18062 0.0029051835
848.19653 1058.4105 385.6556 968.3354 0.0028844543
648.2723 165.69038 124.98699 317.38684 0.0028827197
249.49236 667.20917 303.0372 538.1328 0.0028784014
56.06158 2352.8801 106.68395 1109.6102 0.0028751474
881.0311 2342.288 253.8089 786.5076 0.0028565149
1145.0096 2805.7283 123.44514 288.4159 0.0028527498
1082.028 19.912361 184.0052 37.364525 0.0028508245
348.6096 150.92366 725.1305 295.48502 0.0028371962
866.14404 1078.4199 273.36514 388.08493 0.0028289896
149.68729 19.413757 280.20694 39.182766 0.0028289156
752.2743 1598.9537 172.34322 223.86432 0.002809342
998.17346 2492.3823 231.7051 361.50806 0.0027986877
376.45786 1849.3181 616.0113 627.3789 0.0027950315
120.85707 2822.211 212.49756 195.30121 0.0027895628
393.17432 2894.4705 778.7269 104.802475 0.0027752828
637.73773 122.99818 180.11453 239.49928 0.00277219
71.9224 290.3353 141.65428 316.0563 0.0027698933
1038.9933 31.638777 252.47775 57.8745 0.0027556077
1110.2391 2231.726 107.96962 750.669 0.0027518102
208.29137 1723.7006 355.28888 1334.4796 0.0027507832
1091.1514 2534.2322 175.58124 466.8358 0.0027445846
361.98395 1720.77 654.57 506.5566 0.0027184568
801.4889 2677.9185 328.20483 521.31714 0.0027151622
837.6585 1526.7596 507.64343 1192.7203 0.0027022297
523.5649 2863.7988 115.99781 127.34466 0.0026993759
967.19995 1692.2621 391.48676 2099.5503 0.002698593
1048.3535 47.185753 246.23586 87.90366 0.0026945649
898.2756 2733.246 359.18253 349.82062 0.0026859012
91.03058 2719.0002 165.42456 379.86145 0.002674766
308.88538 1868.8865 477.5162 1771.1614 0.002652826
1031.2192 2858.357 286.90524 185.40671 0.0026417847
1099.1515 2232.2385 108.62221 334.3295 0.0026398732
563.30383 1721.6353 516.2752 1361.7548 0.0026323374
197.35625 1099.7367 358.0022 1243.9462 0.0026303113
931.3024 1475.3264 437.63553 1203.1663 0.0026296144
207.81514 2835.384 336.0792 217.7761 0.0026266787
259.42032 2830.461 397.2754 196.9281 0.0026217464
1010.8486 705.8125 332.5884 619.875 0.0026051074
1007.7803 1331.9928 336.45123 2705.7593 0.0025995218
1015.09375 1025.07 305.7312 633.5836 0.0025908018
1002.8128 2533.4207 234.8485 359.5552 0.002578081
597.694 260.38705 1180.6531 512.0099 0.0025551976
980.026 1393.7943 390.53177 2817.2183 0.0025495647
639.2859 2844.3445 170.26929 162.72385 0.0025435078
355.5042 2870.0833 610.8166 144.53572 0.0025390282
657.398 2851.3733 132.6803 148.71619 0.0025382182
468.82928 55.326992 426.31192 108.24918 0.0025375758
1078.9738 2305.4282 164.76163 748.4432 0.0025350184
878.8734 1216.554 232.17197 330.68405 0.0025209219
1078.3124 316.6455 202.41951 644.95483 0.0025103695
967.509 1532.371 388.50998 1768.5001 0.0025032714
585.21277 2882.559 157.75531 105.31255 0.0024919254
423.74286 2905.8638 854.0586 92.622635 0.0024832154
920.6099 1145.8541 178.93474 221.87177 0.0024812734
846.91583 2809.122 170.07777 219.13786 0.0024769139
311.42218 1743.7633 174.27841 155.94519 0.0024627703
490.71637 13.247821 990.39484 24.973967 0.0024602402
907.463 1501.2312 290.5492 388.8824 0.0024462906
1021.4364 2033.0941 266.5232 1387.5802 0.0024434938
392.3229 2879.0537 456.69153 126.522064 0.0024430696
1085.7781 75.51445 183.38684 146.62138 0.002433473
1014.4466 2407.4287 233.79913 541.46326 0.0024329664
163.82657 2830.8008 285.0504 195.05469 0.002429579
621.5674 2066.1306 240.02434 301.48764 0.0024274543
529.772 2920.9558 943.31104 52.76241 0.0024206087
357.2216 880.903 703.61206 1752.2683 0.0024171453
998.0009 1885.8997 194.16411 232.78027 0.0024103273
647.9282 1831.0641 446.8584 834.73376 0.0024095788
1070.493 2860.0342 185.28555 166.87465 0.0024049205
1016.4048 1108.8866 330.17682 2277.971 0.0023964196
1075.3212 239.0688 207.00424 491.16907 0.0023861113
639.7121 1645.513 799.948 575.175 0.002384769
973.0003 1391.7931 395.8208 851.0877 0.0023808267
965.78314 2834.3376 390.1905 253.36142 0.002375009
1024.0381 1900.1465 251.70097 841.1427 0.0023681915
513.84 2924.1853 1080.1749 47.906742 0.0023680606
839.8193 2205.4863 192.18712 283.44666 0.0023486118
114.368126 2899.379 219.73547 96.98239 0.0023482686
672.73456 131.2594 119.415146 251.11436 0.002347907
1077.2815 2799.697 174.26837 298.3872 0.002347621
964.39935 2271.5352 93.285194 134.42447 0.0023314597
686.64734 1685.0703 580.5874 1472.5249 0.0023232521
94.30807 67.10096 179.00969 130.2905 0.0023214656
626.8254 40.092728 961.0786 78.185776 0.0023201397
1135.3174 2748.6128 78.4363 405.25098 0.002306885
350.1678 101.32406 691.57904 200.42967 0.0022926421
799.3856 2105.569 657.7204 1673.3389 0.0022810574
850.94904 1279.6398 205.8904 302.91714 0.0022808558
868.58966 2730.5232 511.556 381.9076 0.002258856
595.12317 1688.8969 533.7793 1332.9751 0.0022521366
1074.2897 2578.2007 147.20296 296.8993 0.0022473661
932.76794 1122.6844 420.93774 744.5579 0.0022404054
530.6349 2943.1453 1084.4889 22.618574 0.0022296275
1081.4149 2331.526 123.87977 272.33005 0.0022289748
1030.7792 2321.2725 106.77264 147.63458 0.0022255015
1077.1396 2128.518 133.69197 344.47964 0.0022201978
433.4865 1269.5043 763.30884 1081.4451 0.0022165638
915.5288 2360.088 318.33524 396.31754 0.0021961932
701.46326 2355.4397 228.24199 367.0853 0.002195278
1140.3799 2808.8208 89.82415 285.45392 0.0021811768
1013.43506 2532.1025 217.61897 310.06174 0.0021758077
999.74286 2186.7776 345.2315 1520.8815 0.0021647185
1100.8173 2844.6274 165.24155 209.40573 0.0021534315
903.56555 2830.8718 156.92828 155.58 0.0021504427
44.854572 399.55884 88.74419 269.00388 0.0021477593
851.3423 420.4714 270.6192 455.79016 0.0021316763
1093.0973 2482.1262 160.7338 392.5518 0.002124201
466.93518 477.28143 926.64844 948.0341 0.0021196373
474.86935 404.528 80.09527 157.76108 0.0021176552
1141.902 2621.8162 76.00826 648.8335 0.00211609
528.90735 2934.262 794.3904 34.485806 0.0021153511
930.3885 1277.4115 323.78568 572.97437 0.002110703
114.66293 2894.8462 203.31406 79.76356 0.0021074363
1072.5553 1339.8665 216.44534 682.46045 0.0021050721
1066.9915 1347.0969 308.4863 2012.5142 0.002102028
903.66376 2912.1973 445.92346 78.85597 0.0020974213
406.40067 2926.3213 276.02512 39.618492 0.002082491
471.39423 316.63843 78.86029 101.74927 0.0020733974
545.33484 2917.9077 773.9716 57.49495 0.0020713992
99.89024 2915.6055 178.33768 55.30758 0.0020693059
1155.4829 2830.4888 98.23526 252.17804 0.0020643638
859.89417 2892.882 191.94083 120.01105 0.0020629105
434.60367 1007.4487 768.84784 1322.0908 0.00205508
841.71466 1241.0404 398.31052 568.50336 0.0020500685
1139.2944 2824.7847 70.57885 252.08026 0.0020488638
125.701904 245.05585 232.61308 375.28293 0.002041408
1104.8976 2781.4995 156.67754 325.031 0.0020411266
1129.4382 1476.6328 224.303 475.388 0.0020387638
1148.3469 2734.4993 86.415665 417.12958 0.0020368195
1151.6989 2870.397 137.50917 154.84984 0.0020261025
288.42642 2199.005 575.9701 1440.6196 0.0020260573
940.7062 1897.6561 403.28238 1566.3241 0.0020233006
1139.6854 2841.2344 65.604904 218.69151 0.002023135
612.85504 2884.4368 164.44278 107.646034 0.0020167716
60.206512 2931.3105 113.90822 82.46155 0.0020162114
944.17334 1293.5675 458.90643 2606.7656 0.0019941146
547.2036 375.4053 887.02454 649.51807 0.0019924603
977.3994 2915.9446 404.97025 79.66581 0.001988073
1116.0785 2877.0583 106.64834 146.03946 0.0019846116
1129.8988 413.28152 106.047554 846.98303 0.0019791357
1090.1653 1394.7455 180.45488 903.2204 0.0019772209
1038.302 1869.3041 244.5249 481.62582 0.0019759594
759.8782 2695.3245 648.0373 213.79192 0.0019717878
267.21118 464.62283 235.16159 330.5713 0.0019688527
1016.6156 2857.6501 274.56903 183.19383 0.0019615272
773.90814 2889.2153 350.14307 117.794304 0.0019584228
1115.0635 2882.4348 111.07962 131.99445 0.0019478496
1091.1849 2874.762 178.7984 159.32153 0.0019437335
667.1508 2894.702 342.50012 100.286125 0.0019415426
308.38577 2927.5173 292.0488 40.05635 0.0019368586
576.44507 2910.459 560.0736 78.08825 0.0019298705
846.14343 2886.8228 196.07364 132.40364 0.0019122552
1107.5485 1160.085 142.61024 638.68976 0.0019049249
321.01642 2447.1873 247.49292 1090.6732 0.0019041038
506.14648 2940.3225 900.8078 23.937845 0.0019019337
984.3613 1497.0842 261.15582 509.79294 0.0018931645
878.0304 2921.8164 350.87192 66.251465 0.0018838582
997.7492 1671.4805 483.73297 1848.1781 0.001879316
1038.9192 1944.3302 193.2629 344.18002 0.0018759185
1118.7465 2886.7349 126.84521 161.0643 0.0018710999
1048.4082 2114.1033 214.37556 1096.5598 0.0018620763
938.5949 2062.6748 295.24677 711.373 0.0018592488
541.5677 1604.2334 1092.1226 643.2033 0.001854283
996.4676 1489.325 344.62024 796.452 0.0018502744
1151.1855 2811.749 52.640007 276.4486 0.0018477172
788.6915 1751.0605 479.0848 1062.5616 0.0018396825
1115.2026 2891.8425 136.03394 154.96577 0.001825425
1079.8124 1917.2687 191.95741 871.1009 0.0018189828
1094.9772 1211.3607 163.86662 483.00674 0.0018188069
1163.7816 2488.1516 39.29955 951.87494 0.0018169414
1100.1652 2073.9438 115.09707 473.53632 0.0018032625
1151.7102 2074.1404 128.10901 314.3702 0.0017967229
1082.2532 1892.8779 194.59021 588.3765 0.0017960491
452.1002 120.19236 812.7925 255.32864 0.0017893123
356.00122 1448.6062 679.2007 2892.4653 0.0017876789
1059.2255 1518.2047 216.65556 1724.6445 0.0017796624
871.9141 1531.8099 476.2544 780.1785 0.0017760838
930.4895 2749.795 446.42917 389.26013 0.0017739428
753.4697 2867.8057 394.65445 210.88936 0.0017735122
562.48975 18.308527 1093.4518 36.890694 0.0017635344
725.6024 2653.1638 287.93964 621.81635 0.0017526688
326.26508 2940.4907 202.24867 21.062922 0.0017502368
270.64914 2096.0298 301.24973 539.9272 0.00174105
1109.7644 1415.1989 137.46494 906.50256 0.0017362705
586.98975 1474.8634 1122.3586 2847.5552 0.0017285297
924.1662 2935.1406 306.28665 36.603455 0.0017257681
832.6443 1348.915 580.0972 1109.2777 0.0017245978
1108.0276 1962.8168 147.5903 1408.438 0.0017226624
711.3285 1966.2623 464.0336 1379.5079 0.0016884626
1131.1765 2896.8755 155.42517 159.63835 0.0016864744
32.10021 2887.0532 64.62586 89.93881 0.0016832231
1127.615 1363.1057 100.3402 772.1938 0.0016791933
972.30853 1312.8818 365.40506 789.66473 0.0016788193
609.98395 1498.7827 451.75043 874.45984 0.0016757135
1119.5188 2890.3894 93.5883 115.31324 0.001672602
586.9831 2889.476 179.31233 108.989006 0.0016673591
994.99915 1665.9177 266.56143 482.6106 0.0016566245
1138.5613 2890.5518 97.87384 114.76229 0.0016473205
807.5513 2934.4204 248.66936 39.743355 0.0016433554
213.45746 1459.3049 424.45294 2857.7795 0.0016327463
208.77878 1423.3279 428.44513 2765.3386 0.0016175592
921.9825 2918.4006 246.97539 75.6406 0.0016109309
635.01404 2939.203 592.6939 26.043362 0.0016078631
1067.372 2922.8733 188.76254 55.654327 0.0016042268
1077.3378 2824.2366 247.04037 265.37762 0.0016030893
820.0989 2928.7493 164.25786 79.9866 0.0016006968
858.4816 2934.3752 186.85968 36.363506 0.0015914342
1149.2183 247.34332 70.6184 509.22873 0.001589617
1126.8331 2902.91 93.833725 97.46473 0.0015831861
1075.6564 2196.202 229.30093 505.08673 0.0015822623
954.44965 2318.5437 308.57812 438.04678 0.0015820762
753.21954 2889.3975 178.87215 136.32275 0.0015783252
373.3348 2340.6443 692.53845 1162.2344 0.0015779036
677.68396 2149.7793 764.20483 945.92 0.0015775994
1153.9006 2857.6252 46.920105 195.19257 0.0015731031
579.3435 2442.8123 1103.2643 970.4299 0.001568663
1100.5176 2890.3484 131.14441 136.71227 0.0015640603
660.9939 2943.2002 368.88123 24.976826 0.0015607481
1008.23346 2363.6584 369.2177 1068.1935 0.0015528182
1148.4565 2593.0713 56.08192 274.27875 0.0015452913
1123.5435 1636.3076 124.44407 2032.652 0.0015371501
1124.4897 2904.2356 86.88801 91.01387 0.0015323217
65.93297 2679.1023 127.45461 399.31378 0.0015296013
821.6113 1488.4215 554.5827 1049.5986 0.0015220477
1025.6722 1448.5688 280.93344 792.8668 0.0015010507
627.4023 112.9095 1148.887 222.03595 0.0014950379
762.70703 2936.896 342.83835 34.97627 0.0014798476
1157.6842 2749.4111 43.656277 398.68115 0.0014755748
537.4138 1554.7206 1037.8597 730.45703 0.001472071
1062.7969 2928.708 197.89334 53.46958 0.001471832
624.2042 2955.4143 1150.1938 5.790812 0.0014674104
1123.6053 2908.5332 87.05134 85.5895 0.0014637036
806.6185 903.32605 649.05316 900.8894 0.001459171
708.9739 2948.5378 534.01355 16.902666 0.0014529825
1145.8578 2314.816 80.422775 332.06537 0.0014529147
820.9741 1492.4137 600.5552 1012.57605 0.0014519057
870.932 2931.7747 314.75644 49.679165 0.0014371948
1143.3778 1524.2556 76.66868 1283.7708 0.0014238884
1023.7436 2938.3386 523.3817 63.624302 0.001410529
497.1031 1729.4608 673.3935 868.8576 0.0014078069
775.0263 2940.4568 341.24628 27.670918 0.0014037645
1022.50977 2950.4702 322.57776 15.393822 0.0014036843
1075.1841 2936.2485 165.83084 44.94157 0.0013992244
942.6149 2763.855 323.83856 316.49365 0.0013974293
579.716 1898.9102 469.9145 983.20746 0.0013963551
1129.1107 1842.8782 92.88679 350.52295 0.0013930983
804.756 2947.4258 221.37991 17.67236 0.0013764689
732.69635 2931.6506 316.88135 45.32942 0.001360685
1160.8676 2542.1284 41.467464 468.80856 0.0013561944
1109.8258 2933.8281 115.129974 57.837902 0.0013527464
667.802 2313.0598 582.0548 706.7439 0.0013520437
222.73424 600.50165 405.1419 569.70264 0.0013422596
1025.7701 1411.0336 300.37708 2857.3828 0.0013363538
246.10736 1386.8488 431.28833 2647.353 0.0013205814
1141.255 2908.4688 61.583805 98.31934 0.0013126251
1152.4644 2278.4148 64.509285 363.72375 0.0013097142
1161.6766 2794.4426 37.04149 314.21512 0.0013074551
1106.3098 2427.7783 197.38446 882.6141 0.0012989251
601.03723 99.08447 1144.1172 201.9511 0.0012927552
526.8794 2950.3445 160.38898 10.233484 0.0012924266
494.3249 2457.058 217.38722 851.88324 0.0012845766
1106.0353 1725.7173 164.59781 441.26797 0.0012819861
961.6815 2152.9734 224.66254 444.391 0.0012694885
783.3273 2315.2358 471.62387 796.1333 0.0012629541
689.09534 2159.823 239.69112 414.77054 0.0012597458
1102.742 2941.007 147.47458 26.340593 0.0012545867
844.2823 2227.0664 368.2109 521.67236 0.0012517745
1085.6283 2941.086 153.13591 31.287132 0.0012450462
1152.6715 2119.9128 58.67321 532.4049 0.0012378898
1147.5134 1929.1261 75.90938 508.82297 0.0012225128
511.8834 118.56093 944.3587 251.34358 0.0011942624
573.87213 2086.6482 1139.9313 1659.6959 0.0011771355
533.9222 844.9293 1010.2849 1580.6516 0.0011744609
1088.9305 2942.1309 150.30005 27.299086 0.0011646843
1148.4528 2065.5376 66.69464 344.42004 0.0011630866
452.74905 1128.1523 864.06757 2151.5671 0.0011456988
536.0962 2482.251 915.656 888.60236 0.0011434136
363.6177 986.17413 589.8966 1094.9855 0.0011378359
1006.9953 2596.9082 64.99135 171.58691 0.0011364938
1151.1921 2456.3232 90.27631 301.98245 0.0011328415
1164.1478 2805.1396 34.8626 287.59296 0.0011086072
283.25742 1538.5911 377.4295 1705.5076 0.0011063195
1165.8798 1695.1929 32.03979 565.16296 0.0011057573
632.5804 2956.2104 1029.3062 3.2535222 0.0010762798
319.0081 409.74887 511.08508 537.1934 0.001074053
1090.1268 2945.4407 149.10121 19.288982 0.0010712246
618.222 2735.464 317.96875 555.26434 0.0010554047
999.06775 2117.2588 364.863 781.06177 0.001042985
1161.746 2921.279 48.225166 150.34052 0.0010307683
615.8117 70.72392 1143.6195 141.67247 0.001027986
263.37457 1768.5881 238.63594 1933.7738 0.0010234817
766.93854 2490.7168 528.0887 904.04 0.0010123984
1157.8326 2930.926 36.611893 51.95734 0.0010048571
786.49426 2263.1262 562.1277 419.32742 0.0009950456
909.42413 2406.2078 222.31235 565.8871 0.0009934584
578.45905 2216.1257 381.8275 419.1668 0.0009893144
454.5212 2196.33 308.60333 514.9184 0.0009869603
627.3159 2947.2507 1135.5668 17.980072 0.0009807457
1173.6185 2653.1875 18.744244 334.5995 0.00096612354
530.6215 1408.936 661.8153 1230.931 0.00095382205
912.91235 2864.259 541.0019 81.79652 0.0009135907
527.69415 2097.434 501.80737 1135.3721 0.0009078346
774.9728 2725.7664 460.50662 433.21664 0.000897782
869.75714 874.2308 513.84357 783.3134 0.00088074675
1164.0521 2946.6414 36.962166 56.489857 0.00088070653
995.5476 2627.213 268.80902 307.95026 0.0008753138
627.8829 2953.1099 1117.8428 9.1588545 0.0008543793
982.2437 2488.659 550.19086 690.22766 0.0008367223
817.7466 2054.878 418.0352 1222.6294 0.00082016503
452.5336 2321.3755 265.93546 1110.974 0.0008108245
464.98956 2117.1506 368.35858 523.86475 0.0008061025
509.96634 2298.5354 396.51575 719.5834 0.00079725246
694.27435 2086.2854 496.71667 903.94543 0.00078341935
480.5815 2324.3184 491.04895 397.91388 0.0007428925
1066.8796 2937.799 296.52243 39.899082 0.00073734246
897.8883 2358.584 408.6281 660.3297 0.00071259297
1059.4352 2954.007 434.5507 16.228628 0.00069888745
1079.1808 2950.4963 221.92271 29.908344 0.0006590513
487.15442 1464.7554 1027.4376 1044.7273 0.0006418209
847.82874 1733.6246 397.32614 696.3722 0.0006250979
955.27185 2389.2944 490.12256 1031.4506 0.0005900245
617.2581 1559.5815 754.7447 700.3859 0.00058764545
748.7749 2082.3494 489.1006 488.0692 0.0005859251
529.96765 1508.0101 1096.7913 798.4451 0.00055886945
906.1204 1891.5092 455.35983 1010.394 0.00053451123
552.4252 1734.2725 991.5429 707.77606 0.0005223413
927.6189 2303.0847 532.2885 700.6033 0.0005129481
569.75305 1809.5376 987.52234 721.4819 0.0004196519
