401.152 964.2445 793.9266 1871.9103 0.90393907
301.61404 930.485 573.91644 1433.201 0.040316418
339.63065 895.212 606.94196 1221.9795 0.03798066
296.61688 881.65485 560.5658 1331.1829 0.030021291
400.9003 963.7575 791.38306 1865.922 0.028902723
326.2335 1017.4614 604.10486 1232.907 0.025275646
331.67593 1051.4395 607.40265 1090.6266 0.023794983
206.8771 1631.7423 278.96628 140.24449 0.022285765
345.88086 927.84924 545.61053 1063.6377 0.022086764
351.64197 842.57245 617.694 1080.3589 0.021961037
326.8166 960.9014 615.4583 1451.5983 0.02195608
361.89365 870.522 598.78705 1132.5209 0.021603981
269.2251 1003.2495 517.05414 1606.2007 0.021151505
323.29767 1157.043 583.7722 965.6499 0.016194627
314.99286 897.94824 566.71387 1284.2 0.016131919
329.91058 939.4535 523.4711 866.85565 0.015766481
343.19495 779.41205 533.2459 973.61273 0.0155892745
306.03857 1133.5339 567.60156 886.96356 0.015185098
328.17868 1210.0042 625.0957 1127.6404 0.014391153
341.07645 1140.2441 532.36005 901.52734 0.014076877
278.47806 783.8933 520.36346 1091.1123 0.013826813
187.3536 1651.7023 356.02197 226.81064 0.013770675
351.64703 1015.01215 600.9294 1057.5947 0.013755174
599.83954 1160.0151 124.97046 111.92358 0.013556192
390.96533 1445.3887 767.40356 868.91394 0.013449915
302.09564 839.18274 464.61578 1047.4047 0.013326088
284.39865 1054.5583 528.1304 692.41376 0.013228802
315.244 718.87085 595.66626 1025.2148 0.013173816
332.2943 726.7771 630.27905 1061.1489 0.01315756
313.69046 1095.5587 589.82104 898.157 0.013036358
372.79517 772.46655 689.1025 1080.2987 0.013035174
182.03053 1622.3796 210.05194 108.11362 0.013030758
374.12003 812.1243 711.66833 1204.2897 0.012647741
358.10922 998.096 540.9937 988.40594 0.012618198
358.96954 1073.1715 537.789 1209.1888 0.012494494
172.88643 934.1835 298.6535 410.89572 0.012477073
280.45837 1014.3747 513.41095 591.1973 0.012245947
233.22705 934.7172 445.3919 1382.0693 0.012101121
310.43713 824.6117 525.437 918.3052 0.011891685
326.86188 1160.9662 619.7874 1263.2733 0.011770541
189.84464 1708.0062 367.7976 317.07645 0.011719037
302.1112 728.1015 573.08136 1056.7805 0.011076724
303.08755 832.332 561.18774 1058.9966 0.010706988
191.37956 1021.94037 369.04 1588.908 0.010481814
169.05319 1009.69525 315.6069 566.2347 0.010466281
377.34973 1231.5841 726.36597 1183.0555 0.010445465
297.4613 768.2095 492.0595 819.5748 0.01041102
564.5016 1346.8182 121.74893 200.1682 0.010296106
367.14822 833.1387 699.3096 1241.971 0.010234817
354.81094 906.4224 584.8272 1072.6167 0.010203794
311.8029 1526.2876 605.8296 589.8106 0.010121656
224.30664 1634.4316 421.27408 229.77542 0.010063388
363.6043 1512.2307 711.8267 737.23785 0.00983642
392.60785 714.16284 755.6906 1133.4122 0.009788066
319.7857 1517.8584 623.51 674.34827 0.009749989
318.30484 1507.4226 618.69824 657.3248 0.009440124
183.01741 876.61426 272.30643 295.38315 0.009394862
241.05087 992.1063 421.3993 1143.0012 0.009354852
335.05276 1130.7046 634.9375 1003.8834 0.009301273
314.37778 1146.7357 495.6393 859.56067 0.009130753
314.6075 860.14233 435.36942 698.2666 0.008933187
245.99835 823.8206 464.92975 1185.3981 0.008805205
402.66226 1004.0109 489.92374 880.8427 0.0086013125
305.40903 1106.2037 454.31174 727.1189 0.008337974
545.81995 1372.123 82.92951 136.46504 0.008265217
207.7755 1127.2986 396.82678 815.5558 0.008255576
280.19595 586.88947 525.6663 754.3977 0.008245568
223.10535 887.0658 421.7103 1276.526 0.008200143
360.55725 688.7981 672.34924 964.10925 0.0080833435
422.33496 992.58325 586.52216 1080.2802 0.008079723
362.14853 1025.7516 625.0802 762.4674 0.008020726
412.16428 1037.3341 551.2197 946.4959 0.008019904
266.09622 1674.399 514.6903 389.91727 0.007950489
395.00858 510.58154 774.3675 945.7442 0.0079407925
264.9063 1171.031 506.13858 946.1824 0.00784064
372.26474 1135.692 427.6777 816.9115 0.0077510616
337.85214 1395.463 654.6216 921.7392 0.007735158
328.49146 1466.514 542.17285 445.35483 0.007697661
325.7242 1308.9406 625.81665 980.7436 0.007628683
336.40277 990.4113 612.1891 689.6452 0.007405267
174.20671 961.93805 295.86975 458.12936 0.0074010096
191.61209 1599.501 366.37567 359.4778 0.007400145
319.32733 1126.7244 455.80124 803.78546 0.0073813563
457.7092 777.32684 541.0726 1004.1781 0.007322511
432.0916 755.7433 436.06247 877.3652 0.0073200716
394.7237 1330.6743 769.9355 1102.5123 0.007312775
293.30655 1637.3973 571.5861 470.21677 0.007310096
258.88696 895.9532 365.5796 968.5901 0.0073051183
395.79626 1043.7754 559.887 1068.7635 0.0072049634
435.78723 892.3217 596.32715 1160.1794 0.0071999007
322.80435 1386.9032 586.57263 562.08545 0.0071907644
369.71124 961.4825 423.84244 683.96967 0.007161415
284.3787 1298.1921 550.07996 1030.324 0.0070958976
299.24866 979.5193 465.09976 508.5662 0.0070843734
293.20618 992.65576 403.827 520.0332 0.00706961
589.2248 1287.2949 182.66713 320.2195 0.0070207985
248.49008 785.31976 455.26022 798.1837 0.006941606
249.47531 523.644 443.66766 527.49274 0.0069051427
269.34546 1526.7517 513.0983 489.28082 0.006831861
334.19238 666.4243 346.59802 499.1709 0.00680503
398.20758 694.949 779.8462 1013.424 0.0067633386
172.2812 1414.0978 187.58289 276.12268 0.0067124832
276.1226 723.6791 521.53015 994.0109 0.0067037484
440.68167 737.5446 637.9905 1060.0516 0.0066534616
210.68954 894.3244 207.57434 319.16333 0.006640298
474.62576 935.9305 576.4856 999.59955 0.0066339443
403.8665 1020.06866 350.20474 602.10297 0.006609
473.72147 927.0205 501.28833 1071.1267 0.006597749
377.20468 1383.1089 513.4874 555.4998 0.006565506
401.01044 1148.6371 435.80304 893.80615 0.006446624
444.59952 779.6298 402.50934 866.1572 0.0064402074
404.44232 1055.3826 235.4176 193.75568 0.006392051
391.19293 1052.8608 363.97403 625.3269 0.0063866167
441.5526 979.1769 601.39166 1023.34937 0.0063625756
241.7424 654.35095 363.22052 491.36313 0.006317839
403.35825 1070.3635 260.43054 334.55 0.0062875184
308.22952 937.56476 422.66537 419.92163 0.006272146
287.22406 1194.9459 518.6739 1285.3282 0.0062688775
402.40918 919.998 294.7677 430.04147 0.006259258
378.02158 1427.6183 512.9629 591.31464 0.006257659
316.53702 1127.8625 404.82407 737.4253 0.006175058
420.32166 842.3967 324.5311 604.6699 0.006147504
329.77615 1287.9568 638.68823 1130.0537 0.0061358297
195.37064 810.30524 177.39375 167.78476 0.0061307168
368.81 1090.8508 407.02213 606.73193 0.006111345
289.80032 663.4734 549.1743 848.4289 0.0060520754
280.84042 915.0741 523.47833 425.0432 0.0059936335
192.79077 1000.73175 356.08295 555.0456 0.0059433677
390.87213 633.32336 319.53265 492.16943 0.0059261792
267.61652 966.61194 499.17816 525.09235 0.0059181284
383.82462 1468.0957 451.13953 449.79556 0.0059072957
307.70593 1094.4827 384.89807 659.32654 0.005881844
316.49356 970.61975 361.58972 1068.8762 0.0058679585
243.26096 1501.3483 471.6807 747.6703 0.0058661643
331.7062 1432.7076 470.53296 371.67728 0.0058003813
453.85522 748.0517 591.8618 1058.7063 0.0057996716
38.72858 1582.538 70.62484 91.37602 0.005796684
187.1796 713.17957 349.24414 713.9508 0.0057937936
255.96245 929.18823 301.31076 403.38892 0.005791591
296.87234 859.7284 555.59845 749.1563 0.0057775127
350.50696 1014.7323 334.58588 810.93506 0.005725136
418.92197 1171.1273 391.53638 939.95074 0.005719035
415.67978 1066.0824 454.82697 751.53766 0.005711331
269.09814 1354.0176 514.21545 913.83264 0.005684543
251.04106 762.1054 425.84555 805.20197 0.005651033
444.5811 687.49585 324.5366 594.236 0.0056036557
369.86682 1504.7805 266.78046 242.1922 0.0055939583
190.99348 1203.8818 369.46103 967.3969 0.005585487
406.64084 899.9776 250.11664 346.67947 0.005551746
488.85312 857.03534 445.25272 780.6028 0.005536267
666.8031 1010.418 257.28604 414.29578 0.005523853
300.00153 397.1485 576.8166 628.0763 0.005464592
343.55405 1464.3174 495.01395 753.7751 0.005460046
360.20944 1388.7773 697.0813 945.6919 0.0054519395
380.0901 1506.8706 184.4267 201.15706 0.0053590443
385.00897 1100.9071 313.9412 753.88116 0.0053588846
42.25374 1606.0201 78.553604 145.83635 0.00535502
385.5104 1154.8523 340.7076 601.1654 0.0053540803
264.42096 1609.2739 504.58426 282.45267 0.00533515
369.40283 1160.2695 371.91666 1213.9271 0.005329563
406.98773 1783.118 801.23785 371.20175 0.00532305
440.6209 1014.9641 325.02173 549.5689 0.0053188815
430.49 577.7324 350.34286 603.3822 0.005305845
471.9207 798.926 329.6808 619.59576 0.005300203
482.89713 1074.5541 499.02466 1020.5566 0.0052576917
285.4247 902.82526 539.536 528.68024 0.005252676
260.00613 1193.3717 431.65085 984.06635 0.00522602
453.34476 1058.8403 376.4352 670.61957 0.0052198186
370.0293 1004.54443 307.37036 568.14966 0.005217291
497.11032 888.8778 476.99222 764.9932 0.0052049165
278.65234 1295.0167 521.949 1144.1803 0.005167221
139.93332 1431.6882 250.93225 315.99188 0.0051531945
156.15276 1182.5801 296.76508 802.0903 0.005107595
657.54016 1017.702 278.76617 478.6346 0.0051040538
84.34054 1889.5662 162.1306 147.07071 0.0050922465
443.13217 1092.9526 419.20572 784.1054 0.0050888048
428.5228 867.28516 273.1239 459.60547 0.005067782
441.1021 1114.845 464.80563 1168.1779 0.0050307857
363.969 920.2319 314.19916 410.10144 0.005027312
400.29163 1689.8823 789.2735 550.3137 0.005007568
441.20642 1425.6708 333.41766 358.8919 0.004997718
352.29636 1019.1516 598.1611 680.09534 0.0049913055
430.76193 926.55804 321.76892 1037.8906 0.0049854857
170.45717 183.7912 326.5736 225.81042 0.0049789282
500.71198 792.7069 571.0804 1133.2441 0.0049608843
352.26294 1037.0298 341.5117 849.8606 0.004941173
532.7932 1363.2356 172.90836 254.05037 0.004936842
764.291 1046.6627 80.706566 146.13373 0.004935123
337.01743 882.6601 575.0804 1139.9395 0.0048922
333.17493 1335.4316 621.31085 1086.0096 0.0048888726
336.0031 378.29907 659.2869 697.0297 0.004884692
179.21504 1517.0338 345.3759 633.8641 0.004873158
440.52295 862.2809 601.1808 1155.5245 0.0048472174
227.71172 548.781 397.8231 504.04984 0.0048082694
386.2501 1169.9406 295.7547 738.1548 0.0047914707
373.35168 1008.4196 423.7807 681.12146 0.0047276355
464.7829 1072.6466 373.09473 707.8252 0.004720271
501.91318 964.31 503.47372 1022.95514 0.004705214
417.67508 483.524 286.67267 421.44232 0.0046929014
159.1631 1220.1356 306.63806 975.6075 0.0046898485
294.6139 1615.8221 190.48424 151.61208 0.004688164
425.94342 1112.1451 505.9097 1208.7239 0.0046705147
219.5868 1653.2056 240.34111 143.59215 0.0046587633
298.95026 902.07697 572.9246 586.5588 0.00465395
627.2684 872.0804 319.26044 674.13306 0.004602021
523.93616 700.11646 350.12238 699.9076 0.004584127
356.43674 1116.5912 318.24048 335.94452 0.00457973
413.7106 1328.2305 570.11 782.4783 0.0045788474
279.63184 1549.1814 299.74976 404.37576 0.00456208
169.29819 1080.5665 296.5519 472.56876 0.004556871
525.16736 740.5504 526.7258 1043.9667 0.0045537287
360.9487 981.56946 385.26437 517.32416 0.004522327
482.14374 1057.7366 417.2909 743.8252 0.0045162966
513.3665 1164.1633 488.41806 911.4406 0.0044768024
223.45578 826.7825 333.60898 872.27325 0.0044603394
562.0054 901.9762 262.09497 567.4324 0.0044479766
390.89505 1047.418 292.82254 758.77893 0.004445228
196.59065 1074.4136 203.48721 264.27493 0.0044261646
417.4498 1381.027 362.7553 432.23163 0.0044249673
140.56 965.8055 268.74057 1405.4513 0.0044087693
484.8433 1133.4087 455.4129 975.8423 0.004390552
556.12134 816.1275 453.87527 958.92804 0.004368467
52.397324 1904.5239 104.49568 119.45174 0.004362815
443.31253 1055.015 148.99217 148.80385 0.004337398
170.81195 1606.1847 151.47603 132.70607 0.004319064
538.0969 1248.706 258.37793 424.71695 0.0043130065
390.17062 1364.9614 388.48627 413.5869 0.00430976
591.6085 1061.3125 177.6258 298.4001 0.0042948606
429.327 1403.2406 442.27002 878.5147 0.004293929
327.09134 888.2047 332.40387 537.6257 0.0042596683
482.91962 1372.0769 355.11935 576.5283 0.0042371526
338.31293 946.17773 195.49878 283.27597 0.004230908
615.7077 905.01556 349.08038 804.225 0.00422184
393.70694 815.26215 230.54031 312.28656 0.0042116023
510.54556 987.6235 292.9972 508.498 0.004195949
499.93323 991.77875 451.69675 609.8398 0.004180038
294.6424 958.7305 326.45657 399.2659 0.004176433
473.26553 1437.762 262.45178 346.42468 0.004174962
316.2963 881.47437 459.37576 535.81885 0.004167772
407.414 1440.9869 415.2946 405.7677 0.004166185
648.9563 1081.9276 292.23145 649.5003 0.004148958
396.26385 1470.7905 248.0309 249.09566 0.0041481066
466.68417 1266.6302 546.8431 892.08997 0.0041454877
148.34091 1280.8263 285.45917 1132.8434 0.004144732
271.8935 884.0851 423.93423 758.634 0.004140127
74.465965 1739.9136 141.2506 283.04147 0.004129189
558.7015 1028.9287 396.95236 777.97644 0.004120801
238.6562 1489.8855 377.4812 545.45636 0.0041120476
716.0771 1089.1761 167.58742 243.14072 0.004107703
417.2308 850.9415 287.34326 728.4489 0.004098977
407.73657 1130.4742 264.77255 375.33218 0.004082155
538.01917 785.8372 501.58453 1062.6345 0.004073783
562.6319 786.4666 280.0285 729.87854 0.0040693334
481.18994 507.85364 207.04971 362.77023 0.004060612
404.91086 1072.9088 404.91922 1309.9568 0.004058896
270.78238 1448.5663 317.27777 277.11554 0.004058204
393.66156 985.6698 264.24448 317.1603 0.0040469123
125.09495 1571.9685 240.2451 567.61804 0.0040134178
418.669 1429.0803 252.02563 330.7469 0.004009966
740.5647 1067.5944 127.719376 215.49626 0.003988384
357.3899 453.97 699.1305 809.7642 0.0039861263
410.71326 585.5191 624.70667 798.35016 0.003935639
632.8138 984.80084 319.83783 701.8416 0.003915573
548.852 1268.5947 231.29744 304.9022 0.0039149146
580.907 1154.941 165.14163 210.0238 0.0039028411
724.44946 1019.1218 154.82382 288.19003 0.0038977414
249.27519 1664.4607 156.0114 134.16173 0.0038943917
163.80185 169.25172 306.8565 191.29556 0.0038879837
335.86948 807.77814 303.54022 713.7713 0.0038872545
560.2293 653.7243 285.40668 537.3461 0.003872162
513.7882 1045.5172 501.23184 824.1445 0.0038535732
579.42285 937.62134 420.52692 1147.766 0.00384645
136.43806 341.97427 248.93239 286.13156 0.0038314296
409.84467 1863.3959 804.7649 213.34235 0.0038260408
501.3538 683.5243 561.94507 995.89276 0.0038211588
374.90005 878.7844 281.50955 327.85114 0.003819357
610.6003 879.6052 205.97908 316.66083 0.003813628
278.15912 847.8465 498.43835 340.38715 0.0038132784
442.591 1468.8159 311.92087 496.79974 0.003811947
361.4554 906.6589 255.18379 474.92224 0.0037974634
347.79697 1364.8789 387.54514 409.09103 0.003788505
359.18692 1414.4119 263.2148 395.83734 0.0037788174
500.5282 1285.342 287.5852 352.93472 0.0037580782
332.41263 1293.6603 415.7142 620.4857 0.0037513305
447.37732 732.6049 213.71915 299.00705 0.0037386282
298.04416 1634.055 192.29398 200.93304 0.0037381253
213.20491 1706.8811 223.7212 160.84909 0.0036905676
353.54095 1425.6526 284.37183 333.37622 0.003687047
515.29 1206.7725 427.2647 823.60675 0.003670824
465.00055 1068.8973 266.1144 745.6991 0.0036621965
601.08307 1156.6068 124.60854 128.71506 0.0036533752
103.07143 1693.5952 192.68962 282.38794 0.003653238
616.7229 999.78986 336.75665 490.80655 0.0036458797
233.78506 1619.7213 164.21864 137.59096 0.003643867
441.39395 1509.0695 383.05304 714.0262 0.0036384924
583.3663 1038.2262 362.89374 604.55304 0.0036224495
428.94647 1022.75385 584.18585 1088.1765 0.003605372
441.0954 1272.4894 301.04352 603.5895 0.0036025536
386.32187 944.96027 579.62006 785.07275 0.0035982975
484.18738 997.6541 496.026 562.71313 0.0035882075
526.3485 888.81 491.75595 801.5261 0.0035740635
573.5357 755.04156 433.97348 927.3547 0.003568791
636.0794 909.4263 166.44368 271.0518 0.003558119
604.9215 987.27454 165.97707 311.07693 0.0035434982
123.57242 1388.3402 152.10593 214.9112 0.0035307507
442.1819 762.1214 317.45517 814.1366 0.0035193523
160.31998 1774.5358 186.91905 113.49402 0.003516479
550.8598 604.2746 222.30789 406.70334 0.0035157558
244.77235 1573.9417 319.31982 649.7158 0.0035122575
383.06808 1543.367 230.70483 311.9995 0.0034644029
583.28186 866.9005 210.50272 337.1874 0.003458118
574.31665 1093.1172 421.46365 1094.5759 0.0034573297
255.41441 1589.5511 315.62195 540.90063 0.0034540028
446.88934 1062.1035 133.409 151.97046 0.0034454619
692.81445 956.3217 206.93942 476.89227 0.0034288317
608.4764 902.3894 369.95386 1081.3824 0.0034130642
536.0281 1212.6425 264.95044 601.0282 0.0034005868
570.33307 1115.2551 180.70496 279.399 0.0033909979
634.4754 1233.1859 319.7329 531.9801 0.0033856556
580.5926 1216.9508 187.77008 454.147 0.0033748318
400.0128 1024.905 243.84009 604.993 0.003374009
421.7436 1431.0815 189.06006 215.75484 0.00337222
109.59805 1301.5149 209.63528 1127.6808 0.003372148
183.40079 1513.1959 344.64804 774.3993 0.0033695397
181.6552 1841.2053 353.17847 236.20036 0.003359403
135.75713 1891.1354 261.2119 152.85951 0.0033526884
318.6851 1340.643 263.6077 785.4439 0.003351887
167.7007 1152.5812 284.11023 362.42184 0.0033443482
217.66667 1590.1028 219.27592 177.88962 0.0033386692
397.39542 1450.2924 197.22684 239.64558 0.003332693
259.36746 1742.6165 517.1024 284.5863 0.0033317315
583.5848 722.48065 379.3559 763.7662 0.0033106252
437.88113 875.5171 252.99922 497.03024 0.0033058077
578.59033 1016.28754 406.3194 1053.2567 0.0033043488
446.1899 1285.6233 274.8031 583.76605 0.003303796
233.35336 1174.389 166.34131 216.36136 0.003296506
321.729 899.1426 387.0028 475.61407 0.0032875482
626.32996 1213.0408 318.99826 443.81885 0.00328198
572.0442 1046.0227 410.77237 830.79987 0.0032718098
516.91907 715.16125 481.68573 832.9208 0.0032607585
403.05997 1591.0062 768.1337 728.3302 0.0032532213
460.24377 1504.6892 229.60791 349.74823 0.0032468524
538.7982 1110.8138 232.0845 660.7239 0.0032460822
465.28418 581.46277 404.73227 642.93024 0.003240476
706.06726 975.5976 184.84323 458.0699 0.0032399108
329.33072 1071.4705 602.0819 1064.752 0.0032346346
314.88916 1416.0664 487.89276 935.03424 0.003230505
505.2821 1067.1249 501.21085 726.3567 0.0032261945
330.03738 1238.8005 153.3444 209.5321 0.003221939
534.33417 1122.9229 491.75067 1260.7333 0.003218942
635.9939 1132.8319 315.95734 794.7588 0.0032143677
260.6765 1606.6167 148.49786 142.91457 0.003208671
372.0008 1065.3138 234.31052 204.94702 0.0032067727
342.41977 1490.9952 552.9914 799.42114 0.0031973943
440.11377 803.5051 340.91547 873.7868 0.003193128
544.91345 907.8644 433.05386 631.8105 0.0031845386
79.98441 1707.173 135.6719 316.34595 0.003180802
559.18274 855.38556 427.8192 748.92017 0.003161355
185.44879 1029.4905 369.14972 1656.6278 0.0031540452
625.38776 1169.5729 89.968315 99.6741 0.003153984
344.84528 734.6437 662.1942 1046.5426 0.0031427552
421.55606 1022.5611 370.5352 805.324 0.0031409215
89.71886 1807.0504 166.35861 162.31065 0.003137773
639.94763 888.8337 147.91469 218.72505 0.003125526
536.89484 835.5295 505.80533 1225.2635 0.0031187006
409.2005 1116.7971 197.95035 233.25162 0.0031177683
513.2223 1083.544 480.2688 1237.0872 0.0031091562
358.5287 1663.3885 174.64462 200.8679 0.0031006988
401.02707 1443.6147 689.74677 854.4458 0.003087717
413.88055 1058.7775 601.4161 1147.5199 0.003086084
479.75095 1171.3019 252.37665 560.7629 0.003078064
456.2876 1317.4962 160.04349 261.92868 0.0030513315
551.7348 824.6419 460.92126 1047.7797 0.0030510111
70.42018 1711.372 134.13033 336.932 0.003047925
409.20438 1916.6941 811.9809 107.504845 0.003043367
588.6057 651.4778 243.07655 450.3138 0.0030421652
252.753 1197.1904 351.69373 1097.2158 0.0030400427
81.95458 1875.5513 147.97107 160.26773 0.003039368
567.2947 1222.5938 442.94504 1026.2535 0.0030383896
402.85962 1078.884 188.15508 185.36682 0.0030363104
395.26804 1281.7782 207.53333 383.74017 0.0030271972
222.24309 716.758 316.82047 346.1739 0.0030211
458.09064 1422.4187 146.78035 173.02803 0.0030097668
671.26245 893.8019 258.14844 673.67773 0.0030081475
438.02344 804.9751 303.06146 773.5215 0.003002728
119.67609 281.55402 222.69437 190.58667 0.002998986
613.5079 1277.7606 271.70172 361.14246 0.0029932784
696.30884 995.05084 204.16394 457.6231 0.002992355
388.6705 1400.5991 249.98903 194.37093 0.0029893192
79.76604 1844.5907 151.59583 213.77524 0.002985005
601.5434 809.7659 377.256 934.83923 0.0029831862
409.2315 1119.7805 202.35504 232.87415 0.0029754993
530.3188 853.2505 482.79138 1001.9232 0.0029680987
106.65189 1826.5764 211.29282 258.31934 0.0029567499
419.74985 1653.0435 139.84152 194.71648 0.0029549228
384.0628 1538.8206 242.16356 211.32309 0.002952078
504.64883 1477.1481 259.7181 633.99786 0.0029418224
308.45728 1386.9701 160.26215 214.8614 0.002941004
377.2777 1117.1261 293.1474 780.9269 0.0029396608
382.4055 670.06134 745.9252 902.50696 0.002937452
534.2304 1115.0132 466.29733 970.46313 0.0029371753
258.8924 1772.8297 171.39514 183.69102 0.002910823
602.796 784.04706 344.27853 793.38367 0.0029032198
396.08206 1189.628 219.13518 270.70636 0.002891358
186.78447 1861.995 363.85275 208.10641 0.002883272
529.5024 937.2508 412.1294 484.4855 0.0028831994
381.98944 1110.3053 556.2304 758.35675 0.002877654
432.8158 868.6671 323.45737 905.3947 0.002869001
486.5579 984.1975 546.5804 751.7951 0.0028614863
222.65965 1428.8019 315.5952 681.6287 0.0028550199
264.96997 748.8595 511.44995 1102.4554 0.0028474943
297.89203 924.43915 580.59216 429.45822 0.002821232
575.1308 956.62164 399.4047 1036.8514 0.0028122691
422.0411 1381.3331 268.78235 252.46739 0.0028102694
209.54431 447.16257 362.3255 470.7408 0.0027978255
599.133 1116.591 364.75754 674.5937 0.002786512
604.3273 1306.2817 276.75415 389.1882 0.002784941
615.9439 1247.8313 294.53928 381.58432 0.0027775234
623.95544 1230.907 324.9934 421.40765 0.0027675654
368.00006 1638.351 137.60962 169.19868 0.0027628397
366.88712 1392.604 354.75397 829.72253 0.002760376
530.5856 738.1736 520.6027 1107.2999 0.0027586087
498.04263 737.47876 273.6083 659.9169 0.0027542096
186.93105 1663.3837 100.62652 77.96646 0.0027495488
247.6353 1753.4705 329.03256 419.0066 0.0027479029
697.0905 892.9501 174.11194 303.16525 0.002745672
195.43567 1106.5217 312.32028 1074.1259 0.0027321111
401.91003 1177.3296 201.76302 551.12634 0.002718595
599.1423 686.15454 265.08487 500.96423 0.002714744
119.0959 1347.1719 138.61641 154.75374 0.0027139024
465.41992 749.5065 292.1959 764.21967 0.0027117971
361.0657 988.8103 631.22894 978.628 0.0027056127
413.99463 278.9226 815.6764 545.49567 0.0027039922
308.89062 1123.8595 529.1197 1289.8678 0.0026994657
454.91956 1399.4713 347.63086 839.30005 0.002698684
284.9759 1261.2124 146.26694 191.8032 0.0026862526
144.56145 1338.7152 248.17197 401.8457 0.002686088
613.1329 1025.8391 178.93686 299.76102 0.0026844137
401.80762 970.6841 793.9744 1856.942 0.002678325
394.02325 1730.4897 744.13226 415.09317 0.0026737575
317.99115 1774.8717 638.00165 384.957 0.0026720376
579.9498 887.2968 417.7731 1176.3838 0.0026675784
330.90726 1877.737 662.9347 179.98404 0.0026576903
345.60904 1846.3528 707.0729 254.36583 0.0026484781
424.20975 1296.0432 184.32234 276.00012 0.0026447854
90.34818 1563.6348 170.14287 530.43317 0.0026338238
666.6345 1164.0623 100.32731 135.7831 0.0026243238
683.41547 1846.6825 268.2729 244.46356 0.0026107621
696.37634 1105.0969 208.09605 300.30505 0.0025989977
369.4635 1853.2566 740.9207 234.67981 0.0025983872
239.48923 860.02924 219.82655 243.36609 0.002579753
270.33597 1264.6345 367.3597 992.7165 0.0025797235
371.38702 979.28906 737.7185 885.73566 0.0025732815
264.4944 1161.3823 398.94092 505.75293 0.002569274
295.45523 1751.5406 440.87817 278.93002 0.0025679925
563.9121 1165.1285 370.48563 493.1184 0.0025672012
609.6983 1030.9681 378.4716 1388.2437 0.0025496667
320.26752 1771.2726 633.38776 397.9158 0.0025414785
359.6628 1724.6565 104.44102 125.19499 0.002537885
101.18248 1521.6569 191.7847 603.15796 0.0025230881
93.12195 975.33246 171.93036 447.51367 0.0025156657
364.8687 1510.0396 255.63828 508.98523 0.0025134461
342.93417 1580.993 550.44257 624.9328 0.0025075807
421.21872 1101.1964 357.52765 708.6611 0.0025039038
114.2567 1853.536 223.48474 207.58711 0.0025038538
232.60202 1644.5262 239.7749 187.43497 0.0024982437
213.13882 1367.7913 139.35277 155.82478 0.002494043
333.69684 1632.6238 631.4013 548.6948 0.0024920402
583.12933 981.5031 235.75403 427.53757 0.0024812804
559.1343 994.29346 493.70685 1530.2114 0.002481003
448.8849 1146.7439 366.4722 884.93756 0.0024805593
686.167 884.32355 216.936 556.9393 0.0024769066
301.6474 1742.338 574.74493 453.25394 0.0024460894
414.63736 157.80418 821.83594 307.95657 0.0024332057
126.34165 1845.2156 163.478 96.32152 0.002426375
151.8738 1407.604 237.57292 297.0135 0.0024219735
555.79565 651.67206 192.31015 341.10062 0.0024179076
600.69446 1285.0344 396.20685 978.473 0.0024170785
603.1213 1374.3756 192.73744 304.2802 0.0024150684
250.76152 545.4205 503.51987 724.8512 0.0024146494
683.2804 887.2693 234.41801 701.03546 0.002410855
694.60706 861.0035 131.47406 207.51768 0.0024070952
400.90213 908.90204 172.04222 180.87402 0.002398752
367.4677 1314.5383 527.9458 940.71246 0.0023957426
166.32013 1416.3702 261.0813 318.68356 0.0023935635
288.72293 955.1564 464.9878 1151.4048 0.0023898387
468.70776 1115.3353 217.51337 560.5473 0.0023896964
382.45547 373.27927 753.6258 720.7393 0.0023857062
49.9955 1936.5604 97.43921 58.672844 0.0023854952
613.15985 1544.1049 376.44974 662.2495 0.0023821092
460.48373 1693.1145 188.52678 243.52208 0.002375782
659.7613 948.4004 273.22504 659.0565 0.0023696339
399.07288 787.61487 172.71704 191.64212 0.0023631025
402.6854 148.55487 189.85283 113.944885 0.0023625868
168.22414 1867.0533 276.33328 147.29454 0.0023622382
358.08118 512.402 709.632 710.9206 0.0023421494
633.4186 1237.043 337.01794 1100.6732 0.0023328965
473.80136 825.4255 474.32108 982.4562 0.0023322771
462.92242 846.86 348.86374 591.42377 0.002331198
488.04825 1142.8331 478.72284 702.15234 0.002326497
531.0465 846.9346 269.52704 658.76587 0.0023226873
284.4506 1159.2736 226.68304 544.2125 0.002321958
134.53253 332.82565 170.76231 147.3891 0.002317739
580.2775 1160.4559 424.21292 1335.4342 0.002315014
464.04962 1601.7109 291.80295 478.00436 0.002312107
524.2376 1355.831 265.0201 843.64453 0.0023102753
726.52484 1648.2168 196.09825 463.25958 0.0023070725
709.9157 888.6108 202.18875 448.4422 0.0023026601
551.7189 1863.4247 217.28052 204.65205 0.0022988608
222.05379 1894.8982 439.2837 133.7575 0.0022909357
577.0013 581.788 197.66782 364.514 0.0022903483
414.7549 89.49637 820.4793 174.93279 0.0022862735
755.8699 1835.3975 132.00642 268.63672 0.002278113
434.5075 12.406015 811.59564 24.490454 0.002270148
349.01395 1674.554 399.8365 591.57697 0.0022691977
204.77788 1829.7001 224.81403 130.68504 0.0022678713
700.8436 1598.0092 249.6771 732.49066 0.0022622223
469.51608 579.9258 200.62003 291.10272 0.0022611045
421.4471 880.50104 189.99275 236.49518 0.0022571525
528.3181 826.6515 238.24762 484.6782 0.002255187
469.79642 1230.169 425.9715 1160.0974 0.0022526146
546.64124 1185.1447 330.24203 456.03714 0.0022508746
487.9172 1885.4133 184.50267 159.6052 0.0022498984
502.25092 871.7829 171.64053 343.46463 0.0022490174
362.73663 964.1096 706.48285 529.1963 0.0022482045
652.60455 762.5833 268.8362 588.75006 0.002234827
443.44302 982.4781 306.59283 775.2082 0.0022247995
595.7534 1866.0098 262.05356 201.00624 0.0022243762
466.36285 1685.4037 120.69319 151.32384 0.0022142355
748.6247 1698.4393 148.56494 317.8884 0.0022133305
488.71533 1434.8141 357.63495 819.83307 0.0022074769
421.75323 1281.9915 193.61125 494.96317 0.0022036603
266.90552 1827.945 151.85036 151.62106 0.0022017015
473.1751 1057.1476 229.79454 555.53076 0.0021909112
633.4027 1326.3057 277.36255 456.01437 0.0021871743
641.8926 935.20636 320.57053 1236.0786 0.0021870525
553.5693 1376.2954 71.942314 117.10857 0.002181996
769.9367 1812.2904 106.77076 311.30734 0.002179543
477.60907 1238.2817 528.6359 821.0476 0.0021794953
207.40248 1884.4447 407.45612 147.63377 0.002173583
704.25415 1879.3842 232.94444 180.9528 0.0021710952
421.8016 1412.6572 407.4881 864.4638 0.0021605745
345.6233 1913.0491 180.2787 98.93315 0.0021528238
697.44574 1462.1765 232.86319 631.28046 0.0021484033
501.19754 1658.9945 152.85999 199.53706 0.002141606
367.66837 1376.777 146.02733 197.45459 0.0021408796
721.0498 1517.528 208.12662 438.2836 0.0021381157
492.1015 1876.6008 199.30545 179.6556 0.0021373609
763.2249 993.8113 125.90466 440.3878 0.0021364286
509.0458 894.82825 414.74588 861.1323 0.0021334582
180.04008 1942.4619 355.08383 50.30788 0.0021270795
454.35492 966.3679 300.1254 646.7637 0.0021256711
499.26276 1880.482 591.366 230.97804 0.0021220492
405.86725 1603.3381 659.5645 564.0942 0.0021189353
550.4968 828.37494 320.2336 708.6955 0.002107658
752.33325 1475.7518 154.33272 420.5653 0.0021041697
269.39285 1850.31 373.15576 186.6527 0.0021003585
625.91754 1221.1705 347.90158 1293.5304 0.0020987182
483.05435 1629.9338 173.93008 311.4183 0.0020985913
86.22111 1948.1047 169.16 51.20233 0.0020957105
374.19217 865.4441 489.31357 678.1848 0.0020732286
580.0427 1193.9536 409.28986 1078.184 0.0020728528
437.32437 1791.002 129.99582 161.76093 0.0020689573
375.091 1832.1339 362.36322 262.33603 0.0020657738
653.85156 1308.3369 269.62888 408.40497 0.0020643608
283.1927 1735.8019 451.48117 468.81815 0.00205985
441.23755 970.6536 237.18634 467.15616 0.0020573705
630.72034 1131.3049 331.9504 1385.9521 0.0020571041
554.282 895.2759 402.39206 975.79364 0.0020523875
533.89185 1876.894 137.19096 176.81506 0.0020500107
666.9838 1628.2316 242.85753 318.70682 0.0020472063
245.13643 1893.2041 488.73325 141.48183 0.0020465127
380.4928 1471.0435 457.0278 756.47345 0.002046356
671.834 1189.1195 269.5478 1024.5608 0.0020460375
770.73096 1437.8368 117.991585 387.8921 0.0020449862
490.6268 1896.4042 109.55158 138.34743 0.0020448666
685.00116 1793.6277 125.19597 152.2832 0.0020445504
390.88913 1150.7002 256.2429 699.413 0.0020389752
296.6929 1903.5177 136.00748 113.7157 0.0020364725
561.3673 1797.906 167.23784 217.74844 0.0020358863
337.26657 1675.384 546.83655 450.58005 0.0020238187
388.07935 1880.5287 722.7436 279.2922 0.0020229984
655.11224 1287.8254 298.4935 852.36835 0.002014878
622.6311 1559.7434 233.1203 377.74164 0.0020125092
355.55756 1871.732 167.62321 176.87657 0.0020078134
286.18237 1008.5283 471.43155 434.9336 0.0020069545
216.80115 1226.4125 276.44543 529.91754 0.0020058127
651.47565 1782.6428 266.13568 264.79227 0.0020054956
402.6534 1058.6857 265.52847 459.669 0.0020007933
617.31683 1000.82214 360.42 1355.6882 0.001998187
739.8859 951.7174 167.76906 568.3856 0.001996326
52.979412 1631.9545 99.5465 431.16592 0.0019939211
627.1872 902.3646 326.1863 1006.6768 0.0019910517
581.6219 1875.4879 143.78407 181.19818 0.0019860996
760.9173 1853.0798 123.21428 233.74135 0.0019847467
611.79425 891.03955 353.90695 1028.7827 0.0019838419
519.2949 1893.2954 120.73125 148.60889 0.001982313
432.67737 1200.9144 331.16165 952.2329 0.0019821527
657.63275 1897.1035 314.55832 146.9016 0.001981455
776.5209 1648.5024 90.73423 270.87122 0.0019727403
265.2344 1910.6234 388.95438 106.927574 0.0019513338
681.01337 828.59894 245.07773 776.3474 0.00194911
697.6229 1810.9872 158.02193 193.35081 0.0019490997
142.4207 1854.3843 216.69302 140.92924 0.0019471574
417.83252 1202.7915 327.20737 1018.042 0.0019440121
623.0029 1217.05 353.79922 1166.206 0.001943101
408.89636 1899.341 252.98862 142.80716 0.0019270859
380.057 1912.6853 210.31494 114.16031 0.0019130963
483.65482 1708.9708 132.8875 148.85867 0.0019045495
436.34668 874.14813 184.58803 221.93567 0.0019008776
30.476978 1638.456 55.289356 177.90414 0.0018969543
551.9413 1680.1605 127.09572 144.0986 0.0018951973
666.59906 1432.6963 205.96477 375.5422 0.001892841
431.23288 1102.307 397.8795 1219.8446 0.0018916883
290.98788 1884.0135 339.8844 163.86021 0.0018873275
400.53815 1218.8218 290.89398 651.00555 0.001882373
423.35947 1781.1136 142.00119 185.57071 0.0018750018
732.81757 1142.3899 161.96065 527.2823 0.0018729308
395.61685 1799.1766 203.032 244.00536 0.0018715656
722.06726 1907.1653 142.1316 119.99089 0.0018682034
671.28564 1778.4816 168.82616 215.68219 0.0018639802
746.632 1439.5693 166.2748 318.2263 0.0018584782
462.2573 1902.8365 307.35406 132.57378 0.0018545868
126.86734 921.44257 213.3571 414.9498 0.0018476538
443.46265 1076.4452 245.15735 881.8674 0.0018458528
735.8674 1323.6921 184.6999 541.052 0.0018445714
550.2661 1886.9066 117.48572 153.41396 0.001842199
544.33765 1590.098 137.77618 196.86206 0.0018383529
368.52255 1518.0647 321.01797 576.91064 0.0018369019
657.0352 867.0306 256.42154 452.18204 0.0018362324
779.4598 1876.9288 85.10471 185.01143 0.001835383
513.1894 1178.0967 393.89017 1093.5044 0.0018276464
731.3732 905.5979 182.24023 565.6518 0.0018224579
652.8243 1911.4111 195.18619 113.38586 0.0018187922
423.83224 1207.323 629.666 824.2846 0.001811315
580.4351 1852.5513 139.6978 166.07498 0.0018098328
649.2992 1019.83356 306.18857 1150.3738 0.0018085015
672.81335 819.8773 275.32123 800.0359 0.0018082338
693.04816 962.24866 192.6895 379.7358 0.0018071024
516.57605 1787.3319 136.19041 141.29959 0.0018062665
292.14862 1937.8612 600.3122 61.289177 0.0018002293
788.80725 1652.1034 74.47558 390.695 0.0017970394
686.93146 1029.4847 234.97754 779.73395 0.0017950698
450.03473 1762.2659 397.9778 463.00012 0.0017889292
505.90628 1932.7717 563.2197 161.84311 0.0017808888
351.47235 1781.8895 352.88934 239.38873 0.0017795025
669.62244 1771.7302 168.2096 268.21237 0.001770587
298.80112 1908.6335 602.9443 124.42643 0.0017702238
568.6744 1907.466 256.4072 127.59129 0.001768706
669.8524 1637.1573 170.27641 261.88177 0.0017661679
683.5515 1909.5753 216.30635 116.34747 0.0017642967
284.76862 1838.7665 330.2718 256.89227 0.0017581859
403.89697 977.6406 798.95886 1878.982 0.0017468908
268.21976 1896.3788 540.58374 148.58897 0.001734057
421.0453 960.332 320.513 660.8078 0.0017258633
765.1185 1441.5023 137.19481 226.97958 0.0017244286
444.45572 1854.0927 166.11586 215.18599 0.001723398
772.3171 1048.0797 113.02868 451.1423 0.0017196424
309.06046 1071.9103 285.85306 793.31665 0.0017167977
765.109 1501.3602 129.39302 526.2623 0.0017126048
548.1531 1561.5535 181.78394 248.8245 0.0017124768
713.9023 1444.1604 138.92989 197.03114 0.0017116993
661.70984 1915.0054 246.17058 107.795906 0.0017112503
646.5818 1230.1915 237.96638 432.6372 0.0017107705
407.17566 1918.6356 717.4743 128.19788 0.0017105247
764.57806 1304.6392 120.72044 451.61557 0.0017093143
778.35297 1647.614 87.855 222.25826 0.00170796
291.6277 1835.8064 178.239 150.26022 0.0017068969
572.43085 1629.568 156.31563 217.5721 0.0017037862
681.8683 1450.8002 243.04453 472.11328 0.0016926007
275.3636 1876.3777 558.5498 190.33057 0.0016911549
595.38275 1604.7485 180.3928 232.99004 0.0016894772
791.35455 1754.2683 67.23136 438.3664 0.0016880183
654.72 1493.2402 182.4038 298.2697 0.0016740685
576.1708 1921.5409 137.00844 107.42523 0.0016725679
524.9426 778.79614 261.9067 409.57303 0.0016691166
714.2578 1560.1318 205.53722 240.63185 0.0016620156
708.78986 1573.4377 230.43996 359.67236 0.0016616927
555.2966 1675.294 118.36695 169.10297 0.001655304
790.54614 1743.5316 65.16837 471.06836 0.0016540792
773.84766 1175.3445 102.76737 531.0711 0.0016537838
699.1256 1265.1967 220.29008 432.0358 0.0016515062
166.47528 1958.1588 333.00726 40.697086 0.0016474647
304.13016 32.684494 162.46852 61.167843 0.0016459329
696.1514 434.25677 228.16878 336.46808 0.0016434453
505.64407 1798.5754 163.7384 318.76196 0.0016424748
793.8888 1004.4045 68.52431 303.26617 0.001641482
547.09644 1698.1066 161.26604 256.17276 0.0016408437
671.2585 760.3559 263.59033 892.03845 0.001639902
646.7025 1926.7632 187.34003 83.285995 0.0016365866
652.8863 1904.6558 172.7403 129.6458 0.0016359363
423.79755 1034.5374 557.8466 690.6104 0.0016333231
792.5208 1876.9556 58.798893 184.44618 0.0016237259
737.36957 990.5182 137.83083 281.33643 0.0016222633
793.22375 1397.0405 84.00244 343.7679 0.0016187116
771.87646 1272.5728 116.20291 306.11307 0.0016182285
776.4307 1301.3071 108.3225 542.38367 0.0016155082
704.21643 1363.8951 226.96452 666.99316 0.0016133969
472.10684 1804.8193 154.63226 178.41646 0.0016108159
642.1652 1918.186 190.55 106.076195 0.0016102439
410.4688 1059.6785 666.099 946.17865 0.0016072218
361.55637 1944.4017 318.29593 53.18232 0.0016063146
417.58124 760.554 721.4308 889.8994 0.0016051022
246.11081 1008.5861 497.44574 1663.0406 0.0016033394
670.6011 1447.0391 148.95837 205.73741 0.0015940047
306.7869 1925.6486 625.33716 102.01478 0.0015917518
381.8824 958.7967 293.61267 606.3544 0.0015870135
685.0521 74.65244 262.3347 148.2865 0.0015862521
275.93973 984.0351 486.2594 1285.3158 0.0015831846
287.72638 1037.6355 431.5226 526.06415 0.0015733871
729.20416 1359.1852 119.353615 194.86165 0.0015710404
726.9493 1637.6853 151.34042 179.87376 0.0015668456
395.57336 1227.0352 286.9584 618.134 0.0015582475
721.0435 1532.1326 222.81906 461.22015 0.0015578298
360.81128 1071.0626 655.60547 977.77057 0.001551709
669.4122 1913.3947 213.15886 121.66211 0.001550007
404.4556 978.66693 795.2011 1880.8015 0.0015442374
672.82477 1255.6392 255.59708 403.2604 0.0015288471
683.57227 1503.3059 128.60696 167.6441 0.0015272959
742.61993 505.11862 159.55058 474.53845 0.0015235237
657.8769 1925.461 249.31354 92.5935 0.0015227979
579.7937 1520.2855 146.24742 238.73476 0.0015197081
504.88132 1933.2097 183.15022 74.61184 0.0015156731
773.1295 1042.0894 103.478966 286.76407 0.0015138441
580.12604 1945.8231 172.78087 52.829647 0.00151278
439.28226 1249.0796 187.53596 408.39334 0.0015112523
782.7931 909.23926 91.55624 486.34113 0.0015066479
779.18567 1264.1313 102.07337 541.4771 0.0015053285
785.27014 1520.8461 78.91747 212.8519 0.0015018242
640.88165 1398.8469 345.51727 889.4983 0.0014923505
738.79944 54.019703 161.31758 106.06662 0.001491694
434.16742 1951.0895 683.2851 118.56425 0.0014910315
678.0299 1441.2003 208.07634 518.28284 0.0014903956
797.9414 1787.2269 53.82264 341.2981 0.0014879579
794.4068 1110.6462 68.58269 400.68542 0.0014848694
764.3025 1482.6425 140.77219 400.05228 0.0014825093
445.37582 1923.2281 716.0132 92.36778 0.0014785645
672.0406 1928.5541 112.19769 91.25405 0.0014739725
766.17676 1403.7949 142.56042 208.62999 0.0014702029
711.43384 1486.818 199.25209 958.6198 0.0014681855
790.64606 1410.1259 74.56278 252.9727 0.0014677814
712.1509 1215.1655 220.24986 572.6475 0.0014646623
166.79549 1504.3265 245.42906 788.6653 0.001464605
394.26846 1291.265 522.2906 577.5028 0.0014468981
713.31934 1046.2275 216.47368 942.937 0.0014429991
794.9735 1822.8066 58.182262 298.6081 0.0014393937
258.39624 1954.4124 546.7813 47.38362 0.001433601
787.4814 1858.5024 67.193016 224.74756 0.001433268
801.17633 1879.8162 45.63726 178.97517 0.0014314974
304.77347 1403.307 423.19907 944.1423 0.0014297086
756.51715 1306.846 155.10735 335.80966 0.0014271077
470.7665 959.2539 337.7423 998.04376 0.0014256326
773.87744 1820.8218 95.71153 242.04568 0.0014241054
742.93945 604.86487 171.6726 711.3107 0.0014193126
776.8498 1912.6785 75.25002 111.675385 0.0014163973
769.453 1722.2173 136.73543 272.14624 0.001414554
183.38094 1967.6582 338.77353 56.161087 0.0014128946
793.1633 1448.6392 67.43194 369.35278 0.0014115524
433.65027 91.54811 790.2313 180.96176 0.0014068111
672.8071 1920.8354 176.54185 110.047226 0.001403376
799.3889 1097.553 60.46062 215.03304 0.0013983006
533.3276 964.89777 389.0171 690.027 0.0013940949
287.31735 800.88055 336.11624 758.4615 0.0013934146
764.0555 1017.91254 108.039185 174.75526 0.0013868872
746.8301 1104.7012 166.93712 376.44168 0.0013823846
226.34354 138.5207 444.4619 236.12459 0.001381364
753.55396 1852.885 142.82864 221.00067 0.0013728909
781.5959 1219.8618 99.769135 385.11902 0.0013667854
114.61078 1028.9027 223.88567 1656.8202 0.0013642826
432.9837 1069.4194 449.77994 1046.0399 0.0013620087
800.8829 1134.3774 52.876625 255.6919 0.0013592577
276.01947 1952.7494 580.5648 59.83346 0.0013580343
772.2949 133.72188 97.66983 266.69162 0.0013565001
793.95496 1814.2382 61.26646 311.36108 0.0013503599
296.4776 1408.4349 410.38055 946.3289 0.0013408904
134.64247 40.127857 265.47012 71.64768 0.0013404539
796.60187 1149.6195 70.67878 424.95547 0.0013349755
780.17554 1893.3629 91.24117 150.68262 0.0013288294
795.24023 1080.6613 71.71498 521.0346 0.0013249252
813.1428 1838.1472 27.27871 265.3001 0.0013198772
750.7317 998.3764 159.59184 579.3793 0.0013175424
436.295 1144.9327 384.8927 809.383 0.0013078158
803.1944 1155.0117 52.04546 494.4519 0.0013010293
805.5276 1012.385 44.05218 207.96184 0.0012968767
781.4932 661.9041 89.18076 349.2699 0.001295626
708.4174 1924.9432 228.15904 92.340706 0.0012954619
793.4139 1245.8275 78.449356 244.59508 0.0012952838
755.38605 834.0295 158.69366 322.39926 0.0012947761
793.1523 1900.2328 56.04738 139.73851 0.0012821465
807.02423 1559.8141 39.813744 349.16122 0.0012805576
436.47238 1958.8684 666.73083 95.75626 0.0012788099
809.025 1559.0844 37.432793 403.4585 0.0012728488
251.36832 711.17816 466.7521 968.1572 0.001269515
812.88367 1695.5472 28.465652 305.41483 0.0012654592
790.4119 1180.1637 83.37829 395.082 0.0012648315
755.7961 1313.8916 166.11424 463.01028 0.0012488241
794.95886 1231.5281 69.78734 299.91434 0.0012475728
643.0102 1461.7025 121.55901 184.67603 0.0012460431
728.8632 1937.618 179.92831 66.32968 0.0012391106
413.65784 1349.708 332.34937 731.49316 0.0012388835
407.80457 995.5568 763.5108 1883.6647 0.0012378555
800.66846 1229.5371 56.486496 555.6644 0.0012227807
809.86346 1371.7906 38.521385 543.301 0.0012173582
425.0447 889.517 551.9721 873.08154 0.001212492
344.90002 1967.2068 286.8055 31.90477 0.0012037772
781.0147 1045.7692 46.597813 104.84865 0.0012026787
789.232 1225.7583 78.91061 609.2201 0.0012025721
612.2601 1951.2468 214.17648 49.37722 0.0012018868
782.90533 613.76227 90.31817 454.3944 0.0011904559
807.2632 986.345 51.669147 624.80945 0.0011904348
794.6877 933.2249 67.21151 252.76431 0.0011868723
817.8513 1893.1809 32.083603 149.77429 0.0011815497
807.9138 1891.4484 33.109154 158.68036 0.0011810968
792.3287 391.2129 63.037598 374.57288 0.0011809962
705.5428 1936.8761 205.0053 68.23315 0.0011800117
814.6205 1601.679 27.094738 341.25662 0.001174477
759.82837 782.92834 134.60242 378.9424 0.0011715267
648.7842 1929.3213 187.07396 96.88407 0.0011630557
797.05566 1186.8752 70.799934 311.9116 0.0011627271
409.39185 1237.9613 611.4434 1607.6965 0.0011417826
770.09937 823.88446 114.339355 1130.0559 0.0011412357
444.60757 1297.1583 384.43298 661.67786 0.0011366605
394.4242 1306.5708 525.2647 732.77 0.0011347752
790.79346 1934.5824 88.688416 99.208855 0.0011333871
754.6981 975.5546 130.6716 818.0564 0.0011327825
810.01105 1184.2826 37.614826 519.2168 0.0011321785
805.63 1248.7622 54.84898 279.61987 0.0011313817
806.6863 1855.5052 43.069073 227.21341 0.001129308
812.402 1538.478 34.206642 454.7221 0.0011251282
782.52203 783.95294 92.356064 323.60513 0.001118419
698.73175 1954.6211 249.97072 38.060177 0.0011132174
813.6847 1882.8948 35.833763 168.6886 0.0011089811
814.8444 1896.8278 26.276499 147.56558 0.001107415
565.5558 1965.8081 445.03232 60.93312 0.001106156
799.1038 1388.9443 76.12382 208.29945 0.0011027677
773.5503 949.95044 116.16274 470.5704 0.0010973493
194.63817 1191.1394 314.90247 554.68774 0.0010925563
435.8423 1883.7346 686.8933 169.7294 0.0010898312
810.19214 1775.2312 42.62311 213.62965 0.0010879848
820.8194 1799.7719 17.84755 322.15265 0.0010776017
382.52042 1005.7798 654.775 896.71576 0.0010734699
818.5739 1844.0227 22.505898 244.06892 0.0010658782
797.6255 547.1203 56.369812 524.2412 0.0010614444
785.4187 708.96 88.33227 346.98297 0.0010537816
815.9603 1868.223 22.831137 200.92613 0.0010476874
402.60678 1393.5898 582.7792 836.9693 0.0010443993
223.30046 1021.4223 425.08142 1629.0306 0.0010358134
361.8939 1425.036 438.71713 749.21533 0.0010315537
306.45316 1408.0079 487.95883 685.69086 0.0010291733
806.218 1341.4207 46.10632 330.71762 0.0010231755
805.26794 1268.494 46.2522 367.599 0.0010179373
405.63034 1117.7474 388.65582 770.2173 0.00101049
764.77795 1041.5885 98.3822 189.48874 0.0010091902
181.48552 1311.5322 208.63866 442.2754 0.0010032677
808.75824 968.1247 40.505177 318.2825 0.0009969268
472.8078 1014.03217 505.73166 806.98456 0.0009884485
816.5638 1367.2474 24.9302 332.20068 0.000987718
202.31432 1110.2357 323.18683 636.90393 0.0009853528
784.229 1264.0685 114.46294 325.77286 0.0009782284
451.83594 1866.7849 715.94574 211.23895 0.00097445457
400.2729 1047.5104 687.4997 717.8047 0.00097288034
323.68573 717.93005 535.34814 737.9824 0.00097019837
501.99384 1500.1124 550.9903 568.0794 0.0009669956
508.89844 1963.2662 273.70773 64.98037 0.0009652859
819.16003 1573.9067 19.06816 290.22607 0.000959055
799.91956 1947.9517 47.4311 53.250393 0.0009538938
811.00946 1271.1409 37.239952 458.5642 0.0009478335
382.33313 457.42593 785.8573 866.39734 0.0009367174
809.98987 955.9783 38.706306 195.30309 0.0009315534
395.19464 1176.9614 553.54315 914.23224 0.00091678393
823.024 1448.4131 12.469719 193.64601 0.00086702785
820.47766 1904.0835 16.599724 134.0008 0.00086650474
298.40717 990.7728 493.6043 632.7867 0.0008609216
472.42865 898.1482 414.02795 637.8767 0.0008558697
820.9081 1497.3932 15.279633 392.72324 0.0008557286
477.55237 1680.8837 590.8133 435.15054 0.0008341928
405.05792 1150.0051 521.3562 847.6466 0.00082886143
685.98303 1367.9792 335.10806 540.83075 0.0008227967
822.4609 1894.8632 11.30481 151.86679 0.00082027283
821.2266 1528.192 15.081797 275.68713 0.0008141397
269.71463 779.5604 497.02957 875.27747 0.000800076
770.79095 1968.2896 84.844795 37.2468 0.0007969046
559.3766 1968.8042 168.84375 29.837181 0.00079215894
825.00037 1847.689 6.5890265 236.62985 0.0007715237
824.35425 1603.8032 9.478184 321.06863 0.0007541282
821.0283 1956.7286 23.36682 58.378487 0.0007521011
496.8224 921.13275 399.68027 757.3616 0.0007511549
328.8505 1140.4263 542.5776 588.09247 0.0007427014
824.0485 1236.1791 10.507972 197.50182 0.0007260982
510.5874 900.3808 379.0238 922.5406 0.0006945245
420.50943 1284.2457 503.93735 600.24384 0.00065912475
560.2608 926.196 413.73557 740.10535 0.0006545163
441.2111 781.0504 502.05258 635.47784 0.000649941
385.06384 1400.8077 538.54553 835.3914 0.0006305493
566.47675 871.35535 396.90094 650.28424 0.00061639294
330.52386 986.1088 284.78076 674.4092 0.0005925278
360.8021 731.745 743.32135 656.84576 0.0005900889
490.05573 1626.9094 647.5674 486.7594 0.00055139704
425.94434 1128.109 358.1999 781.1849 0.0005246504
396.71304 1246.3567 513.2467 694.48444 0.00045773352
