426.9809 1125.5446 793.2555 2209.4233 0.8856755
499.53958 1126.7228 618.1 1406.0713 0.069132276
496.5705 1193.2957 621.6213 1530.7711 0.06690475
501.05945 1095.1445 586.3567 1156.9181 0.045313794
512.6803 1028.0403 594.31335 1204.99 0.042241428
503.96603 1094.5482 565.7349 1114.4207 0.03768847
474.75153 1371.047 236.32028 220.85405 0.030270016
475.85535 1027.4946 668.46533 1231.2228 0.029964102
427.1059 1124.1353 792.4122 2212.3594 0.027749851
436.1519 547.88873 143.99048 104.55172 0.025702456
458.90134 1307.8107 280.176 348.7041 0.02520079
494.7017 1424.2067 187.7755 107.07187 0.023995476
471.12677 1371.9089 456.82147 489.8359 0.020458959
505.61475 946.4437 613.967 1051.0377 0.019354142
511.8209 1281.4277 606.69995 1718.0056 0.018956946
454.64417 853.45593 691.5539 1175.9639 0.018858721
526.49994 1248.3969 489.7309 1329.4286 0.018491594
451.40625 1317.0919 383.67392 404.78894 0.017557947
467.99213 1364.956 433.19205 502.50748 0.017550265
455.0041 1018.9435 696.8981 1330.3617 0.01731101
526.27386 1422.754 345.07214 306.94797 0.016054392
496.0151 1392.0295 589.27734 1334.8552 0.015880862
500.47842 1052.7999 617.84595 1250.3616 0.014998502
558.3414 1093.9033 447.62494 937.7908 0.014746111
431.83258 1741.1681 775.61945 965.4761 0.014687449
565.64874 1031.6504 494.13004 1206.1959 0.013849809
511.24155 891.86084 602.6361 949.4607 0.013591909
490.6064 1557.6124 608.0487 880.6244 0.013478544
491.75998 1256.9418 580.16797 1159.2681 0.013464722
490.8675 1370.6193 602.44604 1295.6613 0.013452464
485.09198 1561.2594 622.1395 946.75745 0.013413488
382.49817 1042.9625 420.7399 1110.7261 0.013151555
549.86743 939.5492 501.24722 983.5997 0.01279386
490.85037 1299.7131 574.29297 736.23883 0.012526151
487.1867 1253.4841 592.32764 883.06854 0.012507308
498.26514 1145.4412 532.4803 972.1992 0.012346917
454.05856 937.5624 709.02435 1421.7479 0.0121284
334.97473 1714.2675 27.273432 35.46478 0.011580801
467.04156 1569.0646 669.6017 995.61316 0.011508736
425.78635 1207.6475 632.3819 1228.9232 0.01148364
472.1938 1238.609 607.1891 1188.5325 0.011422323
400.1173 576.9459 217.71538 174.4355 0.011349583
461.31665 1446.9879 479.51257 335.91736 0.011230589
492.9667 1481.189 597.83453 1233.5935 0.011211326
491.0051 1755.763 646.00696 831.9658 0.01110228
513.5711 1098.0664 472.1791 856.16376 0.01101114
494.84995 1688.153 597.1399 635.801 0.011007236
488.68555 1281.7518 531.8192 680.93115 0.010947634
489.4868 873.1435 636.0607 1351.2855 0.010927841
479.0974 1694.1501 675.75574 1011.2169 0.010792445
526.51276 1183.2068 473.25366 851.2078 0.01078989
433.7903 786.35333 762.8394 1368.4515 0.010706943
606.10913 1063.7716 392.13638 800.18695 0.010694847
489.86395 1265.2677 587.19476 1025.5088 0.010497721
446.57846 848.8041 700.84094 1130.2697 0.010477264
435.5819 874.96204 746.15515 1011.5177 0.010313764
455.29138 1183.8605 501.49115 886.2994 0.0102105625
522.3803 1210.4348 471.15738 952.6033 0.010187904
593.0398 1007.6897 447.04623 1135.2212 0.010161597
598.9319 929.5298 421.2808 932.8714 0.010127434
389.46414 1086.811 363.12643 1017.00256 0.010127003
589.91675 1126.0345 419.73718 1162.445 0.009886121
399.8538 1201.1349 132.91554 141.70488 0.0097865425
640.74023 554.32465 313.00424 265.8818 0.009566846
272.10617 991.44196 473.60748 1016.5315 0.009527038
211.60512 804.29663 115.48379 90.66501 0.009517949
366.3802 1042.2079 332.77185 834.00653 0.009486354
405.479 1069.0522 611.7519 1274.2347 0.00945292
592.1016 1259.4248 462.27444 1682.3026 0.009443334
522.1636 1008.14575 423.29453 713.62036 0.009418349
321.2765 967.6015 395.2623 960.3743 0.009363556
587.92535 1939.4628 124.22497 98.123795 0.009287605
478.61047 1574.7771 664.3613 1246.2485 0.009236673
337.59808 901.3034 363.40854 823.2372 0.009065295
478.76108 1565.5648 659.6232 1266.6644 0.008857074
434.21835 631.5588 756.09094 1211.4448 0.008544113
429.50107 1289.9523 195.82307 311.3612 0.00828653
413.37094 1207.0707 520.3908 1429.9563 0.00814285
448.89603 1009.91907 722.5952 1462.0914 0.008019152
625.8358 1508.848 155.85028 123.58406 0.007994186
606.0954 1015.48083 425.48752 1169.7711 0.007974879
354.7141 871.8413 325.4121 763.17267 0.007951971
405.92468 1301.5353 277.46936 341.5961 0.007922216
584.34265 1922.6372 169.10942 154.32391 0.007909861
566.37573 1322.0123 426.6318 1242.891 0.0078533655
630.21387 729.60516 372.36578 591.751 0.0077655897
630.6168 969.52954 351.78708 447.55658 0.0077485386
424.1312 867.458 127.615715 140.9744 0.0076989615
584.11743 1271.3002 407.9443 1162.1582 0.0076904995
514.10626 1116.3815 502.79092 729.4114 0.0076791365
507.36554 1631.0023 592.2757 1080.3989 0.007626672
433.89957 1293.0552 698.7997 1107.7614 0.0075897803
460.78497 989.9336 468.2392 1027.3141 0.0075608795
409.93246 1373.4915 375.3603 279.14398 0.0075560543
449.9669 733.1558 149.99797 175.49155 0.0075058662
598.55084 601.4741 425.33942 376.20068 0.0074616466
422.47815 1138.0281 435.34048 906.29974 0.0074235755
369.26868 1054.704 355.50864 828.5648 0.0074076653
476.68967 970.6956 453.75702 752.3461 0.0073953974
525.33057 804.96747 569.03094 778.72626 0.00738819
429.1945 1643.5043 780.4323 1150.7595 0.0073224073
448.24448 1877.1105 736.40826 703.4188 0.007296265
578.21423 623.29626 463.9457 427.3871 0.007293478
524.1442 722.8748 577.111 620.654 0.0072749755
493.8428 1122.1729 333.58444 677.3435 0.007251973
462.9703 1624.9175 694.57935 1167.6844 0.007216231
537.37024 1752.6849 476.64514 466.12488 0.007206662
424.8144 1555.1521 546.42126 1222.6508 0.0070917327
395.2292 1314.8853 371.4353 389.9882 0.007079759
534.24164 1134.4054 421.52905 664.72015 0.007078325
662.3586 551.1403 199.98666 175.95729 0.0070513417
640.03503 891.4584 341.34763 265.673 0.0069880006
577.94415 460.67673 209.00792 104.81881 0.0069515165
628.91626 955.7714 369.0693 619.9569 0.0069489037
424.48328 879.1941 159.06824 200.99832 0.006946778
507.69498 980.21576 589.02936 739.6617 0.006887423
414.0056 1158.1215 411.58173 697.0666 0.006883686
554.1199 1726.8827 379.6258 514.1372 0.0067972126
274.09116 933.7166 477.4971 920.5123 0.006749981
594.2376 774.31995 430.5248 622.0506 0.0067279865
619.3236 964.53375 329.22794 634.56635 0.006692059
411.0295 1443.0652 398.12604 387.08096 0.0066836895
269.13312 920.48444 441.9753 856.7186 0.0066611213
373.87045 1056.2308 333.3987 1131.2797 0.006642799
637.42645 857.0294 351.93524 364.75854 0.0065792226
335.0375 740.1981 352.93405 502.1042 0.0065766526
314.7487 1694.4388 106.42925 122.2603 0.006511521
390.88855 655.0069 251.57474 327.24356 0.0065090596
528.84735 1246.931 404.2031 558.27856 0.0064475373
628.65546 1232.5503 388.80627 1628.2346 0.0064030383
347.10266 1089.4968 387.13806 1086.4097 0.0063725743
636.169 1189.2378 373.57983 1529.8098 0.006339045
279.67606 773.3687 257.9068 313.59018 0.006320456
525.2294 1710.7955 385.14566 629.9831 0.0063155494
504.2539 1222.8787 354.91998 863.70667 0.0062682834
522.73 1384.4181 149.99991 190.21016 0.0062527508
660.2576 889.55334 281.45895 248.6678 0.0062317965
433.23615 1520.2512 760.60596 1354.717 0.006218834
269.44278 963.1313 304.16995 719.11487 0.006183307
390.10748 948.6087 280.09262 605.3785 0.006142835
235.12367 824.7092 178.369 161.3409 0.0061071236
418.2443 1258.822 178.51006 266.46893 0.006039001
425.9761 861.9348 622.7358 853.7832 0.0059683886
371.8599 1305.7117 451.99493 363.661 0.005951783
626.1572 1143.0396 366.85345 790.58307 0.0059458697
651.5311 614.49664 320.0695 392.18942 0.0059452835
508.04443 1213.9531 374.13794 583.005 0.0058923033
437.92142 1488.2534 433.81992 296.18936 0.005874493
463.61066 1110.7693 299.8133 723.23285 0.0058683977
580.8732 1666.3601 224.9992 298.81726 0.0058550797
622.7569 944.3011 379.9163 767.85846 0.005843472
521.449 1148.2905 440.1299 619.34106 0.005821022
673.8241 1083.7854 176.0132 212.04228 0.005799147
469.9166 1551.3594 176.11256 181.62566 0.00579275
581.04944 1045.4077 268.05484 675.3977 0.0057880725
564.86255 1255.2073 445.63382 475.22433 0.005760648
654.95435 1106.2726 230.28333 283.58224 0.0057594357
616.3326 720.66376 401.3393 594.9725 0.0057555675
274.84888 923.1564 470.20764 874.94995 0.0057197856
359.63235 1017.52686 290.57788 485.22867 0.0056852307
428.239 561.91187 767.303 1094.7361 0.005665181
360.13962 1020.0392 295.10107 496.6746 0.005629923
552.47003 1841.8795 375.99228 360.02374 0.005624347
465.09222 1801.7965 515.45496 568.6651 0.005604647
765.8179 2171.6182 120.19884 121.04134 0.0055794674
620.3483 1335.4133 378.1607 1178.308 0.0055744327
690.27155 1175.47 227.26678 365.67734 0.0055736
285.1772 842.15027 440.38684 711.7464 0.0055543664
551.4514 1412.503 322.1594 344.1952 0.00555137
307.3911 1152.4601 534.54663 1369.3098 0.005544903
495.7525 1371.3264 170.47028 172.25565 0.005513461
540.6151 1201.9232 349.2055 741.6597 0.005508394
357.6846 924.71576 608.1354 1020.8242 0.0054430244
484.78674 396.11725 669.58936 761.7168 0.0054406733
276.27557 1155.5486 484.05893 1386.0316 0.0054242676
530.95483 2013.4036 576.79944 436.45828 0.005380213
412.63492 919.5295 192.05557 295.315 0.0053647305
438.6693 1277.0115 209.97937 324.16486 0.0053618923
632.52484 1743.0765 330.0974 472.8583 0.005334444
504.01828 685.0739 616.5838 1348.7917 0.0052954033
279.53375 820.8114 282.38712 499.1299 0.00529529
501.34924 1784.7823 616.8223 806.3845 0.005274642
540.14844 581.4507 537.5625 363.38205 0.005272378
689.41266 1221.202 207.3431 262.311 0.00524306
344.41138 1046.084 593.50104 1267.7516 0.0051809633
614.4645 1167.8055 298.64618 429.8996 0.005129155
509.24557 909.72394 599.6922 655.17773 0.0051221224
554.76 930.55237 255.79477 471.15408 0.0051069967
513.9019 1930.3805 596.8841 542.9841 0.005101681
428.49274 1252.5802 733.99774 728.03687 0.0050760186
268.57166 1254.9746 463.69052 1536.7198 0.0050748195
477.1251 671.6422 256.23462 351.42123 0.005024646
424.33804 1508.2676 260.53708 238.6945 0.005004053
598.4111 1801.3165 438.11853 753.9006 0.0050039794
274.0516 1045.1957 481.92853 1159.961 0.0049739275
613.21765 455.98862 312.621 131.6157 0.004968267
507.0597 1834.8331 345.94968 316.0484 0.0049517415
482.98038 2041.5969 667.1614 417.57715 0.004948836
376.9629 1215.3317 544.6345 1595.9478 0.004916661
687.75586 1168.0695 241.41917 412.34714 0.004896218
277.57397 1180.3949 487.91116 1488.4164 0.0048513915
572.99396 1135.9493 243.42142 757.3375 0.004845619
632.85004 887.4878 375.65726 947.23895 0.0048250672
561.17633 2057.987 518.8347 353.26672 0.0048014084
264.75943 782.83826 232.17667 200.31628 0.0047960067
346.56662 1114.4565 357.1677 1148.7913 0.004775617
573.25134 1086.4962 245.19066 276.66925 0.0047551547
464.1364 1488.8745 376.53775 884.18304 0.004742282
326.9325 737.2536 175.40717 211.50949 0.0047342186
339.88867 1464.6602 279.17603 309.41873 0.0047086696
577.6449 1691.1438 270.15494 269.833 0.004680134
262.4805 1440.5515 131.00879 140.63025 0.0046792543
283.12616 1369.6415 144.06026 189.64682 0.004669329
603.8001 928.87915 213.76085 271.83514 0.004643719
544.948 702.54865 523.3267 1186.8829 0.004601239
371.2725 1316.4941 472.20602 486.2365 0.0045908075
647.70764 1717.7886 227.18933 270.17435 0.0045710276
514.99 702.1812 590.2336 594.5597 0.004570019
645.88214 1341.5593 342.43848 1399.6178 0.004563154
272.132 1274.7279 478.37234 1651.9097 0.0045562843
360.284 1015.0529 301.01004 575.6975 0.0045450134
415.6714 1621.2147 367.7697 669.8733 0.0045401575
393.49347 1805.0154 276.63248 378.29434 0.00452993
547.9915 1270.2295 286.663 502.71402 0.0045173126
501.34683 527.9982 636.41705 1021.24915 0.004506362
516.0423 1675.8623 487.9784 480.18994 0.0044898335
319.82007 1750.9344 152.56718 225.21507 0.0044630063
390.47473 1280.7405 497.1605 646.85016 0.0044428
578.6928 1481.6917 427.9396 452.19366 0.0044192467
636.1786 1186.215 358.40924 1314.8806 0.004418024
402.8872 1100.5657 270.3332 671.674 0.0044133742
267.66327 1149.0461 466.2186 1358.5804 0.0044109533
701.6293 888.0018 204.10709 231.23592 0.0043995758
296.0306 810.41437 447.01575 674.41345 0.004395142
640.9829 1183.0916 272.37115 435.57678 0.004378404
619.2151 1703.235 343.49353 544.4397 0.004371071
275.40353 1141.6132 489.2452 1428.2286 0.004339443
610.7349 1574.5729 181.10126 199.15363 0.0043323864
610.69543 1770.2732 292.84775 348.37955 0.0043296516
653.9968 2060.0847 339.73367 332.4615 0.004326532
736.0068 2152.0935 178.62506 169.37665 0.0042987447
683.40643 903.6449 257.49487 310.80344 0.0042924737
288.42853 1228.1246 505.3281 1581.728 0.0042919395
600.56586 1271.7698 277.3561 360.33545 0.004289831
222.87889 1426.7495 247.24089 303.92902 0.0042735594
580.7271 1405.3633 338.0733 508.7332 0.004270209
347.6083 1768.91 249.02344 349.45364 0.0042529693
472.81473 776.8514 235.79445 289.28412 0.004246506
663.5292 2012.5846 306.2149 340.66348 0.0042409548
563.47034 1307.6251 261.5814 383.30515 0.0042395513
567.1487 527.2606 474.70145 268.16214 0.0042377384
659.8782 1669.9451 243.53694 412.2503 0.0042283176
671.5496 689.6332 248.97754 253.43167 0.0042279623
645.6144 1150.441 87.63289 98.40443 0.004225293
544.16437 891.2662 160.95053 214.02359 0.0042207856
284.02148 1392.3293 209.61061 281.65515 0.0042199297
633.9865 2033.5294 234.69604 266.5309 0.0042162905
402.01266 936.50977 130.31361 235.61029 0.0042151595
617.4076 1074.3807 296.874 537.37573 0.0041984464
350.38544 1217.9279 320.0343 1473.8196 0.004198062
432.32184 1997.7297 768.4783 500.3352 0.004189648
617.4094 535.3303 157.08235 146.16917 0.0041861027
659.5241 1090.0084 317.01532 802.53516 0.0041653975
305.66074 1052.3344 538.21967 1243.5776 0.004155196
477.64047 788.38995 655.7498 754.234 0.004148079
454.1578 1168.7668 266.21268 492.68884 0.0041434625
638.60547 2127.493 368.73657 224.12256 0.004143063
241.92403 854.2717 225.6956 295.29126 0.004142971
693.85754 1226.7452 244.93129 539.53735 0.004140585
281.9122 1071.517 498.9971 1300.3235 0.0041321996
441.56805 1763.6693 148.71155 186.98877 0.0041125747
377.95007 711.2237 281.15872 450.21976 0.004107274
670.0144 906.1642 139.61653 175.32442 0.0041065523
572.7264 727.58795 480.60773 636.83997 0.004093377
425.42203 437.9312 785.6916 862.4658 0.004082407
526.88574 1201.5721 286.12158 572.1499 0.004071224
519.19617 1039.1158 146.90114 183.86932 0.004066241
445.41144 1512.6396 309.69034 768.8313 0.0040630656
375.2296 1258.0413 328.54633 678.79095 0.0040461384
431.5542 740.29944 271.77505 510.55606 0.004040708
485.8014 1531.0122 196.23268 306.30478 0.004037253
628.7209 225.6699 384.22195 414.13727 0.0040334295
627.7171 1639.7052 332.77557 479.0632 0.0040168962
656.17834 1496.1475 183.01402 214.32173 0.004011758
533.15894 1034.0919 255.52742 601.2097 0.00400881
460.4708 773.6467 682.5196 747.6606 0.0039980635
472.38324 1520.221 249.36534 449.55377 0.0039893403
686.21967 2028.294 272.64392 385.3708 0.003981854
646.9368 1147.2635 333.99652 817.44977 0.0039741965
713.06177 540.10034 189.51468 251.39891 0.003970312
408.4541 1197.6431 261.34537 522.486 0.0039642034
198.34149 1051.8008 327.4237 665.0897 0.003962016
455.40262 860.4571 206.20253 448.08365 0.003952125
611.3237 2001.0853 388.46045 396.66946 0.003909563
356.28885 1503.8684 197.90715 226.72525 0.0038934648
679.141 1789.289 276.0121 648.35876 0.0038930452
502.2138 725.0323 617.77655 634.14746 0.003881483
510.94458 610.38385 595.8972 411.1488 0.0038755606
690.3183 1668.2036 158.82831 201.91087 0.0038634224
292.08572 1028.2739 186.35342 333.52786 0.0038621675
642.67773 783.0057 345.24985 729.4215 0.0038564552
283.02444 1129.7279 498.33157 1453.0558 0.0038504845
623.05176 259.47977 240.03464 190.46767 0.0038448807
388.04538 1155.9382 257.5375 722.4599 0.0038408577
568.5503 1912.7129 174.38646 146.26582 0.0038338
363.22958 1235.0634 246.85248 243.27866 0.0038296466
569.5987 1495.6847 222.31055 154.9752 0.003827288
418.09732 2096.9036 790.3106 331.2196 0.0037997386
364.72247 1082.0083 252.82146 557.39886 0.0037995747
332.24216 1487.249 143.437 188.77156 0.0037787007
586.2546 1936.0468 101.34068 95.89959 0.0037765454
631.3627 1220.9388 351.3277 552.2822 0.003767969
649.1346 1175.2539 332.55206 861.9765 0.003765224
403.6399 1354.6102 187.4427 443.44226 0.0037646324
492.2839 1626.4685 465.63693 343.185 0.003742246
668.3799 1144.4547 282.23557 489.90704 0.0037318745
528.60315 477.8712 551.0823 489.9158 0.0037304352
563.6076 1732.1534 270.3143 301.36087 0.003726574
180.5445 1074.3903 295.2798 640.45844 0.003709069
580.7291 1893.132 174.2173 169.41008 0.0036672351
385.18524 1417.0098 596.8941 458.72855 0.0036666705
661.66974 1403.8324 161.23816 240.10402 0.0036624833
735.17993 2065.74 171.82736 303.4621 0.0036453702
344.70996 1737.0969 367.3393 646.74744 0.003644773
676.8844 873.6134 289.60156 912.3897 0.0036395905
263.52475 1408.9695 282.87933 355.17844 0.0036203281
312.35962 1733.3553 119.690445 166.22339 0.0036148522
554.63367 385.94254 527.8621 720.104 0.0036059993
336.49875 1716.5874 18.871511 27.684315 0.0036050295
357.4324 1343.0591 125.07481 197.58536 0.0035989096
321.9485 1291.1708 412.78033 1050.2422 0.0035936555
365.07697 1674.3595 341.40326 827.3068 0.0035652455
692.7978 2087.7966 257.3574 281.79697 0.003564568
589.0639 1288.2709 295.30627 861.25476 0.003552379
443.2639 546.7336 122.54034 99.944405 0.0035434715
744.03015 2047.2628 155.51942 335.82077 0.0035416973
496.42252 1170.8486 112.19232 121.673836 0.0035388493
650.695 873.3397 279.6962 444.38297 0.0035303896
271.81592 1716.2322 166.24765 189.69711 0.0035183495
411.97662 2034.5637 161.9881 174.80864 0.003513446
572.6114 331.8645 469.8715 355.9239 0.0034944173
414.89047 1671.6929 339.4465 577.4006 0.00348668
412.1142 1130.7299 202.06682 624.5016 0.0034812153
500.34546 1446.2897 220.84662 313.72235 0.0034768938
390.14142 1499.9141 274.76807 288.64896 0.003472812
519.3885 826.34985 159.86276 251.46504 0.0034599395
703.0981 432.53204 148.59354 108.638275 0.0034598948
497.3701 1716.4669 264.60806 462.6653 0.0034548906
265.13263 1635.8182 432.48337 787.73987 0.0034541094
530.37726 2076.0566 214.49905 216.39116 0.0034490284
224.65132 1058.9272 379.63385 1047.0288 0.0034489527
374.6455 1466.8452 624.16614 568.04694 0.0034483168
384.31744 1556.9445 473.04276 809.3887 0.0034428746
352.5403 1604.4395 314.85754 598.1299 0.0034375077
363.50183 1747.4574 337.30338 623.8887 0.003432157
633.805 1211.4071 128.02852 188.78432 0.0034319924
729.71027 1905.225 185.69356 563.57837 0.003431482
504.07553 1284.676 217.7974 403.77957 0.0034186826
599.5694 945.0674 284.4746 655.83844 0.0034058252
463.92578 588.7267 678.3154 875.84735 0.0033917397
610.5841 1119.4073 400.27368 1412.6223 0.0033593122
709.9094 1950.1218 192.07123 406.87897 0.0033551876
603.34436 1188.9508 442.1324 1959.0787 0.0033502036
399.99756 1256.9786 112.533424 221.25612 0.0033470748
397.07852 802.92926 268.9889 347.94272 0.0033423968
674.8602 1502.22 103.02317 120.42176 0.0033200618
428.47015 1129.1127 793.0027 2198.4092 0.0033191987
399.67203 692.54376 298.90924 409.0392 0.0033187303
764.8145 2175.937 119.620316 97.68602 0.0033111176
324.0621 1540.2717 250.58746 379.5287 0.003303003
486.29462 1089.696 181.9877 270.88992 0.0032850949
341.02887 1593.9288 507.39767 680.3396 0.003279647
523.00305 840.3789 184.84131 348.30054 0.0032763176
654.18945 1162.1754 125.31893 157.97072 0.0032692328
517.07544 1247.7661 281.37888 620.39545 0.0032685273
295.43182 1364.5856 294.06277 424.2061 0.0032632032
346.85242 1732.463 368.8964 642.9218 0.0032615983
650.9136 1298.1295 319.0027 815.6644 0.0032612728
180.22772 1135.8552 140.35532 246.52008 0.0032399045
452.53198 1282.9285 193.50417 287.15714 0.0032327306
580.5905 1374.0524 240.19601 436.6979 0.0032246094
517.6112 2041.8082 256.15234 225.40717 0.003220783
670.83276 1783.1274 305.1006 807.25165 0.0032164475
575.7726 497.1675 461.28152 569.1941 0.0032121988
731.0339 1408.1155 143.51225 252.23427 0.003208967
364.5266 1815.9961 376.41052 464.1702 0.0032064512
654.8342 1879.0327 131.0779 216.14598 0.0032051227
145.43892 1172.631 222.96074 427.09036 0.0032049092
266.06976 1760.1063 261.7046 424.32727 0.003199792
634.3073 1244.3765 152.97774 238.13284 0.003196908
603.5663 1340.1426 266.70172 867.2349 0.003196434
534.2298 1738.4056 149.18494 184.56259 0.003192949
661.9219 1122.0812 332.22806 2142.5427 0.0031873006
567.0213 2088.973 219.11067 206.40887 0.0031818377
394.81946 832.44214 250.3411 385.55807 0.0031777162
212.91168 1777.9384 362.56128 929.3078 0.0031734474
425.46503 1930.8093 163.44421 226.39215 0.0031659883
664.12134 1419.063 290.97052 571.4518 0.0031650418
656.9058 1623.1221 308.07468 546.0873 0.0031567137
392.04617 1019.69196 134.97638 221.77904 0.003149271
365.18146 1964.1321 151.02176 196.67567 0.0031450836
260.61227 1489.6128 242.58531 458.26572 0.0031357629
690.61304 1031.0414 250.13719 532.2772 0.0031215572
696.52936 1202.5276 243.213 675.25244 0.0031206433
433.7456 1979.7744 182.7136 220.95253 0.0031192848
345.424 1968.3275 150.28102 211.68738 0.0031178528
397.41357 1959.4342 177.1226 210.53374 0.0031129497
302.82584 1422.3401 388.85538 578.3473 0.0031060893
479.53625 1233.1713 151.43413 206.5351 0.0031049335
166.73383 1531.8883 233.97058 447.22397 0.0031044995
138.75612 1419.2454 198.22446 334.11307 0.003103613
557.03735 1358.0868 303.0396 840.564 0.0031029477
369.54953 1185.2498 279.4985 482.57578 0.003097003
454.8012 545.56964 91.60325 85.15865 0.003091277
737.28955 1817.8746 153.26051 334.24576 0.0030818472
310.02194 1786.7241 524.3137 844.353 0.0030685326
503.98196 1369.2617 123.37741 151.00157 0.0030684846
639.3745 2133.9233 252.4454 166.12776 0.0030584927
338.70663 1615.5114 294.208 606.61414 0.0030556663
411.47867 1925.9916 179.37767 306.97696 0.003049051
401.98502 1892.4373 174.54015 267.07938 0.003046731
713.32544 1296.366 225.02328 1786.5461 0.003043503
335.2581 1691.7971 97.98576 122.935074 0.003039355
290.80374 1154.4341 200.20401 298.08987 0.0030375465
214.80522 1177.9619 362.2941 1006.719 0.0030366222
669.7338 1965.4674 194.94502 231.29776 0.003032883
354.74042 1715.3779 334.11728 809.96027 0.003031185
638.3125 2110.0947 327.19254 230.5822 0.0030280882
390.97687 668.82367 351.54333 400.99124 0.0030221948
287.8847 1001.66095 510.76608 1130.459 0.0030197862
448.4059 1236.8685 137.9807 209.11794 0.0030179066
325.61465 1943.5912 183.47769 262.5023 0.0030010168
248.66817 1663.3171 388.3124 734.34973 0.0029977043
572.2693 1702.4387 298.7266 353.27097 0.0029919127
376.4162 2025.4849 156.67201 194.64229 0.0029876444
417.29605 1196.5244 162.33148 187.02719 0.0029859361
604.2235 2097.731 159.73352 135.27534 0.0029846788
280.0326 836.5363 477.7914 717.5148 0.0029846586
671.852 252.17532 295.48914 454.63177 0.0029816662
479.46732 1069.9719 147.68329 209.63287 0.0029776986
412.2924 646.48224 363.97803 399.18982 0.0029637574
610.13654 1851.248 203.64389 265.43347 0.002959882
560.854 1765.5778 270.75284 482.6626 0.00295753
500.19394 1427.7032 123.66109 70.46594 0.0029515324
684.24603 1067.4384 276.59204 1279.5526 0.0029463754
633.28064 1787.5675 284.42334 358.54535 0.00294355
753.29956 2184.6611 140.36317 106.34485 0.002940283
312.56 1147.8256 283.8835 1017.398 0.002936381
631.3519 1013.0586 352.1897 584.2029 0.002922791
337.1066 672.4568 362.0124 369.74475 0.0029112839
463.14053 1431.5493 286.9442 666.0142 0.0029065926
375.079 1094.8359 299.54678 540.5439 0.00289665
623.5466 1674.7985 143.11185 170.40866 0.0028921939
311.5848 1377.3223 314.1675 579.24335 0.0028918802
734.5142 2037.0828 174.42502 360.26364 0.0028852236
344.71756 1816.9122 174.92561 243.63123 0.0028840879
365.1928 1237.1442 271.82074 625.2898 0.0028826743
585.1696 533.2913 448.57642 601.6001 0.0028808836
341.95245 1967.399 227.78838 263.4313 0.0028631643
636.7863 1720.859 330.60236 498.4727 0.002858512
574.933 1723.62 293.6601 817.68427 0.002857997
535.7774 1379.7936 251.55006 292.57568 0.002851638
182.3897 1765.0638 292.97473 713.49506 0.0028511472
277.22006 1392.2367 366.58725 1138.6962 0.0028408382
405.8518 1768.4395 220.53406 373.27817 0.0028302907
374.38348 1943.7247 191.8904 228.09442 0.0028134622
614.8769 1855.9167 123.06977 202.56024 0.0028121916
467.86978 1935.458 144.35365 185.64612 0.0028065636
452.3776 2140.9685 712.5632 242.76793 0.0028041252
589.13885 2125.6934 175.79276 209.05641 0.0028039892
419.25034 1269.5978 132.51265 216.17303 0.0028015207
311.36554 1539.4546 282.06308 417.0922 0.0027925237
322.87207 687.4262 167.71826 183.07135 0.0027796081
629.1147 1696.3605 339.17703 395.88892 0.0027722125
650.3917 434.09872 328.4942 580.53595 0.0027720607
148.84805 1461.6044 188.64214 291.61243 0.0027645654
718.1248 733.2641 196.21196 449.4624 0.0027611547
464.00113 1325.8041 203.70898 366.61514 0.0027463706
598.08466 1327.4062 292.05905 919.4076 0.0027295789
641.1282 1609.5472 359.87552 1237.0356 0.0027262773
450.0037 746.76263 207.9495 251.90468 0.0027253984
242.15779 1828.5168 405.58957 777.17096 0.0027143578
443.8092 1775.1056 142.68333 191.88428 0.0027133473
510.7374 1419.2986 360.93146 306.01477 0.0027084022
558.1905 1861.0262 237.6767 437.66675 0.002704909
317.2255 807.42773 133.53467 141.12022 0.0027047573
217.86076 1306.2946 353.1702 448.64417 0.0026986133
263.45117 1559.8625 325.69617 384.45135 0.0026974934
207.4695 1556.5885 234.18597 297.67236 0.00267786
588.6008 1340.317 283.113 847.60986 0.0026764404
528.9304 1512.385 271.26917 293.70026 0.0026731333
728.94635 258.85037 175.98222 329.39862 0.0026708408
432.36032 1179.8533 173.48352 199.11244 0.0026687814
310.05643 1408.0802 267.08685 728.2303 0.0026664431
444.25955 1384.8861 87.72073 147.73093 0.0026602356
389.1733 1905.0399 140.44176 220.27379 0.0026596955
563.4583 2154.6597 509.59686 209.19696 0.0026539857
646.058 745.46893 321.96613 676.5259 0.0026477417
588.5782 1666.8589 222.26512 213.07664 0.0026416692
370.84726 1674.5713 134.6793 151.58217 0.0026274158
621.2927 1442.5421 183.17255 243.13556 0.00260845
561.4166 1747.2865 160.40938 221.61389 0.0026077528
722.99054 1819.9003 180.80157 426.86826 0.0026049637
730.208 1425.051 182.8071 331.4755 0.0026039702
210.60089 1456.8479 353.3182 1147.3711 0.0025994838
518.3667 2068.3887 147.98726 146.74664 0.0025979287
634.41956 1498.098 98.67573 82.37462 0.002597117
485.06958 2074.2832 128.69139 133.84297 0.0025964426
706.3849 800.9492 221.90538 520.93866 0.002596355
661.54504 1193.0059 171.33885 242.05064 0.0025885664
127.61588 2086.1667 243.76915 347.22754 0.0025883496
727.1748 167.2285 198.13916 315.03018 0.0025859762
457.92786 2049.0808 491.8864 173.72806 0.0025858618
681.63184 2222.1006 286.6472 79.002975 0.0025842905
363.1309 971.8524 328.29666 646.64075 0.0025800646
424.52844 1382.8401 582.1452 748.2718 0.0025762047
362.8467 1948.4312 182.5038 217.13794 0.0025684666
418.06808 264.45996 810.1405 524.4208 0.002562957
690.5239 2113.914 142.9277 139.64647 0.002560588
275.46606 1923.481 147.41092 185.05322 0.0025511768
267.28296 1735.5453 169.84344 209.8985 0.002547989
383.09766 1591.6879 261.83835 324.3061 0.0025346822
715.3819 1895.0372 182.96033 368.60724 0.0025319313
385.8072 1149.8789 213.66365 670.51105 0.002523237
369.2895 1715.3098 133.87434 180.38766 0.0025215992
665.5437 1660.7264 163.76643 212.81015 0.002518399
174.90868 1963.4052 307.39215 572.6449 0.002514564
489.69763 1824.2098 144.4596 191.61748 0.0025145605
640.93756 1385.794 289.47345 1145.8394 0.0025125125
347.6527 1549.5236 142.94127 205.20505 0.0025055325
480.19788 1102.6506 658.8501 752.27203 0.0025004644
707.11365 1295.5641 231.23062 1832.8978 0.0024913207
240.10768 1533.3391 370.49017 1223.5159 0.0024879682
283.49646 1304.3298 134.12393 211.97742 0.002477588
427.51532 1130.3175 790.5218 2206.9746 0.0024748836
282.1324 1565.6823 380.40262 860.0158 0.0024745127
301.2389 1460.5244 306.96414 646.99066 0.0024716295
604.7332 1287.2782 191.13263 276.74356 0.0024695317
485.23935 1212.7668 645.0571 908.72107 0.0024689445
465.002 1565.1383 243.28372 531.547 0.0024615992
659.18774 2111.8098 177.13153 180.24144 0.0024542068
372.84952 1066.6703 263.20645 661.43805 0.0024538564
250.03339 1643.2056 160.72984 195.1074 0.0024536944
359.71805 1891.1796 194.24141 291.57513 0.0024522382
225.85579 1198.835 231.6704 336.77234 0.00245079
665.4153 928.8839 309.47604 1025.1663 0.002449813
472.78336 1163.1826 125.520546 164.9661 0.0024481555
641.0891 1796.3086 180.3169 332.98898 0.0024477968
467.60522 799.88214 121.57841 117.658356 0.002444562
366.02823 1928.8694 199.11041 212.21413 0.0024308192
645.1072 1698.8479 332.68576 1011.90344 0.0024277372
522.3532 2140.1995 148.87334 152.51703 0.0024207677
717.47046 1187.5424 216.37184 1561.8859 0.0024201528
311.63748 1179.0731 257.16623 1289.1648 0.0024199595
397.18695 1149.504 152.81636 248.30351 0.0024125252
423.37216 316.3337 766.2146 618.2614 0.0024112104
511.2864 1394.4636 188.01659 214.25415 0.002410388
730.2312 2057.169 166.68373 214.91965 0.0024075462
782.3836 2066.3906 85.25349 316.26535 0.0024048109
531.28156 2161.216 570.41486 199.89412 0.002404638
764.86096 2168.1758 119.79472 107.90697 0.0023970683
198.07437 1555.6888 322.5548 703.6834 0.0023970227
425.9773 304.58023 761.3568 593.8969 0.00239
427.4562 1128.3737 783.3263 2192.9604 0.002386795
717.64636 1262.5928 209.95343 610.7583 0.002382236
458.91763 901.0766 125.09351 225.11812 0.002378021
727.93744 2219.111 185.44716 86.82426 0.0023772598
603.1405 520.44653 410.90726 487.56174 0.0023725743
693.5717 402.25076 264.06165 760.7975 0.0023693724
121.922516 1836.9658 203.05162 324.72302 0.0023681181
440.40262 1659.4592 260.86948 367.28445 0.0023596652
705.48914 1419.6658 230.92542 585.36755 0.0023575523
380.6934 953.20984 207.41348 476.02026 0.002347248
713.0264 1901.5839 140.976 214.25055 0.0023293842
402.4863 2182.5308 801.642 160.36674 0.0023293765
205.04218 1641.1367 152.1423 232.56306 0.0023284105
210.09401 1808.3058 189.37723 280.21603 0.0023273383
711.15704 1141.885 228.45668 1455.1871 0.0023225558
731.0769 328.36185 183.90729 610.8488 0.002318682
338.44843 1209.7775 122.15907 171.78925 0.002317081
570.1521 1863.4935 162.52745 240.27837 0.002309262
751.58673 2189.4207 134.00421 109.37488 0.002309239
662.7375 1722.4655 290.6257 881.87366 0.0023070385
278.163 1219.2279 386.43588 1444.8195 0.0023033614
140.64069 2067.4038 207.89967 374.53806 0.0023003214
735.07056 2061.2642 154.28865 203.99731 0.0023000557
568.49713 301.13766 204.38448 261.5147 0.0022968058
713.4725 1027.0088 206.24498 343.02704 0.0022961788
703.1684 1580.8165 202.77548 273.09958 0.0022957046
440.85425 2136.4836 166.96472 122.59779 0.0022938815
273.03867 1409.1792 427.83365 768.0651 0.0022921818
258.71268 1561.2676 114.50047 159.54913 0.0022916247
267.27704 1812.9431 166.21523 225.68648 0.0022889203
712.495 1624.2902 222.04984 982.22314 0.0022796374
381.97943 767.931 231.14575 401.79416 0.002271467
570.171 1719.9374 326.30127 320.61102 0.0022701565
739.61694 1303.8208 175.66493 1827.1189 0.0022679523
256.64056 1349.8921 382.20047 589.31793 0.0022667332
249.49374 1349.2966 357.7319 1647.8586 0.0022635963
747.7654 2009.6477 138.89612 426.08957 0.002263257
722.3615 1875.9102 172.12535 273.82364 0.0022592344
724.8291 2084.175 126.58428 146.09567 0.002257961
664.9567 906.9047 282.19992 469.34335 0.0022498532
63.991592 697.1153 118.174416 478.62277 0.002241734
696.44086 1788.0201 154.25616 196.69684 0.002240574
753.13245 1989.3319 127.28066 167.20897 0.0022369768
674.0504 1093.7264 291.1054 1392.1754 0.0022347057
351.16083 2052.9343 170.12778 212.10306 0.0022132136
764.8095 1408.8041 123.77104 298.71982 0.0022095912
252.92564 1373.2332 387.68454 822.3515 0.0022024561
474.2511 1268.062 421.77225 678.7749 0.002201047
557.3822 1270.1083 187.71146 254.97147 0.0021784024
618.0931 1825.402 157.81204 204.84036 0.0021783444
640.80286 1894.4913 124.449554 217.21259 0.0021761286
667.57574 1644.0024 149.56195 225.34341 0.002170688
363.61337 1158.7864 172.80894 668.39655 0.0021674207
199.06255 799.5483 70.74354 66.33105 0.0021655064
754.36304 274.88754 125.59963 204.0258 0.0021604039
725.5766 2070.5293 147.32549 169.99506 0.0021603147
539.6975 2151.0986 119.55051 127.64632 0.0021601615
291.11548 1924.7992 468.0663 600.27423 0.002159589
693.7762 1719.6749 241.13875 552.8331 0.0021570073
627.9454 1678.7096 276.5256 581.98785 0.0021568811
278.3098 2042.1272 184.35147 271.13 0.0021567855
425.47217 2139.7625 193.39874 131.49889 0.002155413
667.56744 421.91098 241.11348 125.69147 0.0021500692
533.914 1731.5845 613.031 382.7712 0.0021417243
293.24884 1484.239 425.2533 530.13525 0.0021397725
661.9027 1775.1613 163.03888 204.31943 0.0021386528
649.3608 680.8677 341.14972 1079.7693 0.0021337618
715.71655 1322.6943 214.39816 958.79254 0.002122039
655.99786 1215.305 284.53726 1109.8793 0.002119367
75.987656 2201.301 145.50836 124.66473 0.0021120282
427.145 1130.581 785.8576 2203.5085 0.0021088468
514.8964 1376.2449 153.00809 215.36633 0.0021048337
730.55865 877.96204 164.90564 223.10387 0.002101116
752.7607 1305.5442 148.7965 1818.8271 0.0021006654
368.5288 1497.7269 146.69754 297.7027 0.002099719
664.8846 2082.2861 119.25151 140.67845 0.0020988719
109.28388 1763.9722 180.99991 308.18042 0.0020935445
234.48003 986.53314 202.2957 400.78436 0.0020898508
479.4362 731.2921 651.3838 683.4857 0.0020893428
649.44476 1120.9221 319.07217 1294.2931 0.0020834466
382.33972 1105.5771 164.38188 444.86053 0.0020809656
651.3298 1478.4436 128.70464 142.24426 0.0020792433
300.84543 914.71783 194.69415 291.39075 0.0020771292
434.27283 1323.2379 459.66547 851.729 0.0020759949
536.4528 2156.7854 549.6946 205.26929 0.0020742351
575.9737 1422.5869 265.99307 691.4797 0.0020723892
432.98837 2138.8135 159.18379 113.83518 0.0020630066
763.489 1315.0133 124.36901 397.82666 0.0020587465
741.5363 1860.7593 162.55023 700.10986 0.0020422311
411.00256 85.77344 200.48119 142.82455 0.0020407108
405.65045 2213.845 771.30597 125.68709 0.002036046
689.54755 1299.3912 275.86716 1785.7573 0.0020345857
527.04877 1090.9763 428.9801 427.21103 0.0020343736
680.16766 808.1946 234.51857 365.23117 0.002033459
678.0765 1177.1285 219.01527 231.70943 0.002022492
392.4251 1234.6888 260.26837 904.94763 0.0020202335
267.54758 1935.9 356.67932 564.1369 0.0020177278
542.1707 1890.1423 209.16638 640.77747 0.002017148
42.974003 800.32355 80.753334 299.4802 0.0020142472
624.7678 1907.8488 106.292656 142.88536 0.0020129038
707.8238 1789.2644 199.66643 398.62302 0.0020113382
46.030846 303.54663 88.21917 502.83057 0.002009075
452.21436 215.18884 167.44077 193.64424 0.0020087766
359.93408 875.7548 296.02237 584.99567 0.0020041896
747.98224 1664.3301 157.5382 1097.653 0.0020029063
791.345 2181.8652 68.99312 102.79942 0.0020018332
326.39172 1257.1217 372.8195 1346.301 0.0020001573
316.41302 464.42075 125.23769 111.366585 0.0019926443
749.4018 2051.5122 132.26877 243.3851 0.001991483
687.051 1398.29 274.38257 1347.0095 0.0019886703
743.3371 1722.5458 141.90466 197.62651 0.0019839345
556.6893 1421.0549 445.94147 403.8803 0.001980336
349.6054 931.9631 247.48167 615.7563 0.0019774071
389.52304 2106.5476 304.71954 291.00595 0.0019633155
264.57614 806.311 465.63623 1169.287 0.0019545634
360.24496 1076.7356 335.58264 1073.5211 0.0019490126
755.1468 1438.2101 131.11415 254.44295 0.0019485803
513.2824 983.0215 217.97699 367.23532 0.0019470304
515.7963 2097.1924 190.04445 288.3045 0.0019444618
741.2039 852.1799 152.98912 269.54718 0.0019436938
276.39993 321.10672 164.90361 215.21788 0.0019434117
667.2097 1199.2318 248.21524 443.38675 0.0019406187
67.18374 300.85657 121.4633 410.76706 0.001939457
269.9492 2085.5093 422.09103 349.6285 0.0019374008
189.53992 298.95627 185.41475 222.82825 0.0019361869
219.86829 20.743809 441.5252 41.69644 0.0019325203
710.8041 1790.3379 213.48198 656.34546 0.0019261441
367.7316 1043.6813 297.30872 825.0431 0.0019227061
690.865 2189.3928 243.10193 103.544205 0.001911099
476.57788 2223.2446 666.3802 76.68288 0.0019068288
584.4289 1809.8116 122.50825 158.32085 0.0019043612
74.05005 2225.4866 148.02065 78.87002 0.0019003974
196.16042 362.28433 306.3973 429.8836 0.0018966583
705.0843 2253.531 482.84836 78.89173 0.0018937396
745.9105 1666.789 162.84859 1096.2517 0.0018884257
375.1402 1053.0068 287.6866 360.51593 0.0018873338
632.2091 921.39856 352.30463 567.89044 0.0018815125
617.685 2200.5789 315.93634 124.23207 0.0018793707
771.86285 2194.1133 96.26041 91.937485 0.0018777266
280.31216 1104.1536 460.5901 977.6573 0.0018776229
515.552 1405.1787 460.14142 691.68585 0.0018656434
762.2473 1524.7092 125.00962 518.29376 0.0018586523
779.8429 1047.3811 88.97839 206.82835 0.0018571086
91.242775 2224.35 171.37195 77.366714 0.0018549116
375.0344 2180.38 232.54764 149.4449 0.0018546045
381.72794 1215.3335 123.1048 171.28766 0.0018537121
516.45844 1120.174 468.92224 812.37463 0.0018491714
723.6749 1277.128 210.7265 1772.0682 0.0018474057
39.0677 950.173 72.78388 381.16907 0.0018451175
612.79474 1801.7888 274.3496 455.70352 0.0018295462
289.2642 2166.0408 209.17468 130.22661 0.0018276776
382.11554 67.16934 176.47083 117.599205 0.001826794
117.18926 344.92487 208.73506 391.59134 0.0018267088
436.05746 1871.6023 233.63673 590.7301 0.0018240798
187.04527 2194.7852 325.15445 136.04732 0.0018230088
428.90564 816.6513 275.4798 592.08563 0.0018144059
744.25946 343.0239 133.0834 207.54222 0.0018131005
761.01215 414.0863 116.24046 155.56668 0.001810741
729.0592 2181.8328 178.61751 92.26091 0.0018071024
785.06445 2171.5286 87.00729 126.00275 0.001803321
335.88156 72.338394 234.95882 138.58997 0.0017941095
760.22833 546.72394 124.67429 291.653 0.0017928897
712.3457 1494.1813 201.53593 776.68646 0.0017909808
761.6224 1212.332 125.21509 233.77711 0.0017906033
777.2553 2158.4187 89.177475 153.18599 0.0017902155
391.17218 2176.3352 235.32628 103.878944 0.00178671
719.3968 1469.3403 210.091 1002.30347 0.0017823057
694.2043 1127.9294 255.74265 1409.5175 0.0017766875
722.9815 1306.8018 181.84369 285.2222 0.0017708819
738.3375 2231.9878 151.65292 52.51546 0.0017629787
85.19324 2213.05 167.2502 103.61187 0.0017608945
612.65234 1371.9233 219.56839 310.24478 0.0017602376
215.18393 1739.9515 330.274 964.8887 0.0017563174
448.59528 1963.1719 232.11983 523.2783 0.0017532954
413.6249 1259.2649 339.28406 300.37372 0.0017505891
751.2822 2015.8348 139.10532 306.0704 0.0017453855
225.15385 250.03111 309.5527 382.93106 0.0017410341
738.6224 584.8182 159.26857 359.2577 0.0017371161
735.0309 902.2957 141.26297 180.33269 0.0017326741
752.5571 1213.4791 140.59073 263.7288 0.0017307829
27.162598 454.28207 51.410038 355.14575 0.0017291551
711.9285 640.92676 186.15088 460.62927 0.0017275466
436.41672 1445.127 758.6508 1962.2522 0.0017244435
761.3134 1979.0725 148.53699 503.74768 0.001722467
702.6874 1034.801 239.2447 1101.965 0.0017211762
782.2563 1000.84625 87.33243 385.17953 0.0017044019
389.72742 565.39136 210.41037 152.13979 0.0016976357
465.89575 2209.4062 165.90182 97.61406 0.0016971728
581.34875 1173.0853 265.48993 388.9927 0.0016927159
673.7173 1321.7178 304.6429 1695.328 0.0016861244
379.61127 1721.2385 401.61035 959.222 0.0016833047
506.32233 1351.8623 249.9908 575.6974 0.0016742055
567.11554 2232.3503 416.3726 64.79781 0.0016737354
493.13654 2031.1326 211.46974 383.1229 0.0016718514
783.73376 1780.4907 82.90048 866.82214 0.0016664434
756.5573 1520.6462 128.63748 253.6591 0.0016559378
668.32764 1801.0459 233.02954 826.99567 0.001651397
725.72015 1300.3917 178.54614 242.05026 0.0016476983
657.42114 2198.8308 170.30708 114.06456 0.0016426711
771.5367 2186.0618 104.43074 158.5901 0.0016391894
753.5306 1612.9375 130.12329 345.4074 0.0016377083
198.64233 2245.6367 344.33182 41.28547 0.0016357751
770.9628 1982.7604 99.392105 223.73447 0.0016152344
657.98663 2033.0934 311.99634 418.2011 0.0016087161
750.6708 1425.2555 144.5064 449.813 0.0016083178
281.1674 1520.2532 308.03214 1374.5454 0.0016013135
766.87616 2024.6307 93.87981 229.74275 0.001585273
789.3018 2105.42 62.85759 218.58757 0.0015825802
684.1694 186.77101 289.45435 350.17245 0.0015816349
233.38118 48.114216 382.38034 96.88938 0.0015670641
762.0077 1989.0454 121.70391 192.55519 0.0015647024
250.36809 2230.974 496.5833 70.67403 0.0015631708
676.98474 1404.0728 287.9676 1467.5675 0.0015601566
307.36975 2200.2341 270.4625 128.61621 0.0015593019
806.91364 2032.1351 40.074745 347.7877 0.0015560524
740.0578 2165.7048 182.90028 151.35625 0.0015464203
489.0017 2203.8308 292.07578 116.85826 0.0015268356
587.9934 2130.954 183.55775 150.77574 0.001526822
502.66586 2165.998 509.34296 243.46492 0.001514397
323.5447 1611.0895 365.70074 496.2594 0.0015143639
367.5618 912.0125 249.30919 522.6047 0.0015113811
326.3529 1334.6052 285.48193 510.79297 0.0015029301
147.1445 43.63131 290.54553 85.172646 0.0015023348
653.6035 1975.3188 302.39993 413.4773 0.0014980492
745.87 470.61194 139.33328 300.8532 0.0014972042
779.9279 2193.3218 87.15733 81.25591 0.0014966547
775.1536 1855.7809 111.91783 265.1577 0.0014936904
781.72906 1121.8099 96.17152 2113.0874 0.0014879247
747.88666 1014.37396 157.62457 1206.7626 0.0014865516
645.9194 2186.7837 324.0238 147.38045 0.0014855978
770.5166 1293.8528 97.26662 392.67487 0.0014835472
484.44904 1366.3574 385.8005 382.88126 0.0014732616
793.9758 1983.5836 54.40754 413.37677 0.0014704625
785.162 1394.0166 83.00862 260.78116 0.0014699271
10.474312 193.58649 20.830902 358.2318 0.0014672762
194.49733 225.07484 372.7203 407.21017 0.0014592737
784.3286 2186.5813 81.92428 93.08394 0.0014312398
482.80997 2204.6138 289.82947 114.75338 0.0014273326
771.45557 873.0815 117.05654 216.95763 0.0014271043
709.6043 121.56338 221.77048 224.68333 0.0014204247
786.3348 2243.308 71.597984 40.339565 0.0014011225
713.0401 2251.2742 193.71051 27.409538 0.0013991884
724.068 2244.1555 173.80925 36.441097 0.0013926227
156.8955 60.071526 207.87128 106.05601 0.0013852345
802.8751 2222.435 45.057335 74.21005 0.0013711281
505.03427 1303.3839 321.99902 432.8417 0.0013565576
562.9987 1608.2479 238.93704 797.13416 0.0013559491
784.8146 1603.151 85.03359 488.3797 0.001350825
584.60095 2237.3167 377.90503 103.59919 0.0013432046
768.4567 563.8725 95.45898 310.5904 0.0013318976
785.64594 1372.8452 79.71881 441.066 0.0013283632
340.15274 991.6493 628.98785 1201.5033 0.0013233841
446.42493 1143.8492 745.95514 2075.035 0.0012998556
475.30334 1732.6066 244.53111 514.4044 0.0012892301
279.1317 1138.9583 388.27344 1166.0035 0.0012869309
764.54333 2247.8914 104.5136 37.046757 0.0012838403
340.24875 997.34467 262.58524 1033.4235 0.001269945
787.79486 1634.7009 71.7122 291.10315 0.0012644749
649.0319 1940.3292 258.96765 505.46698 0.0012541637
426.3388 903.7831 637.6819 1140.8313 0.0012511166
725.2332 2253.9688 175.03268 34.101173 0.0012421174
791.91956 2236.9614 59.559364 50.57568 0.001240089
444.11884 1338.4271 405.43686 821.78064 0.0012352649
584.03015 1873.514 382.61465 200.33058 0.0012347514
177.51955 985.1204 346.98322 1009.00616 0.0012315947
790.3162 2184.5762 93.26559 107.20001 0.0012263247
793.36145 1101.2115 67.37722 461.4149 0.001216618
764.1057 2145.7703 147.14944 211.72318 0.0011860529
791.8501 1503.78 85.96032 230.44685 0.001183985
255.32999 808.66693 217.13141 656.8769 0.0011829023
604.94995 1271.2974 289.60776 765.68353 0.0011801269
741.8987 2238.6697 146.13312 57.6777 0.0011782752
797.2083 1386.9299 58.59893 317.55978 0.0011723321
654.83606 1368.7186 254.8101 1114.4801 0.0011645195
773.787 2134.9397 119.345985 227.32353 0.0011617546
793.7601 1945.6774 70.86108 367.52194 0.0011587196
805.625 1920.2595 40.51954 375.64185 0.0011579175
793.16254 1313.0215 80.94328 287.83377 0.0011489613
322.0324 1757.6083 321.33688 454.3416 0.0011433607
601.8181 1446.9026 246.9104 752.58545 0.0011394764
553.7824 1792.6376 442.2388 411.74304 0.0011294741
398.26355 1380.2251 245.10579 178.97836 0.0011281574
414.53745 1640.1859 769.1645 1165.082 0.0011040474
786.2493 1266.7225 82.98939 1374.2643 0.0010924486
597.23456 304.07703 450.06073 534.51556 0.0010866548
805.8768 1515.3658 43.60577 460.75302 0.0010684854
796.28754 743.8887 58.454514 430.75195 0.0010603474
507.7226 1743.5491 303.6366 705.8179 0.001056708
473.55017 1615.0248 247.25594 625.29236 0.00105633
807.3868 1377.3002 38.45074 271.6085 0.0010463872
728.8972 343.99664 205.49121 592.55707 0.0010458591
644.94006 1346.7549 228.31575 1100.4161 0.0010190522
793.1364 2057.5234 83.952644 276.55756 0.0010135088
811.9884 1800.4099 30.401316 407.36743 0.0010106397
511.51633 1177.015 462.93338 388.23428 0.00097634486
806.3801 1223.3516 43.34401 293.14407 0.0009677219
502.3707 1739.4475 335.82407 357.42767 0.0009438661
442.9323 1041.2933 189.63335 1012.02295 0.0009282863
813.87756 2216.3923 25.923698 70.99535 0.0009153905
349.34576 983.5789 280.52032 744.0103 0.00091405085
3.9239495 337.52066 7.3738427 293.18744 0.0009079943
551.63074 1379.5983 339.88705 252.08444 0.0008745881
271.21805 907.04474 386.02997 771.49286 0.0008724353
596.45667 1421.9276 292.592 195.2204 0.0008710593
432.84186 538.632 714.1313 826.35187 0.0008648896
391.78046 1156.4639 282.0872 653.14435 0.0008558647
447.18475 2093.5374 629.3139 260.91974 0.0008539561
359.23563 1438.8599 180.82758 383.9161 0.0008453771
819.9096 2088.351 15.757899 270.7554 0.0008264883
466.3422 1710.3225 419.52942 968.88916 0.0008256185
570.0868 1532.6526 294.78488 718.56104 0.0008213158
817.76416 2175.71 19.992376 129.65646 0.00081982824
473.20132 757.8627 354.8643 846.33356 0.00081932795
342.71503 1206.3728 355.6237 876.1743 0.0007823823
657.0114 2222.1858 232.34976 74.7694 0.0007692244
459.68042 1330.6356 542.4512 702.95905 0.0007436929
423.94788 840.5324 566.17206 826.9489 0.0007411163
456.86954 605.5811 579.09265 627.96783 0.00073183875
819.7861 2229.9724 17.703686 69.979355 0.000724815
517.88226 1749.9076 229.49681 767.8488 0.00071954355
318.96268 1391.791 251.02466 980.48505 0.0007167605
476.5184 2261.6658 645.80914 12.27682 0.00070750405
432.9806 809.75964 333.80484 475.6413 0.00069295196
476.65536 1524.0242 403.25967 685.3177 0.0006716179
684.58685 1040.6864 311.44843 1174.64 0.00063832634
410.23935 1760.9434 221.70363 510.91614 0.0006324825
528.5883 1605.4116 352.46805 820.9843 0.0006233755
433.6207 230.74261 700.6099 739.6456 0.0006222317
490.4193 1355.7175 460.43903 804.30365 0.00059731404
515.55396 1526.3156 344.6283 1049.2603 0.00059007964
430.60367 1495.8296 512.93225 590.629 0.0005715156
658.27637 248.90915 346.31494 691.56274 0.00047736807
445.61255 595.9171 683.54 1005.79584 0.00046903305
435.2695 614.6159 722.681 983.12836 0.00044083942
782.6074 1233.4666 322.8108 241.55684 0.00042420914
494.18912 110.37666 610.45496 425.9935 0.00034817378
405.26596 236.31216 754.8048 754.01715 0.00032704568
