476.71414 1039.3228 920.2371 2035.7672 0.9152913
508.75082 1069.2451 739.05286 1295.0452 0.035831366
502.33255 958.389 707.1143 1086.4155 0.029374704
501.5573 1168.5219 787.57367 1280.8844 0.026439551
489.23883 958.8044 809.9399 1146.0488 0.026409043
476.9063 1038.5913 919.11145 2033.229 0.02493805
565.89923 1110.553 678.9533 1406.7689 0.020394456
563.974 1047.6453 667.5933 1283.2136 0.01894897
419.24274 1002.6836 350.16608 339.98132 0.018177705
469.653 1162.66 502.0686 688.3684 0.01804764
495.7459 1066.104 810.1532 1350.9281 0.017314676
772.7632 168.24136 93.20243 103.00518 0.016477082
492.40067 1077.5245 625.457 1095.015 0.015681112
529.0897 816.2011 659.90576 830.0735 0.015229609
167.42752 924.5976 43.10058 64.96332 0.014735057
548.792 1299.6091 677.5162 951.5857 0.014092656
522.3671 1173.4513 597.18555 695.0208 0.014028549
496.4721 1261.8445 820.4757 1130.8398 0.013874727
496.72675 999.1031 551.09357 994.9688 0.013872484
675.1256 629.3557 430.51236 490.1477 0.013827638
461.49014 985.5312 256.39215 274.60553 0.013819902
550.17224 1363.809 720.8892 1072.4249 0.013401219
543.44006 1276.0623 699.04694 927.33044 0.013345978
479.59033 820.50085 844.76794 919.0858 0.013156198
496.64417 854.5645 800.932 969.9209 0.012609124
543.01605 887.7553 680.2531 996.4221 0.012535201
496.0801 1152.3501 568.7493 1337.7507 0.01243339
510.5932 836.6989 586.47076 751.07135 0.012200269
446.85394 1049.9817 417.22006 468.57672 0.012059726
721.29364 520.685 322.91443 260.6166 0.012030656
496.60507 836.5657 769.3073 897.7316 0.011883446
547.34094 1286.6981 705.3353 948.8078 0.011824203
783.9316 964.939 128.9545 126.73462 0.011668013
526.9484 865.29364 738.2953 1186.7108 0.011662422
504.49683 927.10254 614.60065 1005.1868 0.011434961
487.67868 1586.7946 890.1636 934.3995 0.011259256
561.61487 1411.6724 728.03217 1167.9703 0.011111524
566.7681 652.82776 613.77 531.0546 0.010616509
482.90656 1463.4333 899.9624 1167.133 0.010223259
574.7799 941.2717 594.59955 1073.79 0.009961557
515.7634 1162.3315 766.89813 919.1063 0.009726896
519.06244 1442.4434 802.26526 1016.73193 0.009508406
479.8673 718.98584 890.93884 1195.0779 0.009493364
492.14883 847.3617 844.5844 1341.8256 0.0094831055
475.3442 1313.3425 296.88242 331.88885 0.009341746
345.0688 913.5147 53.128254 59.94544 0.009339888
406.47543 1028.8027 531.62006 762.689 0.009154092
745.4634 140.29993 39.501915 45.922585 0.009143717
642.00757 643.17236 383.15897 457.29065 0.00909053
486.13083 965.05023 761.3253 805.31793 0.009062062
537.0839 1050.9497 668.2675 816.1263 0.009056205
234.95697 1360.3184 143.40434 259.62894 0.008923714
481.09192 1517.2029 904.70483 1075.1553 0.008893536
524.5099 1351.2899 625.3964 1093.2513 0.008866112
572.4942 394.30725 167.09344 79.774536 0.008783052
536.25806 1256.049 724.88104 912.592 0.008741599
476.63025 801.89886 872.90704 882.6419 0.0087134475
516.49133 841.0249 615.6541 855.17194 0.008556858
560.17645 628.92816 714.7209 1055.9779 0.008188479
528.7607 847.1259 583.14343 867.3774 0.0081346985
562.47736 1559.7867 141.32187 168.9463 0.008035061
513.10736 983.5654 158.08014 258.37244 0.008017673
558.95844 1035.5259 74.42934 160.73642 0.007928079
532.862 1202.7449 667.83966 834.07965 0.00790707
459.54437 1089.8674 477.64886 1101.4596 0.007906337
514.07007 794.4948 583.4714 706.1405 0.0078102513
180.4159 1102.0365 71.37551 88.6102 0.0076119583
425.8296 1129.1058 348.7197 556.78796 0.0076039373
420.08408 1011.5221 646.14966 833.74274 0.0074626524
412.94534 706.8503 359.47964 353.95383 0.007332025
559.7055 1573.9053 95.872406 120.5496 0.0073232013
467.7471 575.8646 200.3654 100.59102 0.0073035522
587.9493 869.0333 614.7444 1034.8383 0.0071953987
681.35754 1225.0211 58.050438 143.0332 0.0071800626
537.9328 1127.9747 683.0295 665.69165 0.007139344
681.6651 1240.2235 61.04253 174.90709 0.0071370867
463.4292 1011.30444 552.055 1176.2133 0.007072104
479.2429 505.94965 894.60657 976.73303 0.007018741
707.263 503.8963 173.43575 162.95819 0.0069926945
419.69244 1179.6888 361.58682 675.45197 0.0069905426
482.24808 1318.6317 901.2531 1424.0438 0.0069667604
453.27734 1049.1458 445.9619 976.5321 0.0069652335
569.48663 899.5341 620.79614 985.00635 0.0069596814
494.5051 718.05884 813.4998 721.2665 0.0069408794
681.67786 1274.4219 89.29481 245.60176 0.0069099865
623.5288 1353.4163 554.6719 901.79297 0.0069024125
225.65929 1260.9792 129.2143 85.84753 0.006878537
643.9627 658.2015 295.78253 362.60657 0.006841969
95.955 1100.8899 81.68967 82.24019 0.0067837574
485.31372 1054.8333 308.92126 419.41617 0.006776362
560.6528 669.16205 666.5941 591.95807 0.006753649
716.6443 574.38513 361.1321 393.08173 0.0067265723
684.73267 520.3148 195.05772 176.48552 0.0067039044
490.27432 703.86884 499.1698 383.86804 0.0066576796
478.54752 1036.4789 491.66104 463.41135 0.0066324426
553.0655 770.8949 505.4999 671.7064 0.0066228076
628.1011 1457.2573 554.29016 752.6509 0.006619032
654.99536 1060.3113 532.0484 1325.8389 0.0066173514
565.63837 878.65356 619.17236 934.4502 0.0065763686
380.49884 971.7463 666.884 1009.28455 0.006573803
476.83502 796.465 821.768 863.74567 0.006572535
395.87003 1167.7795 501.0597 731.51154 0.0065596486
790.2278 1067.306 163.40503 326.30017 0.0065288707
618.48035 704.68463 305.7692 320.91977 0.006519416
433.0308 1119.7245 568.75195 1392.0792 0.006503863
597.0688 1023.3553 135.44936 192.7752 0.0064282976
607.4919 656.6656 580.79114 575.6821 0.0063998727
597.49554 667.49347 597.4654 595.24554 0.0063981414
427.28644 1095.815 470.85492 1165.132 0.0063819615
614.0439 1481.4869 571.5371 624.94293 0.006276965
77.00297 1131.2305 124.46195 173.67986 0.0062718904
826.3498 217.15674 207.18959 236.98604 0.0062396657
499.75314 1400.1003 565.04224 1261.2042 0.0061666393
460.31705 898.7804 481.39252 802.5917 0.0061440407
796.5636 470.34686 214.6849 186.6413 0.0061110468
443.9641 1074.1246 678.2526 1042.6981 0.0061076153
482.5787 1013.28 719.5425 1165.9623 0.0060808784
480.60156 673.7603 272.65964 275.81494 0.006073313
516.8821 1300.9712 172.89978 237.51175 0.006053467
470.25262 1000.45636 463.66525 389.75662 0.0060342
504.05322 976.0109 154.45534 227.68968 0.006021475
677.74774 1635.3572 493.28662 559.9572 0.0060136234
353.954 1083.9402 633.2038 1117.8801 0.0060109165
331.702 825.5928 532.3724 593.8968 0.0059990874
458.7773 1383.2166 383.3959 495.51804 0.005933156
650.239 1421.046 554.641 1098.1854 0.0059313867
411.16782 1246.6477 506.68475 856.1284 0.0059102313
382.07138 1332.6531 93.59606 162.36572 0.005850427
415.35443 824.5579 422.32184 588.93396 0.005844999
650.4629 1485.8632 536.77313 780.18463 0.005834573
360.02985 891.25183 637.4814 727.5143 0.005777904
742.8693 1120.296 256.03326 456.41138 0.0056916303
683.441 1215.5461 327.01877 633.1751 0.005681633
652.23584 1632.4934 261.75787 302.74066 0.005668645
529.76636 1184.2206 336.12793 595.7352 0.005664601
699.74677 1361.7565 434.62735 879.1295 0.005647042
383.5045 1346.0206 80.848495 138.61966 0.0056467284
601.07574 1279.748 500.7104 776.2585 0.005605678
668.3051 1181.4199 188.31662 470.81396 0.005585482
552.33167 727.6873 162.66266 167.23859 0.005581378
525.60425 703.92804 336.79034 342.9788 0.0055797454
579.93207 999.21216 453.0963 906.2246 0.0055676065
709.0757 1516.4388 283.10083 357.81992 0.005561717
357.26923 1000.2008 526.10406 483.73187 0.0055257264
521.1705 652.1902 760.83716 563.4887 0.0055248984
545.9736 1227.0488 679.194 771.02637 0.0054995455
331.2697 927.30286 104.08268 109.06173 0.0054658544
560.06165 989.8209 207.71577 269.28604 0.0054597124
291.5386 877.26965 529.6338 702.3121 0.005459479
588.24316 482.11478 667.5902 844.94446 0.005451084
598.3597 1291.159 525.4848 751.1911 0.0054455004
315.8445 830.5112 524.1277 597.8301 0.005436402
632.8096 1348.0999 421.80338 607.35077 0.0054285033
219.64441 1322.8839 200.49391 327.7322 0.0054107863
401.056 1146.47 390.92975 625.8326 0.005366584
548.7939 688.997 365.02457 332.61295 0.005356628
692.3931 1523.56 481.7476 955.22235 0.0053425767
688.24 1629.5133 493.28668 821.0714 0.0053355396
684.9004 1606.8604 464.0918 443.7199 0.005313178
586.77277 1427.5476 608.14935 924.7465 0.005299775
411.4577 1319.5011 154.20724 224.32324 0.005298551
711.53326 586.5509 383.47266 435.48462 0.0052801715
728.83716 1592.6046 265.1903 288.7224 0.005251655
655.23425 998.3944 174.87473 226.59155 0.0052461526
678.0701 752.59784 450.81705 742.0528 0.005244401
672.5899 1284.435 263.14844 763.96075 0.005243058
475.99066 1304.0062 215.06996 243.78699 0.0052411654
389.3566 1320.5701 161.75183 221.84843 0.00522071
595.47 1075.7217 653.5572 1668.3395 0.0051893285
328.98016 705.033 90.29972 114.48173 0.0051850597
199.96048 1281.7864 272.01224 430.20584 0.005184054
504.70285 1257.5695 300.7802 457.20456 0.0051788846
612.4094 1158.3833 289.61365 501.826 0.005171961
656.7766 1041.9889 185.42964 289.83072 0.005161638
599.6205 657.3254 267.82748 335.78336 0.0051598535
825.4642 167.31816 210.8489 197.5482 0.005146953
675.559 1689.9564 517.29517 680.6651 0.005144038
682.2626 1412.9785 244.51523 493.0401 0.005127515
694.6787 1151.4198 263.03458 472.55527 0.005127101
592.04926 737.05145 174.65807 173.00667 0.0051269825
372.54993 848.95166 420.0392 558.3899 0.005125963
746.7433 1537.5265 373.15427 695.5631 0.005125061
535.76117 1259.5347 138.73302 199.73639 0.00511428
539.5608 1035.5249 261.15958 356.44583 0.0051128343
734.42035 611.6597 308.51987 455.1331 0.005110707
659.52374 1629.5808 542.19147 749.5785 0.00510611
118.39725 1133.1327 200.03015 181.43367 0.005100498
669.5363 1406.9498 325.31458 483.57626 0.0051000384
657.94885 1658.4656 550.3 751.7433 0.00508817
483.9743 748.18365 826.0073 768.2498 0.0050838557
468.978 1230.9546 157.13225 166.09558 0.005075778
652.7154 1425.9033 411.5799 578.2963 0.0050697755
757.90845 973.30975 161.29645 182.2449 0.005063389
478.2171 1140.2277 836.1967 834.15155 0.0050628055
363.91736 1029.4845 477.79132 440.5086 0.0050579053
511.87857 1059.6041 378.44476 438.16214 0.005055322
661.9448 332.47964 512.6219 433.33862 0.005039725
334.90466 1131.5482 566.4437 1279.2786 0.0050359657
700.91394 1428.0242 198.29543 258.76688 0.005015507
414.62863 623.4481 334.14822 196.38316 0.00498084
703.21045 735.9469 417.74814 720.0992 0.0049483688
410.72607 1110.2296 461.81885 707.0498 0.004930589
395.57663 1375.6202 510.06525 497.30368 0.004916045
687.0973 312.23743 454.92288 375.30002 0.004913743
537.5454 1004.5621 589.08527 379.1455 0.004905829
676.61957 1703.6929 514.58887 641.0015 0.0049045933
621.6687 1163.3871 445.84317 580.15643 0.0049039465
312.90256 1044.4547 584.352 1184.2515 0.0048974776
699.691 487.21445 459.18616 784.437 0.004890585
756.16364 1485.1014 240.76689 328.77606 0.0048864926
475.88058 419.61835 892.3211 816.43396 0.004883373
602.53644 929.8235 588.2914 1117.7755 0.0048248745
489.83 798.16486 498.55435 713.02454 0.0047979783
684.1433 766.72217 381.56296 770.346 0.004778861
639.2876 744.3235 559.7357 1164.2367 0.004777641
761.6036 1501.3484 336.2449 596.9595 0.0047776364
410.29117 1210.515 658.13403 1409.1824 0.0047664624
524.4974 1046.4622 517.28925 440.69586 0.0047605447
532.0355 1257.8105 151.23108 221.32819 0.0047587217
261.818 1228.0488 238.77687 338.97858 0.0047341534
666.19904 1185.0724 542.1651 1612.9558 0.0047317343
658.1625 894.9367 455.17136 976.2258 0.0047077043
641.4657 1700.2878 328.338 502.55566 0.004690543
328.77805 785.5816 314.40363 358.31976 0.0046782154
557.9873 1336.1094 353.42633 369.86514 0.0046733
516.0429 983.9642 741.19135 831.7068 0.0046625547
523.702 1306.4839 271.3103 345.4625 0.0046562543
560.92896 1225.4541 392.55243 580.9508 0.004650086
288.65103 579.34106 39.885162 46.933174 0.004639798
320.02344 981.68005 173.0609 230.29562 0.0046340646
462.15298 1103.0468 333.5653 1098.5544 0.004632283
644.1094 1415.3086 341.9405 505.10266 0.0046294346
757.30096 1847.2583 358.03577 355.9425 0.004627906
429.10678 1029.6925 684.87494 536.35455 0.0046255584
669.60223 1398.0408 385.46484 541.49536 0.0046056597
507.21094 691.7856 365.74768 328.0925 0.0045980476
648.1864 1413.4769 266.4053 392.22232 0.0045815497
425.6317 1275.0873 380.90558 391.1128 0.004578015
592.34656 874.8252 648.0226 1021.43115 0.004573482
620.18384 628.7888 222.77487 270.33163 0.0045707477
637.22375 536.814 571.2494 889.5002 0.004568904
66.233215 1128.5814 105.68626 172.04774 0.0045686415
639.56415 1849.4497 587.92487 414.82883 0.004557526
591.0482 1144.9202 615.09393 613.96564 0.004553675
230.72252 1281.3749 144.73466 133.45375 0.0045438833
660.49225 842.1641 463.84637 875.69714 0.0045428975
480.56436 859.89624 341.24634 510.70212 0.004521533
632.8295 1301.4286 178.9798 286.48035 0.0045209853
311.65787 1421.2406 295.80215 402.80905 0.004520889
536.97864 743.4053 236.48424 226.20605 0.004500332
694.0551 1000.6335 280.98444 246.81213 0.004498773
708.189 996.02954 289.04526 249.02623 0.0044978717
522.8633 1427.0353 141.34308 170.55157 0.004493435
629.4653 374.99484 582.9397 583.7352 0.004473391
507.6685 1042.4072 597.60187 494.2908 0.004472983
604.05634 322.31717 283.2481 231.8008 0.00446511
621.36456 1280.2618 201.17871 275.93683 0.004461631
706.8226 965.5182 446.32812 1189.8044 0.004441157
593.22363 1385.9799 271.82214 499.6054 0.0044356263
760.6204 1540.9998 211.9097 266.7687 0.004406294
671.81415 890.15027 412.7557 933.92944 0.0044060578
779.50256 1302.0117 304.5751 799.4601 0.004401851
790.2459 1623.3772 152.61774 212.27089 0.004383581
255.83928 1437.772 408.5037 703.9224 0.0043671858
621.33044 1693.0491 613.64966 615.6601 0.004349397
446.98206 1150.9214 359.9586 612.071 0.004346212
213.44133 1029.0763 307.62436 341.6986 0.0043378016
762.9865 616.87384 320.17896 489.47958 0.0043370747
734.2582 1464.8081 395.56003 930.3825 0.0043369057
162.71776 1131.3184 214.74788 181.21204 0.0043367427
606.9257 1838.014 650.1869 443.40674 0.0043265386
382.0117 756.44525 187.04088 229.2726 0.00432622
539.7717 1038.7672 660.942 589.8339 0.0043200953
705.02374 614.0541 290.4778 449.7346 0.004316612
689.41516 1559.1614 491.60443 933.6391 0.004310284
447.57532 1421.9711 307.48126 490.32056 0.0042995266
159.24045 942.2375 124.866295 190.84108 0.0042919763
564.9441 1238.0688 648.45355 773.8332 0.0042861137
365.1458 729.86566 174.96179 191.03961 0.004273673
302.47678 1049.1339 134.0727 159.31602 0.004271241
477.85437 1041.3871 918.77893 2030.8153 0.004264096
504.45868 1156.1395 222.04813 362.14166 0.0042591407
752.9092 1156.5874 372.65854 1549.8394 0.0042451513
189.69185 955.3563 148.84352 201.09221 0.0042336695
670.7075 785.85004 328.43848 469.81155 0.0042287013
327.6985 1198.6167 560.8584 591.8453 0.0042242543
398.4571 835.5979 144.97908 125.24719 0.0042111506
487.84543 634.6822 571.92236 467.6466 0.004208358
540.88715 1037.8462 657.55695 421.73178 0.0042076847
358.53903 1469.199 471.03818 797.86554 0.004202601
690.1486 738.16614 195.84496 249.5802 0.004201202
425.41708 1533.1161 480.05856 702.25055 0.0041947677
518.5157 976.82385 382.72223 896.86786 0.004182981
510.00146 1862.6196 841.1177 410.4677 0.0041819857
634.17236 1105.0358 430.86505 557.2735 0.004174494
733.30304 1037.4812 411.3719 1974.9344 0.004172364
587.8872 852.79974 630.9791 1083.5461 0.0041715694
666.6645 1418.4253 155.16704 225.44875 0.004170575
688.33856 1584.4954 145.61238 210.3369 0.004165649
817.8793 1581.5765 194.9024 288.78165 0.0041627223
565.47974 1178.0874 652.11176 629.8503 0.0041331733
664.72644 1220.5083 106.77918 159.92274 0.004124668
563.6388 345.38217 294.85562 228.12259 0.004122954
654.1342 835.0509 298.50064 536.437 0.004118686
489.6155 1271.1688 363.3294 1037.528 0.004112532
653.9397 1273.5767 356.49615 480.69183 0.004099639
682.612 1255.0787 349.94836 710.6893 0.004095572
344.71002 1119.37 623.669 618.3473 0.0040942635
319.5981 953.5767 597.29565 1065.8049 0.004091288
202.22919 886.0228 368.61063 677.1407 0.004085632
539.53064 1523.308 191.45692 265.33 0.004076746
544.227 1527.0391 252.34862 421.74615 0.0040747058
398.25812 1719.3978 160.02762 189.47896 0.004072309
707.96814 1669.0266 177.722 249.48827 0.0040591834
313.14484 756.17065 222.36584 245.08815 0.004033491
579.8874 1469.0894 303.96417 662.0707 0.004029562
314.65866 1506.613 427.08987 618.1245 0.0040168217
359.48648 971.3766 239.72769 249.72923 0.0040055783
212.7041 944.2313 136.17055 166.85829 0.0039668647
659.56696 725.1726 332.6827 669.0076 0.003955742
499.8225 731.0772 614.9779 436.05063 0.003951102
572.51825 1566.5985 640.70703 469.02124 0.0039508766
423.1752 867.46875 375.11496 438.83884 0.0039369683
359.22168 1527.1943 236.76154 254.89435 0.0039069904
821.0136 1660.0465 220.3191 392.64395 0.0038965214
359.10596 1110.7925 230.39084 274.43253 0.0038939924
482.6463 820.6779 110.600105 119.54331 0.0038933945
455.94653 1114.0134 279.52725 497.7714 0.0038898787
511.98486 1337.7465 426.31302 1014.94366 0.0038890108
663.7264 1462.0331 244.1621 651.46533 0.0038816086
183.1335 1142.0952 318.85602 250.65201 0.0038769906
252.02193 1299.3081 388.18433 507.071 0.0038759618
345.4592 703.92554 192.45258 183.00992 0.003868123
822.24927 1094.8966 211.88857 416.01013 0.0038454728
795.3972 1415.9418 254.6547 401.9961 0.0038375843
519.7837 1209.0996 165.97804 200.48212 0.003837001
551.738 1568.5542 132.48141 153.17447 0.003834452
807.3623 1682.0269 257.56717 595.225 0.0038268862
777.2813 549.19293 267.8695 350.24017 0.0038245239
863.89795 1213.8527 33.135616 43.860607 0.003802897
679.4191 1326.0383 210.30858 330.37845 0.0038028806
707.6851 1129.0414 337.58423 466.3834 0.0038003705
515.70355 1049.044 214.77937 403.21185 0.0037964932
326.80566 1232.2332 586.1447 846.5701 0.0037788048
300.11792 1444.9734 469.6153 689.538 0.0037725826
367.4583 768.2757 228.52089 263.08783 0.003768744
614.03265 1403.393 558.25824 1163.2758 0.0037680925
399.3988 965.94476 326.2557 655.96924 0.003753056
710.2464 1032.2124 448.89706 1361.5249 0.0037451305
821.1365 1631.3701 224.9732 458.82245 0.003742107
565.2828 1451.5238 275.22073 389.11987 0.0037364478
571.68713 1685.9161 220.5893 323.72308 0.0037328638
746.29486 1527.4661 293.3759 422.39044 0.0037257117
339.87555 1042.6127 277.8236 418.7034 0.0037047565
735.96674 766.4108 368.27368 767.476 0.003701046
488.76337 822.30304 85.036 93.89728 0.0037007264
602.2285 1281.1841 350.92422 856.9001 0.0036987893
245.1637 1001.8978 181.0869 236.03705 0.0036942358
315.69223 1289.4647 507.44452 1120.9471 0.0036847042
791.8392 1412.7716 172.56873 228.04887 0.0036752005
409.7017 1354.1548 302.7047 542.3935 0.0036701877
783.56354 1028.557 314.4126 2004.3798 0.003643353
640.2285 1226.134 302.4493 443.2607 0.0036407579
659.7166 1818.4481 180.19463 224.1617 0.0036392321
513.34827 1235.6635 412.20694 1236.179 0.0036106277
813.7296 1057.9982 113.945 274.74918 0.003599416
754.8996 1302.2197 338.70047 657.3554 0.003596701
371.89755 1003.10834 259.09198 311.54086 0.003596274
761.0741 977.9071 348.49567 1154.1522 0.0035916856
381.13647 705.22046 118.677574 126.91404 0.0035916737
342.79596 992.31915 508.068 360.1241 0.0035887433
467.02054 1233.4608 217.61313 272.25916 0.0035874627
505.89438 964.33185 310.59064 632.4555 0.0035873586
689.0223 1345.5378 165.92574 207.35963 0.003575954
756.6821 713.9902 214.8506 306.87894 0.0035759232
642.2971 516.9253 390.73566 657.55414 0.003575454
658.1744 1707.4547 216.34355 372.6386 0.003564058
223.23474 1449.2739 330.66074 598.1268 0.003561942
449.4732 1320.247 213.48506 286.20416 0.0035548038
573.14606 396.43094 183.25699 154.47809 0.0035519116
679.58856 1188.6432 126.03765 240.92873 0.00353968
742.0189 754.2086 370.08865 777.08795 0.0035334206
675.2545 976.01154 502.44675 1231.9604 0.0035188124
663.299 1547.7987 264.3278 353.42072 0.0035110228
541.1733 628.5557 200.71284 209.43837 0.0035094197
593.6509 1098.9386 232.29474 384.81226 0.003504076
638.24426 604.91174 464.96912 463.93533 0.0035022167
685.9017 671.987 180.58968 186.65923 0.0035012085
509.1237 1448.2167 146.07814 174.84065 0.0034984895
187.00972 977.51776 335.38275 496.67792 0.0034789282
556.38824 1018.18994 625.1982 461.5261 0.00347202
602.219 1421.5006 189.3639 288.37216 0.003457425
727.0807 1000.45044 410.76086 1243.8788 0.0034458044
533.7699 568.7527 128.29472 117.27627 0.0034448972
207.92026 971.3142 238.10791 246.20714 0.0034362026
726.18085 1386.9988 113.25839 173.8059 0.0034299593
397.5439 984.9292 114.477875 192.36935 0.003424103
615.0858 1256.8607 108.489494 179.41566 0.0034157154
674.3149 1740.2107 234.39948 239.40405 0.0034083445
403.22266 1340.6924 234.351 259.53647 0.0034081892
815.2351 1720.2877 243.88603 663.19104 0.003400868
615.47327 1483.0112 138.66008 213.81412 0.0033939662
213.99849 1654.9376 404.06503 820.84125 0.0033927711
281.10107 668.47205 106.102425 124.917656 0.003385131
731.36914 1114.7938 212.04193 255.10948 0.003374963
800.29816 958.989 120.55021 134.63423 0.0033680398
350.74454 1045.2815 398.99127 470.0606 0.0033581802
411.74194 1088.9891 737.10376 545.44806 0.003351699
461.78403 1096.1654 265.1284 515.1438 0.0033418522
554.0134 1812.5061 176.88284 181.36043 0.0033209692
267.39203 1422.4226 194.39064 264.4527 0.0033196197
185.52556 1030.3035 317.5646 336.56387 0.0033173473
402.30685 1507.7926 526.99725 584.2553 0.0033060466
622.4239 1175.9612 347.90756 885.2322 0.00329809
766.0899 975.3536 308.9462 760.8115 0.0032909128
314.4305 1481.5785 573.1086 928.9913 0.0032890926
669.07 1379.2351 103.748474 162.8376 0.0032849573
779.5732 1358.8053 175.3456 248.15614 0.0032806885
363.87927 958.97504 247.88763 310.93347 0.0032782818
640.9543 956.65265 534.3029 1124.5696 0.0032698964
316.0079 1619.3496 566.1777 869.9251 0.00326111
572.73505 1595.5912 121.37696 145.87253 0.0032535132
679.1854 1316.4044 271.85928 351.9787 0.0032533295
640.228 937.1035 476.77765 1043.4988 0.003251728
776.4396 1274.7742 134.32301 202.15651 0.0032479344
764.46063 604.8261 321.01553 473.0073 0.0032226758
425.67786 1265.2064 158.96965 208.45784 0.003220936
413.388 1084.1349 507.04187 1140.1677 0.0031914983
592.2574 1173.736 137.35075 190.21135 0.0031900438
754.2944 1700.6224 320.85947 324.4654 0.0031868357
425.50415 1145.9517 196.17839 225.076 0.003175939
444.84488 1000.28656 121.616234 182.63504 0.003168481
660.62573 1884.1466 343.3732 254.56702 0.003161023
761.82886 444.1473 341.6545 780.20807 0.0031502424
530.5891 475.644 276.69495 242.09045 0.003150238
659.1905 1430.287 230.40454 778.8611 0.0031493653
845.7615 1072.188 175.8431 326.5558 0.0031488787
216.19432 1003.5408 382.33264 440.4412 0.0031435294
558.46747 1400.8026 342.17316 830.8426 0.0031412425
789.97394 472.5857 215.46329 199.07217 0.0031410856
669.6474 1362.2264 157.72472 320.51126 0.00313549
827.0599 1182.1044 219.4296 597.44147 0.0031230901
757.2654 1827.9315 328.9081 431.47638 0.003122633
751.83307 920.9165 188.29129 188.95352 0.0031150337
632.55945 1164.4548 367.9096 574.4509 0.003114591
468.67505 523.7662 399.9333 313.13223 0.003107271
709.35284 699.9245 432.0398 700.3003 0.0030971193
841.5328 1731.0028 172.23473 262.5493 0.0030919164
697.73956 1691.5303 135.65805 181.43074 0.0030889828
458.70746 832.3885 242.53696 187.66283 0.0030866093
865.7679 1928.1439 140.62964 253.85138 0.0030865092
244.56032 1490.956 239.18982 341.08762 0.0030835075
716.46045 1636.244 322.76273 319.0551 0.0030781548
683.37506 1497.6302 323.75232 377.6621 0.003073765
704.74255 1472.0302 356.91455 326.50995 0.0030732362
303.2728 1138.0334 417.20816 600.09875 0.0030718835
768.95386 187.93648 334.6752 345.52954 0.003061718
455.01166 1814.2407 295.29645 278.19586 0.0030501932
470.2279 1566.4343 310.797 439.86658 0.0030496903
591.76495 637.92883 612.46814 530.60925 0.003049538
486.14944 1635.2966 195.70097 190.2345 0.003048984
789.347 1854.5145 262.2597 300.63608 0.0030370122
737.96094 622.4407 393.746 1176.8912 0.0030361805
822.9131 1903.3282 171.88814 196.11687 0.0030328599
738.08844 1881.9661 179.98058 223.89162 0.003026386
466.5525 1806.4308 288.26633 277.76556 0.0030224952
807.6084 893.9245 204.30156 268.10626 0.003011225
612.4206 1634.26 141.73013 207.14862 0.0030083405
217.64449 1189.9532 393.1151 923.8757 0.0030033288
301.42413 900.7653 130.60774 134.56273 0.0029976277
562.9307 984.69855 300.98026 420.10025 0.0029965248
464.87952 1842.3325 182.08893 190.82909 0.0029955946
660.1315 1429.2781 159.71666 330.5304 0.0029948442
346.21143 1550.7775 353.45593 813.8824 0.002987248
534.9816 1849.5126 398.82114 356.53458 0.0029832742
570.4512 1235.953 335.31876 651.9189 0.0029820264
497.5262 915.0772 417.40848 406.7244 0.0029777905
477.00363 1040.2067 920.08185 2040.3447 0.0029722077
841.0033 1588.7328 143.5538 219.21465 0.0029720992
289.2204 716.9772 192.02237 209.3911 0.0029627203
580.6877 1498.3333 214.11003 255.06302 0.0029561424
735.00366 1089.2878 400.53098 1483.9152 0.0029553347
728.1095 1647.3757 387.81683 757.2368 0.0029530847
711.816 1862.8076 165.9934 257.11536 0.0029466879
637.66125 660.3744 183.11041 154.57065 0.0029433528
414.61252 679.9879 337.8951 318.42255 0.0029365318
719.2733 1766.339 154.10666 190.91405 0.0029350522
292.85004 1666.5692 216.80673 269.55487 0.002933049
473.4167 259.49707 926.12085 502.59305 0.0029301834
804.4955 1912.7526 226.80936 277.28076 0.0029249403
714.1418 1835.1814 161.26288 202.63625 0.0029139095
359.90015 1044.2938 474.77335 423.1962 0.0029069725
829.11285 1974.3286 218.65723 176.62193 0.0029040314
683.39545 1675.0895 464.224 712.9203 0.0028993548
435.86438 1434.1 105.5869 141.12611 0.0028953159
530.8888 1244.6858 727.94995 784.1779 0.0028902157
444.3324 1217.0914 351.61826 854.5831 0.0028883666
717.794 1872.9141 410.58917 372.62595 0.0028839605
826.0957 501.5238 198.33766 282.74963 0.0028794252
438.0485 1480.0234 272.49094 299.12717 0.00287317
374.0275 866.28644 220.83612 178.8553 0.0028684689
546.56665 1686.7156 768.31433 691.2975 0.0028679315
456.53003 1418.5466 158.00026 181.96121 0.0028441143
563.7458 1328.1151 375.80563 894.55646 0.0028356425
142.3672 1860.1333 273.33316 420.84003 0.0028338432
825.6817 1724.0935 156.26173 205.56035 0.002830965
732.04834 1706.525 293.59613 322.11453 0.0028277
624.66797 654.7059 126.17165 140.483 0.0028221714
557.20557 1773.5331 122.447 159.5757 0.002820057
663.7747 1674.3625 233.65132 294.99414 0.0028154256
592.52686 1329.8818 188.55061 269.8932 0.00279932
250.16275 1398.2399 102.75241 171.73218 0.0027899141
682.01715 1744.12 497.6887 615.0004 0.0027859462
783.46545 115.850716 184.67609 131.27075 0.0027771706
668.7644 1569.7933 188.65894 222.44278 0.0027738619
528.40485 1620.8376 147.71643 192.02461 0.0027660457
353.253 1009.07214 511.84552 376.24167 0.0027492295
445.38925 1251.3536 373.6877 1076.7783 0.0027429173
664.86005 1379.0647 164.023 287.39053 0.0027427007
409.16544 1700.9818 99.5375 136.98297 0.0027389822
189.29932 1238.3894 339.38327 734.8823 0.0027384234
629.4158 1133.744 325.85712 1431.0787 0.0027226822
819.1688 1058.0654 127.84097 282.7858 0.0027220154
390.78375 1767.4019 180.0785 179.54906 0.0027173038
868.1354 148.75212 134.54718 166.011 0.0027137941
330.32333 1602.5437 222.3424 259.2994 0.0027053528
655.66797 1306.121 396.11682 1093.3514 0.0027032169
460.9642 1719.0093 267.014 303.523 0.0027027836
426.7429 1857.6343 358.93143 298.9194 0.0026948007
755.4874 1495.1327 148.18997 168.81113 0.0026903858
351.4639 1788.5284 217.42737 264.735 0.0026844507
424.74417 1173.6228 420.1419 772.03345 0.0026690213
593.023 1439.9076 127.29083 187.71327 0.0026618594
465.33905 1213.9097 839.81226 420.90906 0.0026564936
752.13947 1634.9695 119.28515 165.76645 0.0026558202
328.61728 1174.3132 534.19543 367.73853 0.0026537976
727.55646 1568.0205 110.14893 163.0408 0.0026460546
686.2319 1521.6091 163.90471 268.6505 0.002645417
163.65828 1736.686 309.5068 655.52466 0.002643817
468.1613 1972.7894 911.6776 199.16772 0.0026435442
690.97943 859.498 233.97359 301.23126 0.0026405612
588.29114 1050.5507 344.98904 789.35706 0.0026376406
659.04016 1345.2301 371.4362 791.109 0.002633988
824.7612 923.2032 221.12082 689.41895 0.0026121505
776.9781 169.0985 70.20032 86.90408 0.0025932328
196.92929 1719.2059 353.67218 668.05383 0.0025931897
742.6632 1872.2069 140.64717 193.81084 0.0025909485
294.23245 880.9383 513.7966 707.75555 0.002590351
211.17683 1257.5486 70.9522 59.95114 0.0025877529
682.3336 1839.0492 153.04546 196.92435 0.0025838579
213.20958 1114.7307 139.61009 139.71004 0.0025794194
776.5586 1233.3455 240.44495 709.9358 0.0025753262
416.5958 1854.3872 395.75168 318.68542 0.002568751
441.92923 807.6243 163.71005 151.10657 0.0025629802
168.24924 927.7071 31.784237 52.333103 0.0025579103
578.83203 974.6222 321.29324 267.7043 0.0025513214
457.13538 1884.7941 170.1013 146.34993 0.002545944
824.04047 1453.1003 192.16422 288.85522 0.0025440182
637.6469 1347.7893 372.14853 665.33813 0.0025329983
690.0096 1399.6975 198.75551 228.30157 0.0025323853
791.2708 1110.3679 139.10077 267.57523 0.0025288549
603.8543 1134.4619 178.24326 308.85687 0.0025280842
687.15564 1911.9373 149.11893 165.78345 0.0025268074
72.69509 2000.7605 140.62573 143.96985 0.002521405
674.5415 928.4208 339.34988 371.9711 0.0025204483
730.5671 1855.7433 184.39148 188.141 0.0025149062
398.69952 1200.897 221.5124 472.1157 0.0025061248
233.64563 1853.2136 448.68607 433.84555 0.0025011972
555.27155 1872.8928 737.49817 449.34964 0.0025000754
698.29913 1525.3458 159.38055 292.0011 0.002479769
477.22006 1770.6427 123.870735 161.30042 0.002472635
706.46643 1904.473 151.95448 176.00436 0.0024537328
361.76923 1775.5735 146.13731 141.28696 0.0024522908
623.97144 1267.9865 389.84454 877.09717 0.002451508
826.6313 1097.4229 135.15343 237.70828 0.0024507688
829.95355 1630.49 139.60316 181.74222 0.002447982
277.15912 1662.4161 240.09566 279.5222 0.0024417266
683.3807 1064.9879 357.29922 1288.0135 0.0024353305
312.60318 902.65265 189.7808 214.16412 0.0024348719
835.0271 1292.5541 209.41098 1515.8623 0.002431713
473.00507 315.79785 344.03452 331.23294 0.002428949
295.3904 1725.9194 189.71387 195.46107 0.0024212098
401.73935 1229.1835 217.27168 244.0833 0.0024197141
701.3245 1562.1377 333.5133 245.32364 0.002419523
695.7628 1745.8966 157.61435 189.93591 0.0024162717
545.33386 1954.2761 234.10243 161.91283 0.002411027
713.8022 1749.3694 285.9642 243.18364 0.0024030819
623.9093 1754.4177 155.83899 192.73135 0.0024007817
136.64218 1728.8632 226.31415 274.3517 0.0024000623
172.71819 1137.9823 285.7544 243.60803 0.0023962862
499.9746 1527.2505 114.1599 164.05676 0.0023710106
112.37776 1095.9395 55.192177 62.05596 0.00236913
809.8865 2004.9677 267.2634 104.48093 0.002368517
630.38513 1371.4374 160.98541 180.67262 0.002367625
476.39703 1041.3801 917.0302 2038.8422 0.0023641034
765.67786 1394.1384 124.43645 167.26526 0.0023595025
759.5492 908.1356 343.6898 1076.4548 0.0023586631
194.67879 1510.6534 352.57452 1108.1346 0.0023559625
757.4637 1156.6604 337.94257 908.9765 0.0023546887
861.09076 419.30685 150.01688 128.10231 0.0023463538
770.19336 622.66693 163.95491 184.50201 0.0023425429
370.86078 1848.4382 233.75464 266.45023 0.0023402895
571.20905 1471.2715 131.3213 192.0609 0.002328798
452.97235 31.903135 224.26772 62.46046 0.002327767
639.2298 1238.0918 108.67605 162.89899 0.0023079694
700.5231 1802.0372 149.87181 152.24567 0.0022864107
851.7115 439.18326 155.77907 179.34706 0.002261947
717.3065 1805.8545 151.62769 174.13316 0.0022606591
412.04254 815.65814 96.6831 92.09992 0.002246915
204.52534 1804.7234 266.91037 351.8169 0.002246733
479.9113 1970.638 210.3988 131.6692 0.0022422834
123.83228 1793.993 226.83699 521.2148 0.0022419079
473.72662 136.22444 925.6817 257.45886 0.002234083
249.83484 228.27309 155.46643 143.16527 0.0022271315
814.164 1583.6017 187.45708 236.69771 0.002221306
335.56732 1280.1691 165.79071 204.12285 0.002219846
735.5745 1601.7573 281.00797 323.23837 0.0022166513
629.7733 1372.4221 126.97317 216.81053 0.0022147421
193.79204 1944.2164 372.3501 255.80447 0.00221122
576.5617 1608.782 113.22231 144.04669 0.0022093956
787.8626 1704.8822 146.23961 174.28647 0.0022093588
675.66345 1452.8516 180.53033 184.18208 0.002201931
610.0601 1599.7905 215.99568 629.6828 0.0022016356
416.86676 1957.8291 143.69865 162.44856 0.0022007246
720.3539 1919.4839 159.1803 148.10695 0.002187372
445.06302 1849.449 283.85504 218.32944 0.0021862618
865.269 1227.3789 134.44058 248.12059 0.0021811426
140.1612 2025.534 277.89786 95.84876 0.0021768596
544.9708 1355.6349 344.57996 509.54922 0.0021708224
865.2365 655.76196 134.68379 289.59387 0.0021682428
268.06467 1963.5819 356.06506 215.2906 0.0021645527
196.6764 1900.7168 344.56808 333.42206 0.0021641261
788.35156 630.24396 160.45567 183.55113 0.002153117
369.19827 1881.5215 198.42899 156.46582 0.0021518613
748.79236 1213.1174 151.06845 246.55104 0.0021516564
113.54637 1989.5742 229.26054 159.31387 0.0021514958
881.5774 1980.3268 112.379196 166.74963 0.0021496417
550.2902 1981.768 208.20515 145.47699 0.0021459574
876.2621 1105.1473 114.95888 274.1881 0.0021298504
356.87628 1922.5721 157.96512 162.82173 0.002128904
228.01204 1866.8403 307.4415 387.7401 0.00212771
867.8606 692.39136 139.67029 418.08508 0.0021217533
843.4789 1554.4257 155.33148 286.52136 0.0021202294
78.376625 2043.3722 153.32721 60.8996 0.0021101737
235.50668 856.40045 410.0719 675.42303 0.0021092612
833.57385 1717.2284 144.69127 190.39226 0.002107354
745.12994 1498.3735 127.65075 191.9981 0.0021054917
776.5617 1883.3528 147.04443 143.1309 0.0021041099
478.29803 1048.8541 850.39233 654.7367 0.0021006465
379.48883 1879.0195 159.73668 144.10208 0.002087561
680.66547 1645.6617 129.90454 165.63979 0.0020864538
801.4485 2007.2109 268.7397 105.501144 0.0020856496
460.96957 1547.4911 124.70077 184.17764 0.0020767841
475.16388 2011.7803 885.41327 128.01634 0.0020760936
467.01193 936.0086 147.67384 133.91049 0.0020676001
89.563835 468.7465 162.87625 375.4925 0.0020578073
651.06177 1963.6504 190.34158 144.97835 0.0020572022
689.5986 1389.7921 338.6758 902.1769 0.0020535071
861.38763 1512.0977 151.19113 1027.5127 0.0020459304
827.0764 1095.7579 223.30768 981.9037 0.0020452228
353.18033 1815.2286 160.18771 166.21738 0.0020396372
853.2166 1406.2612 159.17952 284.97992 0.0020357138
184.11615 1152.3215 252.85007 214.14365 0.0020346292
129.17143 282.99896 245.94305 451.95038 0.0020272455
647.9882 1681.8374 155.6145 171.04283 0.002024571
693.9481 924.29663 455.28186 1067.776 0.0020225893
359.26697 1854.6707 401.15186 392.5654 0.0020187804
88.52778 433.61346 161.27376 317.41895 0.0020076223
856.72516 404.978 168.0786 784.3275 0.0020000383
236.99388 1840.8778 159.49886 174.46129 0.002000004
816.9856 1929.0258 129.73857 134.37086 0.0019980045
476.49683 1044.4423 906.5048 2023.698 0.0019971195
346.63113 1276.2787 462.4973 261.13504 0.0019909353
591.32806 1706.3383 118.937485 144.46227 0.0019872976
285.05548 1921.5568 561.6826 300.15225 0.0019806826
907.1357 1943.9343 62.73168 229.71825 0.001973916
675.41736 693.29614 145.30951 155.3826 0.001970766
843.78955 774.1058 179.21971 487.69073 0.0019670657
855.69965 1849.4309 161.16791 431.22623 0.001965955
455.1691 1226.6423 317.3625 959.6635 0.0019624748
675.08203 1654.6044 136.29199 154.40547 0.0019615253
825.1332 1528.1829 130.85776 194.28696 0.0019603055
74.53472 618.96014 138.49097 493.8675 0.001960272
871.76086 574.99786 135.96516 370.41135 0.001958969
55.155075 383.80905 104.41873 410.68298 0.0019555525
562.02576 1991.0786 215.5521 108.0846 0.0019517193
417.9397 1691.4623 82.36772 147.52908 0.001934982
477.97525 2024.9441 178.93857 101.09725 0.0019342601
834.8966 1909.1649 120.06324 164.75468 0.0019269887
877.724 1347.5642 127.33411 201.82175 0.0019220383
240.79968 250.23584 300.65295 290.18692 0.0019145255
750.7677 132.4886 361.4035 238.9076 0.0019106771
847.8869 1704.1123 136.66331 204.97441 0.001910636
781.6137 788.9209 303.89944 1082.647 0.0019105652
798.7922 1980.9304 157.77129 166.08377 0.0019105242
121.359634 2014.777 251.14294 120.56284 0.0019084458
864.5299 1308.2527 138.93974 403.18405 0.0019084067
875.74725 1907.157 120.53006 163.59216 0.0019056568
204.40141 347.8342 337.8053 417.12167 0.0018996303
881.4518 276.91006 116.80107 191.24026 0.0018936187
720.92236 2006.9042 432.7719 130.83833 0.0018931194
445.3282 264.05038 165.58359 176.6611 0.0018927212
63.71427 760.1036 118.516464 302.3375 0.0018890055
868.6061 2001.0065 133.61932 120.32856 0.0018857761
824.54626 946.3356 177.26682 177.94846 0.0018751998
888.60376 1640.0331 112.33838 240.17445 0.0018727105
904.1706 1943.0323 66.24719 221.51067 0.0018719148
886.9786 2030.4171 104.06576 78.35313 0.0018695046
661.07245 1545.5255 361.70514 1043.4512 0.001868255
490.51752 1340.5941 664.1148 1241.6802 0.0018671703
545.04553 59.967857 161.46053 95.36512 0.0018667377
634.43964 1989.1011 192.9823 110.94646 0.0018627023
740.0444 965.3627 368.3551 1050.8282 0.0018592611
517.47235 1933.7668 265.29572 282.49005 0.0018561842
849.94073 967.74585 179.87529 1059.646 0.0018543026
132.83968 2041.3708 271.94437 70.868385 0.0018513051
691.9517 981.5553 309.40414 506.86478 0.0018510541
489.36905 335.97992 346.5876 368.50012 0.0018505572
194.8454 274.60147 331.2513 401.2369 0.0018493095
888.5356 1728.9471 99.21139 305.33392 0.0018324492
230.53363 179.92697 315.6315 254.35252 0.0018306726
612.6196 944.8846 324.13998 358.44434 0.001819613
308.02634 954.8127 444.89117 341.60135 0.0018177164
435.41312 416.73193 355.914 422.9253 0.0018164426
898.3537 1967.5809 78.015114 188.86398 0.0018135046
370.41544 1971.503 272.7107 172.08786 0.0018084025
849.72864 1690.4214 153.925 189.6994 0.001804596
630.7761 1994.4475 183.71458 128.92662 0.0018008746
856.57416 1553.8214 106.673294 158.66853 0.0018006491
494.41833 496.18704 900.8615 871.8035 0.0017926857
887.6491 1791.9299 101.596825 365.2841 0.001791501
645.10175 764.67926 190.86989 199.64514 0.0017913483
453.72586 2039.2817 896.9642 76.08109 0.0017795169
889.8696 1333.2953 97.70528 206.91934 0.0017787479
862.9045 950.5441 153.99911 971.32007 0.001775193
448.84442 2003.3961 263.0192 120.413864 0.0017735173
898.4169 238.68802 74.57132 113.335236 0.0017684342
207.52632 2017.9485 394.9585 110.69443 0.0017643907
893.3181 1621.7228 92.86853 470.0427 0.0017619694
353.3528 1302.8462 102.57967 133.62505 0.0017512118
29.956919 311.29266 58.604298 358.77777 0.0017388859
241.14372 85.03077 211.59142 120.20393 0.0017361152
23.547602 389.697 48.006664 621.81683 0.001735674
825.65765 1120.6772 213.39487 1488.2672 0.0017250453
815.3226 640.8008 137.8079 171.52177 0.0017232668
876.11725 1720.1982 114.767136 192.44237 0.0017225845
832.07166 2057.3682 235.52101 31.490967 0.0017216334
252.84836 2050.5012 400.8046 52.04635 0.0017192757
740.2889 2029.13 382.798 86.061264 0.0017110296
857.69946 904.37225 139.7772 195.38826 0.0017104953
502.45264 2011.9122 889.91626 216.9207 0.0017042892
862.2583 1658.1041 142.91534 781.0409 0.0016955594
759.0959 1837.5925 382.70178 469.51956 0.0016787153
565.66315 1292.3488 279.9664 543.06146 0.0016758331
552.8046 1555.7035 298.05167 798.3043 0.0016758052
883.69165 1108.9143 106.29514 257.11365 0.0016754695
707.0879 2037.7075 449.1413 69.17658 0.0016647062
45.18225 1309.6584 89.36678 243.91641 0.0016613868
731.24567 1977.2327 163.05376 160.21869 0.0016612324
827.5196 2007.9836 211.98557 120.332565 0.0016568508
851.4727 2006.2483 171.71455 116.32779 0.0016531313
854.7772 459.4879 166.22568 517.95215 0.0016525437
583.0602 1367.8313 568.67004 1085.3368 0.0016516525
577.10144 1019.3741 143.27069 204.30359 0.0016414461
810.2915 1970.3 279.92795 202.20438 0.0016266761
872.3359 2013.9827 128.99945 89.29839 0.0016214828
908.5292 2033.6981 61.08487 70.85451 0.0016170533
27.55735 537.68494 53.07128 311.6419 0.0016105629
910.3499 153.43265 56.178886 242.99033 0.0016091543
525.31824 1838.2123 770.34534 264.13165 0.001608223
491.84238 1980.5403 378.25726 182.52731 0.0015915897
914.88196 626.508 103.85668 311.63968 0.0015903664
476.60788 1046.3794 904.4474 2022.8843 0.0015760979
892.8161 710.50525 96.93201 395.87186 0.0015665069
882.455 2013.6211 103.47663 92.61646 0.0015530636
718.5723 2032.6465 219.88364 68.35318 0.0015499613
892.17224 1692.1534 90.08884 285.53726 0.001546692
908.6692 1988.9198 59.842808 147.16513 0.0015289119
875.81177 416.15347 120.042305 162.35483 0.001526851
887.41077 2030.8228 106.783585 70.778114 0.001510894
903.43726 2005.2627 65.57824 115.00993 0.0014930264
262.8705 60.643185 182.29483 95.22583 0.0014752769
853.00366 482.39093 147.61215 905.7006 0.0014710124
867.2554 1936.9153 131.8901 159.57008 0.0014682777
885.8303 1997.4159 99.04187 128.71938 0.0014671491
690.2766 1533.6648 348.72327 929.04816 0.0014651414
895.8435 1845.6022 83.23085 199.6331 0.0014636416
716.8848 1586.6091 422.5071 950.50507 0.0014622372
837.7614 959.32434 197.33528 1234.3064 0.0014580257
866.9539 1955.3156 141.31857 154.45146 0.0014570048
878.8985 901.1194 126.85206 218.954 0.0014565483
890.45215 1835.7865 101.380356 422.8128 0.0014304038
561.1346 939.8517 113.791725 151.88863 0.001430395
900.8937 316.60617 65.95468 215.6637 0.0013973681
890.2228 2036.3184 91.84412 47.29675 0.0013971432
832.1254 64.02549 204.15599 112.507515 0.0013835944
919.06287 1943.9907 38.365772 230.80263 0.0013788462
901.5379 1098.7307 76.91613 328.763 0.0013731943
584.62994 1316.7795 371.55914 872.55 0.0013706458
906.23206 1955.8878 77.326225 213.09824 0.0013693542
884.2144 475.45242 113.426735 935.766 0.0013670335
874.1324 1955.0325 108.07831 155.581 0.0013574602
904.51587 1917.4608 85.002785 217.21413 0.0013574531
898.4258 1799.6842 82.25682 170.44281 0.0013572054
622.3993 2006.1128 743.54443 76.268936 0.001353084
903.5628 2022.3135 72.49293 67.61189 0.0013526736
802.37775 2050.2673 257.12204 52.661686 0.0013514903
291.91675 59.455196 579.18884 113.72957 0.0013513453
887.1062 1004.85004 100.65105 2016.5284 0.001346472
897.13074 1582.1322 79.513824 190.61168 0.0013401792
633.3589 2029.9432 158.56361 86.59999 0.0013129932
899.3396 76.09795 85.75339 128.89302 0.0013088738
487.63348 1334.9404 485.70813 1078.4603 0.0013081514
697.8651 1548.7183 371.04822 937.3245 0.001304252
346.14154 921.75635 35.577007 44.30647 0.0012952184
905.49695 1668.8922 72.04523 307.50952 0.001277798
908.31836 1244.1946 60.385746 372.16458 0.0012731913
899.9771 2031.4667 76.29088 66.964424 0.0012695168
887.7967 988.2261 96.525 221.52954 0.0012549274
905.2588 1388.7773 62.83081 133.89128 0.0012514741
910.3799 1958.8289 70.220245 174.00896 0.0012478705
191.26678 64.7866 386.1812 122.78319 0.0012458955
723.3598 1073.8687 369.33673 1190.5347 0.0012322295
694.3876 2029.8204 488.98788 122.293816 0.0012287293
884.8931 1844.1272 82.01723 135.33037 0.0012285665
661.93726 1852.9988 538.402 378.92783 0.001227901
647.36206 1244.2009 338.19293 1100.1473 0.0012241331
891.30096 1966.2926 83.522095 143.26895 0.001222362
863.233 1999.3569 157.95995 137.38203 0.001216297
917.13446 232.25644 45.74931 448.12784 0.0012107262
329.2165 1058.3085 382.4745 848.4016 0.0012037897
894.6673 1810.5382 91.28265 159.25797 0.0011878065
487.00867 2062.298 329.28827 25.720324 0.0011851212
886.59625 1964.4126 97.24955 148.57437 0.001184672
615.34 1191.9656 347.52826 1046.1903 0.0011718448
764.49176 1228.7695 368.2554 1051.451 0.0011508398
558.5703 1286.7546 290.19565 463.77115 0.0011494112
893.94727 1800.7438 110.0978 176.72176 0.0011406031
883.1178 2041.7172 100.14049 60.803394 0.0011337932
905.1598 1203.7295 76.900375 243.7423 0.0011252215
479.1265 762.67145 847.8281 728.7603 0.0011215034
554.0144 1562.9329 248.31146 852.099 0.0011195804
282.46063 1047.1931 302.12872 1016.9348 0.0011062972
907.54767 1871.6094 76.905426 222.70456 0.001105643
490.45886 566.2275 845.2597 754.31 0.0010848716
710.3461 911.3208 452.24866 766.68713 0.0010581495
501.5641 1636.4739 620.654 463.95135 0.0010557249
917.6488 2024.0981 61.701374 78.814545 0.0010298138
913.14233 2030.3375 96.44683 66.06519 0.0010198292
642.9106 2068.2935 694.30286 25.965086 0.0010170698
915.35834 2006.0115 49.378754 122.69165 0.0010032702
545.9395 1366.5737 287.61984 720.9375 0.0010028931
916.1808 2032.632 68.12477 60.69167 0.0010025072
760.4086 1062.78 383.90433 1023.4867 0.0010022875
470.62503 1315.4001 400.1942 1161.3326 0.0009993645
925.23975 2035.0782 29.711617 66.284256 0.0009954714
640.5677 1306.6622 541.8429 641.8615 0.00097249023
920.3202 2056.1772 45.864574 54.536835 0.0009711361
745.118 2046.5009 545.562 54.739765 0.00094538444
629.23236 1063.709 370.77316 1015.08777 0.00094469695
924.2417 571.277 33.867496 241.64767 0.00093293056
576.73706 930.59503 457.9103 1151.0925 0.00087940134
715.65533 1047.1039 311.38916 1638.9336 0.0008710054
326.23166 974.0634 624.29565 1144.1095 0.000854313
535.1846 1268.8419 381.4417 803.6533 0.00084837334
596.83105 2010.1849 796.50134 123.385956 0.00084622775
631.5589 1430.0216 467.77884 1201.3263 0.0008313186
395.70758 1307.9011 353.47348 973.4839 0.00080614816
401.6964 1301.259 371.1783 1035.2822 0.00080096815
485.00256 1330.1974 378.41388 895.52576 0.0007872435
929.879 683.93256 22.25884 181.21204 0.00078272686
509.93658 1432.1229 278.7889 787.7765 0.0007775998
313.52896 1180.5912 523.0057 909.408 0.00077448896
921.90485 2025.5884 38.45793 92.52373 0.0007654098
368.6702 1339.0997 421.9755 551.9791 0.0007628244
680.4357 1984.1418 422.5737 186.2758 0.00075784995
558.3654 1507.1434 383.1869 618.4147 0.0007532628
495.56924 1809.3217 704.0252 213.31798 0.0007273735
493.4264 1018.00616 262.70453 967.04895 0.0007267281
540.01917 1293.5751 510.05734 976.8555 0.000715197
618.3297 962.97034 440.5161 948.1793 0.00070466107
731.5369 2020.1956 530.61584 38.180866 0.00069958816
471.47278 960.1532 381.4658 617.5049 0.0006928077
932.38116 1982.3813 16.76046 163.08046 0.000669643
932.86957 2038.1036 15.458336 60.03266 0.0006574894
548.2017 2068.4019 883.5695 19.292133 0.00064030266
698.6124 990.62244 405.14386 1007.98474 0.00062410376
546.0438 1653.1143 724.0554 297.93347 0.0006162264
729.6077 610.4928 425.76837 851.5288 0.0006013695
565.7493 2071.3135 860.77966 13.853273 0.00060014386
716.9925 2034.4011 369.2522 76.282936 0.0005899632
716.6986 902.9035 464.57864 713.92944 0.0005606514
621.93317 1518.353 332.33038 1087.7965 0.0005570748
488.84918 1087.3956 547.7287 446.97083 0.00055283343
688.3434 830.9005 442.39606 1018.86255 0.00050684484
612.45325 1286.7743 508.4852 988.1415 0.00050189183
637.6274 975.6223 357.398 1008.62726 0.0004970287
874.4633 2025.0906 137.46672 108.64286 0.00046329774
741.4133 954.1053 466.823 688.1186 0.00039765585
780.9083 1014.94934 445.14423 667.90356 0.00036365073
