445.69064 1075.6602 882.7605 2094.7441 0.8605929
878.8308 1146.1261 156.257 163.79594 0.14444533
837.3309 1143.2646 71.57278 149.63463 0.110048175
398.74536 1088.8241 714.54865 1432.1162 0.047499795
907.3018 1147.7314 98.46154 155.31407 0.04257534
393.05426 1044.0242 670.7228 1209.5986 0.03824206
186.81543 671.7409 222.53674 229.44171 0.030631177
354.9464 1541.5985 691.4469 829.40283 0.027470546
374.04913 1041.2571 659.43274 1204.7266 0.027445383
448.4768 1076.1914 883.2459 2086.4417 0.027041538
378.38684 971.0785 673.1505 1101.4158 0.026138349
174.15633 671.0427 262.88168 259.62006 0.024053218
375.66586 960.5468 676.5652 985.1928 0.023167785
428.61832 1586.3741 846.79144 1030.315 0.023075221
403.19504 880.6417 738.81396 1205.1643 0.022862438
204.56279 682.3347 173.61485 189.5129 0.022157103
332.49622 1135.0089 621.389 1574.3845 0.021446766
356.31412 831.6021 649.1919 775.47015 0.02047696
374.55978 838.2252 700.38184 875.9309 0.020237733
380.67517 1184.0477 691.3295 1091.9169 0.019985905
374.63217 850.64 620.8553 711.02637 0.018830279
558.8615 1458.7887 109.1448 135.99551 0.018454101
329.182 1285.219 351.52325 264.89188 0.015614409
396.6352 1088.9589 553.60803 1050.5305 0.015606992
414.48923 815.8936 785.85394 1225.1293 0.01543929
328.82135 978.87933 610.7043 1315.7218 0.015319736
406.40903 1454.9558 790.3117 1053.4193 0.015135711
347.35312 1133.1376 668.36707 1644.841 0.015008826
337.1338 1424.6727 619.76044 562.1548 0.0144340545
430.31564 1509.711 848.7064 911.099 0.014105017
424.81998 944.499 807.2026 1089.7931 0.013882063
378.23993 1209.8788 710.2854 977.6708 0.013802561
323.0838 1081.1218 617.85126 1780.7828 0.013762537
262.50586 1554.0713 507.96426 795.2923 0.013626776
300.94806 1551.4725 586.7179 804.74036 0.013525009
384.67087 784.21234 724.7248 1067.7228 0.013318579
427.90234 980.93054 547.1021 859.13965 0.013307761
196.60045 726.4292 327.18393 372.25037 0.013178981
383.05997 1308.6323 239.02898 198.40953 0.0130419
227.64581 1672.9736 440.25668 559.38293 0.012994436
326.47122 819.731 508.7558 540.59045 0.012626738
433.60977 665.41693 845.79486 1127.2827 0.012607515
274.76935 1130.429 530.5084 1669.9763 0.012473748
305.09738 995.3612 573.8038 1352.9724 0.012452855
688.3592 1115.8765 101.662285 107.51486 0.012451946
353.83185 778.07764 668.0722 996.0959 0.012420077
350.07187 775.9152 626.3733 592.808 0.01235378
375.97876 825.6302 712.06635 1105.9688 0.012130942
378.0035 768.38104 715.8079 1010.9256 0.0121126585
290.51648 785.9335 468.09476 503.7762 0.012103088
277.11383 1187.3379 533.92035 1511.379 0.012001328
374.79276 1556.199 733.1993 837.9986 0.011918671
440.0667 762.59357 850.17847 1362.4977 0.011828856
419.7865 1522.4379 821.2116 886.8018 0.0111557115
408.62332 857.3647 770.3167 969.35846 0.011097517
267.80188 1438.8064 501.67502 566.6437 0.011080873
183.59712 615.2374 329.38727 366.36795 0.010851771
369.10498 747.088 704.4823 1172.0243 0.010837382
388.26944 747.26117 736.94006 1036.5925 0.01077848
477.8154 899.9616 49.137627 52.21849 0.010702095
456.8426 1033.191 571.1709 1029.7719 0.010661525
483.57852 875.7303 495.78415 646.9069 0.010642701
350.7715 705.9107 666.78174 1043.9323 0.01031323
295.55328 798.51904 355.09064 441.72507 0.010310636
450.78595 1074.1494 603.9486 1155.8932 0.0102761695
378.51324 1363.9657 714.96564 1283.8213 0.010265976
425.30295 1381.9609 830.4398 1338.5438 0.010215832
444.2754 843.10925 759.66907 1007.2661 0.010161419
459.46027 932.49817 555.46063 797.4 0.010103513
580.8444 1509.3572 199.01707 242.25279 0.01006307
405.1088 1316.4653 784.58813 1283.4888 0.009922168
359.58505 1382.1969 568.71576 510.1574 0.009892565
415.7785 852.1559 767.101 919.1236 0.009830798
324.84775 776.83746 601.4508 825.192 0.009753954
859.1128 1148.3599 218.89537 278.64783 0.009605133
491.3588 815.8034 337.06778 478.50198 0.009599524
262.09933 1320.0691 496.88934 346.93484 0.009556325
829.2001 1149.3926 259.454 183.74684 0.009550104
267.3617 1554.7375 330.55597 322.64035 0.009535442
381.8732 1531.942 743.6551 852.17633 0.009528303
879.35596 1144.7351 148.89172 157.82443 0.00950169
285.56015 1059.7064 487.10474 1239.689 0.0094282385
384.63248 802.4777 728.445 1090.2164 0.009408367
229.30432 649.80927 419.37057 522.65094 0.009390048
440.30627 874.86914 851.6385 1162.5721 0.009240326
263.01672 703.5723 378.71652 327.77856 0.009179892
252.54509 881.62726 483.0835 864.3015 0.0091739725
386.3996 739.8491 736.41437 1060.9441 0.009173748
242.9429 626.1021 439.651 496.281 0.0091382535
423.86353 857.83527 645.3125 701.38916 0.0088996375
375.45847 1220.4174 713.2833 965.79193 0.008798658
398.00238 1048.902 480.96848 863.12573 0.008763359
341.11847 689.84515 644.4019 883.302 0.0087559065
343.76163 1456.9636 556.11206 540.88226 0.008753262
781.3968 1136.3472 355.55408 199.54114 0.008713617
382.01318 1228.9445 730.0914 414.77243 0.008565693
458.88974 1080.2598 497.7345 1082.2438 0.0085360855
411.56238 1203.7653 554.3058 846.2515 0.008532495
370.66696 1368.0378 715.4082 603.4907 0.00852968
151.23915 1085.9165 293.87396 459.53693 0.008525665
475.78223 897.09076 694.3481 975.2974 0.008393746
337.2058 1031.8156 518.29095 962.95026 0.008364107
438.56708 681.81213 857.1278 1161.7953 0.008362324
286.07544 678.7595 533.56714 759.3579 0.00831257
243.93878 1555.243 395.56296 338.85687 0.008312075
373.84457 952.5677 275.17264 217.21268 0.008296713
261.76938 1108.8174 499.08105 1654.6445 0.0082747005
343.9222 739.8902 651.80475 715.01715 0.008216899
334.184 1675.6216 654.75287 895.2586 0.008207512
477.0467 902.59644 77.246765 76.04366 0.008197476
367.40524 955.22943 245.62302 199.69713 0.0081961155
466.09756 1310.7594 82.39657 182.08064 0.007940079
541.9547 878.52563 393.8095 589.3909 0.007887521
431.89188 915.6069 842.51685 813.1485 0.0078588035
495.5437 1095.1346 506.9922 1012.1485 0.007840537
378.35013 1166.0724 731.18024 606.4857 0.0077777132
466.403 1419.9849 916.4368 740.7683 0.007747784
452.0866 1399.6798 467.47467 514.38763 0.007741895
328.6284 958.70154 401.32547 968.0425 0.0077279946
339.5513 719.15826 633.20514 553.85864 0.0077192355
381.73053 1223.9832 737.2113 342.89267 0.007712561
434.39282 1443.1935 860.3847 779.25024 0.0075952993
457.0432 888.71326 442.77048 586.9515 0.0075801467
176.91989 724.1627 252.66466 337.14337 0.0075772703
239.74406 528.1586 448.74863 563.731 0.0075530587
156.56058 733.9697 293.28317 370.38892 0.0075315605
390.48447 908.36066 334.83362 323.23953 0.0074986266
267.50723 824.4339 516.175 1130.3688 0.00747551
671.61926 1112.4767 139.90762 122.00664 0.0074543646
448.9489 973.14716 654.1558 1084.5541 0.0074520083
517.512 802.45337 282.832 416.28735 0.007399595
345.69608 1660.784 685.5981 631.9339 0.007369703
340.75858 722.2958 384.02762 579.12573 0.0073521016
650.18604 1098.2568 184.76434 168.33197 0.0073256944
442.35 889.1435 408.86908 366.6208 0.0073203766
254.25238 597.707 420.204 379.26468 0.0073179384
474.87854 1199.733 932.68427 283.21677 0.0072548026
440.0381 691.2361 425.31644 623.94824 0.0072536627
415.79977 1325.7498 156.10265 141.907 0.007198823
378.56976 1553.3456 143.90225 278.49606 0.007178156
345.0747 748.221 650.11505 721.5945 0.0071491124
496.6226 1515.2817 238.66232 254.37463 0.006998382
473.20453 1405.7031 413.88455 487.48447 0.006956891
375.2406 764.15137 718.12085 1061.8983 0.0069379546
337.47235 1553.6515 205.23355 301.09927 0.0069017294
680.86536 1355.219 534.69495 597.6315 0.0068858503
421.15356 1250.33 819.591 1602.5322 0.0068577407
449.71725 1064.3125 672.5513 726.30804 0.006751823
152.92967 832.51416 266.9984 184.86655 0.0067240433
339.37653 656.3736 642.3915 846.1714 0.006685193
499.54465 1523.8815 286.29807 273.0443 0.0066255657
395.20258 1380.0961 466.69254 599.70197 0.0066199503
389.8809 1229.0576 490.7813 1211.278 0.0065713334
49.507538 1279.3186 95.719345 114.09882 0.0065706708
185.96495 925.44196 362.57993 791.75305 0.0065267645
341.29883 720.16064 646.1305 644.36884 0.006491249
466.1802 1109.7306 537.75574 244.2615 0.0064690406
394.3173 1176.3539 417.4201 121.95337 0.006463147
540.84015 809.20416 252.04967 438.45087 0.0064300364
389.21014 1154.4866 344.3597 932.2013 0.0064228605
382.62073 677.7646 165.70033 199.75302 0.00640168
838.6831 1141.1829 63.72191 143.797 0.0063528945
528.2817 1015.6309 627.5216 1309.1292 0.0063476437
376.8415 871.34216 266.42755 287.83353 0.006341635
486.2001 987.6836 623.25 1050.5352 0.0063181985
346.67624 1551.8876 205.36607 306.47098 0.006303071
448.08282 1543.1161 372.6634 311.4447 0.006289959
314.59274 703.75507 453.9281 327.96573 0.0062785004
377.0538 1212.1842 548.4953 409.68564 0.0062720003
432.21198 702.43713 442.91797 653.16766 0.006257381
258.0703 622.06665 492.34363 709.33704 0.006231052
499.8412 1503.9119 194.24469 232.38844 0.0062020505
397.0564 1401.5006 786.8055 620.8702 0.0061916374
213.63098 848.00433 402.22427 649.7036 0.0061493046
381.66473 905.8517 350.61542 341.939 0.0061308476
522.1774 1165.122 149.831 104.71451 0.0061082896
442.5396 1244.9589 831.40234 376.26758 0.006098276
476.4786 866.84796 557.6331 998.1121 0.0060980134
159.61565 1095.6444 308.56628 2010.857 0.006096447
598.3271 1128.7096 279.63147 185.01028 0.0060945405
358.45776 1216.2886 399.00168 937.98553 0.006076255
336.46155 1027.1571 364.88535 1000.04675 0.0060568475
541.8857 877.344 512.8783 688.6241 0.006036603
888.1506 1203.879 169.64235 303.2569 0.005995071
336.11575 710.21075 650.75665 1172.9001 0.005989802
348.28632 697.5442 661.6667 993.3941 0.00598453
567.099 848.9907 191.08853 289.29373 0.0059686713
767.5938 1276.1027 376.84454 442.37476 0.0059553836
426.62906 1530.4513 371.8147 644.2383 0.0059471293
694.30035 1346.1002 357.4291 572.1202 0.005932205
246.89214 477.78983 243.3817 186.90784 0.005929248
341.20053 1552.3264 665.00275 791.3471 0.0059291297
351.7316 816.5983 358.0524 447.60806 0.0059268563
317.3028 1057.3203 597.1143 401.7845 0.005891275
366.02594 974.52014 576.05896 541.4285 0.0058703064
435.3663 1201.329 851.52496 291.55737 0.005865906
221.88132 1711.4921 432.84946 821.8001 0.0058543603
430.54477 782.62805 833.3767 979.3847 0.005849151
350.70605 587.4086 253.72061 325.79095 0.005816129
459.3624 1143.6847 558.00836 209.72198 0.005811636
408.8242 941.0421 322.45807 377.19083 0.0057609975
512.39417 862.83636 655.8548 790.89105 0.00575182
381.95413 806.1403 645.7696 1026.7738 0.0057502384
163.48912 1056.4082 315.9849 1825.8057 0.00574578
181.82693 519.8177 345.39328 534.6967 0.005743634
584.9548 809.67114 522.6288 831.3684 0.005709376
424.5327 1365.0591 842.70215 673.3819 0.005688587
272.2205 474.21896 259.3858 224.49535 0.0056830235
156.98842 915.83374 305.89716 766.67206 0.0056827455
482.09854 1546.6738 336.36142 325.21085 0.0056623165
811.5535 1322.0404 296.24783 534.2205 0.005619208
221.29695 1316.6187 326.4338 321.06717 0.0056135273
495.84988 1538.4661 318.7518 305.04074 0.0055799573
520.9714 993.6651 626.24567 1151.2223 0.0055770474
687.13367 1125.0682 64.82091 75.48428 0.005536622
344.24695 1602.2283 186.14485 213.57103 0.0055257366
827.8614 1133.6907 187.34148 274.39105 0.0055161044
289.26022 669.82227 555.3643 1054.4269 0.0054821465
464.5065 882.0368 110.94332 121.60709 0.0054666013
485.2839 853.3479 712.0331 822.6022 0.0054550017
372.69403 1180.7042 440.78653 460.94357 0.0054398784
319.15637 1663.0391 621.55383 923.1823 0.0054193763
407.74045 1551.0303 459.05017 334.03082 0.005399205
476.19702 1521.4116 440.85312 703.7395 0.0053539053
441.6203 1265.8762 256.996 280.10297 0.005351092
305.3319 1094.9287 392.45285 769.6105 0.005335294
726.48486 1401.1317 458.80142 688.8053 0.0052870936
420.09766 766.6885 278.2523 341.57394 0.0052814567
603.77936 1067.1705 474.07462 1089.6115 0.005281419
793.09595 1053.0101 320.3895 395.53363 0.005281008
448.76047 1396.9093 624.2543 599.77216 0.0052215667
540.2296 1185.3315 544.12646 949.4159 0.005198398
470.44223 1321.604 342.95117 355.1216 0.005194715
461.33942 1090.915 269.05667 229.90195 0.005184619
187.56007 1219.5433 356.89737 1439.6788 0.0051719933
214.38069 1815.269 406.2549 300.33533 0.005158996
471.23724 875.80524 360.58963 484.77084 0.005152454
417.88446 1287.7529 427.49194 1254.9374 0.0051488033
569.1902 1439.5289 75.76811 96.19543 0.0051186928
390.65472 1018.5816 333.0345 791.21136 0.0051009194
598.0545 1041.7395 506.2977 1140.9127 0.0050636795
411.56418 1529.2909 471.17053 803.50195 0.0050628413
557.66833 1065.2662 578.8579 1268.8375 0.0050597535
167.66444 776.7372 317.5888 479.09964 0.0050537195
441.74628 1106.9078 504.39243 606.3126 0.0050499593
683.12024 894.1259 362.08014 654.576 0.005036935
508.76102 1477.8732 443.26297 658.07166 0.005013547
530.2603 1636.1073 322.8183 525.8297 0.004976179
276.77902 1795.2662 543.67596 655.1917 0.004925527
371.4208 1287.0062 715.7854 647.96375 0.0049145455
200.19836 1423.6904 391.82776 1168.1233 0.004914216
411.63486 961.0646 264.60315 256.94193 0.0049051056
504.03796 1627.6346 376.80505 614.6142 0.0048964643
458.26822 1664.1016 355.99356 545.38464 0.00488797
396.28534 1439.9956 251.14114 389.9657 0.004880871
408.84824 1173.6453 800.7811 922.46136 0.004875242
348.27225 1555.5714 631.58124 351.21927 0.0048691244
748.19214 1212.8899 241.93939 305.48038 0.0048359963
454.65192 1515.3711 475.40173 373.04697 0.004821304
637.8103 1513.5894 118.773346 235.0214 0.004813911
866.8262 1007.602 189.89006 454.126 0.0048052403
325.29242 721.56287 618.5467 966.33026 0.004787323
341.7796 566.18646 239.19368 274.34033 0.0047707874
463.7738 693.86774 395.76334 688.9374 0.004757735
320.09244 1649.7341 252.21472 313.16537 0.00475109
377.2235 1245.828 370.82553 797.02423 0.004748446
423.52762 1109.0061 410.42337 533.0048 0.004736767
381.90167 859.1587 468.22873 594.1079 0.0047208355
376.91354 1190.3838 338.63846 421.067 0.004720376
503.40082 1036.9762 465.78973 350.14673 0.004720367
216.19774 1086.7115 431.34695 1943.0458 0.004715195
330.9717 1055.2675 621.97375 1349.2828 0.004707119
431.08374 1760.0596 855.40955 747.57733 0.0046999063
759.49945 977.62854 229.42548 493.60596 0.0046933377
572.51154 1481.2076 307.6623 594.6138 0.004691997
301.40683 1850.6023 354.56055 345.34033 0.0046839495
418.00732 1377.1208 829.49023 785.2408 0.0046523623
841.94666 1114.4042 232.45988 420.1396 0.004651753
88.18268 1702.3063 167.68709 508.9505 0.0046498324
618.9012 1354.4248 481.86075 595.2658 0.0046333014
341.08145 1824.8008 532.9184 504.46396 0.0046154
656.8082 839.84033 424.61624 767.49554 0.004607829
488.9766 347.81433 959.8355 666.5172 0.004603201
345.19876 1304.2097 659.7859 344.9906 0.0045992197
576.67413 861.27795 564.90094 922.34186 0.004596182
668.62604 834.08185 259.71335 487.31464 0.0045944043
401.9481 579.54755 194.06108 269.76434 0.0045901216
529.3226 1052.3511 619.9645 376.2137 0.004565834
573.3821 1578.98 135.0695 111.06314 0.004557695
471.98727 1058.31 306.90698 291.3451 0.004539731
425.55377 1190.6501 364.19302 367.3705 0.0044989414
486.0159 1950.7855 947.1954 383.46222 0.004497562
562.3586 1025.2814 564.32745 1238.2032 0.0044959313
522.9534 1568.3079 410.90463 732.19666 0.004474984
791.47473 1183.3633 193.29655 256.28683 0.00447379
591.779 1343.3822 311.72455 577.4642 0.004466501
564.3877 727.3961 185.75815 282.90765 0.004463324
570.01215 1102.3387 584.26575 1482.9564 0.0044448185
574.1227 1601.4236 365.8133 611.44604 0.0044399346
433.15482 1170.8701 858.54297 554.8557 0.004435896
344.09323 1178.1044 416.28836 416.651 0.0044210074
181.38068 232.7175 336.58194 261.85773 0.004418246
826.9191 1006.69525 109.50264 442.12677 0.004415185
175.29167 1566.417 300.48834 312.25333 0.0044055223
438.74426 1122.2927 767.5699 775.2105 0.004401519
690.7571 893.0294 511.79025 689.93097 0.0043748408
636.3934 822.2551 579.74384 846.1025 0.004370216
578.59216 1307.7343 263.95377 347.36194 0.004358627
536.6565 873.92145 618.84265 996.3635 0.0043489346
305.42084 1631.777 607.911 974.2819 0.004336704
377.98904 1650.336 545.014 564.76434 0.0043343985
87.00429 2023.6486 166.61612 203.5122 0.004333302
468.1823 1321.8635 488.7619 478.21094 0.0043263333
765.89886 902.45435 227.57368 655.27985 0.004324926
365.71194 682.55743 178.38799 187.9161 0.0043195947
188.74748 1090.4008 369.0882 470.5856 0.0042822873
397.52216 1673.636 293.791 526.94934 0.0042754672
623.69116 1199.0671 134.34456 156.07634 0.0042634243
376.7662 1864.6195 262.2014 290.44632 0.004248547
361.8063 1625.859 726.28143 683.072 0.0042428845
412.98413 1820.9847 813.46094 625.431 0.0042387564
859.463 986.2698 200.07576 496.81122 0.0042276494
348.06107 782.7278 271.30972 287.85663 0.0042258287
400.4662 1137.9297 420.42673 1002.19525 0.00422276
295.68594 547.0569 335.01688 390.8756 0.004218397
698.791 1230.7457 498.38116 357.0383 0.004216657
646.6987 871.18054 449.08936 742.3654 0.004209769
337.19446 1659.1694 595.6408 925.58246 0.004171702
570.99023 984.0283 591.75256 1294.4613 0.004168118
352.46115 735.1027 489.76395 334.48447 0.0041516717
476.60248 785.59485 436.67822 728.8148 0.004144061
452.65005 1620.7257 117.48462 187.3011 0.0041261935
655.85425 939.6779 151.46011 204.17795 0.004112354
427.94037 1029.5768 852.44995 1043.0201 0.004097829
809.51776 896.4134 266.54343 667.24255 0.0040896796
496.29608 795.65314 305.61322 536.9756 0.00408766
423.5883 1020.7892 361.9899 421.13483 0.0040715374
195.27618 1994.3627 380.22745 266.70895 0.004070345
138.87279 2016.8333 269.39203 223.67067 0.004069805
827.1597 984.9443 178.34383 491.18466 0.004069038
609.1004 1088.2836 465.24078 1086.0188 0.004064544
129.30571 1629.2603 248.78993 691.7884 0.0040363157
437.86096 1395.4222 870.2209 1031.2424 0.0040353704
521.0838 1740.7194 209.67035 258.23422 0.004019243
569.6401 1197.5979 172.63481 161.9365 0.004016433
99.253555 1760.1417 188.50716 411.26852 0.003993196
781.8416 1172.1158 200.84651 237.93259 0.0039824345
530.59705 770.4646 321.3917 700.4375 0.003976243
294.557 641.729 345.33795 403.3518 0.0039611207
853.5276 1452.1779 231.30602 791.776 0.003957198
717.20123 1274.2354 470.86215 442.7616 0.00395704
87.8303 1776.7365 167.37564 654.31946 0.0039549978
724.00366 1013.12317 289.00098 426.91037 0.0039145933
576.6777 1192.0334 355.503 545.53015 0.0039129127
518.83453 1639.5199 350.42938 506.98883 0.0039067212
809.89026 923.0844 230.16502 608.7866 0.0039061848
155.37901 1964.7065 296.56445 323.56866 0.0039038197
864.20337 1408.7814 211.6038 704.83374 0.0038951666
676.24335 1071.1835 438.6366 771.2071 0.0038932965
472.41208 878.4571 392.47797 884.62897 0.003876912
226.84148 1699.4022 383.4368 520.76544 0.0038768789
324.85284 823.1095 615.85895 1148.1819 0.003876258
639.43427 969.99414 472.99472 846.7692 0.003858438
577.67065 1327.4471 530.0716 1041.3894 0.0038520428
154.12386 836.59674 290.57852 388.8038 0.0038397994
492.72882 2025.1765 963.7847 236.7215 0.0038229506
315.16653 1281.3428 500.90094 728.673 0.0037938033
118.10466 1915.7285 215.59457 348.42712 0.0037838556
730.50104 1081.7885 284.7699 302.4749 0.0037667125
225.51527 693.13086 430.65454 722.1664 0.0037661204
771.3465 1725.6094 393.38617 1323.8386 0.0037641528
822.2119 977.381 143.70049 501.57712 0.0037499268
436.13318 967.68225 823.15753 1356.8802 0.003730868
105.58937 221.58315 200.2919 261.1934 0.0037060026
531.48236 1256.948 324.92508 539.291 0.0036910465
367.8661 1339.2991 406.02606 859.56085 0.0036832707
868.1263 957.37146 189.27382 552.85944 0.003679021
684.71826 1341.2217 365.7641 558.49713 0.0036662857
151.37347 1402.6497 295.75992 1124.9625 0.0036552558
527.6983 1681.1174 222.82198 305.11014 0.0036542239
814.19885 962.42224 275.8358 539.8743 0.003652509
582.3541 828.51556 131.28784 157.65936 0.003637953
656.4509 942.95593 172.99446 263.14404 0.0036370668
482.6669 862.55383 412.48373 754.7576 0.003635301
332.25928 1652.8185 207.05774 280.1981 0.003612071
609.1819 846.22284 515.90906 1043.8911 0.0035980805
60.982887 1882.8658 107.70348 278.7073 0.0035896348
472.70993 1580.8872 166.06705 250.06117 0.0035827002
863.8651 975.8951 181.95885 512.33044 0.0035799877
666.2084 1437.4458 277.65112 403.97513 0.0035739103
799.8098 1392.2948 329.31815 677.45074 0.0035611892
235.24013 1683.8141 204.72551 201.73296 0.0035591691
364.37494 1907.6504 178.59114 178.44254 0.0035454957
849.72614 1573.8779 255.89116 1055.7307 0.0035421364
357.89038 1930.4263 188.05528 186.17654 0.0035400838
612.77594 1145.9028 495.39227 204.41483 0.003539443
717.63495 1145.511 322.31485 1005.23193 0.0035383163
377.91837 1341.7913 209.81252 213.74239 0.0035356658
761.0131 832.108 397.45172 797.0354 0.003532954
702.6094 1107.6859 494.422 305.24875 0.0035327727
647.34424 1423.9264 289.54437 428.41223 0.0035311144
570.2248 1494.656 523.7148 798.63666 0.0035166729
430.91208 1593.7164 841.37085 1059.7014 0.0035161683
308.4684 500.0691 442.6634 460.58752 0.0034995787
450.40723 1847.7145 293.45773 310.62167 0.003496339
704.335 1514.7156 458.09415 916.8162 0.0034937332
851.9506 1986.3541 261.77524 310.86725 0.0034935954
494.77362 1742.122 304.08548 442.72464 0.0034931623
588.21173 1226.0681 628.2109 818.9488 0.003489053
676.7407 1222.6785 244.29343 354.8825 0.0034808975
581.1214 1103.5895 329.76773 1095.4073 0.0034703654
297.99542 1764.0942 491.43335 402.90536 0.0034585076
434.7429 1020.92 848.6741 1174.7333 0.0034568482
139.13942 332.58786 249.26141 246.4874 0.003453023
630.7866 1071.6501 492.3021 1361.4442 0.0034424146
873.2726 1924.5476 227.09901 437.8612 0.003441844
748.873 849.4338 176.6053 348.21332 0.0034398474
541.97876 1543.487 263.1264 659.2015 0.0034382525
455.8109 879.22766 312.02072 575.56244 0.0034179091
485.34344 1743.0731 334.73846 414.17758 0.0034136192
126.69638 1360.7374 245.11302 1219.9259 0.003387046
259.92346 1825.6017 241.60071 250.32016 0.00338492
555.8111 1016.0723 175.70692 189.15117 0.0033767486
456.21317 1136.2983 907.11237 587.161 0.0033691605
142.85391 1662.3759 217.25385 218.30884 0.0033541864
416.24368 1637.0504 82.861374 148.54037 0.0033456532
541.0521 1196.359 583.97534 1344.5446 0.00334483
452.83975 914.5962 452.41656 951.3548 0.003323058
420.9907 1252.984 425.3247 1133.7145 0.0033111195
347.69382 1580.161 393.08435 632.62103 0.003310776
535.5644 1220.7203 421.6381 771.376 0.0033088068
390.00827 1801.138 328.3124 542.5976 0.003304267
562.88416 905.4975 548.9769 921.85516 0.0033012796
726.07684 1318.9695 279.9556 529.9745 0.003300674
698.45264 1027.2517 329.38232 400.47083 0.0032991122
581.30505 1160.742 330.23593 286.89468 0.0032862236
595.7103 984.02765 136.26254 167.59045 0.003274386
452.4412 1222.1765 339.44592 586.3429 0.0032717197
370.95676 1601.3348 114.5872 152.84055 0.003271516
570.5518 1455.508 72.68796 121.65878 0.0032621364
556.7128 1346.5408 724.62384 582.4035 0.0032515407
615.38214 1002.88214 446.68692 659.8741 0.0032440373
846.3362 1417.5621 250.70467 679.4071 0.0032321587
629.5957 883.72986 479.62595 1064.0276 0.003225546
572.1056 1086.8593 376.36942 1057.8861 0.0032232595
356.36606 1268.2418 619.4253 634.47644 0.0032226741
552.61163 1099.599 377.76266 629.6819 0.0032132294
444.4716 843.24506 881.1623 1023.6741 0.0032034335
307.22113 1000.6849 294.2075 837.3877 0.0032023024
494.18777 1018.1176 670.7377 720.8507 0.003190332
784.48285 901.6623 148.38089 341.5961 0.0031766668
657.61865 1254.3761 259.5486 405.48886 0.003169757
208.3964 1137.7054 362.86823 552.9986 0.0031529674
524.46893 1766.4517 253.10272 341.31473 0.0031451853
629.1441 1249.0573 436.4489 1398.4711 0.0031435366
318.7752 1724.1532 539.27856 457.8727 0.003133711
460.54807 910.64984 101.05629 94.19145 0.0031317915
166.0451 315.48917 188.15744 154.68788 0.0031184782
688.82184 785.5256 512.95874 899.46014 0.003115647
823.8709 1329.9077 266.3523 560.9901 0.0031085105
720.32263 1136.7832 351.37152 699.77704 0.0030970473
436.25696 1889.6243 160.50626 180.85623 0.0030949088
849.71375 1229.5166 225.9087 492.67996 0.0030921383
666.34717 1421.1753 426.8633 826.20197 0.003081194
647.5207 761.84625 613.67944 1063.4786 0.003080349
821.6437 1037.124 276.0611 500.37872 0.0030747736
656.77106 1162.779 533.75995 916.7151 0.0030717242
452.6012 399.4574 885.81213 751.40936 0.0030651619
433.53766 1056.3152 849.5585 1172.2029 0.003060526
472.8074 1526.4493 247.99028 255.64189 0.0030564868
821.657 854.9237 278.57486 776.9775 0.0030561965
704.11487 903.78046 338.4609 651.0519 0.0030557374
203.46085 1853.057 325.89526 191.26219 0.0030480204
727.66205 1399.6034 456.16977 768.5175 0.003046892
450.81122 970.7298 225.08865 187.5327 0.0030439137
244.68555 1686.0302 347.52307 512.2825 0.0030401046
610.5545 1295.8344 650.539 485.58694 0.003030352
703.47296 932.2196 419.44107 1037.356 0.0030302901
243.26584 1208.1449 460.8983 655.23413 0.0030202286
855.32446 1904.9084 243.06487 210.66504 0.0030113999
465.48544 1399.0573 147.21065 173.35783 0.0030027009
311.7509 1658.7577 559.6739 955.1499 0.003001943
459.58575 893.74 387.8476 661.2702 0.0029975562
679.3909 1487.3325 558.36194 867.59784 0.0029954268
668.25824 780.08136 520.018 893.2707 0.0029808728
362.0121 1976.8506 203.05519 140.03244 0.0029808173
516.3491 1643.6321 205.13826 362.84406 0.0029768662
581.4444 1113.3268 348.31674 530.24384 0.0029755319
845.19196 1344.6736 248.9283 581.68146 0.002963329
494.858 1264.3884 261.54 648.3036 0.0029564798
862.27313 1974.7322 243.30249 325.18195 0.0029552195
536.2588 810.3209 343.28345 555.99243 0.0029388391
449.22815 1386.329 389.48502 719.00214 0.0029374436
749.42194 940.7994 391.988 827.3731 0.0029318333
337.2819 1979.5308 318.05527 257.28946 0.002929916
752.04755 1187.479 342.5568 484.21796 0.0029242449
870.4713 902.8203 216.40028 657.5073 0.0029210364
413.3326 1886.2754 339.3774 368.89572 0.0029209515
518.31433 1256.0858 739.8081 395.40463 0.0029038962
559.71454 1630.5347 200.89792 429.57437 0.002897748
649.95306 1416.0387 594.2454 713.5954 0.0028968442
506.71048 1388.5323 318.96588 948.2291 0.0028967739
594.2821 1555.0206 265.46005 369.63925 0.0028963538
575.2154 1102.2286 446.38535 1258.8237 0.0028949014
480.24753 1550.6155 235.89851 226.61824 0.0028924264
824.26276 1904.3606 262.80826 322.83023 0.0028912274
155.88507 1487.3778 254.47397 233.13799 0.002889368
401.72153 1112.6025 357.7567 630.8645 0.0028792622
798.7351 911.91504 112.41334 266.3348 0.0028625273
198.50029 1933.7645 310.37 392.95364 0.0028598665
597.9357 1534.3654 450.71518 739.3896 0.0028547077
559.59 928.78534 220.09645 461.7719 0.0028522261
836.05975 835.46533 289.0408 788.6158 0.0028340735
753.63165 1298.011 367.1197 673.35736 0.0028235498
428.7104 1891.6158 149.73135 170.50896 0.002815562
523.3994 1166.2979 277.35605 880.30646 0.0028151497
769.4215 2006.641 424.69247 287.32495 0.0028141418
659.0385 1234.2179 494.6821 855.9388 0.0028021564
586.824 1271.6154 678.68005 507.21228 0.0027960166
836.81146 1389.9777 225.14896 677.06885 0.002787513
674.8746 1150.3036 116.84435 137.2322 0.002775486
811.0669 1864.5032 342.75342 542.8238 0.0027690965
226.51942 209.05127 224.58736 182.16394 0.0027682486
484.09464 1656.7373 273.4558 643.0939 0.0027667366
570.4185 1089.787 411.0508 1061.2954 0.0027643077
693.66724 1120.262 390.77774 1302.9695 0.0027608
331.73248 1924.8677 417.40918 401.52115 0.0027606362
862.433 1924.8945 207.17961 238.03043 0.0027417042
525.9518 1932.3477 914.2495 420.3554 0.0027224477
667.50415 1205.1105 510.2993 606.5195 0.0027102835
501.99246 1833.3093 391.84286 365.81024 0.0027100914
369.61484 1507.2119 735.9758 435.46686 0.0027077573
483.04083 837.88696 763.25006 782.1581 0.0027044693
697.7173 1466.2562 264.69714 448.12195 0.00270192
480.89014 897.0445 50.200066 54.845024 0.0027002671
664.28345 1213.3506 390.06854 860.50464 0.0026997544
370.6346 1984.7972 362.55475 267.2677 0.00269603
399.3491 1887.9261 302.9597 451.3905 0.002695493
509.70178 1346.039 369.47284 1116.0404 0.0026880903
687.24915 889.44025 376.36118 700.7422 0.002686411
136.41032 1613.9073 181.30081 195.05022 0.002679479
673.9583 1140.3666 548.32654 1647.7291 0.0026742902
713.90186 1172.7922 399.10846 1164.8263 0.002670846
490.0726 1885.9534 234.67793 274.5187 0.0026613076
514.3333 1866.9907 250.57101 295.59012 0.0026479645
625.0089 1620.447 144.39813 163.25368 0.0026469522
159.54329 2064.6226 306.47162 136.18314 0.002636745
723.11444 1005.9312 273.67 424.37344 0.0026325202
439.08154 1918.2875 148.47586 168.31616 0.0026315213
359.8672 1071.0654 265.71548 293.40244 0.002630414
427.27542 1252.4064 123.94273 137.86739 0.0026268375
649.13336 2053.8696 247.95541 172.75836 0.0026258642
402.81985 1976.7683 143.05327 147.58794 0.0026203191
797.8791 1177.0106 297.79092 839.31726 0.002612219
668.1873 1103.8708 351.8529 435.92877 0.002602294
937.6617 1143.3237 76.68947 182.03658 0.0025959662
298.07996 1518.9259 529.91437 1011.30853 0.0025955278
452.2507 1431.0825 365.132 803.4839 0.0025938794
210.00893 2013.9532 240.2385 181.00461 0.0025916337
348.63336 1567.4028 137.91534 167.48932 0.0025887226
100.370186 2073.661 180.57555 123.37233 0.0025826686
729.79004 1035.75 254.19366 362.23334 0.0025813854
894.50525 1841.6075 172.61098 282.05154 0.0025807642
496.2876 134.41107 980.6471 262.70132 0.0025734773
437.61752 735.00574 476.58295 575.2114 0.0025509596
588.3909 2045.4492 249.3385 190.52802 0.0025335383
693.3155 1383.747 283.53516 653.245 0.002533155
672.04785 2048.7007 189.9412 162.77177 0.0025308067
363.28845 1698.3365 524.63837 868.1781 0.002526041
605.5937 902.14935 140.2121 183.70099 0.0025236942
658.50555 658.58264 246.73428 350.8671 0.00252331
616.64215 2058.2122 225.80618 163.7263 0.002521946
881.6868 981.0052 159.25533 507.02795 0.0025204073
368.6034 1443.2634 603.78577 551.44977 0.0025189957
358.6371 1959.9701 268.44592 152.97636 0.0025150916
247.27684 913.56915 415.20258 967.14215 0.0025061115
592.4697 1756.9265 292.96613 411.5058 0.002503156
649.7652 1602.2775 126.55287 147.46498 0.002503032
764.7106 1171.3824 317.60464 861.56494 0.0025012733
511.1759 1923.1466 204.23169 218.07985 0.0024919074
647.1818 1613.7302 357.5211 615.4022 0.0024917284
537.09644 1847.0586 265.24707 317.82953 0.0024880925
761.93616 730.59576 423.07196 1001.756 0.0024785402
370.67584 1908.9442 359.2194 332.41797 0.0024698935
350.97177 1594.8964 120.61125 115.41691 0.0024685971
189.13821 1261.9102 247.3256 1135.999 0.0024648483
739.53674 1222.9524 342.8373 1028.5464 0.0024592024
865.40436 1255.755 205.67337 812.62134 0.002454117
737.6577 752.98956 249.52083 653.3018 0.0024408987
182.90344 1093.2375 358.25595 448.76315 0.0024363513
152.87091 785.21765 288.2416 453.29108 0.0024339824
590.9295 1160.1952 421.8624 1393.5773 0.0024173418
277.8957 246.8264 243.62189 198.94957 0.0024087045
490.79773 1937.0785 227.02747 210.49231 0.0024056241
581.2569 2069.3538 289.19357 143.13919 0.0023948767
857.5915 1709.7128 243.42917 351.67575 0.0023932036
907.16174 1781.8066 154.65111 341.0814 0.002387935
337.01077 2021.1782 200.2882 158.7125 0.0023767746
658.4022 1236.674 438.92654 1396.746 0.002373629
477.6407 1696.9004 413.75897 845.74207 0.0023541655
815.5142 1727.1761 189.45328 213.8382 0.0023535755
178.53685 2072.2478 352.71115 131.88304 0.0023473944
905.86804 1844.3286 174.61012 606.73254 0.0023446076
617.5521 928.8519 270.67633 484.82462 0.002332052
899.19904 1987.8954 176.20027 263.93762 0.0023167578
383.37576 1566.8105 348.24408 596.2116 0.0023160218
488.49844 1948.4172 162.1669 169.85957 0.002306367
564.0484 1237.007 322.75073 1218.1592 0.0023062045
468.96088 1502.3817 309.93515 860.7202 0.002305371
849.23645 1194.8531 258.0257 908.73334 0.0023016187
368.79416 1515.7937 253.7562 347.10568 0.002300861
569.40656 2096.433 161.54283 98.83319 0.0022898058
257.06238 1096.4908 421.54657 339.99036 0.0022859962
353.5668 1999.9591 622.70386 265.33597 0.0022814015
841.47894 2062.9165 171.20656 135.37102 0.0022771908
731.76953 1186.9318 456.0103 1641.9683 0.0022730604
100.848434 2110.3633 195.75877 61.803284 0.0022714476
627.95 1358.6583 124.79272 149.64084 0.0022694957
614.9768 1987.4856 212.85608 239.9001 0.0022581632
572.7393 1208.5381 291.13187 1164.09 0.0022580363
888.7857 1807.7981 201.36818 625.9922 0.0022564095
693.32166 1802.0795 200.6063 267.24777 0.0022421277
436.13278 1058.0785 877.98346 444.60376 0.0022410825
130.0765 2118.5713 199.86488 47.461506 0.002239845
180.9831 608.1469 210.41376 208.57626 0.0022384792
470.0587 1378.0565 336.2318 625.94885 0.0022361586
747.9744 1297.0935 153.3649 226.36028 0.0022355565
264.3372 2048.4917 362.2199 179.47343 0.0022257026
439.51566 1082.142 865.4031 2075.949 0.0022144767
614.7828 1583.4521 434.02548 988.37256 0.0022062338
896.61536 1564.4453 184.57602 864.46027 0.002205199
676.63495 1884.2372 139.84969 167.63176 0.0022040263
848.4845 1014.03125 256.5556 892.5595 0.002203329
651.92053 1943.1411 192.842 195.70981 0.0021988812
639.9356 1853.5342 244.49475 266.24152 0.0021973995
600.18146 1706.3511 114.99134 140.91974 0.0021959299
913.5485 1988.0394 122.08247 313.2654 0.0021959029
840.36957 343.67532 262.95297 359.54318 0.0021931399
585.539 2042.0339 174.8219 144.99693 0.0021906549
551.7215 2023.3452 181.65088 131.82524 0.0021869482
426.50836 2077.1711 844.77454 135.83867 0.002185383
563.265 1955.9333 150.41528 135.29282 0.0021850325
831.01886 828.2986 275.07434 486.11868 0.0021784015
208.06062 2068.6902 278.50638 114.81695 0.00217567
652.64264 1216.9005 430.2916 1328.4618 0.0021656447
815.6314 820.1526 292.65195 844.5141 0.002160766
718.35284 1542.9834 207.92531 291.29855 0.0021587918
567.19666 1906.2156 181.92409 212.62088 0.002143289
720.592 1756.231 313.95795 412.93076 0.0021405006
548.4013 1434.2393 212.17563 207.51686 0.0021386691
489.23367 1287.4144 328.3117 786.41693 0.002128819
941.4228 801.1821 83.77943 274.50204 0.0021283936
689.80286 690.9008 290.01376 474.2905 0.002126785
757.0292 1908.7339 329.80133 316.94553 0.0021259633
802.2219 1295.6671 145.98509 217.44699 0.0021073823
549.76886 1235.3422 715.0139 1144.0494 0.0021057674
474.8668 2085.254 362.75702 117.91076 0.0021057061
621.48987 1426.7568 430.23642 730.2061 0.0021003606
850.16614 841.2607 256.73352 793.119 0.0020928911
745.71 1866.7031 224.18839 239.17055 0.0020867
460.63354 1864.7524 451.5987 433.85843 0.0020774493
308.4683 1570.5433 568.01733 1034.0509 0.0020767287
432.18204 2062.2483 177.86826 134.42677 0.0020742144
479.72382 1495.3934 155.40802 230.86378 0.0020704642
743.1974 1755.0922 378.63742 654.48804 0.002063629
234.30602 2055.3875 461.70963 178.03285 0.0020600243
883.1561 1635.0029 200.62639 324.70514 0.0020513604
248.26436 1277.652 436.32285 839.6471 0.0020494831
431.02853 2044.0011 865.1198 339.40213 0.0020487069
156.61678 964.5712 268.9683 263.3088 0.002048623
932.3442 1783.0642 121.48176 521.13055 0.0020477974
884.84985 1681.1057 201.43878 306.04892 0.0020460824
932.31256 2025.4224 131.9268 243.1672 0.0020332045
495.65332 1265.1451 383.1238 1238.041 0.0020316686
172.30865 2084.396 338.99588 111.24026 0.0020297137
464.0753 2081.4727 935.8129 129.72572 0.0020284564
707.4709 1572.3633 383.52744 614.11475 0.0020218021
577.61597 2046.8444 189.92728 142.84265 0.0020194089
579.71246 913.01697 127.94527 135.56485 0.002017631
328.64417 2051.3572 659.4361 177.12212 0.0020121732
768.5381 1797.0577 161.88516 176.3209 0.0020064206
503.48773 2072.8865 471.77032 139.58875 0.002005409
439.67682 2059.4133 259.35257 144.09285 0.0020046378
806.3318 1467.8137 279.87442 627.95844 0.0020022707
469.44443 1340.3766 290.1554 695.6842 0.0019914613
492.54895 1960.8105 455.52792 326.4058 0.001982251
475.47888 1419.619 393.06003 982.55237 0.0019811096
716.60364 2098.0867 232.8171 92.041115 0.001974866
815.29706 1284.4957 289.77902 1072.7062 0.0019735938
721.1633 1062.2444 420.3661 1194.32 0.0019732483
395.81195 1315.6569 588.54584 371.3128 0.0019545523
666.33105 1185.4683 426.4078 1254.881 0.001953717
373.04443 1390.7152 744.75604 558.7604 0.001953601
562.11755 1858.8263 543.78064 508.61572 0.0019414795
530.3355 1498.9849 169.61343 206.30821 0.0019366589
732.198 78.7289 522.4074 157.7532 0.0019356166
717.04175 1039.3771 434.69003 1251.3943 0.0019293525
743.3337 1661.4299 218.28438 305.08148 0.0019252389
465.47995 1077.304 925.81055 2084.916 0.0019228853
850.5737 1151.2246 135.13628 204.00998 0.0019012188
772.43604 934.6033 392.1843 823.5259 0.0018944038
947.6533 1801.9152 87.920784 289.31113 0.0018924266
712.4699 2072.8613 380.21902 172.45569 0.0018882935
884.9165 2052.1382 200.39659 183.74834 0.0018835445
406.35403 2092.3281 818.58246 121.2192 0.001881551
737.1557 1758.5652 170.1908 214.52791 0.0018779534
519.21545 1897.559 517.27795 467.3155 0.0018690964
494.72876 15.075873 949.9711 29.923992 0.0018627775
602.53253 1911.9899 146.16605 141.52939 0.0018614207
357.0595 2077.9502 728.6847 136.48737 0.0018608113
932.24713 1582.0281 122.77571 486.07 0.0018572889
709.8274 1643.8608 461.06973 950.82635 0.001857074
857.9143 499.87503 240.299 323.0756 0.0018465673
634.68744 1499.5178 202.85938 246.34007 0.0018419999
936.0211 1623.2004 109.11594 273.18512 0.0018410648
797.8339 602.9728 219.05037 283.84586 0.0018405198
923.43945 1960.7438 122.047226 275.2632 0.001839503
540.49365 1206.5336 382.73474 892.3645 0.0018378211
340.52426 2074.1377 328.8159 116.68277 0.0018345078
784.46124 1305.5519 329.055 1101.406 0.0018337518
877.6552 2026.5559 201.10551 222.39479 0.0018334185
390.78128 2054.0603 819.7423 201.86357 0.0018279977
933.1329 1697.5259 112.876045 245.72452 0.0018257735
580.024 1825.7362 459.02493 597.2418 0.0018225161
448.80722 2080.8374 390.08273 127.08734 0.0018138282
361.86365 2059.0957 284.85785 167.75134 0.0018124094
528.8142 1238.3317 368.08154 1071.9148 0.0018105152
217.10258 2097.4478 428.69223 94.8512 0.0018085351
341.78564 1349.3558 376.2228 979.5503 0.0018051389
164.3254 1004.5644 272.37473 1412.5323 0.0018029045
902.6861 1650.5026 179.74399 291.51968 0.0018017491
869.7029 68.000854 217.28566 135.91441 0.0018006937
342.21817 2032.353 733.3714 274.0187 0.0017995061
110.26303 1229.3491 207.40782 206.85608 0.0017990557
867.66077 1554.3392 182.87805 228.58455 0.0017972172
526.53143 19.423553 943.1941 39.124084 0.0017879307
373.32507 2119.617 321.85568 56.29929 0.0017849113
907.86316 1594.8785 157.17903 298.11868 0.0017807445
287.74283 2123.1023 256.07248 41.86942 0.0017794651
462.52734 1344.9136 924.3721 989.9539 0.0017792739
352.87415 2072.8474 147.22021 135.4083 0.0017791509
481.85016 903.565 33.10393 38.4087 0.0017677079
674.9638 1479.0782 497.7964 859.90283 0.0017637761
393.16885 1481.2081 798.21875 623.0218 0.0017555351
727.61096 599.6071 316.10797 574.50073 0.0017542011
897.6122 2114.1238 202.10492 49.018333 0.0017519704
741.89453 1072.7797 208.32658 299.21045 0.0017504109
378.13632 2059.3445 789.4546 245.65646 0.0017478832
866.3181 1687.1448 232.27975 452.58096 0.0017419917
540.30444 1168.1133 364.64478 1051.2802 0.001738126
702.1749 1565.2262 159.56868 210.01245 0.0017295181
309.47043 1461.0476 561.72296 796.81134 0.0017287254
465.17654 1076.6871 924.38696 2080.3718 0.0017243532
546.84564 2103.2327 397.25458 130.66106 0.0017226893
118.32571 1358.8029 225.56 1205.9427 0.0017105669
452.75772 1295.9232 331.35446 848.54144 0.0017095291
287.78586 889.40045 489.7987 998.7401 0.0017084269
750.8064 1458.0222 422.93558 656.664 0.0017083911
898.02185 1160.7751 159.13542 911.0279 0.0017033314
716.00775 1571.5247 161.09537 248.05592 0.0016918596
442.65308 2098.7488 882.64954 98.13763 0.001690329
888.45264 838.5969 221.4819 926.0872 0.0016872574
965.291 2093.2725 120.72715 91.85694 0.0016834481
839.263 1515.2571 295.9614 740.618 0.0016819679
920.8995 2014.7858 210.00095 263.6849 0.0016764116
952.59534 1458.8885 89.44273 435.74625 0.0016743578
524.4507 1272.009 502.97647 305.84946 0.0016730648
363.11737 724.7878 338.95905 471.8993 0.0016727326
859.6945 1194.933 164.05788 201.34875 0.0016641889
394.8935 1740.2935 786.3692 733.62646 0.0016636399
622.4872 2090.9233 143.44392 118.88796 0.0016511525
535.58496 1918.036 292.40674 420.92374 0.0016341903
923.77405 1529.7839 145.28085 265.69672 0.0016323063
379.1914 2083.8818 162.04097 126.74562 0.0016153828
384.7371 2122.8428 661.3875 58.687405 0.0016024443
529.1733 1092.8452 296.035 1031.9744 0.0016015315
946.15625 1460.3192 99.6116 273.5596 0.0015999472
345.1231 822.4727 615.2847 781.3478 0.0015851175
472.23795 1321.1454 363.12045 1010.1899 0.001572198
865.66595 1543.8157 185.44598 423.0985 0.0015701969
156.53175 691.20935 325.04977 920.0522 0.0015646011
678.7815 1217.1562 439.4962 1088.5704 0.0015607243
868.8543 1099.4341 239.43958 410.16156 0.0015581554
238.90767 741.8373 273.05225 370.82565 0.0015490679
244.38004 1224.7363 391.8577 899.06836 0.001547539
510.8317 1217.9957 371.48898 1046.9756 0.0015427646
921.45306 2087.7253 153.61066 110.54593 0.0015257209
915.6271 2119.2258 159.34184 62.224182 0.0015238916
586.90063 1489.899 177.87056 221.62605 0.0015003555
393.81857 1269.5243 304.2416 422.8045 0.0014937416
475.21164 2118.1624 677.1554 174.5378 0.0014865452
956.6539 1437.5325 81.550316 289.67844 0.0014832851
227.59917 2116.0913 449.66818 88.79409 0.0014822833
388.49603 936.6566 494.39746 901.1305 0.0014706573
960.3062 1827.4271 68.3798 259.1726 0.0014617299
392.9629 1596.3474 386.50507 567.3488 0.0014464869
214.71225 962.07544 375.63647 707.3624 0.0014415825
784.7842 621.5999 237.20442 410.6857 0.0014278425
222.78188 1032.9437 305.6693 963.4927 0.0014165571
958.81134 1632.3534 88.92857 429.79935 0.0014135251
390.30487 2117.1943 813.4713 74.70569 0.0013947961
834.3511 1521.7771 155.75401 230.91647 0.0013890245
948.70264 282.47958 81.72102 492.1747 0.0013889854
959.4054 1320.7786 71.97145 1502.2452 0.0013885815
545.5926 2129.194 449.29587 39.549046 0.0013797652
924.84644 1421.9963 156.80127 312.3825 0.0013713189
595.20074 1100.7 565.13617 656.8283 0.0013627983
815.8514 1483.327 175.1101 293.1953 0.0013590708
876.02264 803.78125 220.90157 545.45154 0.0013581411
978.10956 2075.4387 55.68199 148.25812 0.0013502506
750.8131 1145.6157 437.52823 693.91943 0.0013465656
353.90228 1866.0352 469.2163 538.7351 0.0013407819
235.23726 846.7851 407.2971 770.39856 0.0013406664
874.098 2125.368 191.1781 72.13261 0.0013328977
252.52966 1550.5842 422.91653 836.19244 0.0013308104
959.9931 1390.9786 74.0112 387.30353 0.0013305144
143.78464 105.6418 274.33917 182.29356 0.0013283031
407.70807 1495.9005 405.8169 636.733 0.001322829
149.2366 1426.7513 225.1628 915.0992 0.0013158782
937.3927 601.6591 115.12004 703.9224 0.0013030104
952.324 2095.295 135.56975 111.58055 0.0012975353
954.28644 1144.4924 67.813614 160.78654 0.001285592
967.05585 1296.918 95.18725 154.39665 0.0012825992
910.21783 145.81497 148.18369 541.78217 0.0012800132
954.00806 2103.5088 67.20344 88.18752 0.0012665167
388.4621 1747.773 778.3102 749.6286 0.0012466363
892.9594 2126.5967 173.27417 45.972706 0.0012413014
759.5822 1983.1785 424.9464 335.21628 0.0012358315
950.7174 2051.9944 98.43172 163.03148 0.0012349332
496.43365 1923.3964 584.0358 425.5495 0.001234782
427.56708 1169.0317 787.75665 668.5047 0.0012308541
389.50504 997.78687 348.91147 633.5505 0.0011968582
567.6548 267.7535 551.5168 572.9728 0.0011962793
255.33067 1133.892 363.6849 1012.85156 0.0011800526
626.8783 1264.2094 439.23737 1144.8672 0.0011617357
438.80695 1290.4308 890.573 879.5148 0.0011252124
962.6348 1023.2301 62.60564 372.1836 0.0011164491
968.07697 1472.5845 54.258247 330.84503 0.0011123864
143.31963 1362.8673 282.92065 433.89636 0.0010909926
468.14703 1358.8558 847.149 466.56656 0.0010863116
505.63382 1388.0022 879.7602 384.2732 0.0010831858
337.56378 1385.8857 439.4274 770.5792 0.0010778947
555.50555 1213.7042 520.27954 871.6722 0.001070798
316.5028 1092.7948 308.98718 670.04565 0.0010499326
392.49106 1287.0161 653.3289 994.97705 0.0010471421
352.7768 1338.8693 325.01328 976.7986 0.0010402129
537.5692 995.2786 560.58875 806.294 0.0010332603
389.1838 852.4561 795.6911 710.5018 0.0010300835
524.31573 1573.0474 962.67566 351.0439 0.0010170761
176.75923 991.71173 200.06494 443.57455 0.0010117249
145.21478 932.79474 261.9781 762.73615 0.0010074453
487.02042 1264.6198 220.2929 593.41235 0.0009932091
547.1052 1510.6685 221.46082 240.63329 0.00098592
985.4737 2059.4016 14.831583 171.36264 0.0009842124
416.4015 1101.6699 666.64154 550.28723 0.0009709862
592.4497 1059.2362 461.3965 1106.5385 0.0009675992
409.76367 771.74976 727.1575 708.9035 0.0009483601
329.57175 1279.8906 504.39404 717.60205 0.00090738153
408.01245 1236.3641 732.50934 1017.94995 0.00089779816
541.2428 1509.0756 285.40817 252.7959 0.00089375296
445.52252 1483.9031 903.9307 543.1341 0.0008821712
249.15779 743.7672 513.2594 790.2897 0.00087956263
426.51334 1084.1516 815.5294 1012.6686 0.00086227694
441.26343 1017.03284 496.08313 806.6884 0.00085999793
389.29135 1528.0656 551.0203 706.40027 0.00085761625
582.21484 1314.2018 426.04108 979.1844 0.0008502991
295.36475 814.7968 626.85065 787.3341 0.00084627944
222.06628 905.2677 343.36935 857.9589 0.0008430789
224.8003 1094.0406 399.53458 946.13806 0.00083773385
265.888 401.94653 632.31995 764.2159 0.0008367574
590.4983 1190.8988 550.1009 746.5167 0.00080694404
220.73578 998.6897 210.15646 636.40326 0.00079784676
243.73357 841.9245 449.65424 721.2892 0.00077224895
474.95978 1463.9552 797.34106 857.45337 0.0007710955
490.84573 2111.6145 746.90753 75.38536 0.0007701802
418.8264 1457.8164 769.2771 741.41 0.000762388
587.0519 1250.9708 451.65005 911.8327 0.00074501196
387.3704 1421.1118 678.39606 792.8787 0.000737645
474.5832 566.1169 936.368 1069.5651 0.00072943413
427.43472 1549.079 875.9616 616.7216 0.00072364346
609.70404 1029.9904 475.6902 1175.61 0.00071854587
113.63791 94.542496 220.39954 355.8056 0.00069856783
317.91812 1314.9943 540.1795 628.1105 0.0006780341
461.91263 997.83514 315.30542 527.79224 0.0006756667
446.85852 1048.2203 488.61755 769.89667 0.0006677611
336.47812 1303.6276 620.99646 663.18445 0.00065943797
414.8756 1320.9937 806.93146 785.9166 0.00065888267
524.2469 2124.187 854.3799 52.280968 0.0006586359
459.9187 887.8494 313.24454 554.42255 0.00063820713
239.03214 776.75604 310.03745 716.6615 0.0006149922
444.5116 1393.581 780.8474 623.58704 0.00061048847
504.55164 2140.025 816.42505 26.699469 0.0006098581
455.1925 1338.7368 657.3303 652.60944 0.00060418947
539.5062 1912.4805 872.89667 327.10587 0.00059768476
395.80304 1089.5529 637.2063 654.39166 0.0005750761
429.45612 1229.2438 526.4992 659.97833 0.000574695
411.42508 1368.2744 729.7133 637.61304 0.00055149454
473.636 1086.8405 929.0982 538.9927 0.00046955692
416.717 1403.2831 927.0308 818.0888 0.0004082546
386.31454 1367.5817 735.7434 649.7514 0.00040457904
