614.363 1406.7544 1022.1116 2127.6125 0.910929
645.8315 1491.7894 896.6875 1618.0789 0.03543987
590.3127 1246.952 1054.4576 2453.5054 0.032125
638.78973 1631.2516 852.0676 1226.7327 0.031282265
632.57166 1786.8615 925.1967 1173.3828 0.030590791
691.21655 1414.5997 771.1537 1422.324 0.029338565
645.1823 1803.3427 862.08496 1099.3953 0.02912502
665.89777 1317.4546 837.1868 1266.8546 0.027198028
614.34247 1403.8617 1022.1745 2127.336 0.025500424
64.83888 1489.0111 107.44458 214.93611 0.022374036
621.8083 1870.1516 993.73193 1182.2839 0.019811194
643.4585 1755.2917 810.90857 1139.9547 0.018700995
623.89484 1706.9375 973.78015 1454.2701 0.018244227
728.9128 1499.8234 744.6737 1620.1987 0.015251787
657.8928 1433.7665 825.43896 1011.69543 0.014559669
648.55475 1607.8934 752.37366 928.5419 0.014381997
639.4299 1552.1475 757.67737 898.0737 0.014013216
694.07104 1191.8666 787.7437 1053.6284 0.013591647
678.92346 1433.172 763.0353 977.0596 0.0134199
650.97424 1177.4062 891.0414 1020.22314 0.012785734
646.943 1482.8086 627.3942 1215.1074 0.012738722
778.09094 1466.551 666.6888 1568.0254 0.012526622
625.9005 2003.6603 985.8669 933.8335 0.012492417
616.329 1536.0853 741.73676 927.7751 0.011931235
713.26404 1104.7018 759.65 886.6168 0.011719644
649.57275 1621.589 826.66907 1274.8298 0.01170098
565.1037 657.52734 1109.4302 1308.2277 0.011695771
624.8478 1122.6721 980.9276 1084.1249 0.011369183
569.06903 1650.4507 758.3509 1308.7913 0.010562628
747.76337 1009.1686 688.8533 676.7879 0.010480552
815.9993 973.1144 567.44977 629.3831 0.010386966
678.85645 2119.583 838.8104 493.93332 0.010331833
643.8232 1272.7078 803.51807 966.8754 0.010203924
608.94196 1351.4431 809.6263 1120.7395 0.01018302
566.27203 964.6398 1102.9939 1916.9447 0.010090244
638.8733 1546.4236 758.90265 934.3093 0.010050233
813.5284 1034.9244 283.47668 380.54248 0.010020834
667.7018 1080.2457 866.63983 842.3269 0.009799989
936.3328 1470.1984 240.67245 220.4356 0.009742625
531.9448 1739.2781 747.58057 1161.5541 0.009643279
846.0173 968.275 482.30435 571.8426 0.009596069
831.0906 1017.71204 207.0148 304.36395 0.009484508
751.3724 1030.14 399.35565 454.27628 0.009435429
625.75604 2218.7153 177.88974 199.69855 0.009124107
573.95996 878.4399 1080.5153 1744.5208 0.008652256
666.3472 1185.1521 660.81726 810.928 0.008412675
524.9315 2135.6736 421.59467 376.08383 0.008322548
631.2988 2210.566 247.89182 230.717 0.008187337
688.9987 1189.405 787.67633 1033.994 0.008114739
646.24207 1835.8998 630.2759 705.0558 0.008111788
832.81525 1005.9412 183.82678 282.17703 0.00808584
765.2087 1836.2867 678.2786 1168.0787 0.0080504455
691.6569 1095.2148 771.48083 820.05475 0.008050217
526.41943 2211.944 380.12152 229.83412 0.007892327
760.3032 1718.1537 646.0353 1227.4562 0.0078722965
702.0863 1087.0912 527.62054 614.2903 0.007836256
914.8464 919.73755 361.5615 483.9261 0.007772027
516.75977 2150.923 412.24063 349.28183 0.0077072894
674.1023 1293.6383 722.08453 777.55304 0.007676834
563.1026 1446.068 695.81213 770.5293 0.0076271086
711.24335 1153.8925 802.27386 1236.8562 0.007620947
787.6341 1809.2135 588.3274 908.51965 0.007581904
731.1611 970.9933 735.68304 607.95245 0.0075780656
1008.86176 637.49506 214.63165 199.52791 0.007575219
301.16898 1399.2094 241.28104 394.55484 0.007545538
521.82227 1684.0864 649.5762 1356.2106 0.0075185467
491.88712 1711.9916 613.7123 1231.8926 0.007442203
488.77475 2035.9423 498.53183 559.7849 0.007335035
623.7641 1203.311 808.5834 778.9236 0.0073308833
681.1865 966.2463 210.89894 247.05719 0.007208351
902.41406 961.59546 396.24167 567.3907 0.0071908226
864.79987 1801.3516 309.9545 402.21307 0.007168695
566.1588 1658.5259 571.57874 1084.506 0.007156159
815.90063 964.1026 567.5211 583.96027 0.007136671
650.5657 1096.2573 898.19196 885.03656 0.007086601
563.5057 538.0779 1109.4508 1073.6019 0.0069492254
559.7527 2179.0125 528.747 314.36084 0.0069468245
768.16077 1060.2593 690.09784 998.47394 0.0069409716
580.62354 1373.8925 613.507 750.8763 0.0069272495
763.6636 993.461 294.9095 333.78748 0.006917445
656.9796 2130.0217 735.5498 426.22302 0.00685207
632.72156 1748.7916 894.95703 1237.9004 0.006850435
511.95444 1506.903 671.4648 1027.279 0.006813085
623.5139 2180.7937 991.1542 590.75195 0.006798974
82.635895 1487.4274 150.4362 253.56992 0.0067773475
687.5267 1409.0283 550.3482 838.6218 0.0067768022
456.29984 2201.154 255.18466 233.08566 0.006773179
616.7307 1147.1753 990.23083 1155.1787 0.006721397
627.8966 1873.0851 186.91093 206.10963 0.0067182556
682.41565 1905.248 677.4446 694.3128 0.0067136465
589.53955 1901.1008 491.66455 821.77716 0.006697173
631.10315 1703.9463 276.17282 331.522 0.006655756
866.4281 1754.4924 407.8701 632.5901 0.0066407854
807.36346 1873.8513 569.0574 970.9397 0.0065797716
675.9271 975.2272 558.5163 584.214 0.006574095
637.69305 1646.9446 184.17484 212.68474 0.006563074
534.60925 2088.1965 449.88602 459.60025 0.0065412633
535.91125 1558.6431 712.19855 1465.7837 0.006531646
669.2911 1006.69073 287.8056 339.43384 0.0065220236
815.1935 1250.9292 587.45245 1064.6033 0.006515421
628.2225 1277.9984 388.47455 360.51498 0.006512545
679.027 1706.0265 520.96075 1207.5853 0.0064747836
844.867 1111.2865 537.9627 902.16736 0.006474121
516.7851 1919.2324 549.06903 747.62646 0.0064716344
781.0655 1927.5262 530.49524 713.2466 0.0064061335
760.10455 1191.8275 141.57571 148.42564 0.006389123
800.7108 1897.764 563.2854 980.3733 0.0063845324
564.37067 422.11108 1102.0122 840.86804 0.0063690394
479.62668 1366.572 526.9518 537.13226 0.006347141
620.4197 1682.614 472.67276 567.134 0.006332665
641.8852 910.67413 944.8606 1099.9677 0.006287173
293.461 1482.3853 300.27145 582.2517 0.0062309904
456.0542 2112.6199 308.57162 382.6025 0.0062168543
594.5373 1497.8356 663.0306 1121.0818 0.006214253
819.86664 2237.7778 194.23141 229.31671 0.006212846
589.6874 1452.4984 467.93573 611.75146 0.0062044137
792.083 1236.2306 637.0454 1118.7335 0.006169615
707.885 2279.78 806.9286 377.68442 0.0061669047
627.41565 1462.2582 492.31503 980.85266 0.0061595477
614.20807 1352.195 220.29463 202.48912 0.006158885
619.2328 794.0954 987.8664 909.4775 0.0061324285
571.9438 1214.005 483.9013 502.3147 0.006108209
446.04642 1932.6963 615.46265 833.19 0.0060610515
785.43665 1356.4901 236.1364 273.91052 0.006048769
892.96185 2035.7343 268.96158 249.7716 0.006016309
479.2738 1606.5287 568.3307 764.11316 0.0059920996
715.9264 2245.767 800.39276 449.08276 0.0059693274
579.4787 1553.8756 628.94916 1278.5225 0.005959196
539.69214 1272.1111 687.7211 772.5845 0.0059340894
881.926 949.03 310.96674 407.92307 0.0059337886
949.5329 1297.003 341.8289 515.76843 0.0059269886
749.92755 1442.919 543.106 820.8388 0.005916569
605.17883 1375.2645 163.07799 155.74214 0.005881958
854.0165 953.09314 505.00082 593.3438 0.0058573005
819.07196 1236.6764 598.34247 1216.9414 0.0058272206
877.55304 1525.9791 494.53568 1670.5143 0.0057698726
719.11755 1033.7506 452.3571 420.05267 0.0057579014
759.94434 1365.7108 660.1848 946.4561 0.0057300865
872.9324 1134.0282 488.66226 890.99005 0.005604387
566.6075 1332.2128 339.0587 297.51706 0.005558909
588.38257 749.64966 1049.2109 1511.094 0.0055563343
897.54144 1918.8242 393.87738 718.83215 0.005544309
472.1388 2002.2677 600.4695 697.80054 0.005539043
612.5435 1793.2947 413.6363 1049.576 0.0055253175
889.0061 2249.2751 373.42447 374.55957 0.0055194777
733.1035 1414.4885 660.36096 624.39966 0.005473374
283.9895 1567.0992 321.95627 807.3524 0.005466171
879.3564 1403.2365 382.17337 392.6104 0.00545449
773.52466 2171.7905 320.727 354.2903 0.0053877863
821.0443 2200.8926 595.778 526.58636 0.0053854003
703.56323 1187.6532 180.54228 154.20573 0.0053836456
720.8827 1035.2031 436.7198 680.9252 0.005351854
894.08984 1538.1079 345.2378 401.94904 0.0053460975
334.6664 1514.003 383.53595 681.65424 0.0053404965
756.944 1718.6449 194.23756 298.3362 0.0053243483
622.60223 1487.3572 946.6701 632.7651 0.0052835913
787.91754 1904.0042 654.5973 1131.9918 0.005277753
918.7134 1550.7693 414.75946 1802.025 0.0052770693
717.1314 2028.2852 490.74512 579.88916 0.0052440353
705.90234 1905.4263 478.9086 983.60596 0.005238024
705.243 963.359 823.5269 1183.3462 0.00521769
625.3715 2003.8666 245.3374 375.13318 0.005201242
438.778 1651.4292 597.756 1063.7671 0.0051714904
668.79834 1346.8954 461.9332 547.6767 0.005157465
728.8025 2289.9053 329.64706 342.1795 0.005140779
850.0556 2089.1658 237.81902 308.39212 0.005125168
619.36536 1665.5463 588.8431 993.06714 0.0051122373
937.1411 1665.92 307.51874 539.80414 0.0051000942
920.19714 683.30426 378.0717 302.33243 0.005098309
645.24036 1696.4178 465.88052 1192.0747 0.0050893263
624.60156 2098.0083 310.6914 398.5803 0.005087757
796.2723 1406.6754 546.5216 688.3535 0.0050791767
796.857 1255.5216 637.17883 1331.2057 0.0050777285
312.9469 1292.3342 168.82375 219.89935 0.0050743744
777.63873 2257.9392 681.51434 420.29507 0.0050629615
680.1685 1761.957 263.52707 371.79367 0.005056284
563.4034 276.17535 1109.907 550.4327 0.0050526457
875.5556 1505.6595 504.28287 1898.3483 0.0050363764
867.57 2304.3188 459.88312 328.26135 0.005022005
787.0056 1087.5732 641.9372 870.1298 0.005017121
836.67267 1140.032 534.55994 878.8512 0.0049942527
723.2057 1650.0762 666.9898 589.8295 0.0049926057
608.43835 1841.6189 404.6623 964.59344 0.0049851425
528.8209 1329.7878 605.97955 394.17328 0.0049834186
997.315 1564.256 245.17323 388.4858 0.0049724337
524.08746 1196.2135 780.0579 1082.4362 0.0049675596
508.06482 1331.7562 182.65999 184.91563 0.004962681
857.4841 1597.9705 474.21143 790.3896 0.004962078
471.2527 2055.6633 620.9104 698.78436 0.00494046
645.29376 1500.066 417.68564 483.80676 0.004938042
465.75223 1232.1564 401.94296 433.67868 0.0049044536
903.2158 1364.9856 430.23212 828.36566 0.0049043605
978.78033 1458.5134 164.10013 170.7538 0.0048883623
668.2372 1567.5875 458.56122 1336.8201 0.004876975
643.92633 1508.7163 848.96063 694.7913 0.00487489
749.7066 1846.5471 442.12146 688.045 0.0048451335
668.4563 1714.6434 460.57806 927.3477 0.0048423596
675.4622 1371.1029 701.3622 711.61774 0.0048293737
788.93616 1840.3591 169.44366 242.28423 0.0048111132
877.0769 1361.5842 487.0811 1352.617 0.0048012948
719.70325 1659.3872 199.11122 237.55063 0.0047795502
872.44836 1917.5406 479.94424 1095.1047 0.0047713737
765.8439 590.461 86.2417 100.707664 0.004766639
672.80774 2060.835 358.1044 508.75824 0.0047478667
302.2335 1485.5505 207.3523 252.32166 0.004745006
912.2476 1715.3617 211.13022 287.7914 0.004716267
615.341 1048.5265 996.97577 770.4523 0.0047149938
515.07947 1170.9468 642.2487 657.91455 0.0046726014
696.58435 2033.5436 586.668 568.4407 0.004672546
946.23267 1228.79 341.6175 359.13327 0.004671781
595.00775 1503.6807 530.8377 1151.6152 0.00466402
989.7396 871.55524 253.3551 375.66364 0.0046438226
935.195 1999.6404 377.76813 933.5513 0.004636225
553.48315 2186.2905 563.4143 514.7198 0.004610036
850.79175 2094.7827 399.88095 446.24503 0.0045999666
556.2981 2109.107 370.1341 704.269 0.004591409
792.03314 2235.2708 300.9971 276.32965 0.0045828023
588.76855 2079.7908 184.81691 238.12692 0.0045820866
713.1449 1760.0103 652.92883 536.51215 0.0045748954
747.4238 1295.827 458.59436 547.94025 0.0045617553
932.0095 2111.466 346.46945 428.50195 0.0045581036
427.94672 2168.6978 251.6 292.38574 0.004551164
825.3236 1249.9883 466.61234 618.0788 0.0045479764
1017.18634 1614.0447 208.08536 298.16837 0.00454144
331.39407 1642.8278 414.11453 1007.21484 0.0045264633
754.9986 691.92316 730.2257 695.41986 0.0045085982
636.17224 2349.2783 971.6858 264.20673 0.0045058257
977.17114 1296.6721 282.9818 450.0222 0.0044935886
773.7434 2102.936 116.45779 150.58951 0.004486608
707.75836 2043.0134 304.86185 464.53238 0.004450811
456.49985 2021.3094 449.38773 678.2327 0.004417879
739.5787 1175.7305 233.10982 202.45241 0.004415332
720.2161 2166.322 376.2351 531.4401 0.004397876
951.6247 2048.4043 158.34915 228.76663 0.0043872367
747.7066 1790.7458 311.426 465.2876 0.004386816
854.895 2139.6443 307.74738 347.44473 0.004377448
903.08594 2266.8757 436.94205 403.92355 0.004374822
718.567 1790.7886 459.10876 945.6682 0.004368687
952.9295 915.80804 162.18915 212.12308 0.0043665944
977.4892 633.6176 232.73016 201.886 0.004364058
943.87775 1104.942 357.90576 857.6256 0.004332987
966.33923 1581.981 250.43414 404.5988 0.00432953
77.51197 1362.5443 145.53497 492.0737 0.0043142536
743.68414 2197.6948 738.597 544.03357 0.0043130536
946.82025 2188.9119 356.39703 555.18427 0.004309312
916.3262 1705.7731 411.59402 1274.1658 0.004293731
709.9274 1653.6974 313.7345 410.2213 0.004289947
713.9905 2208.8909 505.23114 273.49515 0.0042818054
761.9346 1472.548 376.97543 511.71307 0.004276271
760.012 795.7748 713.6818 904.95233 0.0042723827
642.31335 1442.3517 433.82373 436.80322 0.0042656735
905.10376 1707.9697 436.9534 1524.4889 0.004253062
797.2774 1981.6597 407.79236 453.01712 0.004229557
916.3754 1428.4468 410.66162 1242.0037 0.004225163
678.3184 1653.7081 709.2644 533.21735 0.0042135506
721.13837 1691.153 279.7261 367.4373 0.0042060507
420.7489 1476.6417 300.48447 394.86237 0.0041925395
911.8572 2051.5334 389.16522 329.06342 0.0041775596
799.591 1638.8573 594.95135 1108.476 0.004169872
777.7352 882.9914 613.7426 445.40472 0.0041632303
866.5247 1851.463 204.16257 244.7016 0.0041522905
720.0967 1577.457 586.791 484.92636 0.004151104
681.1004 1742.3612 326.89413 384.9388 0.004145013
595.58826 1669.2438 370.05017 988.8734 0.004141885
939.68976 1465.0409 178.76633 185.02435 0.004129036
927.02246 1956.1399 385.20053 988.0712 0.0041239723
611.7383 1861.34 257.43356 245.07384 0.004119592
956.26666 2158.3389 226.63531 337.13803 0.0041190106
825.06714 2235.3687 417.15305 293.90384 0.004104753
678.48535 1810.8359 350.78793 987.8717 0.004101602
987.04846 1234.6649 253.69322 338.12628 0.004087155
901.1456 1664.1744 443.16724 1444.4338 0.004084385
691.6036 2055.3794 164.47095 237.21564 0.004074739
824.3501 1822.3774 175.99376 200.80257 0.004053173
760.3613 2129.2495 407.62485 376.0122 0.004038814
637.56683 1961.4637 430.8442 734.22 0.0040299795
634.96625 1017.02905 933.5905 717.0146 0.004027515
219.11086 1416.1442 375.70438 449.16776 0.003975163
677.08276 2114.256 129.08487 159.58154 0.0039749364
999.7251 1633.1028 246.2352 496.65552 0.003973819
910.5511 1645.6464 268.13208 516.6349 0.003971372
944.43994 1708.3652 361.3195 1537.8262 0.0039618863
820.96765 942.71765 581.1228 649.7455 0.00395717
1027.5068 2305.8118 189.43579 332.82947 0.0039442005
751.86383 1644.5662 619.1373 514.6659 0.0039349007
766.22253 2024.4421 170.02805 251.19156 0.0039324067
831.87537 948.398 570.4905 869.9087 0.003923105
333.33237 1937.1259 187.5656 268.6515 0.0039212755
721.93286 1888.7899 322.3592 430.24344 0.0039194133
535.6973 1779.9685 518.27124 520.11255 0.0039176564
511.9708 1752.9221 326.13336 1146.7155 0.0039024185
300.6499 1760.7032 285.128 442.4923 0.0038847092
966.96924 1514.5607 304.17743 484.186 0.0038783113
902.7818 1786.403 277.48615 371.2 0.003875739
322.72623 1789.702 238.2944 332.38925 0.0038592608
874.48987 1770.9037 466.29703 709.00726 0.0038569937
387.73572 1195.5693 315.2776 357.27533 0.0038394148
303.64 1798.9178 254.07793 406.47122 0.003829994
963.8579 2267.5183 313.96674 391.7003 0.0038191846
949.7552 875.2391 330.17523 425.87 0.003818856
546.66113 2298.206 391.28702 330.27567 0.0038166908
742.31085 1197.0432 184.93204 249.65547 0.0037892682
568.11584 2333.149 208.44826 181.999 0.0037744665
681.9556 2336.6511 205.21303 203.45007 0.0037660867
891.23694 2041.3605 417.52136 857.714 0.0037547897
809.5899 2367.4827 178.44041 174.62129 0.0037430497
615.7925 2216.1458 91.85091 117.73027 0.0037389495
723.64746 1733.963 251.32774 423.78137 0.0037291788
787.1124 1958.1189 178.85493 278.3383 0.0037261243
992.1452 2220.3394 181.46477 251.62434 0.0037152274
778.14935 1918.0839 249.26006 620.75775 0.0037133074
562.9405 1559.475 282.38083 344.5711 0.003711364
832.55505 1233.6311 569.5054 1204.4545 0.0037026256
326.96832 1701.1489 238.58333 284.64166 0.0037014438
838.9016 1815.8684 473.3032 1306.7992 0.003700199
651.5466 786.07434 922.83594 903.2115 0.0036762764
108.81339 1747.4423 208.66084 1486.6044 0.0036645895
275.87872 1492.0759 147.23804 196.05676 0.003648749
906.6148 1170.2765 384.20312 478.61707 0.0036469745
664.65063 1803.8 535.8281 450.74844 0.0036328095
603.32837 1698.7211 205.84932 241.72813 0.0036298437
989.4933 1455.9006 169.056 199.57008 0.003621837
806.13293 2353.6465 142.06897 166.24133 0.003621238
791.03955 855.23 657.72473 1027.8043 0.0036132499
899.9282 537.40753 447.39386 393.65262 0.003596204
665.90753 2237.334 174.27887 269.07745 0.0035719257
240.86418 1840.2345 226.59961 435.24298 0.003569208
923.4799 641.2355 285.00256 197.17395 0.0035641582
705.25165 1709.6007 448.54007 390.7421 0.003557962
749.22034 1611.9988 476.54996 435.81033 0.0035559526
564.9296 1908.6956 262.3206 428.72205 0.0035533546
63.040096 1474.021 115.45611 274.5609 0.003552001
787.58856 2397.682 665.9545 166.23854 0.0035449634
267.68066 1604.3892 477.6094 1673.0856 0.0035437022
860.3049 643.0709 529.0724 590.0406 0.0035421518
770.33923 918.4339 339.9647 375.46274 0.003529771
953.75854 1809.9077 334.62067 743.4905 0.0035168666
643.03467 1518.4915 816.1112 578.7356 0.0035125313
659.5008 1286.9542 409.03088 503.5655 0.003494532
562.2961 2249.4922 233.23145 148.74872 0.0034790456
556.96716 1495.1056 503.2643 1059.6656 0.0034748344
562.25336 182.68436 1114.3983 363.27222 0.003473109
755.4108 1565.7048 619.2299 926.34827 0.0034652294
657.92523 1012.4778 733.75244 500.7929 0.003462456
562.4796 1862.5509 282.52274 267.69254 0.0034622964
815.9442 2085.2815 202.78694 295.06662 0.0034304776
507.7754 1552.2491 180.57005 218.38812 0.0034281716
606.84375 1717.5299 334.81815 866.8851 0.0034219038
1017.9348 527.64417 219.74988 369.08252 0.0034184016
815.07007 1899.6105 199.74815 313.94672 0.0034161392
510.72113 2265.4321 471.59714 353.27197 0.0034129266
780.922 1254.9314 160.17773 161.65227 0.003411736
615.4098 1407.9951 1017.6234 2118.322 0.003409678
879.8996 1789.1866 232.15405 340.1968 0.0034049447
881.1935 1716.6096 231.31897 324.37656 0.003403547
1021.0508 1431.6987 137.00346 201.6007 0.0033966075
885.7883 1423.6272 455.33337 828.9088 0.0033964976
853.16266 2231.0493 236.20923 221.97498 0.0033869976
866.29987 2347.8076 133.40358 174.21872 0.0033714701
639.1943 1677.1294 182.8401 213.8473 0.0033651935
845.7354 1248.3252 239.32954 249.95465 0.0033641383
825.4767 1516.4603 207.47392 254.6919 0.003348631
970.4074 1348.938 204.5184 250.75514 0.0033422697
683.37366 1576.0518 266.13492 283.16302 0.0033417156
745.32635 2361.7065 169.87468 173.56396 0.0033365914
902.8781 1177.8439 401.00897 505.56357 0.0033121863
977.38214 1421.3909 291.90417 748.0847 0.0033059241
393.59366 2073.807 185.43025 217.90234 0.0033036908
997.19965 799.4453 197.42693 230.54608 0.0032772913
698.4184 1310.8827 617.90936 461.66547 0.0032734708
1031.055 2029.5154 175.46442 259.64832 0.0032707308
752.85114 1577.9874 440.89603 405.32437 0.003269587
746.9574 2026.2382 263.84216 525.24286 0.0032409057
527.81256 2154.2214 172.66057 223.46617 0.003227101
849.26733 2021.7645 304.76083 612.20917 0.0032270409
700.07275 2349.9756 355.9774 231.154 0.0031860147
965.8065 1479.7181 326.45026 1987.4144 0.0031835535
863.1811 2377.308 303.05008 191.51659 0.003183381
1049.2649 2305.5237 149.59908 326.10126 0.0031751404
778.4917 2002.5306 205.94867 354.7909 0.0031612902
738.2547 610.1134 743.5651 564.93286 0.0031570976
686.4134 2283.6628 863.43866 373.30188 0.0031507832
962.35974 1533.397 318.41663 548.75366 0.0031453199
341.3945 1525.2018 157.64941 203.62529 0.0031428763
761.9596 2070.3472 302.84277 732.8147 0.003137082
971.7973 1371.2777 305.52707 864.6505 0.0031289272
735.5648 2335.6328 163.70755 243.80998 0.0031169162
1010.32513 1746.9274 227.60353 518.06354 0.0031126107
1017.7874 1301.7142 210.80777 454.24185 0.0030868351
731.31854 1376.0255 328.59827 379.54684 0.0030864433
806.3437 909.0329 615.8389 996.121 0.003080065
615.44904 1407.6708 1012.98395 2119.0842 0.0030753624
565.8155 2404.3176 1087.4401 154.90707 0.0030740192
72.89224 1131.6534 135.48889 945.3504 0.0030656836
243.29008 1486.0979 187.36006 241.48172 0.0030608156
1004.68115 1255.2078 229.22224 363.37735 0.0030547832
203.10092 1175.9042 389.58322 873.86145 0.0030466386
555.70514 640.8128 1085.3748 1304.4738 0.0030408478
973.03125 1332.1791 185.1647 188.11806 0.0030382308
752.2174 2394.6572 737.6866 169.50919 0.0030362008
715.2102 666.2352 253.65671 251.11472 0.003032211
1008.3993 793.0188 231.39842 518.63855 0.0030296391
612.69885 2018.5403 219.00327 607.80096 0.0030087153
362.63168 1668.1989 190.56085 239.34053 0.00300512
793.2562 2404.2463 662.14703 158.2224 0.0029986226
826.74084 1697.2225 166.87172 236.31238 0.0029885378
956.26245 1583.4802 336.57693 1523.3077 0.0029746224
967.8164 1261.7644 306.31418 392.85724 0.0029635825
778.82 2001.23 199.04495 600.1923 0.002952085
316.01367 2045.7664 232.54189 382.8705 0.0029498138
690.56464 1467.8228 156.58029 194.32251 0.0029446979
672.10394 1491.8778 413.70163 456.1583 0.0029435824
887.26495 2233.854 173.57495 261.75528 0.0029434913
131.69392 1124.8 250.19382 963.81714 0.002942337
974.3611 1775.0614 145.86917 212.09439 0.0029350354
791.2325 1472.264 530.7064 727.7435 0.002931847
263.63696 1707.7284 224.46982 316.65723 0.0029270367
618.3435 1513.17 408.7776 432.7543 0.0029262127
1044.2666 2206.14 162.2053 543.26074 0.0029254018
641.84216 1251.4235 405.31464 311.99094 0.0029206641
619.5647 830.44226 1018.90906 1401.3351 0.0029203617
952.3965 1601.7396 339.06598 1065.2766 0.0029153104
922.2866 1164.0009 253.59547 226.3608 0.0028861195
686.30554 1643.2363 384.69186 378.9168 0.002877913
962.1421 2060.2327 186.32031 251.31747 0.0028770687
284.82437 2069.4219 263.45996 438.0732 0.0028764668
949.1098 1291.0923 331.43195 505.77313 0.0028592912
961.85724 1562.1433 311.072 467.54694 0.0028579019
999.2728 1648.9602 249.76405 628.3148 0.002848131
765.2705 1313.8488 158.38704 175.56978 0.002838667
827.33234 1205.3828 148.64227 141.7618 0.0028363208
585.3416 2365.61 228.28033 157.78653 0.002830747
649.2922 938.5523 142.41084 163.66359 0.002822751
840.09 919.5157 138.04536 170.72514 0.002821267
1037.7295 2218.1108 159.73769 269.61664 0.0028169814
903.7354 2036.9496 182.57883 195.46266 0.0028117264
677.39923 1839.5231 261.50186 492.60547 0.0028092633
544.2112 1320.2365 526.7601 500.0141 0.0028091872
999.5412 2328.8452 163.58241 219.46466 0.002802803
916.13275 2381.387 139.49467 151.41339 0.0027992958
855.5033 790.00867 519.6562 699.01434 0.00279757
95.26753 1045.6686 181.1331 1113.8174 0.0027828205
868.2583 2225.6177 155.97627 229.35551 0.0027791853
565.3472 2385.2058 239.47618 151.07422 0.0027653317
677.0334 2012.7317 461.37512 352.56378 0.0027592173
876.636 2333.0574 150.29741 233.98756 0.002756913
904.7651 2399.9028 165.13608 129.63084 0.0027559297
1020.29895 1909.5193 211.46451 1146.5618 0.0027541379
800.4445 530.7038 651.85 1050.9495 0.002748589
897.92883 2243.7405 157.13496 184.61874 0.002748325
694.0705 1634.7173 324.128 498.17502 0.002746811
657.4277 2176.4526 143.49644 143.3456 0.0027397443
786.7097 2101.9373 182.0766 178.99377 0.002715538
951.07135 1421.0209 341.30243 1172.554 0.002688626
852.02924 948.78705 129.90407 154.81644 0.002686061
697.0479 1067.4889 132.59445 152.26663 0.0026823948
993.86975 1576.9519 264.13 990.01514 0.002679507
1019.26 1802.3868 211.24574 710.1039 0.0026615378
851.7351 2072.3972 150.74207 187.2327 0.0026613479
910.5813 2262.747 203.07195 180.56963 0.002659855
571.7158 248.03946 1030.4626 498.08298 0.002658861
98.43608 1189.6943 185.19254 509.43256 0.00265687
74.778564 1398.1545 133.52011 401.6847 0.0026545208
932.7831 1748.9131 377.46 1451.1608 0.002648734
933.9832 465.32953 346.94006 255.83717 0.0026482213
1002.5525 1569.3326 250.88997 1813.7003 0.0026407496
1003.0588 1367.628 247.07503 671.4089 0.0026389644
605.11707 931.08624 1040.3441 1214.946 0.002636774
58.601643 516.2777 108.137764 307.9059 0.0026148316
785.0388 861.14215 678.59485 1069.1299 0.002613643
1058.5167 856.6439 134.03171 331.51562 0.0026108043
1044.7949 879.3866 163.48012 383.54953 0.0026090045
934.81024 1646.1609 170.66508 225.18188 0.0025945925
561.2537 503.10904 1093.901 1013.83276 0.0025920614
726.15967 2181.993 635.63 243.73296 0.0025902991
999.1755 1512.1519 248.22446 397.18048 0.0025789372
733.4091 2371.8054 127.24185 153.1725 0.002573015
784.9739 2365.7793 215.26033 193.25226 0.002569637
921.9935 2297.621 143.741 212.0801 0.0025611352
956.9801 762.44244 330.59488 591.3359 0.002561012
834.4737 1286.763 527.5972 716.3804 0.0025605992
202.71274 1192.091 180.59824 267.08368 0.002556491
779.8874 1919.5945 345.7426 598.1893 0.0025495673
101.97017 1164.3041 191.89543 514.105 0.0025485295
447.12637 1528.2648 465.3519 599.28827 0.0025413528
820.99805 2385.9631 109.91193 132.03496 0.0025262523
893.6179 2008.9094 445.47083 943.32733 0.0025112221
977.82263 1347.4978 295.66324 1460.5521 0.0025031606
867.3552 1790.9978 375.11728 1006.8382 0.0024980523
1002.1517 2181.521 232.62584 577.8189 0.0024909547
822.23486 2370.9966 127.90088 178.88245 0.0024770459
1005.8806 1075.6395 239.07143 751.84924 0.002475649
173.01653 1159.1124 327.73575 592.68384 0.0024749953
1015.28015 2359.7195 206.66785 237.66075 0.002460203
917.32227 1487.3793 394.48642 1323.3613 0.002458826
1007.7934 1368.2571 156.9848 182.53558 0.002457757
731.19775 2145.1396 128.17976 160.39073 0.002448549
325.84433 1698.2301 173.93219 194.4341 0.0024479565
239.88919 591.45917 457.61237 1135.5951 0.0024402032
60.43677 848.12646 112.52182 422.5559 0.0024288984
140.24913 1081.2886 257.50894 404.50342 0.0024286106
957.41187 912.1526 170.51837 173.98894 0.002421742
902.1542 2030.634 159.64088 212.9665 0.0024201595
770.3188 2057.3186 270.8755 323.14508 0.0024069806
747.3139 403.04514 749.6883 808.19403 0.00240117
82.458206 499.33798 156.67561 858.5591 0.0023930683
956.93353 1316.3044 334.83685 849.17 0.0023923477
987.308 2295.7727 167.2052 210.6419 0.0023915046
913.4142 1627.7849 406.08807 1286.7129 0.0023900205
889.40674 2185.4683 612.1184 159.99307 0.0023836156
928.64215 1969.4252 385.8905 998.5918 0.0023825807
1052.7577 2067.2512 145.00394 329.91153 0.0023816933
790.6978 2380.0754 146.25212 171.6959 0.0023780277
881.6525 2440.4895 474.0775 83.16943 0.0023740581
1002.86523 1922.1355 222.43568 376.26974 0.00235811
613.1339 741.7825 1010.87616 1485.5687 0.0023475294
40.327534 514.593 70.53536 900.91046 0.0023428046
1032.5583 1424.7281 190.46675 745.52136 0.0023377612
929.401 1791.3268 384.71988 1433.3882 0.0023344052
963.62305 2312.0793 159.89587 201.83783 0.0023337468
668.0493 2349.1138 911.6115 295.91922 0.0023255798
728.1264 248.70584 784.1319 496.87994 0.0023208759
1036.6155 2198.9695 180.57655 559.2551 0.0023153266
835.8479 246.8243 574.37756 489.12405 0.0023138467
1027.6821 734.61194 194.1573 407.1991 0.0023032813
826.51666 354.7997 598.5797 702.15326 0.0023032639
675.5883 1523.9302 492.22705 585.9186 0.002296926
1052.196 2022.3187 143.11339 254.6279 0.0022966582
594.0411 168.89365 248.52252 221.34671 0.0022938913
1041.8483 2249.666 157.4972 221.07387 0.0022924358
782.84784 2454.9285 693.09314 55.725445 0.0022890728
920.1227 2453.614 415.18793 61.587524 0.002288475
828.7209 1264.5072 599.1131 881.81854 0.0022881548
560.0989 238.90375 206.17703 193.53255 0.0022801687
1047.5623 633.7294 149.98898 181.63332 0.002277748
179.88492 932.5661 339.07993 1363.2355 0.0022775126
881.33417 1342.9922 485.13464 1176.0394 0.0022734434
966.7365 2268.467 150.22679 196.8131 0.0022712585
93.32704 961.8695 173.60349 1348.9005 0.0022644622
158.4191 511.20557 300.2099 859.72534 0.002260642
945.57947 1717.2095 352.72366 1513.3534 0.0022576281
971.21466 260.40836 311.53546 505.03964 0.002254761
619.15405 2425.9414 1017.9726 116.91585 0.0022501734
669.5253 2302.428 120.77756 117.57512 0.0022411111
630.6096 1022.27515 977.5587 938.69464 0.0022400676
942.6641 2258.522 165.94783 161.3119 0.0022399323
1085.2153 2293.2356 81.66945 348.94867 0.0022133559
572.4196 1671.2449 592.57465 1062.2058 0.002212207
1046.6324 2408.3955 155.27573 143.19934 0.0022036205
295.77008 1354.9075 128.90671 137.55006 0.0022012147
973.51184 1545.6406 229.80055 1826.6307 0.0021730806
995.82367 2271.5935 142.57152 180.31789 0.002173032
619.30927 1657.4243 405.31158 1034.4679 0.0021633191
789.0025 1421.8401 588.0666 755.1056 0.0021558346
278.22476 259.45892 212.26118 221.95078 0.0021519575
702.34564 2452.89 874.36786 59.637466 0.0021500108
783.4506 1682.524 126.78564 197.64706 0.0021397918
969.0145 1158.5574 319.39926 1295.7798 0.002137677
54.07496 580.36664 100.80573 520.1922 0.0021364642
736.7466 2420.5664 308.24203 116.82557 0.002135194
477.46667 218.73817 317.03867 293.39612 0.0021314532
990.1614 2334.7632 147.38712 189.61572 0.0021307364
639.8584 622.0343 937.6742 1108.5663 0.0021300793
953.799 2433.4517 343.86218 95.82458 0.0021271391
307.9198 162.32857 259.0899 236.3771 0.002124388
1060.4725 1404.3801 132.9372 251.85364 0.0021226439
1040.0369 1081.1511 170.21646 323.80615 0.0021215908
178.15012 263.71304 240.16527 285.50946 0.002120514
999.1477 2486.093 614.83167 26.3652 0.0021171335
841.6113 1610.7784 484.38907 968.6632 0.0021059136
1016.336 1703.1019 217.993 1546.9407 0.0021019252
475.67252 2369.686 466.33652 214.08302 0.0021006574
994.45123 2056.484 253.06819 839.9629 0.002092903
312.5673 299.0257 420.6851 430.2947 0.0020918567
978.9469 1656.8531 276.05063 590.1294 0.0020913142
956.6574 2277.449 193.37857 150.13899 0.0020785667
934.3982 1983.8707 190.27779 216.67943 0.0020697126
1019.07404 2247.7153 178.89543 256.28827 0.002068983
89.14706 2446.063 171.21317 79.68143 0.0020670728
885.3187 597.6017 489.96298 1119.846 0.0020661463
721.906 2424.8923 253.47096 108.74814 0.0020638981
741.86444 1979.3309 436.88943 577.89233 0.0020619654
938.76764 1660.5304 351.28214 1455.4537 0.0020462838
981.32416 2215.304 158.61783 209.81177 0.002039806
1038.913 2037.6265 136.33463 209.2919 0.0020270285
328.92148 1807.8695 140.12617 155.93423 0.002024363
1027.9922 1481.2067 203.87244 1995.9364 0.0020179562
854.8345 165.96904 531.88214 332.3097 0.0020142223
1086.1863 2288.9941 79.7515 347.8348 0.0020123513
1039.608 638.2332 180.69244 609.39294 0.0020096046
209.23375 2407.822 412.46228 154.42688 0.0020082586
611.5958 1646.7598 390.5018 858.00195 0.0020053794
1052.3657 631.9778 139.96547 179.18486 0.0020051387
850.8615 1909.7521 145.76604 180.78441 0.0020032846
1068.4669 1636.359 119.627075 327.16144 0.0019999137
1025.3292 2118.6467 149.38675 194.88895 0.0019971519
552.56244 46.01705 291.06357 94.77984 0.0019943225
1006.9333 2182.9307 220.5152 357.08463 0.0019903232
1036.7141 2201.4644 161.68195 227.63022 0.001990258
979.49243 195.67546 273.04742 303.27676 0.0019890734
572.7535 1680.0641 420.43362 757.667 0.0019827017
926.4858 1869.6833 162.38966 204.96783 0.0019772884
589.71094 1176.6504 960.39386 1295.9915 0.0019736062
475.9709 32.559387 207.23836 73.539444 0.0019697582
1061.7599 1349.9778 130.30121 360.31686 0.0019631998
1066.8519 1232.4812 117.50252 593.3782 0.0019577884
457.49435 164.95927 233.93034 225.06488 0.0019545625
855.77234 2082.3208 138.67859 168.86441 0.0019523193
1041.7472 746.92126 169.61772 447.63367 0.0019502763
574.4169 620.38904 1092.7997 1163.5778 0.0019497529
514.7359 28.18005 343.5298 56.680122 0.0019456558
828.4793 1528.8958 411.16614 742.88696 0.0019407147
1003.65704 2209.4253 189.39525 203.358 0.0019287493
857.1669 2406.2717 571.7795 159.9959 0.0019284558
628.1932 360.42224 961.3787 709.8753 0.0019216146
970.2846 1155.4253 302.0808 783.9812 0.001919094
820.2595 542.509 601.1624 995.7069 0.0019181892
924.1831 2198.4004 129.8321 189.78705 0.0019109761
1076.2809 2188.6775 100.44261 572.73694 0.0019090082
647.0103 1707.5605 351.67892 812.78986 0.0019082705
978.0189 237.0729 206.40111 207.72046 0.0019060558
1051.6589 1570.9271 154.28105 1809.1844 0.0018949629
578.04236 174.19666 1112.3203 346.31815 0.0018940315
711.92847 1746.563 449.42487 602.7446 0.0018921087
1056.2455 2046.2266 133.48242 253.79672 0.0018918089
592.96246 1549.3066 452.1014 811.0025 0.0018901493
900.3821 2212.6028 302.8923 267.68588 0.0018888958
556.26385 60.738827 1111.4633 121.46933 0.0018882898
985.2343 2392.9363 268.8752 180.62491 0.001861839
1025.8619 2448.1467 205.42998 72.66741 0.0018540705
1056.1791 1855.0759 132.3978 403.4815 0.0018526872
1065.9703 986.88196 118.1774 161.14467 0.001838989
582.1391 2456.3865 1078.101 52.10603 0.0018362637
129.44339 219.94432 244.85117 399.948 0.0018279612
702.26074 2426.3362 189.41312 94.71993 0.0018270246
1048.6318 1467.7584 158.30173 231.00255 0.0018227476
993.63763 1472.9586 245.11334 498.55954 0.0018223884
316.98978 52.576008 193.62785 97.97766 0.0018075858
1057.0088 266.6649 146.82 523.2817 0.0018070801
588.0416 2446.3606 1046.6875 89.41863 0.001797657
871.1995 2464.9595 405.76086 41.06625 0.0017922549
648.9144 1518.1239 637.5243 896.70013 0.0017921696
1041.3501 2282.1316 154.34947 291.15408 0.0017883128
933.15796 1284.2258 391.15768 725.88776 0.001787313
939.3419 1636.2474 365.81036 806.39575 0.0017871623
620.2485 1601.7313 520.2359 789.30884 0.0017837969
600.5073 1244.5106 1042.8538 2428.3047 0.0017759113
1050.8677 1741.911 141.23524 533.5921 0.001771478
1001.9894 1157.9169 212.83788 239.834 0.0017664714
948.5167 1462.5966 225.40712 193.68962 0.0017653677
460.49088 29.47772 449.34857 57.83402 0.0017571703
1054.3774 1786.029 130.15103 708.99115 0.0017565556
860.2953 318.09906 541.7632 631.639 0.0017556103
672.58356 2457.49 775.15094 51.202568 0.0017555684
1122.9474 177.85725 13.5724745 343.25626 0.001747458
1008.8796 2458.632 237.76506 51.62108 0.0017466189
1074.9261 1880.009 108.03792 739.136 0.0017459266
586.97876 257.72186 1128.3308 510.9832 0.001744863
751.764 1809.1538 368.58768 854.7918 0.0017274233
1040.4738 2172.739 164.8632 563.62665 0.0017193813
377.53406 2406.464 463.92297 146.45451 0.0017159014
439.8526 2051.508 323.92294 543.9873 0.001708809
375.25763 2445.7842 254.1486 73.87983 0.0017082975
1027.5588 2376.948 174.20088 201.89488 0.0017036175
994.1156 2446.263 270.12112 76.15724 0.0017035445
670.26825 2432.4932 867.7623 118.36818 0.0017034132
965.4321 506.5498 332.42236 952.6412 0.0017001138
75.05072 224.78827 143.7861 409.98843 0.0016850742
336.4762 28.9723 512.5231 55.830757 0.0016845191
869.9355 267.57965 499.7554 531.1542 0.0016791567
51.561485 248.68845 98.74434 421.0475 0.0016760444
1125.013 92.00473 9.184964 164.3243 0.0016718165
593.6316 1783.5587 346.57822 398.52667 0.0016699218
296.37842 180.04594 572.22235 346.67023 0.0016643433
1123.1776 258.97757 12.929188 500.15833 0.0016619238
1081.4586 1678.8461 92.494934 211.0294 0.0016588697
771.36005 1770.6351 359.3489 872.3993 0.001658328
1053.1716 2449.0564 144.31145 70.51689 0.0016579207
741.5418 91.65233 726.73596 188.79884 0.001657044
422.38126 2381.4524 593.5446 214.29372 0.0016548621
1079.6498 1916.9043 97.68395 1146.8467 0.0016394266
942.7262 2114.7004 379.74164 645.23413 0.0016376685
422.23563 2443.4463 260.59335 77.12776 0.001636896
1102.5476 262.0942 53.36985 510.81653 0.001636804
593.46216 1684.0114 776.9589 448.21808 0.0016347661
798.85266 2403.8083 590.7419 157.53711 0.0016297076
1068.9513 1840.1495 102.04527 402.82245 0.001624309
864.44275 1113.3904 441.8468 413.98578 0.0016218309
950.52423 1451.4974 294.0235 1351.0443 0.0016121048
1005.89417 2404.2078 207.11418 128.77911 0.0016117748
1063.3588 2354.1567 126.909225 195.66592 0.0016112291
962.6203 2461.5625 319.2592 47.55156 0.0016053116
933.78546 51.86884 397.8911 104.102295 0.001603093
817.7024 374.6354 169.48079 180.53966 0.0016028152
960.1876 2403.6655 148.9208 137.8441 0.0015933356
1018.9865 2382.5383 199.73051 181.84227 0.0015926244
615.0619 2438.5005 150.9045 96.34036 0.00158679
1050.5754 2422.0347 138.75803 115.994736 0.0015855115
1039.4265 89.13892 178.92615 175.9593 0.0015736822
416.56296 2422.4346 475.3271 123.92545 0.0015723889
1014.7322 1948.7753 166.81482 196.9568 0.0015675088
1061.6527 2038.1447 121.193146 206.32071 0.0015643442
1116.2921 255.78542 25.13825 483.47516 0.0015640015
1026.219 46.731728 194.42322 88.84706 0.0015638057
894.54395 94.51921 447.1795 191.80849 0.0015637812
1071.3407 2337.9373 92.72676 260.5158 0.0015608319
1063.9517 1369.8772 119.930565 1088.4246 0.0015534838
936.75446 2471.959 690.63806 42.02551 0.0015437477
1090.8533 1590.925 83.710724 259.89563 0.0015418717
554.39923 2443.6235 237.39043 79.71636 0.0015395143
520.17285 2428.483 520.084 110.30366 0.0015380732
1060.7878 2363.009 115.73582 213.15654 0.001535624
926.32404 1319.5679 379.1023 1219.318 0.0015352974
710.79364 2104.609 324.71652 714.4083 0.0015327806
1067.7766 2410.164 111.93658 138.48325 0.0015288617
1047.0266 2379.7817 134.47478 180.13043 0.0015255525
1043.5812 440.3008 139.37894 222.58578 0.0015225381
1080.6129 1461.2064 96.74116 835.5418 0.0015162065
1023.2617 2421.4456 126.04991 107.301056 0.0015101956
675.1812 1484.3037 379.19287 540.9733 0.0015080258
1089.4178 636.2843 78.98342 221.2297 0.0015024121
162.94153 98.5574 299.6566 190.17749 0.0014995821
1088.4872 1185.0466 80.77877 512.47375 0.0014958497
1037.4333 2377.7268 152.03749 192.14395 0.0014951291
1067.7975 1209.0112 119.14927 308.97565 0.0014908626
1081.2388 511.02414 88.9569 188.58157 0.0014853028
1083.4742 840.76276 87.19631 288.86612 0.0014765384
1017.617 526.7154 222.10376 1019.7834 0.0014737148
1084.7555 2309.2722 83.99797 319.53217 0.0014719645
704.05725 2440.2449 138.80954 81.457924 0.0014652028
1078.3298 2169.6147 94.305756 296.61798 0.0014636632
1009.22833 2476.0862 235.8548 31.255476 0.0014618384
1120.3469 417.21643 16.07202 166.64137 0.0014614146
175.557 60.636147 341.12714 120.78847 0.0014521718
975.55786 2454.901 222.47206 57.450245 0.0014513175
1079.3219 2362.8396 78.48436 221.5294 0.0014481408
987.02496 267.94324 283.61316 529.131 0.0014461123
1078.5713 854.5264 102.3556 564.9232 0.0014404991
782.9027 2468.5605 314.02408 38.541542 0.0014398195
957.6958 1688.6473 249.47072 1553.9188 0.0014388256
1079.2181 112.3617 98.011696 223.55504 0.0014305101
1001.6339 73.311714 227.69728 146.79903 0.0014292581
840.9088 2471.803 397.70996 24.551682 0.0014290321
1039.7651 85.36211 182.71803 167.73422 0.0014249702
1096.8372 2368.641 77.06862 208.23685 0.0014190854
262.78275 76.69549 508.50674 152.32349 0.0014180911
539.6339 2440.7058 403.768 83.41552 0.0014143417
1105.8558 524.13184 40.717937 1007.886 0.001414009
1074.1731 2243.196 86.59441 261.54352 0.0014099395
779.14197 2442.344 165.74232 75.650566 0.0014052759
1023.6259 2347.109 180.806 203.18652 0.0014027909
1045.0212 2423.7354 150.61472 101.05929 0.001401224
1074.346 1314.8284 107.451256 451.80835 0.0013944309
379.29343 2470.4941 656.1835 41.609135 0.001393998
209.1572 90.661285 405.491 177.66866 0.0013908354
922.63904 2443.0774 130.73325 79.65994 0.0013866777
964.4663 1606.7734 351.72968 927.3482 0.0013859121
1053.6171 2441.117 153.15994 61.61673 0.0013856554
1116.4318 527.84033 24.256538 1011.0023 0.0013855076
1014.9122 353.56467 195.06581 576.00726 0.0013854607
1111.6511 386.69995 35.6069 735.00256 0.001383043
995.60754 2475.871 233.58815 47.06956 0.0013821003
979.9009 2457.2603 266.01154 55.02417 0.0013784787
923.6264 2346.1821 496.5134 303.71268 0.0013782489
695.9552 2411.1562 724.54895 174.35966 0.0013752038
913.68225 2474.1692 385.94794 21.71628 0.0013748432
1089.5343 1231.0574 76.73191 559.7891 0.0013676924
978.4246 1796.7787 296.698 853.9268 0.0013666729
868.32654 2476.8845 248.64447 27.719673 0.001365351
947.8615 2479.9 336.3148 13.212396 0.0013639358
586.2615 2258.4849 1098.1207 939.86334 0.0013614291
1100.1251 639.75134 55.656715 243.27812 0.0013528713
1048.5947 2439.2166 142.74774 87.04435 0.0013507612
1070.6865 792.5249 113.25239 386.15176 0.0013457246
1093.8629 2367.3809 59.733223 211.077 0.0013446843
731.1852 1775.3303 315.61777 514.946 0.0013405342
1059.5077 1968.5518 134.22635 228.33807 0.0013367529
1119.3688 387.01248 19.041956 823.2007 0.001335974
1093.1019 1894.218 70.88436 483.9104 0.0013182503
951.0651 2443.9695 126.78059 70.70651 0.0013178757
1002.4803 393.71576 213.62856 309.7295 0.0013173347
646.37555 2455.888 814.8729 98.31195 0.001314076
1078.6677 2414.4517 90.83479 135.87965 0.001313869
889.439 2454.9324 148.01825 46.223465 0.0013125994
588.05096 665.93353 1049.9966 702.21387 0.0013088231
1118.5875 518.2402 20.2556 1007.39343 0.001306101
1096.4675 2344.6682 62.955418 244.81824 0.0013048981
886.8057 2464.595 250.11531 51.350475 0.0013000799
596.74756 2235.7197 303.97763 413.77264 0.0012978924
812.61426 2471.1597 222.50067 43.989826 0.0012970138
969.05096 306.24194 239.29034 263.9203 0.0012967013
1084.1785 2442.1812 83.52676 84.4622 0.0012951382
1071.9363 1961.9832 104.33523 279.4473 0.0012879432
1087.8866 1322.8857 71.558205 405.2652 0.0012785778
1031.2156 2473.31 176.42535 23.811373 0.0012770102
885.9501 2458.5642 126.25657 44.768105 0.0012730968
1063.9229 2422.9543 129.22748 98.84316 0.0012692714
608.15594 2477.3296 623.3729 19.212872 0.0012636038
777.8621 2454.549 132.23613 54.242413 0.0012621966
605.62463 1236.7692 1035.8846 2431.9326 0.0012596564
1087.1338 1417.5337 78.17085 630.0939 0.0012536162
1067.834 2019.083 95.264145 364.84045 0.0012490643
690.89404 2471.2275 439.82037 34.524376 0.0012471962
933.6527 2442.9006 363.88406 84.35876 0.0012408067
1098.2195 2011.3358 52.356518 239.287 0.001221246
1091.1133 2439.6296 71.623604 91.58471 0.0012144465
1063.8995 2430.048 117.68182 106.571365 0.00119924
1085.8726 2059.732 118.31123 285.8704 0.001197327
1007.1219 2460.626 211.83495 57.315033 0.0011972061
1089.7046 1518.5336 79.25849 1914.5856 0.0011965386
997.508 2440.2512 235.81985 102.05581 0.0011909374
868.48694 2472.7632 179.54623 44.734993 0.0011855226
370.5052 1334.0786 313.20807 705.4123 0.0011752269
1103.5632 2312.1467 51.79239 318.98547 0.0011729683
1091.253 2404.6108 60.89456 144.41753 0.0011716333
639.2418 2479.429 571.9638 15.962891 0.0011633846
1057.0145 2426.979 119.91648 116.97672 0.0011565076
467.1329 2032.0643 392.5908 595.28485 0.0011546088
800.98334 2477.9482 253.70169 52.095592 0.0011526232
878.1403 2429.5574 474.7548 123.972855 0.0011510289
562.2768 1233.8755 1111.622 2479.7168 0.0011505904
1115.6017 727.81964 27.902662 776.93695 0.0011467192
926.1686 2476.206 181.07265 34.019764 0.0011406363
1096.8665 2071.0369 58.069336 379.57584 0.0011344332
762.6912 1551.5037 388.14456 532.40955 0.0011261946
1083.7393 2439.456 112.65424 97.22195 0.0011258792
742.8359 2478.7095 259.87173 76.69107 0.0011249257
1105.1565 2175.586 44.711918 429.02423 0.0011210723
1102.886 2273.5105 46.85876 365.78864 0.00111889
719.6461 2478.6277 248.846 40.061836 0.0011114315
1037.8085 2465.0024 160.45238 41.21177 0.0011088236
962.1399 2481.9875 298.146 13.078728 0.0011011956
647.3048 1502.336 460.81268 522.45856 0.0011009439
1099.9094 1543.8765 58.618538 455.70462 0.0010988985
991.9922 2479.8828 223.00488 14.100517 0.001092268
821.2265 1732.3264 394.22876 904.231 0.0010891691
1058.489 2471.2087 151.05132 35.851746 0.0010784895
930.7991 1675.5836 420.90677 782.4067 0.0010569517
532.76904 1035.3372 455.82867 548.3427 0.001055918
1062.7273 2468.8125 109.226234 38.428474 0.0010465492
1058.4463 2451.473 131.5206 78.57541 0.0010431147
1098.1818 1646.0037 59.99259 241.8085 0.0010425141
459.21014 1811.4843 474.99243 867.44617 0.0010403908
1104.0123 1640.4192 50.549965 441.98508 0.0010365779
1101.0824 2419.9465 54.520718 130.27646 0.001029061
1120.362 469.7587 17.672876 901.45435 0.0010201037
1104.5748 1528.204 51.022057 467.42523 0.0010140279
1110.5751 2262.5479 34.64115 361.8479 0.0010112686
792.0551 2488.3262 253.95506 3.1473825 0.0010069376
1099.2985 2439.4968 80.63879 101.70544 0.0009848919
1103.4937 1736.7761 57.853992 290.87143 0.0009794907
1083.8102 2439.5789 79.84777 95.03572 0.0009761741
1124.6676 178.24696 9.640178 318.76743 0.000971416
870.1244 2169.335 427.5562 581.1509 0.00096838095
1105.7526 2388.9602 65.16656 177.59404 0.00096401706
741.28644 1751.422 400.97818 1090.6257 0.00095904124
1117.2671 2298.3528 24.56273 343.36166 0.00095278805
874.1505 2480.906 173.21603 11.7295685 0.00094734423
1107.7675 2033.3485 39.55976 255.58018 0.0009420445
717.503 2479.8618 788.5482 28.614473 0.00093542144
1107.6609 960.6552 51.82975 212.191 0.0009321843
1102.4823 832.5743 55.61545 245.79068 0.0009320742
1113.7465 2212.02 57.64275 182.32648 0.00093120604
1088.0812 2475.8376 70.7756 23.12263 0.00093100866
1113.526 1740.1588 34.055386 415.55902 0.00092839723
1080.7996 2471.079 84.22862 32.535797 0.00092774467
649.14154 1603.4883 299.92178 710.8465 0.00092396245
1100.6266 2424.572 49.51141 124.2317 0.0009187178
1109.8217 2428.1406 36.635296 112.63819 0.000909182
1114.1974 2082.4036 28.888344 385.0691 0.0009082578
1115.9226 2266.3184 27.039543 416.48013 0.0008919069
1109.2827 2440.2903 34.788143 124.1119 0.00088321377
1101.3927 2464.2422 44.522453 50.72791 0.0008824104
1117.3523 1590.4878 29.726505 283.9927 0.00088021066
1117.7853 422.68076 20.1097 169.66397 0.00087543804
883.1827 1307.2937 360.4316 1264.7274 0.0008668834
1116.0717 1957.5271 44.23181 211.38834 0.0008429535
1104.5133 2458.5562 41.163597 58.86379 0.00084046234
1124.8838 2145.261 15.528646 360.5335 0.00083868357
1114.2542 1409.3992 32.074703 383.192 0.0008385173
1127.1887 436.90607 5.0292177 201.3855 0.00083612493
723.43976 2482.539 607.36365 15.642013 0.00082700985
508.90576 1828.3228 337.3464 952.3329 0.0008238146
1114.6481 2339.5408 28.773405 270.75748 0.00082328846
1125.2759 591.18414 9.586856 852.1721 0.00080839865
1127.9279 271.0226 3.5536034 464.4107 0.0008082088
1125.7826 100.81671 7.4870133 164.5955 0.00079471717
1124.617 625.22797 11.283512 461.07037 0.00078724796
1116.3053 2374.695 26.987255 194.34975 0.0007777917
1113.8577 2445.9207 28.60391 101.9314 0.0007731948
568.539 1450.9708 327.35077 532.96484 0.00070979755
1119.697 2345.001 20.57064 234.104 0.0007088316
1118.7537 2235.577 21.5761 242.81137 0.0006955505
1121.4331 2202.2532 17.323416 227.36087 0.000694368
1126.69 669.57263 6.5655174 264.71436 0.00063658366
739.4901 1592.4696 463.77457 735.7535 0.000631448
1126.3442 2439.9622 7.091351 88.18598 0.00059699814
707.58575 1608.4219 359.5532 810.1559 0.0005634444
757.4854 1577.3434 413.7113 723.2575 0.00054499164
712.94415 1557.3243 503.14014 655.3028 0.00044608992
