426.03772 1512.1631 841.9929 3012.3567 0.5384311
425.6877 1305.0995 838.78375 2601.208 0.26199722
407.09106 1641.9375 746.96796 1094.9707 0.1908398
399.1659 1817.7131 784.565 1479.431 0.17595877
427.92133 1647.3745 677.21027 1052.8887 0.15241723
245.86359 206.27626 268.09534 410.22885 0.088027835
416.43427 2048.332 824.2199 1949.0208 0.0703661
402.78262 1709.1213 757.1123 1316.8962 0.057592034
410.07584 1292.1906 724.85736 1983.9307 0.05306708
209.31036 211.89442 379.25574 424.62256 0.047321375
420.51486 1095.4218 810.42566 2187.3977 0.044930097
25.472178 2805.2075 50.96873 506.33868 0.042506628
451.0671 1628.949 518.6254 853.9884 0.037330143
411.75137 1566.2172 749.5901 1676.1693 0.036270466
462.6898 1657.2155 569.6159 978.87665 0.03522914
230.05994 363.30838 91.31193 84.51619 0.033017438
218.31808 215.28244 191.92644 372.81543 0.030572789
258.8479 134.17293 229.4476 264.93073 0.02958617
236.48784 147.07903 180.66115 215.46727 0.028457336
259.7603 213.91824 494.36633 429.75504 0.02843409
412.53607 1692.0762 794.2556 1764.4783 0.02669166
453.72095 1899.4331 612.3487 537.08514 0.026405664
425.5338 1516.5149 836.09625 3021.6665 0.025257383
288.06528 609.12524 560.2656 1217.5371 0.024875196
362.48627 2029.0387 411.28867 279.8028 0.02463774
420.14325 888.7656 813.12354 1773.3749 0.024254307
417.8004 973.3427 781.48505 1934.3455 0.023614088
410.4786 1594.2444 773.0096 1924.1005 0.021785516
412.0215 842.9036 723.5077 1644.679 0.019535653
157.02444 268.51532 77.94638 112.86433 0.019359559
251.96053 34.872784 76.44121 70.21785 0.019318007
360.8973 1286.0686 624.70294 2132.9148 0.019281035
251.29877 35.63556 87.26683 70.82539 0.019061645
472.93228 1356.7942 709.58307 1137.582 0.018729066
476.52756 1355.8662 700.6 1124.7874 0.018660454
211.4247 602.9766 412.05347 1205.4036 0.018400101
379.10458 816.1644 709.04205 1625.696 0.01828893
385.6 2239.3838 764.2517 678.06146 0.018264616
419.85904 806.7363 817.9445 1610.2568 0.01792986
198.97032 308.15158 161.65366 201.0395 0.01740291
434.05273 1482.3209 538.3603 669.82794 0.017077623
506.89996 1601.1821 429.13937 770.354 0.01649943
418.9585 2358.2678 829.45746 1354.4612 0.01646616
285.02185 1293.1381 550.0785 2542.9395 0.016203579
446.5606 2019.4369 600.6998 301.54025 0.016051779
383.95914 918.4136 646.00494 1636.4067 0.016050009
412.80176 2452.7964 816.545 1168.6198 0.016031448
42.29561 2796.8213 84.18591 533.83026 0.015600875
347.11758 1085.1211 621.80554 2110.0298 0.015479852
398.6682 719.077 763.9107 1435.011 0.015304789
426.70306 1322.4211 798.0156 1250.83 0.014661581
813.0485 1841.8735 95.922966 197.84743 0.014537137
415.79547 1529.2241 366.60306 520.19257 0.014441776
385.5958 1310.3849 601.87335 1509.9521 0.014406337
397.2604 2089.4539 781.3471 975.3759 0.014014217
223.08945 147.75996 131.70168 180.5688 0.013963888
317.61008 1084.1577 584.0735 2131.339 0.013581466
302.2573 851.67535 576.7207 1694.8441 0.013573355
218.10805 1470.5847 426.47275 2894.0544 0.013174175
334.49054 651.55945 618.61597 1301.5625 0.013100842
765.6489 1618.1631 99.44139 88.82259 0.012688757
490.21564 1410.4191 664.00415 1243.2704 0.012485483
218.25659 342.30722 400.58466 684.01587 0.012398945
271.7193 352.91608 515.03253 706.65027 0.012256847
58.87884 2790.0796 116.3769 543.0735 0.01206005
410.83362 1110.0586 598.16473 1512.4827 0.011897935
489.61575 1732.3494 459.53046 668.41614 0.011753154
273.12158 351.97247 523.4498 703.62585 0.011555186
12.06559 2806.2378 24.850708 498.28223 0.011343513
492.44205 1349.9181 668.22534 1120.3209 0.011268943
345.61896 707.99805 425.6022 947.0432 0.010855297
393.55673 652.5373 759.99176 1307.7545 0.010852154
300.60086 858.2164 579.1301 1708.8853 0.010541061
304.92303 694.47534 593.6743 1383.3308 0.010524487
394.49026 1230.5325 594.34186 1828.8223 0.010332282
355.43655 1709.296 426.52032 894.06976 0.010297847
375.99374 1414.0547 657.2798 669.3465 0.010275627
346.0257 998.6099 409.17877 407.08133 0.010239948
504.3853 1270.0941 210.71007 213.35896 0.010224514
196.00046 663.6794 382.2438 1327.6709 0.010206939
437.44415 1283.384 749.14404 1407.0869 0.010025779
411.72324 1219.6409 404.29697 353.26978 0.009953875
279.92987 444.40854 539.02875 888.516 0.009906956
384.69577 2520.9846 762.47705 1047.837 0.009883854
284.92947 481.0724 552.1079 962.06995 0.009781114
435.71304 2793.8584 862.9872 536.3228 0.00969238
309.97644 725.23193 475.63403 941.7163 0.009683643
296.73242 2026.7579 280.33917 264.94162 0.009567014
502.78513 844.20715 58.339115 71.80385 0.0094881505
357.0166 1143.7493 284.97882 188.20786 0.00943378
435.60037 1299.0948 631.10986 999.1864 0.009424651
617.9508 1558.8018 403.63974 786.1747 0.009409469
511.96606 1437.929 326.1736 519.114 0.009403258
463.0951 1307.7732 654.845 1033.3522 0.00938119
420.90015 1505.9163 242.48148 336.20752 0.009362008
284.57965 573.77264 552.1308 1148.8938 0.009339562
657.5205 1728.2393 82.71399 114.961464 0.009305076
492.18643 1294.2225 623.1894 1722.0706 0.009158807
398.5822 1567.0701 309.09998 495.4308 0.009127807
695.08484 1798.1686 163.5532 281.5137 0.009115204
260.93018 121.45447 497.22754 240.59596 0.009070916
378.91666 1449.7158 357.23868 451.6274 0.008973137
782.0265 1613.8323 58.561428 67.01635 0.0089620715
320.1678 1044.8303 347.19696 342.0863 0.008944512
410.30728 1274.193 590.81433 1440.933 0.008929819
222.99467 1157.2715 429.15924 2299.0166 0.008917547
529.00757 968.16315 627.01184 1929.065 0.008914147
195.19717 670.6452 381.84146 1347.8385 0.008884076
683.6365 1729.1401 135.97855 155.20932 0.008883241
527.438 931.483 622.3705 1844.4915 0.008823811
242.8681 314.49918 399.03094 634.08044 0.008745289
597.485 1652.3711 380.12775 990.88605 0.008714457
324.29013 2027.2472 306.4106 258.1037 0.00868847
8.881285 2834.89 18.484459 428.92218 0.008659969
375.36417 1494.1399 230.39699 344.6065 0.008655815
778.3871 1755.6185 144.47453 362.83185 0.008640706
372.6401 1367.2417 648.2089 833.67554 0.008627481
215.69872 788.80725 416.69177 1566.28 0.0085567245
312.30484 2155.2415 611.9014 826.68036 0.0085557215
467.10474 1669.3064 317.53107 492.0497 0.008531531
166.69472 1855.4325 325.5978 1426.0841 0.008530362
639.51996 1723.6133 58.13869 92.01307 0.00850096
371.2899 1901.6838 438.98477 515.7195 0.008495242
163.5223 267.18347 85.4369 118.03477 0.008420165
751.9547 1916.1759 173.1083 366.8791 0.008408758
179.66188 1856.3782 351.28912 1422.3108 0.008396407
309.6436 355.4859 425.94714 717.2263 0.008393679
547.6649 1671.456 365.76987 627.6739 0.008364392
543.8147 1262.3795 128.85626 174.49283 0.008361217
247.46918 480.12802 478.63177 972.52844 0.008331787
535.5601 1808.1538 379.4727 437.68356 0.008244999
253.9072 2022.4852 194.84694 254.43929 0.0082335435
358.77667 605.11945 683.9788 1209.0465 0.008219689
781.8351 1846.56 151.87775 223.0732 0.008214362
385.39136 1754.587 318.9251 784.0776 0.008197914
457.67648 1855.2467 349.49445 525.3377 0.008181763
503.14893 981.4413 128.93335 341.2944 0.008165075
437.45502 1625.1068 346.74402 527.284 0.008152797
742.67194 1913.0084 135.08394 340.62802 0.008139947
357.48273 732.0601 352.79083 757.94385 0.008089765
330.0029 131.17223 224.83998 262.53345 0.008074275
431.0071 632.35333 848.97266 1263.7408 0.008057604
204.98883 132.0407 376.67285 261.9031 0.008020802
727.2022 1764.6405 222.20671 390.3864 0.008017924
604.40247 1620.404 452.31174 975.4364 0.007982072
230.74951 2347.6072 433.0333 404.59583 0.007939128
575.0841 1857.6172 378.21484 547.38745 0.007925514
344.74005 791.6108 402.6392 760.1661 0.007921987
426.15027 1201.581 356.69482 287.2593 0.007877862
299.73535 706.63086 382.3982 849.28094 0.007790792
615.9249 1645.8662 322.56073 976.8077 0.0077886796
503.63187 1806.4421 474.38144 699.9082 0.007768045
273.1511 510.76968 529.9088 1023.63257 0.0077434187
271.4087 498.35614 523.12665 998.61707 0.0076088794
311.58456 1797.9454 530.1675 1248.792 0.0076005445
88.52354 2780.3853 174.47943 560.0351 0.0075852307
280.32645 364.59644 537.5368 729.6278 0.007567126
183.65298 656.233 356.52246 1307.108 0.0075361487
413.6654 522.25574 198.9148 380.03665 0.007525125
365.11746 579.9314 136.42392 437.7192 0.0074899546
746.23254 1911.1472 210.29459 394.861 0.007468904
261.98373 2325.882 510.13214 482.2612 0.0074514123
353.80704 1157.3898 476.3364 1612.6025 0.0074459757
723.8505 1987.8601 111.32101 221.78873 0.00742496
455.52725 120.97419 166.49794 242.84366 0.0074003586
429.44724 2652.4182 854.4432 814.1777 0.0073857494
504.29147 1760.9144 572.82886 1284.7942 0.0073691523
29.799435 2607.9358 59.108173 897.97644 0.0073363576
500.36566 977.01984 101.2266 341.07834 0.007328614
458.8806 1433.3187 703.5907 1395.8331 0.0073006726
724.44293 1748.984 217.64745 360.6799 0.007257018
370.03006 1796.4634 480.3488 712.7947 0.007222065
496.67715 1406.2665 648.56354 1508.3629 0.0072184694
421.8896 933.52155 774.6976 1869.3164 0.007162195
21.295925 2649.3618 42.408886 819.7424 0.0071573104
350.8261 119.19966 183.32422 237.86409 0.00714963
495.82217 1270.7524 643.66064 1435.8665 0.007148984
349.28046 1595.7129 531.3578 1737.5746 0.0071460498
280.73532 1689.3235 432.7051 936.67755 0.0070964484
615.9024 914.80347 467.85223 1822.5316 0.0070683956
451.4521 190.61601 177.64745 378.07263 0.0070428364
404.04184 1067.2817 587.87134 800.35065 0.007038672
427.57037 1251.3514 729.35205 1040.7273 0.0070354873
571.82886 2161.958 326.72528 394.39752 0.0069946684
402.95853 2809.9924 793.94714 503.91547 0.006992185
548.8013 1353.9144 568.25116 1186.9482 0.006989093
274.46823 476.7598 530.4289 951.6119 0.006965767
467.6849 1575.3108 209.01338 310.91525 0.0069462913
657.7597 1494.3287 324.8738 634.79816 0.0069047012
588.92596 1835.9076 267.84396 343.91702 0.0068882746
218.17331 378.4794 415.67462 759.5541 0.0068834387
397.15897 1941.7174 719.54663 529.4387 0.0068730903
336.0896 1483.4476 536.21204 752.47327 0.0068511874
113.73168 2788.8176 224.20964 542.5558 0.006842805
428.34314 635.3147 228.27649 614.07666 0.0068301046
434.1256 520.807 143.34303 267.2243 0.0067973705
709.0159 1872.2275 216.22379 453.9398 0.006793048
646.5181 1879.863 263.36298 418.631 0.0067601427
444.15823 1889.7651 227.60129 342.9139 0.0067574885
772.9834 1684.6149 114.098976 212.37411 0.006740467
359.61392 627.2874 355.32065 705.62787 0.0067373523
352.5219 2292.2432 182.15253 229.37624 0.0067274673
713.37573 1581.6686 262.10776 747.8253 0.0067238742
356.52423 1335.4751 587.1181 1008.54016 0.0067050573
496.83536 1405.8517 643.0786 1444.1676 0.006701847
385.04944 991.2826 454.36337 1468.1345 0.0066950326
347.20758 115.35898 167.73387 228.19827 0.0066490853
404.09274 1063.9951 523.599 513.2626 0.006579541
717.6997 1818.2407 233.4543 501.39548 0.0065699858
274.66245 1026.6521 522.0074 2037.6199 0.0065391934
616.9243 1826.8457 206.38072 300.59476 0.0065301517
292.9944 545.63116 573.28644 1101.17 0.0065256115
264.452 217.8721 535.14844 433.52716 0.0064661424
344.72308 1210.8131 447.89908 831.1245 0.0064190547
115.046936 2350.6133 216.86224 414.32318 0.0064084316
368.04596 518.0982 109.77683 296.58334 0.0063448986
365.2772 2364.5146 733.0669 432.00027 0.006323991
152.19508 619.97906 291.2583 1031.5454 0.006316226
633.2369 1652.1058 377.1606 883.5338 0.0062978053
404.6419 1956.7189 656.14777 752.8615 0.006296403
341.12772 1224.8401 588.4174 490.53345 0.00629223
418.46298 1019.6614 540.2765 615.37683 0.006290248
469.9061 1712.4896 223.3723 438.07104 0.0062760795
362.33023 172.96645 165.88603 333.35883 0.006266246
436.8699 1242.7626 371.38406 1851.6195 0.0062633078
403.24362 555.2631 346.20932 1116.4503 0.0062527717
346.7066 562.25867 208.58383 525.72473 0.0062369606
724.2287 1741.6272 240.0193 456.13205 0.006209273
417.15436 1094.3036 466.50604 709.04205 0.0062001287
664.47424 1652.6469 336.72815 876.0468 0.006183498
337.72333 806.7351 535.78406 1156.2225 0.006183351
420.86847 1207.5306 746.5522 912.1419 0.006181335
72.597336 127.76711 139.89835 252.6853 0.0061658854
573.1163 1823.153 276.64642 344.78885 0.006159428
449.55737 177.43036 182.33731 349.5345 0.0061554303
620.6512 2098.8945 222.86545 317.2826 0.0060994783
732.9053 1812.8583 219.15897 233.15631 0.006096522
314.29672 705.73065 267.59583 735.0094 0.0060935295
577.43915 1809.6007 186.1523 285.27142 0.0060598766
291.82895 2042.165 457.7688 863.452 0.006059397
55.57163 2355.0437 105.752174 386.69775 0.005998314
631.57574 2083.5732 256.9177 363.45114 0.0059812344
602.9576 1676.1704 399.80286 1000.8513 0.0059710485
728.80054 504.02567 307.89346 1017.4544 0.0059591704
97.810394 109.28267 189.11148 217.63959 0.005955832
499.14188 1768.8209 277.16428 406.64975 0.005923441
124.280495 2595.8132 244.87146 893.0486 0.0058916803
321.61777 2014.5782 156.33951 191.8643 0.0058842865
574.82135 1344.6782 520.7305 1161.4646 0.0058719567
52.26143 2592.4507 102.14366 925.14453 0.005855038
469.4877 1783.822 246.6961 385.47867 0.0058390447
25.525892 2516.096 50.764877 1091.1619 0.0058373506
306.0572 1467.4598 392.83728 1418.8739 0.0058365096
275.45306 915.37384 524.95807 1823.0826 0.0058321566
43.03987 2615.1772 84.29785 877.50757 0.00583209
81.25852 2687.2156 159.53787 740.4328 0.005822217
291.29483 503.09277 568.40106 1020.3838 0.005815095
602.1648 1726.3381 320.49115 850.05273 0.005770745
570.21716 1648.9305 264.69867 468.4809 0.0057503833
636.756 1286.1893 387.769 979.3215 0.005743626
233.69398 2579.652 462.7469 847.84283 0.005737758
740.58624 1558.4373 182.81284 488.2688 0.0057102074
285.31247 1006.3587 253.54498 300.5486 0.0057068435
455.8101 2043.5497 265.66705 242.8581 0.0057060937
496.37527 986.9272 105.12248 201.63994 0.005691976
395.89075 20.023916 255.95947 39.59025 0.0056914925
496.07846 997.8652 195.11324 380.1805 0.005680537
755.64703 1590.2565 186.16403 698.566 0.005676407
291.691 361.98267 567.8436 723.9234 0.005646549
352.04697 825.09735 471.84866 1584.9564 0.0056457217
297.60324 1213.6572 371.78333 1887.4586 0.005635219
326.14655 2298.8523 195.8663 243.11421 0.005603542
473.87585 1875.0056 193.04996 339.39996 0.005601355
24.47215 2409.1294 49.095943 382.1011 0.005591783
389.87262 1655.5988 194.50812 350.05252 0.0055802087
439.07724 647.745 258.64685 1016.2852 0.0055740015
618.9965 2112.398 255.60275 368.30316 0.005561933
205.33342 805.3373 399.90033 1620.601 0.0055268584
335.66278 871.80206 481.67126 1159.6383 0.005494971
476.36853 2278.9707 166.53435 247.90059 0.005478529
617.28687 979.8693 474.48462 1977.0414 0.005476334
425.56226 1081.0925 553.4688 555.3777 0.0054639312
182.99654 1446.1737 314.37778 591.2944 0.0054560574
564.8281 1813.4491 531.28015 1444.7272 0.005437372
188.0912 1054.8313 361.20215 2139.3684 0.005418981
785.71484 1670.1881 90.31157 198.074 0.005418935
295.275 338.9481 574.94684 673.3598 0.005414639
419.74823 2049.176 667.1729 673.3858 0.0053921547
502.7732 612.2035 482.1094 1217.9934 0.0053640977
423.2843 2041.8728 311.87546 394.98624 0.0053379494
609.63586 2173.8894 308.30215 459.43106 0.0053055324
452.70804 1658.1089 194.46652 322.58322 0.005302094
157.30702 2790.6086 309.96725 531.34686 0.0052993204
27.645224 2380.7837 54.174107 1353.5684 0.005288752
454.89084 1615.8639 225.25447 328.8878 0.0052775573
397.84222 2769.0347 802.73364 589.1762 0.0052714455
530.43945 1724.057 593.94727 1266.5898 0.0052691307
440.7531 750.39197 286.30304 934.87067 0.005262138
635.94226 1833.7758 265.48184 601.273 0.005243911
406.4525 1869.1945 582.89075 1450.8256 0.005229253
468.87543 2130.5938 226.6982 294.10468 0.0052194865
190.92154 140.88152 98.92051 157.63863 0.005192158
751.0818 1568.2808 200.07994 742.7799 0.005179474
801.3508 27.438549 177.52455 54.226593 0.0051726387
169.14505 2507.6938 336.52856 1046.8906 0.00516321
503.98148 2302.2605 237.82767 356.78812 0.0051623825
401.93555 1121.1974 489.3435 500.06143 0.005156259
711.46954 624.9898 337.60748 1263.5001 0.005138365
401.25412 1224.9672 368.8776 1771.4396 0.005127746
545.87225 1265.4819 165.71819 198.08617 0.0051234737
472.07318 1208.4532 264.78998 282.27667 0.00510326
321.62396 1149.98 216.5435 217.94118 0.0050977934
355.06668 538.22095 697.8894 1096.3358 0.005085846
627.3648 1639.7748 286.061 647.48267 0.005084196
318.3221 988.6858 296.4529 315.9877 0.0050736857
540.3571 2206.8032 458.5233 575.3249 0.0050683785
548.34076 1681.7798 190.23985 311.84363 0.0050669215
356.03525 979.0476 508.30383 510.25623 0.005058901
422.32346 1086.8724 573.63354 557.0302 0.005033271
474.2127 1944.524 199.86458 390.49866 0.005031963
362.95367 832.0828 274.31265 382.86426 0.005026036
179.43292 1439.9487 338.1953 2282.167 0.0049917838
484.64594 663.0607 576.6099 1335.3666 0.0049896054
141.1748 1662.6903 262.52655 980.6045 0.0049578208
2.308915 2795.8962 5.4114847 491.7101 0.0049572466
622.06555 1794.3557 423.11435 1322.176 0.0049557746
292.30893 532.7799 578.9135 1073.3295 0.0049527045
631.2909 1154.5919 455.02237 2303.2034 0.00495017
188.94278 514.4578 213.15219 282.13507 0.0049448595
450.36496 1005.3645 298.35403 407.4326 0.004935982
410.64996 2478.231 549.673 1115.8882 0.0049280636
524.9301 828.8137 424.5236 1104.7767 0.0049231597
409.34497 1637.9047 180.54811 300.1254 0.004897115
605.4853 624.1963 452.93213 1253.7225 0.004881339
719.92676 491.83838 327.52557 992.4711 0.004869956
641.5589 1649.833 346.37473 979.973 0.004863453
217.35698 2791.4524 432.03784 534.5005 0.0048564957
453.1714 1888.426 211.34398 450.73334 0.0048549427
44.315887 2367.2644 86.9639 1374.6213 0.0048489175
3.87769 2699.9993 8.486175 706.2379 0.004842748
65.09083 2268.0813 127.64522 624.98206 0.0048370105
535.6756 1530.6221 575.3323 1806.2882 0.0048336377
557.26733 2266.7053 208.12213 264.13257 0.0048202015
142.3621 1327.8555 271.72778 2504.048 0.004788443
108.17996 89.50082 211.95477 177.19398 0.004784443
608.1584 1480.9926 471.76205 1236.1614 0.0047705565
649.74677 1655.9204 191.11502 333.26968 0.0047384915
477.4733 1512.6354 657.99097 1540.1655 0.004716021
157.67123 216.93439 211.61407 390.0033 0.0046913554
5.0005593 2878.639 11.408463 337.1111 0.0046908925
629.58276 1874.4109 284.35696 577.12244 0.0046704127
510.60977 1310.7181 396.96756 1069.1824 0.004656449
628.26447 1670.6785 243.05356 440.3805 0.004648489
458.14825 941.8061 156.69711 269.7526 0.004647311
326.4799 34.377377 295.02206 69.4608 0.0046431017
139.46045 2485.7249 277.03452 1101.0908 0.0046372833
297.56778 555.96783 591.693 1135.4001 0.0046015186
638.06915 966.4171 440.17706 1959.1122 0.004576831
466.8205 321.295 241.887 641.2357 0.0045583136
623.89294 1599.713 148.90971 267.24393 0.0045569357
436.4932 695.4056 206.4774 645.4964 0.0045418735
321.4409 969.69836 470.68082 779.8843 0.0045345193
556.75055 1002.45306 202.78117 393.51288 0.0045066727
873.61273 66.86123 35.196587 134.70998 0.0045005693
435.54324 528.61743 246.26405 770.95154 0.004492857
397.19427 1022.1032 598.90393 516.5675 0.0044864397
49.389153 2325.1514 95.918434 1464.156 0.004463347
212.87648 1532.7933 234.74097 511.18637 0.004458851
659.50946 1720.1198 366.5478 1151.7227 0.0044497335
650.26166 1894.3868 259.16724 583.3583 0.0044322754
614.42224 2184.979 260.9611 386.89114 0.004429503
337.39044 872.99084 542.5659 706.5847 0.0044291015
492.13162 1849.7368 346.7411 504.08176 0.004419958
710.1073 1649.9646 270.43756 800.28503 0.004418313
168.80457 589.1407 334.161 1184.2704 0.0044143214
30.360153 2121.1387 58.45151 1870.5155 0.0044053025
579.6883 2084.5864 517.7923 1892.418 0.0043906313
14.505639 2508.5974 29.106583 1081.6799 0.0043860353
38.336834 2106.6487 74.26615 1908.8916 0.0043803044
197.48297 2378.6846 134.28941 191.29002 0.0043659955
660.45465 1925.4983 351.99557 766.14984 0.0043489737
69.67713 2784.9946 152.2219 555.9303 0.0043189307
408.36124 1312.2634 707.9746 732.5328 0.0043174606
737.7317 1604.4529 166.44029 261.4589 0.004308723
405.50455 1020.34064 680.8984 992.6784 0.0043072295
695.4338 1518.657 271.13504 696.58856 0.004298041
320.09088 460.81693 628.2002 931.84973 0.004287925
14.220129 2461.8 28.56891 1204.8242 0.004274972
551.42786 986.4347 183.8035 365.88242 0.004267132
139.38493 1509.1661 265.8714 2152.868 0.004232813
136.24307 2643.2917 278.56302 790.50543 0.004229679
479.4614 1166.9037 140.53427 135.40884 0.0042237104
58.735287 2567.7146 111.48864 181.48598 0.004213993
737.96606 392.78662 293.81982 791.42944 0.0042052637
304.41525 1644.5677 454.17426 1007.8978 0.0041977647
196.27985 2556.4624 394.6546 987.8988 0.004173876
173.40883 924.9512 288.9914 686.2597 0.004159126
769.6176 1608.3472 144.26903 515.774 0.004136499
444.15323 1845.6362 180.0848 309.00287 0.0041307677
7.30748 2657.3303 16.255215 782.7438 0.004124789
87.845856 836.51843 163.63902 844.3829 0.0041215112
723.4991 28.441813 328.46738 55.245483 0.0041131373
366.13153 1278.2034 644.2395 734.73865 0.004094429
468.137 213.38031 196.8283 429.61417 0.004094429
555.43176 1727.0372 208.58496 351.75568 0.004089528
714.68726 1675.9331 256.37653 966.0384 0.004085822
89.42675 2598.4138 183.58594 901.7655 0.004084501
832.63873 92.28933 120.20629 184.27184 0.0040776306
350.23837 434.6553 696.41833 884.1974 0.004076812
702.58887 784.474 345.1416 1588.4999 0.0040603112
367.94446 571.9628 109.81174 396.1908 0.004053533
682.95856 1693.151 282.97937 540.71686 0.0040512066
671.5662 1319.352 364.26306 1213.3898 0.0040360605
606.045 1706.688 471.92294 1159.591 0.004030753
569.68774 1080.4486 547.5571 2024.4501 0.0040183156
224.0515 814.0234 254.66391 409.21057 0.004017896
366.4888 2190.8352 659.3443 690.9849 0.0040046577
616.3419 954.90076 474.17105 1944.589 0.0039987583
516.742 1073.7311 248.46518 546.26843 0.003996055
126.562675 910.78625 219.45958 628.31384 0.0039912243
664.5262 1446.6555 404.9769 2823.2493 0.0039900374
488.11926 1075.0476 428.66776 565.2641 0.0039856588
329.67343 492.6095 171.24092 324.9397 0.0039446065
501.49667 558.8927 425.30264 1132.0105 0.0039414642
301.74557 1531.8387 597.8133 2058.051 0.003938917
552.98456 1839.4359 173.39188 273.87314 0.0039076954
106.800835 2329.1655 217.68968 1428.5745 0.0038975708
15.03709 2387.6992 29.919357 1353.9291 0.0038861595
776.9219 1654.3799 97.41244 198.22633 0.0038741487
1.9067686 2737.5007 4.407932 644.4783 0.00387248
134.4485 1289.2523 279.38623 2559.8743 0.003852398
134.60344 2696.769 253.32956 405.79684 0.0038454013
793.5296 2788.5852 178.76071 544.1257 0.003843723
340.3446 1232.3635 537.8904 544.4523 0.003843179
467.18207 2409.8057 248.47218 364.1647 0.0038422628
1.5699977 2812.927 3.0253477 473.03073 0.0038327496
681.01447 1925.7009 324.59528 450.58823 0.0038261462
773.1407 1709.7797 172.58472 467.94458 0.0038246037
265.98923 1720.1488 438.6641 1472.6357 0.0038021368
113.273056 2781.5522 220.11584 529.32117 0.0038018927
139.94963 1804.9757 274.02216 1554.342 0.003801741
418.8444 561.1127 823.13495 1128.953 0.0038016255
441.12296 2954.3896 865.2267 219.85414 0.003798607
699.3749 2918.1895 320.8461 287.63736 0.0037973446
343.9844 2871.4807 722.78143 393.02582 0.0037943027
570.8432 1675.0121 125.69499 185.46764 0.0037734325
395.5692 878.94385 377.2231 1200.1655 0.0037730613
2.721796 2614.6877 6.46749 864.06067 0.003769122
303.49924 2734.4995 492.4393 609.5594 0.0037624564
454.7371 571.9786 287.9768 1138.6332 0.0037615718
261.2238 73.9593 494.11465 147.46455 0.003755489
370.8364 595.9024 724.96985 1206.6417 0.0037437573
728.23285 72.40684 321.59537 143.19319 0.0037120678
637.27814 1722.8315 34.153854 69.7752 0.003700786
541.1169 1842.9563 164.62288 245.8116 0.0036996433
1.2843317 2824.0476 2.5556967 454.42468 0.0036963827
621.74243 1426.1472 450.5221 1441.9767 0.0036931073
557.1549 1898.6805 175.00734 357.24268 0.0036924724
661.42957 1076.2433 253.05557 542.46387 0.0036865724
730.60223 257.46683 312.6125 517.2058 0.0036846357
637.03204 624.947 469.74033 1258.444 0.0036787118
592.66125 1741.9204 240.11864 444.00418 0.0036785912
4.8800316 2496.4685 10.782795 1123.0732 0.0036733223
328.27466 661.7669 365.36243 918.562 0.0036730152
243.49966 607.1153 106.680984 144.10692 0.0036655958
405.2567 1194.0128 751.9248 781.74725 0.0036654514
727.53064 31.721916 196.02391 59.898415 0.0036653448
358.54688 1092.0315 440.59097 513.7903 0.003660095
196.88773 2295.3237 390.91858 732.4231 0.0036599524
430.22925 1036.8363 552.32855 457.25 0.003659537
186.70276 911.4208 346.54797 1388.7996 0.0036424203
240.49864 484.46725 117.301956 166.73865 0.0036322847
431.69006 1715.7716 165.41507 253.86374 0.0036186927
633.16583 1059.595 212.16414 428.62424 0.0035973745
669.5892 1922.1343 208.24742 452.2784 0.0035959613
245.54279 203.90596 244.14053 400.17657 0.0035931263
584.34955 2927.714 150.20688 256.3403 0.0035741667
707.4374 1739.1768 260.3969 754.7597 0.0035719478
61.161587 2047.0155 119.846794 729.26074 0.0035707313
604.0629 1048.1227 255.86153 484.62094 0.003558848
384.95813 611.04474 662.1329 1004.613 0.0035506291
705.0887 2911.5303 296.80072 306.3071 0.0035486189
720.4967 2912.6633 298.97107 306.12894 0.0035135045
534.1923 1765.6259 145.63246 237.12381 0.003508333
467.5725 2296.589 383.69016 439.4579 0.0035024215
652.343 2184.2007 248.06294 428.67685 0.003492047
341.86026 2610.0747 710.16766 572.1748 0.0034805567
359.16418 534.68665 324.5276 487.43063 0.0034756926
393.4864 2555.3774 386.60452 698.21716 0.0034619672
147.2779 1454.5046 196.98051 329.6951 0.0034593393
607.4521 2142.987 454.35553 1299.3777 0.0034427373
722.14496 1358.5092 275.05283 1132.6105 0.0034386283
457.46005 1062.927 529.75366 524.49725 0.0034377724
688.30096 1238.6119 324.29596 828.714 0.003429889
79.70862 21.872269 154.90445 42.49154 0.0034239532
469.7102 1530.2378 175.33159 257.45877 0.003422738
565.8821 1831.9694 160.85649 254.57121 0.0034150113
108.89499 1273.0607 185.9054 382.5235 0.0033970012
711.8288 2804.9158 280.90564 520.12885 0.0033942612
527.29047 2037.8401 116.01107 220.94363 0.00338787
573.178 951.33887 131.94731 276.38254 0.0033680976
742.47546 89.26891 296.7551 175.71487 0.0033552672
671.66266 1934.9623 345.4604 1020.5466 0.0033477622
483.41656 2812.4348 299.26587 380.66824 0.0033437014
575.3554 1925.0807 167.85213 294.69693 0.0033423668
183.36626 450.54956 302.62277 877.0262 0.0033385775
216.60294 2829.7344 445.28146 473.93494 0.0033352154
547.71405 1844.5814 152.75645 232.02437 0.0033349744
749.3248 1934.1235 216.83636 726.38245 0.003334293
856.1514 179.44987 71.97851 362.59293 0.003324369
500.81058 977.0931 76.0014 303.3386 0.0033177633
731.2493 2735.8628 180.91145 334.8777 0.003311604
505.61057 1121.93 375.28998 530.58563 0.0032909845
812.281 36.6746 163.0324 70.226364 0.003288686
67.81501 2703.4485 131.20938 532.6934 0.0032856145
18.012688 2746.4666 31.523502 393.43338 0.0032767244
581.2385 2105.3425 488.33243 816.36316 0.0032707325
839.2451 2082.8557 96.13197 812.5967 0.0032476273
9.37887 2989.6099 19.313087 150.02074 0.0032452692
505.74133 1806.7592 143.6914 364.4251 0.003241887
154.008 2494.011 210.02287 254.98845 0.0032284602
674.53687 1305.2762 351.71234 1312.2603 0.0032273373
420.8271 545.9994 130.11676 236.02248 0.0032248867
564.5022 2011.4066 481.58173 1039.8754 0.003215243
530.52203 1732.0122 117.91472 201.253 0.0032101627
770.78925 2625.682 189.60696 341.56555 0.003206849
67.828896 2682.0786 138.771 763.0167 0.0032020968
179.92184 553.37634 221.04613 338.96896 0.0032013205
32.223804 2751.1057 60.431015 409.3339 0.0031957123
710.58856 575.9157 354.49524 1167.1031 0.003192348
674.1537 1875.6919 130.34492 212.0569 0.0031887433
586.82294 1806.868 202.40347 341.02066 0.0031623575
518.3234 2923.1704 282.99612 279.3614 0.003160171
720.5688 2727.0273 278.90146 531.83044 0.0031385021
427.44205 768.89166 196.84947 737.97046 0.0031314432
327.33774 1511.1476 371.5713 1294.6378 0.0031199001
8.228453 2970.9382 15.744782 190.31653 0.0031060467
719.1287 1647.0189 269.30276 1084.9819 0.0031005384
624.9997 2406.2812 386.59286 871.41144 0.0030993624
732.0469 50.54467 304.73535 99.316475 0.0030837934
616.9629 1220.4133 455.01166 2354.9685 0.0030726765
286.99713 2628.993 446.30594 486.3268 0.0030692127
857.6395 2363.8027 83.14836 525.7146 0.0030317989
621.0799 2835.1155 456.4947 465.91418 0.0030305667
551.6527 1824.81 160.23468 331.0979 0.0030218603
764.68054 1924.6625 188.15369 679.988 0.0030168362
440.7028 2853.9485 830.25195 438.0639 0.003002501
206.43178 1457.0985 264.9125 424.3207 0.0029898721
775.1573 1925.383 193.3065 616.802 0.002988775
428.59854 2380.2808 285.54803 326.3776 0.0029728806
424.0217 2896.9456 276.64664 320.69247 0.0029629061
818.906 2475.9504 147.8166 370.91296 0.0029604028
740.3399 2130.105 243.74915 670.70386 0.0029528695
846.12994 1744.1058 87.33609 1153.5002 0.0029521482
809.30444 2412.635 165.64694 552.9065 0.0029293017
618.76996 1587.3317 119.913055 204.78024 0.0029287809
443.36316 1442.161 188.14453 227.02478 0.002927457
785.9123 1930.0552 173.5491 525.5718 0.0029218032
482.01987 2154.631 222.62129 330.98737 0.0029212502
641.79926 1618.7976 113.551506 177.81287 0.002918646
840.6402 2561.8362 94.95151 713.05396 0.0029186432
323.57327 1876.0057 270.3911 481.6454 0.0029078312
671.23663 2673.6123 277.6733 543.58057 0.002902338
840.486 2014.495 132.12308 461.76498 0.0029010826
744.9721 2010.2156 227.5283 577.0903 0.002894183
94.412094 2912.9097 183.11394 309.70502 0.0028939876
274.51178 1794.7471 520.9805 1484.0856 0.002882931
691.37946 2963.6829 365.66953 241.88141 0.0028790585
671.82587 2868.2854 222.78131 350.7827 0.0028650584
822.2246 2366.2737 135.90414 361.7568 0.0028563833
602.53564 1251.4766 128.51677 178.25912 0.0028557654
425.30957 1524.0403 841.90405 3021.1602 0.0028546874
429.2263 2897.1765 348.99255 330.9403 0.0028529165
596.18427 2972.875 474.49545 254.33942 0.0028475162
59.413082 838.1294 108.00401 681.07574 0.002846214
442.19537 344.02856 870.82904 691.53577 0.0028327396
443.84802 2017.8813 273.06253 329.54617 0.0028281382
561.8296 1294.0989 309.7592 528.5696 0.002815665
758.3465 1749.0441 198.56876 714.081 0.0028121222
419.165 3026.9463 811.9066 87.46485 0.0028015997
832.52057 2566.9392 108.17425 658.4567 0.0027999415
820.5585 2332.4412 143.56876 477.0151 0.0027988954
774.0105 2958.2722 174.63853 208.71297 0.0027962495
762.934 2924.9583 173.8367 270.48175 0.0027855795
833.9495 1891.95 97.97874 319.4943 0.0027832347
294.8384 2338.0767 510.85837 1358.2583 0.002781999
428.7413 2909.4475 272.90536 308.39154 0.0027815676
543.8423 2599.4084 399.4117 922.48413 0.0027790333
327.6321 3021.594 614.69385 106.262024 0.0027777043
457.4314 205.48328 667.9582 803.7154 0.002771162
487.7306 1896.9594 135.48112 333.21085 0.0027624418
554.964 1167.6323 350.966 529.5525 0.0027562918
743.9337 1460.6881 143.99475 328.1294 0.0027461695
359.9548 160.76518 694.7748 319.62106 0.0027426954
789.393 911.9947 192.4354 552.57654 0.0027395631
801.73926 2013.8729 178.82603 1116.7985 0.0027371217
620.7001 2548.2268 239.26732 298.02408 0.0027370034
749.6639 1641.4929 212.25632 995.169 0.0027359424
425.2259 1268.2502 834.77686 2513.0776 0.0027330248
78.43693 469.02258 128.47647 254.28848 0.0027320175
449.0384 2724.8315 517.99316 372.71933 0.0027319514
607.3385 948.2381 513.1151 1939.3268 0.002731594
784.40625 2860.4995 189.61937 407.60757 0.0027296995
602.9154 631.2563 163.734 562.54266 0.0027220685
823.0695 2569.75 134.11719 357.06613 0.0027158144
788.57263 2951.822 161.12952 224.9661 0.0027125257
786.7942 2907.2522 167.69826 316.50073 0.0027120898
505.1249 988.7962 208.2783 399.70953 0.0027101096
469.5887 2640.618 218.4136 244.86217 0.0027027952
822.0857 2184.5723 135.38403 950.4246 0.0027009204
366.0826 2922.3557 419.7477 279.78864 0.002700304
703.3928 1190.9989 283.61517 712.746 0.0026913148
739.4698 1971.15 169.4846 462.35852 0.002663949
765.1219 371.22403 203.16722 342.29828 0.0026637753
413.53653 1431.096 782.79626 1420.7056 0.002657128
399.30273 1299.3826 752.9916 691.04675 0.002656059
101.73057 1740.5605 156.05997 775.7555 0.002651518
404.93518 2650.4102 139.18913 220.93382 0.0026482227
59.16361 846.64746 108.660645 845.622 0.0026427573
32.048206 527.2002 61.598656 989.45636 0.0026376508
310.0622 2739.784 167.4893 335.24954 0.0026291145
798.0501 2098.9397 176.84007 746.4825 0.0026282268
864.6588 2013.2395 65.44361 430.32635 0.0026154548
472.59674 1591.7284 188.20859 223.22845 0.0026124648
27.454542 2988.9475 53.645836 152.05983 0.0026116522
535.5075 2595.475 363.64902 312.47974 0.0026110313
811.74207 2351.8347 123.79888 257.88013 0.002599355
669.9195 2225.9753 222.30177 388.8327 0.0025957823
757.16754 2725.1414 158.73708 225.20302 0.0025955995
779.7382 185.15831 227.65707 372.2795 0.0025899236
652.2966 2177.5232 131.29974 199.64087 0.002587599
780.0892 2548.8594 169.04434 316.1872 0.0025818422
840.82477 2540.0554 89.09884 415.66086 0.0025817782
847.35443 2020.9174 140.22537 369.64688 0.0025783128
1.3125465 2914.4998 3.714871 264.2909 0.0025710429
474.79617 1708.0317 157.18488 230.03413 0.002569819
626.51917 2584.67 151.9375 223.51323 0.0025675516
531.9878 2510.3914 211.3948 281.8925 0.0025655644
422.0543 1520.8778 834.40826 2999.407 0.0025646677
610.595 449.2151 166.87898 875.9666 0.0025622218
769.85315 2895.9875 223.17981 327.97882 0.0025543422
365.27426 2928.5396 270.49442 255.10176 0.0025508432
811.50116 2603.401 140.29274 669.8358 0.0025489538
273.8329 2954.0122 370.987 219.88403 0.0025463884
304.9362 1719.1265 302.61713 1211.1022 0.0025442373
53.893803 2946.093 104.89561 245.25757 0.0025441223
580.16046 2782.6833 187.19345 312.09488 0.0025387458
331.32095 2729.7927 286.47128 360.17914 0.0025323983
716.252 3007.2515 256.48578 120.92131 0.0025317469
452.643 2993.136 200.80168 146.4104 0.002528291
719.99506 760.49976 378.45755 970.1399 0.0025279485
341.70624 2998.5557 681.8837 281.44403 0.0025266018
815.99133 2371.6848 137.75583 456.8857 0.002521736
464.1425 1646.3722 613.2126 1027.1389 0.0025196895
59.963905 2946.6282 116.43862 243.69237 0.002519415
503.5861 2178.591 526.6826 1585.4521 0.0025193514
816.33417 2863.1494 135.43826 400.62457 0.0025185237
854.9666 2573.5356 64.19524 629.26196 0.0025141323
389.93298 1184.4016 260.78082 1158.9172 0.0025083763
562.42487 2551.3113 375.36166 357.80093 0.002504896
554.40985 2162.184 492.07394 797.19495 0.0025046316
457.4556 730.10284 127.91473 239.88678 0.002501712
478.93665 1919.2815 123.240654 338.13937 0.002489087
138.40569 3039.16 221.67245 57.010143 0.0024874844
77.7064 3017.3452 151.3657 100.887924 0.0024870846
38.762096 2977.9841 75.18667 176.95819 0.002486887
429.76483 2991.3835 260.59113 151.10023 0.0024851037
816.35205 1531.6362 141.47295 1098.1647 0.0024809747
799.37 416.2186 189.42528 844.19556 0.0024809737
837.30475 2897.5881 86.43019 333.77493 0.0024771672
341.47647 3025.7825 679.8438 91.018295 0.0024744303
472.85425 1979.7484 173.75221 319.30368 0.0024733879
801.2335 937.23145 171.97804 633.549 0.0024703203
429.23666 3046.968 542.3924 44.189995 0.0024679583
654.05804 990.7613 249.39273 396.80508 0.002467802
655.74365 2066.5056 386.81573 1097.4526 0.0024547554
789.3473 692.1352 175.61853 504.38297 0.002453797
684.50024 2246.1494 232.72057 423.08878 0.0024529567
860.23566 2241.1077 66.346535 362.25748 0.0024457648
450.15558 2284.8804 360.81494 1011.82245 0.0024406107
827.491 2689.6462 98.7955 357.30157 0.0024387154
883.2107 1577.5004 32.396816 956.87494 0.0024382817
811.9721 2244.7278 155.60052 755.31 0.0024331736
705.3595 2426.7603 173.96216 277.6653 0.0024236573
835.302 2688.9272 89.00488 372.56018 0.0024204727
367.3472 67.84074 732.6675 134.33443 0.0024199178
749.3729 1927.5072 205.65498 376.9778 0.0024172845
827.95044 2234.052 129.79378 617.0188 0.0024129602
795.2779 2935.534 141.69028 266.65475 0.0024122752
814.1145 1025.5087 143.70811 490.212 0.0024036523
824.94336 2304.314 135.7587 346.11438 0.0024012444
578.9117 598.3609 118.09856 402.0084 0.0024010683
685.2657 1199.7449 120.41036 166.51225 0.002400012
780.2969 2542.8 170.56433 291.32956 0.0023991035
737.67004 1931.3696 222.3376 390.6152 0.0023922692
470.61603 1614.6685 199.24991 287.79053 0.002391393
192.59932 212.66943 373.25812 426.71793 0.0023854636
874.90533 2502.718 37.0598 483.75937 0.002383322
821.04486 1295.4089 113.89632 1279.9012 0.0023811983
677.8421 2552.3582 287.71442 565.41943 0.0023620867
675.02673 2570.4714 254.545 308.4597 0.0023619113
727.4027 2888.6091 154.00003 212.95674 0.0023591535
384.5926 2986.8208 734.5797 358.19336 0.00234739
836.1967 2914.809 86.340294 300.7794 0.0023375566
306.22803 122.70473 615.56635 239.3003 0.00233745
123.8884 2996.302 250.25269 143.16374 0.0023345938
489.67847 138.53584 169.97302 277.81348 0.0023300902
854.38916 2413.3816 68.642006 361.41626 0.0023219637
147.68762 2841.8933 272.8227 296.03314 0.0023132337
230.90909 2997.4377 380.17947 145.02054 0.0023127585
419.99243 1830.0768 199.08751 398.52493 0.002310727
432.46207 1290.1003 842.5576 2472.352 0.0023069682
463.58005 3006.0264 177.84085 128.2755 0.0022951793
820.87103 2982.5066 117.84346 158.44429 0.0022825405
360.6864 1112.9868 344.44135 1169.2667 0.0022823275
760.13513 2415.86 159.72626 244.18245 0.0022783764
94.60412 2951.4075 188.62802 221.35901 0.0022758066
185.57301 890.4065 135.34831 81.337555 0.002271413
639.93823 2566.2625 152.90799 221.25339 0.0022685544
783.4482 403.8413 199.52205 837.28217 0.0022661013
774.28394 2438.1875 194.74025 276.15558 0.0022552856
158.08685 269.97708 64.9264 100.619354 0.0022538495
761.28064 1165.774 310.13107 884.2177 0.0022473799
839.75665 2785.425 89.67406 416.7832 0.0022454604
843.05115 2938.5027 78.79267 247.52908 0.0022367502
850.3019 2134.134 88.49482 781.5028 0.0022367418
533.6568 1952.0476 164.69722 255.38715 0.002232507
547.56305 1811.372 141.73466 379.90512 0.002223754
851.92175 2211.3198 86.65358 392.65012 0.0022126704
778.8626 1953.8917 97.845764 142.35042 0.0022111908
831.5876 2288.107 128.44772 677.03613 0.0022107058
744.2256 2350.8718 135.76057 313.9368 0.0022106648
9.581871 2807.389 18.458666 511.3524 0.0022040599
515.26086 1919.2131 308.1201 436.63046 0.0022031437
489.1778 2262.081 522.63586 755.1847 0.0021984545
472.5019 2634.2446 329.28067 820.1794 0.0021964493
653.19055 2877.9758 372.09686 356.37305 0.0021889212
244.72417 2715.2798 130.08641 257.4294 0.0021862066
580.3668 2509.589 269.88327 231.66333 0.002180042
443.777 132.98796 888.9133 264.0005 0.002176521
72.018456 3039.9377 141.30238 57.329746 0.0021763036
412.26697 3024.8777 201.81041 86.813095 0.0021720312
693.7929 1224.355 307.41153 813.41327 0.0021642365
836.06384 2959.2305 88.26288 203.71454 0.0021455789
863.6645 2405.152 52.2759 355.97525 0.0021445132
354.132 896.6282 707.51166 865.64026 0.0021352211
770.83984 1318.7332 214.76372 1421.3464 0.002134752
823.94183 2305.2026 137.37785 255.72539 0.002129212
853.9957 2759.5808 77.62686 644.9547 0.0021155586
648.0191 1837.896 105.75464 215.04486 0.0020646094
277.06787 1826.7699 318.51657 1071.6146 0.0020582685
294.36548 1879.5548 425.48257 1314.8068 0.0020487108
827.9703 2184.2705 128.21254 314.62686 0.002043003
648.9366 2328.034 178.15929 298.86612 0.0020256408
834.0963 1187.4985 105.85492 1088.2357 0.0020238168
378.61627 38.475086 699.4464 77.88415 0.002012897
757.45624 2097.7756 139.61368 317.06473 0.0019772698
380.96936 3037.3179 279.5098 101.11956 0.0019759405
412.04147 1733.1937 369.59738 703.66187 0.001974445
836.6812 2142.6763 121.14269 349.46326 0.001962232
783.98486 843.88965 193.75082 615.1458 0.0019500267
676.6679 2440.0679 176.31114 253.1972 0.0019414158
76.27411 1219.0586 128.75665 2068.259 0.001937377
761.96326 1948.1874 232.95628 1135.1254 0.0019269327
869.49457 2082.855 42.802677 567.36426 0.001922201
856.6865 1855.2565 36.754375 181.07913 0.0019159055
752.5426 762.98346 254.6816 1058.6832 0.0019100731
181.92607 2930.763 157.51912 179.86655 0.0019000672
499.6991 1900.7487 371.03116 493.36197 0.0018931284
102.04963 2877.414 103.024864 307.21585 0.0018911015
806.3417 2217.4448 126.135796 255.3158 0.0018890566
531.65106 552.439 608.28345 1128.1472 0.0018883924
550.3899 3024.487 468.2332 110.33253 0.0018883484
761.31635 989.08954 226.99109 756.2804 0.0018715898
486.1338 2605.7634 551.91736 153.40532 0.0018565094
862.6523 2297.711 63.607258 323.26984 0.0018542417
860.15295 1684.7845 59.49241 519.9459 0.0018477382
774.09796 1534.3652 92.57706 198.99014 0.0018324187
743.07605 2192.664 134.90302 233.36655 0.0018302667
845.53357 1683.14 83.77319 418.41364 0.0018166086
402.7267 1176.0126 787.16473 1221.2458 0.0018149544
824.5645 1386.4219 136.59883 327.877 0.0018055703
27.603146 1299.1023 50.697105 506.2656 0.0018045333
855.631 2968.0042 57.568367 193.54071 0.0018044963
472.85855 1347.3132 649.4194 1318.6311 0.001801166
743.20844 1411.1843 171.94508 284.27615 0.0017943708
771.60657 1566.2026 136.85828 370.763 0.001786261
835.6143 904.0069 100.098404 1889.7145 0.001774312
524.23474 1987.1124 147.34311 314.59598 0.0017584898
865.35645 2611.7903 47.890522 281.3979 0.0017531109
856.5266 2965.7559 57.0949 205.75806 0.0016954432
631.958 1777.7478 171.51485 365.00833 0.0016819454
819.5057 1899.0319 67.526405 182.85295 0.0016803801
859.2517 1751.6953 64.31459 314.5304 0.0016763262
484.28802 699.7517 570.32996 860.51135 0.0016545674
430.0666 1741.8169 339.50287 658.1111 0.0016521896
876.9195 2090.9805 25.649128 455.21625 0.0016392549
865.05707 2017.747 50.7819 386.71335 0.0016343661
840.2265 3012.2598 85.263855 120.52265 0.0016227986
884.7083 2832.6204 9.801722 428.67322 0.0016153345
863.6415 2981.1057 53.5896 166.39273 0.0015975777
735.62354 1169.3708 265.41864 873.0269 0.0015866631
402.212 1636.7163 756.43256 1063.6305 0.0015847847
865.8577 2875.9812 51.862103 294.30597 0.001581223
870.3117 2398.4219 45.909912 330.86008 0.0015808458
885.9938 2427.3909 9.913945 678.2181 0.0015792932
878.0866 1932.5635 25.801523 637.7214 0.0015639889
700.4287 2913.008 366.40366 276.04498 0.001541176
430.96902 1581.707 834.4945 2894.4375 0.0015249127
883.62744 2476.2158 13.948273 449.81943 0.001521284
478.75787 1831.0061 544.13043 612.69763 0.0015180832
828.7497 2983.0874 126.62758 147.8175 0.0015148412
467.7674 2740.3513 757.1487 352.1845 0.0015126336
849.211 1385.7567 77.58334 273.94037 0.0015109422
851.1749 3022.1196 84.4143 115.797356 0.001498286
883.5635 2928.421 26.061308 227.81154 0.0014783766
520.0507 2107.397 524.7161 1180.563 0.001473428
776.00555 1836.0254 271.57193 910.78424 0.0014690316
853.3394 1749.2181 77.059616 314.95236 0.0014686099
528.58594 1952.5798 256.3045 385.32944 0.0014549985
864.2089 2987.6187 43.927994 165.52567 0.0014425713
870.0076 2936.4336 32.92641 247.07281 0.0014389176
861.8786 3009.777 52.53122 93.543434 0.0014136954
442.47858 1551.9781 823.2907 2950.9011 0.0013897311
859.34784 3029.4668 71.5176 102.21378 0.0013888632
868.26917 3004.874 53.715893 137.7831 0.0013834474
855.1015 3018.4963 55.99467 129.29271 0.0013809535
874.33704 1190.5577 31.148643 487.6024 0.0013804539
750.84515 1578.0643 221.03198 863.823 0.0013788502
404.68018 1484.7671 816.2979 1241.5786 0.0013704755
875.5297 2957.3977 25.472937 221.97931 0.0013622527
359.03723 586.16376 706.096 1071.6786 0.0013516446
884.3045 2943.906 10.887235 231.46606 0.0013468029
424.79526 849.5214 843.9662 1710.4749 0.0013430223
834.87915 3005.1663 122.60401 127.440384 0.0013244351
691.1696 1965.8081 173.30359 344.5335 0.0013175788
850.6282 1869.6847 63.992428 169.16235 0.0013150445
516.96295 1247.1671 136.3064 177.7658 0.0013113937
392.82486 458.3269 770.1685 966.8935 0.0012898847
876.63556 2976.845 25.877346 186.07475 0.0012779167
326.85703 1929.0508 546.6702 2225.433 0.0012752685
389.8655 1402.9832 311.67722 1384.3536 0.0012574154
600.30365 2102.4038 252.44669 347.6126 0.0012564175
767.8069 1611.2416 128.69597 143.12547 0.0012486582
607.79596 1636.6704 420.22156 1059.9127 0.0012439775
868.55896 3031.5537 33.757084 75.87613 0.0012332657
381.97208 1356.0529 284.77487 315.0943 0.0012253573
384.93384 2082.3992 757.9415 1929.4794 0.0012209859
655.3748 2145.9553 268.62363 281.2626 0.0011962446
804.3484 1734.4419 119.89679 404.06424 0.0011961705
869.1911 3037.2896 42.85494 74.89859 0.0011443605
257.7653 1575.4393 393.56686 800.76874 0.0011426248
587.92224 3019.5085 754.77454 70.62427 0.0011410563
690.8169 748.32904 390.23627 1420.3174 0.0011335312
879.95074 2997.8276 22.31245 191.61702 0.0011313031
709.008 1807.185 103.383286 203.90596 0.0011276079
454.90286 2018.9866 581.75256 926.1046 0.0011273506
800.4613 1826.758 113.04659 329.60602 0.0011235838
384.03854 1647.0123 187.45454 333.36038 0.00112061
881.9944 1471.0977 17.08448 540.3784 0.001095846
884.82404 2922.8142 18.942205 259.92197 0.001087749
779.41907 1768.5714 115.671364 333.0717 0.0010796089
244.58057 1581.2343 289.23624 838.1386 0.0010593316
363.0045 1192.9342 213.38599 715.2094 0.0010542726
340.9769 1570.0503 694.2417 1124.035 0.0010507186
269.83197 378.59146 509.5844 800.1368 0.0010332853
397.108 1652.6613 384.35147 967.4684 0.0010204274
279.74115 1138.7653 174.4593 187.62488 0.0010189207
412.94293 1514.8568 806.66907 1409.155 0.0010069602
557.8785 2125.2698 516.54694 1946.4733 0.0010047317
727.62213 1743.3914 317.844 947.2281 0.0010043455
154.4289 1428.0807 190.10666 1440.8021 0.0009924368
340.01358 884.9616 592.92004 854.1752 0.000983167
571.4731 3069.624 669.08887 7.8031135 0.00095194415
678.0242 1837.9194 495.86734 764.8929 0.00094817404
387.5071 1670.2113 835.3907 956.605 0.0009468141
448.65994 177.55511 842.90405 376.39 0.00094632426
883.1928 3007.4788 18.47909 105.07459 0.00094250956
362.2407 1528.1654 818.2389 2024.2467 0.000940605
400.87598 1314.6772 763.59674 1007.3219 0.0009298934
513.33386 1695.3481 202.0271 294.25598 0.0009052249
770.4889 3056.7417 464.95618 60.972233 0.00090312405
463.8533 3069.9329 731.21533 3.3647852 0.00087405863
727.9581 2173.4478 450.67606 688.64984 0.0008542463
648.22296 1497.0712 332.03995 1151.9182 0.0008535331
465.14264 2074.025 399.23743 889.0032 0.00085155707
397.7205 1310.9788 725.02936 2164.1914 0.00084605045
160.15823 296.4149 59.5782 116.42886 0.0008412985
877.5887 3065.1658 104.2386 13.2439785 0.00081266166
628.9277 1552.0021 291.5893 522.89984 0.00081210583
782.17804 2684.884 347.64554 764.82074 0.00077861594
820.58044 2528.7063 316.93997 687.2023 0.0007574478
303.74036 434.43542 488.64105 978.2532 0.0007185438
853.85565 2837.9236 97.770134 302.54236 0.00071299204
514.804 86.99103 567.1976 385.4509 0.00067625067
885.04346 3014.084 17.87564 156.12961 0.0006744289
445.97348 227.55576 867.81433 459.67828 0.000660024
383.95953 348.52048 780.87805 747.5538 0.0006282518
785.9389 1086.9678 423.12057 512.7358 0.00054099923
734.56177 2931.4253 397.25778 465.75204 0.0005344768
