485.14685 1043.1416 961.72797 2044.9924 0.8951442
930.5212 986.6788 97.51199 163.1419 0.06764381
448.55774 1061.9615 785.64935 1271.1162 0.06706
322.27753 712.43695 307.11295 233.15855 0.060620684
445.75778 1114.8455 796.4238 1366.2178 0.04705821
486.5499 928.21796 701.261 765.78937 0.045596294
471.61615 1060.605 721.0384 1136.6906 0.04041301
462.2611 956.26654 771.86194 1012.4287 0.034545735
485.64157 1041.821 958.34454 2040.4072 0.025668787
453.79092 853.58923 810.75415 1248.2147 0.025032207
256.6229 646.9057 450.83694 376.72437 0.020940525
452.22516 840.7067 763.7333 1137.064 0.020518154
438.11996 870.74664 804.742 904.5664 0.0195465
535.1563 937.9391 591.6293 706.366 0.019402226
397.55682 979.29205 688.4043 1216.2703 0.018661506
422.72885 923.56287 713.01263 1118.5862 0.017425805
708.6253 1122.0503 239.34882 255.99055 0.016754746
405.41 1058.1793 627.77356 997.3673 0.016526077
377.00177 1092.8983 657.31757 1272.2764 0.016166769
457.73788 1178.0438 703.67645 998.87976 0.016155645
373.70853 522.64 183.50406 154.3933 0.016130269
495.97372 821.1252 669.54913 490.77286 0.0153536005
647.16095 948.9082 386.1115 640.1341 0.015278982
698.66 1020.24005 272.67636 448.77563 0.015134679
427.22903 1179.1608 666.62036 1223.8951 0.015047766
515.8958 900.2613 619.6404 608.589 0.014321392
444.83112 1007.8136 758.4285 868.23303 0.013991359
376.24408 1019.2719 647.87024 1132.3628 0.01394919
451.6931 1474.9192 884.92755 1142.4312 0.013701168
429.0275 1330.4913 816.939 1187.8976 0.013660323
544.5167 977.608 579.3759 793.6555 0.012763454
480.36716 927.9133 797.7022 876.19135 0.012739448
466.95782 911.07245 822.4912 855.7325 0.01273814
449.60123 768.66583 824.8933 1000.693 0.012723595
445.54874 1316.2473 866.5338 1390.9945 0.01271244
451.40802 661.34546 859.15796 1105.5197 0.012143068
443.7074 1281.5259 723.9787 933.486 0.0121382475
366.99362 722.89374 426.17297 295.21323 0.011979472
456.97803 655.99194 876.84875 1183.5629 0.0117644025
441.08945 1252.4517 728.674 850.31213 0.01154715
392.8921 766.378 458.75354 365.42422 0.011233877
511.10715 1061.4467 670.1793 1201.132 0.011014999
495.08893 781.1208 708.5988 858.38086 0.010900914
466.7955 948.10864 877.11804 1051.7605 0.010712798
400.06033 874.951 623.43396 773.8333 0.01035191
358.86502 1130.1976 669.60724 1542.8856 0.010218811
450.00153 1353.5138 720.83325 869.1918 0.010003583
399.32138 820.59625 586.55804 618.59973 0.009897831
520.8152 883.58997 819.93225 708.98676 0.009856439
451.4899 1124.9194 868.36707 1011.5594 0.0098376
497.61523 1205.3071 649.66394 1025.6741 0.009791575
437.15204 1322.5133 745.38477 806.7342 0.009771637
455.7765 803.2076 571.1481 428.40063 0.009745221
355.17905 602.4815 481.9342 476.51056 0.009708124
520.78687 949.5285 721.4107 1213.8505 0.009683263
499.05136 1180.3956 625.1161 861.54865 0.009642801
460.44803 884.50806 883.56775 948.6706 0.009641832
437.78635 1279.6571 733.73663 851.78156 0.009618483
338.318 1134.1176 626.14355 1334.4426 0.0095950095
443.95093 1572.2133 869.31555 958.9277 0.009535082
890.8663 991.85474 179.60405 191.52945 0.009532773
378.2693 781.57166 444.9185 404.92175 0.009514498
408.80582 1036.6115 533.6474 872.9568 0.009488554
482.10754 588.86346 941.85297 1119.1599 0.009465793
462.47632 750.11066 877.6802 1344.7885 0.009368857
639.81213 1363.1348 88.2095 201.29042 0.009259842
623.5329 1216.4745 67.46233 92.28676 0.009216291
390.91098 1207.0027 639.9804 899.0873 0.009089593
498.65665 792.42554 683.254 414.85464 0.008914867
637.7654 963.54803 451.10425 735.3994 0.008848777
663.5189 914.9297 143.97592 165.74274 0.0088428445
415.9047 1421.3798 786.9274 1075.9818 0.0087211365
438.74237 744.9378 821.7296 694.2748 0.0086631505
415.28854 897.4701 504.07593 632.42523 0.0085965935
617.722 1050.1177 461.84128 885.1854 0.0084667895
454.60803 499.49664 887.3859 936.0601 0.00837252
545.7296 882.45605 726.2521 1124.1117 0.008368447
462.82016 498.8458 78.26833 258.93982 0.008362787
467.0742 542.28735 57.36789 178.22072 0.0083500985
780.73926 1072.4663 386.01724 390.754 0.008279668
640.8993 1152.8832 378.5961 352.91595 0.008278438
389.64377 1023.66486 505.9339 854.37756 0.008271563
275.5952 1178.6705 528.1286 1675.8497 0.008257798
421.02545 504.9492 298.72226 297.51904 0.008222963
474.51047 874.98553 874.42926 927.051 0.008216463
537.84766 1178.0771 738.4 1197.4537 0.008214458
353.72525 896.6698 566.9596 773.65137 0.008160076
511.31342 966.1569 680.5914 1030.6367 0.008047777
518.9063 945.9846 720.2028 1187.272 0.007954936
597.6176 925.99786 501.3142 834.1711 0.007942701
304.02948 956.9119 208.45586 148.20401 0.007897934
670.0389 1079.7545 346.35162 572.8614 0.007883619
558.06964 837.0731 662.0881 956.39984 0.007863876
506.9062 1322.1647 646.3122 970.67816 0.0077962857
445.62976 1233.1023 871.4394 1543.8632 0.007775473
382.75537 1628.8081 741.8038 831.9581 0.0077733765
420.68112 1397.7417 645.3687 788.94324 0.0077407374
661.5641 965.4862 350.58615 575.0736 0.007717219
281.82318 1059.8347 543.76526 1913.1238 0.0077144043
543.3915 1061.1265 572.8034 789.54376 0.0076975627
439.3896 1495.6809 506.41125 532.74695 0.0076887202
504.04236 1310.5901 653.6394 1059.0052 0.007669924
452.41705 408.3742 69.142876 104.38855 0.0076665753
707.7199 962.9131 239.06735 280.1098 0.0076583005
351.98276 1076.8284 667.76056 1730.3497 0.0076347063
644.6465 660.328 218.56256 107.247246 0.007632673
668.2361 878.5519 332.56635 335.86777 0.0076064314
311.9629 986.3896 573.78345 1046.1526 0.007591835
576.05676 1143.207 522.1197 741.31647 0.00753335
433.3924 1503.5486 522.09393 582.7003 0.0075298026
445.77002 1495.0114 488.62683 509.6796 0.0074929576
397.96298 1596.6694 770.4567 861.95917 0.0074725207
317.2674 646.4378 561.00366 437.724 0.0074245664
673.4317 1138.0853 342.26575 570.744 0.007400124
772.67194 1069.3168 120.84252 159.18092 0.007382024
299.5611 751.6392 470.73312 540.0927 0.0073816534
533.1954 1226.6945 579.54614 810.31775 0.007358358
588.80347 1200.2867 488.8322 740.22644 0.007277817
340.24936 827.89014 584.6657 729.8498 0.0072551183
519.9258 1276.3342 607.47815 815.3181 0.0072352025
415.17502 1480.0404 571.0945 593.05585 0.007212874
384.03043 1153.6545 623.00244 723.76996 0.0071914215
336.36575 710.34827 266.92792 216.56693 0.0071889674
629.3061 1248.2316 99.46804 149.97972 0.007183153
364.26456 1369.7557 689.3412 1193.8699 0.007172867
598.0376 1146.4167 461.01434 574.83496 0.007170029
631.2311 861.08685 230.12646 255.9976 0.0071540894
398.29193 645.47943 686.68524 782.7972 0.0071068043
427.70013 410.28906 115.94622 124.91356 0.0070204
606.5801 730.4966 689.039 724.5146 0.006966401
675.96936 1023.71075 436.86136 816.7103 0.006957368
405.1724 675.1002 686.87103 499.35516 0.006907517
589.1728 1119.4061 560.81885 1022.7628 0.00687009
418.589 606.2988 741.37085 648.6131 0.0068651596
210.6466 1058.9355 407.752 1986.5055 0.0068343496
336.2338 894.28705 606.4786 886.5915 0.006787067
362.70163 1356.9523 684.08417 1091.9194 0.0067829057
537.50525 1548.5212 102.430176 150.71451 0.0067629255
332.96924 738.5144 573.098 552.24225 0.006726875
423.8669 661.9574 728.5978 764.4438 0.006726327
611.64233 990.7517 566.12604 760.85626 0.006643862
573.82245 1263.4937 193.18434 181.10078 0.0066150418
338.76248 953.84955 291.86487 185.25243 0.0066001588
376.42416 1072.6163 421.50104 809.9736 0.0065519777
786.92786 1021.49945 193.54341 265.3732 0.0065508485
229.62703 342.96497 423.44482 442.2286 0.006546561
377.60086 1016.35236 459.13416 816.55615 0.006533654
183.18799 583.3863 301.93085 258.29266 0.0065321033
403.3441 1218.3091 424.81418 1283.5592 0.0064933957
561.68384 1365.7202 556.1236 976.8604 0.0064920117
381.7956 722.95734 624.5737 838.73773 0.006470227
645.73676 716.5964 396.86905 486.66498 0.0064572156
347.07333 662.33026 641.5488 447.00522 0.006456411
472.05072 793.9607 375.80737 371.86996 0.006438737
704.12537 767.07153 514.9909 626.7462 0.0063962466
316.41553 1088.1388 431.75256 986.8215 0.0063917907
545.5679 562.89404 206.78586 234.2572 0.0063873283
648.3502 855.5333 621.41064 545.0594 0.006373462
634.7272 767.65436 442.98322 620.77515 0.006368499
578.6212 1441.9099 216.49477 360.36768 0.0063620904
356.76498 1235.412 282.15085 372.2168 0.006353147
749.76544 1256.4324 172.52042 282.2048 0.006343086
864.78796 1049.038 228.92732 301.83978 0.006339042
777.589 942.2529 392.68286 315.51468 0.006303803
442.23065 787.57733 818.2533 695.3709 0.006289768
343.18536 1159.0613 408.0931 552.76245 0.0062888563
346.18765 563.7183 620.93677 574.6824 0.0062530474
524.1468 1161.0494 364.49973 528.16797 0.0062016537
596.4418 999.9966 484.41556 803.03925 0.0061330358
533.11005 1564.6946 191.75464 216.91034 0.006126709
572.9227 1000.75946 563.4296 988.23303 0.0061147055
311.2963 526.41626 324.75143 213.93422 0.0061132275
502.21677 1231.7465 645.36017 1176.1034 0.0061122514
556.68536 1276.497 757.8093 1160.7406 0.0061072446
533.14984 1444.8152 305.19583 369.2262 0.006080663
364.14038 949.2208 317.1201 193.18764 0.0060793255
399.73245 985.64087 407.41452 687.66095 0.0060585067
433.07416 1149.9149 431.9743 572.4806 0.0060448516
470.79947 1733.4554 128.79832 160.29655 0.006038978
728.17377 1247.0958 231.1655 355.33792 0.0060249437
288.09402 518.2332 520.88293 629.0879 0.0060077207
436.50702 700.941 819.7495 560.0378 0.006006408
382.43912 905.2566 417.5529 569.5449 0.0059992666
554.6426 1270.4822 231.45877 193.19397 0.005977482
458.01697 1243.8988 375.75806 561.56165 0.0059359716
443.51483 1037.0204 379.8101 396.1419 0.0059081526
611.1338 1300.2546 458.99844 830.8917 0.0059005963
261.9191 1299.1556 407.4542 545.7523 0.0058882576
324.2726 923.6236 568.5724 897.79333 0.005860966
354.59097 661.866 647.83923 615.9438 0.005847468
543.3673 1401.9531 598.5267 1178.8313 0.005841929
522.17426 989.8575 684.60425 1197.6289 0.005816738
382.58304 635.7104 541.4392 393.84286 0.0057973904
516.6097 631.481 545.99445 563.49115 0.005763322
431.059 1016.6663 812.0989 565.29224 0.005734054
435.25595 1182.4911 209.67143 314.50064 0.005713059
720.43713 881.42 234.7038 159.62762 0.0057109008
835.0707 1134.7477 281.88974 471.57938 0.0057069543
353.89536 453.5708 229.16232 166.14381 0.0056903865
449.51086 867.5649 864.0257 1372.0573 0.0056895884
494.86826 1402.5846 630.38556 1257.8081 0.005688048
447.5619 1527.4271 129.90384 163.06377 0.005654844
444.79083 1225.8158 869.9189 942.07056 0.005654316
537.3561 1320.0001 284.74316 298.2475 0.005649811
456.2784 508.12943 198.7565 303.1427 0.0056441184
365.8773 530.88165 667.55286 719.21893 0.0056289677
501.42386 1283.8254 383.15256 504.06946 0.0056279832
363.92786 1237.3759 640.69196 606.19086 0.00562098
682.9274 1081.4589 442.78528 937.1698 0.0056143072
218.64838 1207.6 418.3451 1369.0507 0.0056114383
691.44684 841.8557 513.0101 811.08154 0.0055723474
522.66504 1273.9144 316.17398 404.72116 0.00555985
217.12708 1238.6572 355.5073 405.9048 0.005554846
286.33447 1719.9221 126.26709 117.537506 0.0055527734
915.24426 1069.0957 134.06186 354.89545 0.0055461996
483.9432 998.8672 354.45026 543.9526 0.0055391244
632.4876 874.1948 82.30055 101.47659 0.005492865
640.5051 797.63025 392.27045 375.84113 0.0054924306
303.66055 1692.457 188.43242 201.19493 0.0054915966
536.4143 1165.4271 272.44815 338.19574 0.005461836
335.6421 711.1452 263.05447 215.44193 0.0054589356
465.04144 1431.799 219.10902 293.47156 0.0054484117
339.43872 1685.7404 542.78046 461.2228 0.005429175
569.5705 843.4903 474.16998 453.67313 0.005393009
489.8908 1721.2488 196.61314 210.16356 0.0053864555
780.24274 1121.7383 389.90918 472.57397 0.0053575784
531.3966 1240.2223 551.1964 1238.6097 0.005347008
240.47021 1399.6622 213.44002 236.7929 0.005341515
522.3244 1199.5398 577.1264 694.28986 0.0053352183
506.00757 1138.6309 474.49396 675.95044 0.005329879
355.6575 520.82434 124.652374 118.09799 0.005313528
503.64105 1298.7799 813.2152 994.3916 0.0053078304
259.631 1131.7582 195.98747 211.56741 0.0053014443
512.07416 1124.5488 217.22475 276.72476 0.005300894
394.5509 1158.7249 392.4744 928.2511 0.0052851005
460.23523 1443.649 467.84454 526.33295 0.005259717
555.0605 1269.4265 622.2695 1409.5287 0.005214342
444.62427 1403.4475 433.7745 364.39087 0.005202204
618.358 1262.4651 543.6615 769.3293 0.0052004503
284.00195 1509.6494 525.5796 598.77313 0.0051828246
433.88132 390.505 839.3415 740.4642 0.005171729
535.533 788.94135 261.44937 312.87903 0.005171314
313.88287 1049.1301 387.59485 757.51514 0.0051398817
228.28984 530.3713 295.36484 184.38142 0.0051276316
808.07623 1156.7023 325.58057 527.20044 0.0051018195
357.44952 1469.1199 260.6438 290.97885 0.005096464
875.3604 1102.9147 209.4981 412.99042 0.005081647
545.3747 1103.2915 662.2525 612.8947 0.0050591463
511.63623 1565.1315 238.99779 243.61656 0.0050223623
252.40182 538.12115 481.52045 580.55963 0.0050088177
741.4 1129.6296 304.35654 598.4583 0.0049837898
680.75244 893.23346 174.02449 144.46252 0.0049687168
272.35754 1759.4928 526.23413 583.732 0.00495352
680.0365 940.7756 536.27075 722.07336 0.0049448176
495.45038 1019.51166 227.57837 265.0325 0.0048756604
614.8863 770.7682 464.58762 751.94305 0.0048704096
354.8318 1546.0872 502.0818 1000.907 0.0048701665
691.2832 1124.6781 451.72052 1060.6228 0.0048668166
517.79565 1624.8408 293.06882 362.51636 0.004861575
430.28818 1759.9198 277.33075 309.61987 0.00484967
645.7071 1086.2722 584.87787 687.8038 0.0048484155
619.5428 672.8806 213.32811 166.90494 0.0048308154
653.4109 909.7318 136.69485 157.93842 0.0048305057
216.81177 1139.5756 390.0536 642.39886 0.0047796997
404.53238 1024.0863 358.30707 294.68173 0.0047487277
548.8272 930.86237 647.9308 963.8916 0.0047419695
600.9837 1026.3912 681.0758 1084.9791 0.004735969
332.7071 1546.9768 638.07367 980.7304 0.0047289934
572.17 1545.3431 463.253 619.02185 0.0047285017
801.5902 1093.5128 342.64874 418.3201 0.004726462
699.13544 675.55237 311.0071 459.2074 0.004692703
519.69617 1475.8413 335.93423 518.3565 0.004680332
706.00116 945.22015 491.34073 710.8605 0.004664173
216.2975 1772.6549 417.8971 567.9167 0.0046636015
478.17032 1703.859 345.85898 465.9615 0.004657877
436.13785 693.4432 856.7038 529.3007 0.0046534333
431.38824 724.35876 768.67316 1062.204 0.004650479
459.51508 568.85034 276.68015 442.5752 0.0046486366
577.60657 1376.7112 611.1393 1265.4507 0.004648586
704.2755 853.5958 508.62494 884.6563 0.0046387184
206.57857 1538.8687 400.98242 1031.8732 0.0046337475
759.5349 1194.6577 410.08 660.8923 0.004620875
670.49884 936.14935 566.8098 1101.0184 0.0046196124
418.62424 1033.4229 416.81973 404.48874 0.0046114367
332.4164 473.424 417.21774 324.04926 0.0045970567
689.1886 1207.076 543.4475 1207.8113 0.004594485
611.0774 1358.1819 233.6891 302.76288 0.0045866454
691.7416 1385.03 228.53436 264.3028 0.0045846454
536.58246 889.018 282.62607 375.90875 0.0045775957
459.85724 1599.0947 312.76978 615.83276 0.0045704613
600.4893 602.7122 320.42078 327.58414 0.0045694658
591.532 721.09314 209.89638 224.88501 0.004559651
493.18182 1189.1859 280.424 310.16824 0.0045141233
503.2875 654.35254 155.98628 152.37985 0.0045051794
380.25174 1172.906 468.7823 441.04404 0.00450429
562.1751 664.3097 568.8763 672.619 0.0044975323
426.22195 482.11026 427.3221 370.22104 0.004497447
344.78568 1583.6296 411.94846 632.2374 0.004492567
435.94556 889.11426 365.4188 469.58594 0.004478433
477.35553 423.61032 948.6482 811.8011 0.0044770874
618.6154 779.8978 458.48227 805.69055 0.004472667
496.41162 768.34033 689.5483 347.79013 0.004457543
383.65918 1648.6316 441.18338 761.58594 0.0044466043
793.6757 1058.8517 137.18115 193.26343 0.0044403477
601.58044 1520.0391 429.2344 653.8609 0.0044152793
640.7354 1385.7069 377.14322 513.4648 0.0044116504
426.20358 947.5807 366.14804 432.08823 0.0044051646
514.1357 1344.3167 341.73376 881.2803 0.004399783
902.87775 1105.444 160.11397 425.35336 0.0043958705
184.01479 1948.3153 355.73212 247.45923 0.00438811
327.23126 1517.4845 496.44345 928.94 0.004376727
695.26154 1035.2189 512.27704 1018.49097 0.004354678
362.42178 518.87286 190.91586 164.30547 0.004325392
210.7343 1872.5675 406.7226 390.4154 0.0043166038
646.2887 680.52277 400.44684 751.034 0.004305543
452.8994 1777.5211 896.84845 596.2943 0.0043021506
510.31342 1534.7 241.84319 519.05206 0.0043003354
519.6034 1576.5721 448.4033 767.55524 0.0042778268
635.85376 1102.1727 369.91428 361.2932 0.004235127
710.805 1218.5422 238.22878 381.92032 0.004234882
817.9376 1187.0121 126.11881 225.66292 0.0042132563
674.4841 1103.1404 358.25986 979.0687 0.004213243
352.52667 1656.4424 639.9216 512.7995 0.0042076507
693.9908 1123.586 542.9187 1298.1907 0.004206572
607.8162 1052.4727 423.41733 860.99634 0.0042000874
709.8233 1051.0674 148.51308 153.71413 0.0041896934
400.47745 563.2173 758.5505 568.66986 0.00418035
720.1736 1090.4951 469.27493 1182.2142 0.0041777897
561.4448 1139.8682 526.9192 360.2071 0.0041760146
281.03183 1571.9974 548.68976 988.2342 0.004165267
428.052 1430.188 497.10223 351.8163 0.004159191
643.21906 1478.917 466.96747 871.3347 0.0041591045
457.23148 1198.1465 910.75305 948.3672 0.0041522747
703.78723 1192.0729 474.71317 978.59607 0.0041513084
609.93353 1431.7626 474.9728 1196.9918 0.004133207
519.47986 1480.66 563.94135 1011.05597 0.00412993
611.07556 1504.8951 434.12552 746.0305 0.004127536
472.6131 1342.8429 271.72528 271.20947 0.0041243406
704.20416 1008.6682 511.8198 1142.7571 0.0041059516
672.29944 1460.3029 225.44946 356.46146 0.0041035013
643.2016 1148.9531 382.5502 1021.8096 0.004093247
649.17255 1497.0066 275.0451 294.44604 0.004090128
763.4373 859.6324 164.49786 121.93338 0.004083824
578.388 1121.601 515.8664 1113.5966 0.004081552
293.72888 835.2466 543.6186 937.3492 0.004081465
723.76074 1286.245 218.10262 329.35062 0.0040790443
288.05023 1334.9924 270.61664 286.92188 0.004076543
639.62585 790.9347 433.2971 788.72 0.0040585026
614.20593 876.46844 214.04541 260.74973 0.004056416
134.81296 1873.9482 257.94568 383.66913 0.0040414026
740.88934 1116.5543 277.4918 585.4681 0.004020973
128.79314 1933.5636 248.36533 272.38208 0.004018411
576.8054 1569.3864 440.59525 671.86884 0.0040145162
547.2246 1445.3534 299.3345 375.32397 0.0040053064
546.32605 1210.3169 548.1055 1314.4506 0.0039792107
441.64117 1636.7126 247.04219 292.38406 0.003972355
504.943 1699.8296 274.50375 338.14743 0.003965531
280.15985 1873.9028 544.67523 388.90247 0.0039455304
534.6381 1325.4811 791.676 925.7843 0.0039227214
324.2215 1845.8701 163.64728 192.86176 0.003908876
464.2309 1067.3837 148.23407 179.69955 0.003890269
862.2124 1134.072 238.21434 490.184 0.0038852924
545.82776 1010.6412 263.69476 303.34543 0.003881736
824.2345 1147.8506 308.71948 503.86734 0.0038717885
835.4466 841.92505 285.40356 465.22015 0.003868777
591.15625 1152.3125 383.3902 479.8653 0.0038550633
644.3727 739.69495 450.86185 778.3924 0.0038425075
423.49936 1378.8278 395.4468 269.69238 0.0038423524
694.74963 1324.0725 484.4569 866.5856 0.0038422209
184.83014 1667.395 355.56754 707.1792 0.0038385652
433.3896 1375.6421 184.09894 199.68948 0.0038274243
536.31525 1060.0405 678.25903 1207.6976 0.0038121138
153.4007 1346.8296 295.2759 1434.7466 0.0038058718
504.76407 1112.2324 330.27594 336.02557 0.0038054956
563.1256 687.91876 300.38843 473.9159 0.0038019796
655.83307 987.46106 146.54237 180.93596 0.0038002657
768.9718 748.39246 396.8258 657.23694 0.0037980392
712.64795 1298.5673 318.7676 792.106 0.0037957174
261.03387 1858.2506 166.52713 182.5651 0.0037652794
502.53696 1239.746 172.87854 140.65132 0.0037557918
464.90012 1688.3917 350.94427 422.52847 0.0037503792
491.33835 1762.146 243.01987 292.94827 0.0037461324
507.0653 1165.172 617.6055 1319.679 0.0037404455
559.21533 573.5819 235.54694 243.47392 0.003738392
448.58038 974.52905 880.9013 568.8309 0.0037271688
747.00397 920.50543 361.28424 635.2633 0.003716712
597.9638 1541.4337 138.31213 171.52147 0.0037151128
729.39 703.86646 165.06111 169.60722 0.0037053619
523.54114 905.29987 585.85895 612.49384 0.003695473
733.97186 1129.7991 470.11807 501.4494 0.0036888393
706.2816 1248.4268 265.07642 365.3335 0.0036887603
628.84534 1227.5342 393.5424 496.4728 0.0036863955
510.3074 1378.4377 119.26187 154.42311 0.0036830169
363.49078 1551.5104 262.0024 290.22775 0.003668148
707.82404 1110.3875 252.99829 277.30865 0.0036569803
493.4374 779.17365 234.01054 260.18393 0.0036414755
645.7771 1297.9578 447.7941 940.20447 0.0036393793
364.0533 1581.2839 269.17862 276.6283 0.0036269873
466.0341 1343.1466 372.2459 1004.9142 0.0036242004
440.72733 583.4556 281.07666 292.18085 0.0036238816
823.8738 1243.1328 133.42525 216.83818 0.003619728
728.72174 1266.8208 472.17307 746.7897 0.0036191018
723.9526 1341.879 124.9122 169.78374 0.0036145377
581.467 1252.4258 353.47583 561.46436 0.0036137034
499.25552 1916.3047 980.022 334.17392 0.0036125
83.85512 1929.9327 159.6989 279.61258 0.0036087874
171.41602 1722.34 193.25774 192.44063 0.0035954828
64.73857 1940.6273 118.83791 247.39722 0.0035756617
317.30307 1404.3036 456.91928 1018.0673 0.003574303
231.58626 1368.252 390.25885 870.72076 0.0035700663
648.1592 1319.098 390.09454 798.502 0.0035537214
274.9373 1434.1122 400.76654 789.7982 0.0035506764
615.04767 678.21747 434.7759 674.8498 0.0035445576
150.85904 249.2753 245.63274 256.505 0.0035138903
589.1577 1138.6206 415.17822 802.2936 0.0035136149
710.45306 1003.9811 363.8182 571.19916 0.0034730348
834.9367 1195.7322 289.56757 608.04675 0.003454766
511.61285 1735.3722 166.87654 215.61201 0.0034515825
177.3103 194.95036 236.24141 184.07697 0.0034498265
450.92828 1694.3867 199.22905 274.85004 0.0034481466
602.6609 1591.8856 274.81168 353.51868 0.003423031
221.70164 1965.5614 429.17776 222.36739 0.0034187895
505.80606 870.96875 168.2641 176.92923 0.003410872
384.83768 1554.1161 708.9631 434.06284 0.003403887
542.7153 1694.355 298.2134 495.39706 0.003392278
603.841 1325.1117 713.2024 1191.5573 0.00339119
326.6119 1721.2856 487.12457 703.1282 0.0033889085
520.5202 1350.0264 727.10754 734.31683 0.0033705314
380.25424 1790.6462 743.2282 567.9944 0.0033641846
123.46136 1591.135 236.3636 948.7101 0.0033595562
785.9935 1278.2689 193.17093 260.98596 0.0033539555
452.90433 1492.4999 234.79947 538.5834 0.0033534328
231.14948 1914.9056 437.8968 303.41306 0.0033433088
477.70535 1378.418 414.07175 357.06085 0.0033369118
438.68427 1783.8287 328.17896 362.00656 0.0033352503
644.99243 1565.8591 421.27484 778.3991 0.0033248572
312.63995 1408.885 466.32117 738.118 0.0033215831
301.72906 1728.5033 109.32825 112.56014 0.0033143752
894.7566 1044.4646 154.02466 314.03906 0.003311253
505.19815 1330.8844 269.821 343.88983 0.003298126
460.04352 550.5434 88.95557 175.28516 0.0032954265
181.42343 1521.0627 254.4276 259.2624 0.0032802613
74.03409 1972.6459 139.29655 197.672 0.0032731302
572.3431 1439.3911 452.0187 993.2126 0.0032726326
611.9663 1242.3136 130.72287 170.12637 0.0032675222
492.79956 1746.0249 289.36646 339.78552 0.0032600749
411.99646 1464.3003 463.04623 352.89203 0.0032256274
497.99374 1726.6943 292.19113 362.83746 0.0032226162
735.9812 1075.0106 488.30777 1463.7358 0.0032193903
654.14594 1037.323 383.0118 1157.7063 0.0032128755
432.2862 1735.2914 400.08273 499.23175 0.0032108282
737.2552 1072.0868 461.3017 1402.3567 0.0032044628
650.59705 1159.51 324.7854 446.0352 0.0031989967
454.71475 1673.6638 621.9094 733.434 0.0031935303
680.74414 792.25366 366.6678 734.5229 0.0031763902
576.2699 1220.5305 510.18076 1311.5602 0.0031690265
882.7912 1488.8323 243.54178 1193.916 0.0031571698
760.0156 883.0296 421.04636 839.0517 0.0031537844
697.4574 1154.778 549.75555 1400.3732 0.0031525658
182.21501 919.0369 328.09744 648.1604 0.0031511006
64.7117 1922.9344 122.97709 291.85376 0.0031497648
695.2784 917.37024 471.8553 1049.9604 0.0031230713
524.05457 1548.3112 314.21182 398.05753 0.0031179537
512.4433 1375.4065 124.92744 181.2704 0.0031131434
119.148346 1726.4884 227.61423 667.71826 0.003105211
465.45413 1261.8921 949.22644 772.58923 0.0030996853
544.92126 1283.285 281.63327 303.8424 0.0030654157
806.8024 1287.5175 348.72055 793.9866 0.0030450297
592.706 920.018 605.65393 959.5373 0.003044678
894.7037 877.86 189.9334 391.52176 0.003027288
667.53986 1095.4879 329.4261 723.2068 0.0030188893
357.89304 1699.0577 337.7093 230.41599 0.0030167832
705.6517 1508.838 221.4734 310.96805 0.003008239
625.2403 1094.5809 368.26605 825.1634 0.0030049772
378.6638 1808.1833 699.9814 542.92163 0.00300211
651.60834 1175.9144 369.37262 940.6079 0.0029818576
543.9939 1552.558 373.57437 871.6559 0.0029687805
744.63464 692.8943 245.46133 415.08438 0.0029584793
892.41437 1960.7375 206.58739 239.86505 0.0029515645
667.01587 869.80194 586.58234 563.2172 0.002944415
623.54297 1607.7733 201.2152 283.31226 0.002933788
395.41946 1326.6241 379.4412 1140.4233 0.0029292027
727.9032 1550.4932 379.3789 1057.058 0.002924213
781.50006 805.86426 204.50803 327.49362 0.0029240393
384.75897 473.57474 360.92953 291.8637 0.002919859
542.8317 1585.1953 394.13437 862.4291 0.0029000787
612.68787 1675.8413 405.25543 767.1538 0.0028968235
636.0706 1215.0182 103.66823 128.1654 0.0028922476
664.2352 1205.5677 368.72983 1244.811 0.0028894572
764.7254 1434.3976 437.8664 1177.3694 0.002880581
442.90845 1864.3628 94.85488 138.8448 0.0028763616
861.34143 1929.9293 276.86884 306.90878 0.0028666705
73.15937 1778.8849 139.12747 577.4365 0.0028588006
891.1856 949.3599 181.74013 297.8926 0.0028564022
812.68243 1028.5302 332.32614 606.2354 0.0028540222
320.61584 1193.3523 527.2414 367.70496 0.0028429893
665.5606 772.0747 447.11176 893.2667 0.0028287005
491.11417 1848.6598 258.97043 280.49948 0.002823104
782.3003 1303.8146 408.18805 1517.0592 0.0028223658
602.14545 1045.4617 364.0539 821.88586 0.0028209141
728.1517 1117.9904 516.8561 1706.438 0.002816321
499.11203 1972.928 978.75 224.20128 0.0028123627
852.21576 1316.6666 276.31436 831.0291 0.0027994104
903.19135 1930.5544 196.78133 281.1828 0.0027991747
284.21423 1925.8503 354.58127 279.72745 0.002795138
363.7479 329.19067 363.8532 476.17917 0.002764034
628.864 633.9787 536.7085 667.2027 0.002753441
92.10244 1756.7583 170.18135 508.32864 0.002749491
447.79358 1835.5802 362.4413 366.26303 0.0027386085
407.2961 1117.6465 478.69156 435.89948 0.0027369808
420.4872 1003.39795 248.95853 313.32468 0.0027308862
276.92383 840.93823 355.88177 325.7484 0.0027277675
477.00412 1907.4955 173.01524 168.87492 0.002722559
779.2897 1230.8435 263.1072 405.97922 0.0027101547
539.6749 1509.3053 592.05774 554.8204 0.0027043638
374.4174 1814.0427 459.84747 364.16544 0.002702812
505.44952 298.91196 989.82196 577.511 0.0026964135
492.61615 1642.8735 400.8645 618.68274 0.0026873886
798.84576 1174.1454 82.342964 137.58125 0.0026865376
916.5201 1920.3562 162.35777 325.54697 0.0026776905
918.2065 1804.4075 173.07619 247.19165 0.0026217713
449.55515 1070.0138 292.99228 304.36606 0.0026190819
487.02917 1046.083 962.7243 2034.2717 0.0026187706
665.4841 1558.072 368.16745 588.36255 0.002609239
663.6484 1135.3435 222.68689 213.58447 0.0025981944
613.9995 1309.7346 394.6043 1022.382 0.002576984
634.36523 1340.4287 374.04498 996.505 0.0025501312
623.14777 1100.7946 441.08997 1119.0776 0.0025424964
439.76315 1732.2952 705.8685 884.6313 0.0025396417
928.2041 1036.0883 85.47895 138.5132 0.0025384824
859.94006 1971.4386 250.22559 223.67317 0.0025371765
966.339 1860.3696 91.11188 447.28662 0.0025350475
89.30125 1566.5277 171.40044 1008.3956 0.0025341758
312.48453 1938.5936 601.4722 271.39798 0.0025335914
525.05615 1017.46313 524.051 819.5774 0.0025170278
757.5877 1293.8469 271.22733 375.87485 0.002513702
333.85956 1868.3496 681.3512 452.41336 0.0025091532
903.3972 2004.931 188.60265 158.5017 0.0025090757
889.1254 1698.6078 237.77977 774.0951 0.0025046887
826.0675 1798.7887 349.14117 558.01666 0.0024993727
327.31818 879.6622 499.9927 1103.1757 0.0024910339
123.30958 1191.3055 241.01628 1472.7288 0.0024832971
924.28735 1692.291 160.14212 423.12955 0.0024672048
442.59995 1805.6023 816.65607 703.7352 0.0024598413
463.2351 1683.4 566.41254 680.39606 0.0024545605
404.61032 1225.1176 269.7564 458.07812 0.0024536455
430.42862 1899.2592 324.22144 293.6716 0.002452909
888.01874 1855.4885 171.47215 205.7121 0.0024528983
738.5886 1541.5664 345.08154 718.79926 0.002434616
699.70746 1191.4005 357.81372 1212.4694 0.00243428
761.97003 1952.8557 329.6657 260.11636 0.0024228296
57.208786 2038.3456 110.99525 79.576775 0.0024207963
883.46423 1990.6006 219.19545 186.97954 0.0024185462
103.767456 228.21114 174.9354 256.30292 0.0024062125
409.1858 1717.2623 526.69574 666.8178 0.0024048726
747.89703 761.70557 260.74362 300.86578 0.002403716
473.93997 1243.3448 263.69382 442.1233 0.00239249
516.1041 1833.8245 910.64685 493.3557 0.002388276
377.43155 1619.5394 505.71304 394.78143 0.0023745685
543.8036 1850.0018 321.83267 416.62363 0.0023743822
769.9556 1890.849 439.87836 379.91086 0.0023678264
943.26624 1719.6437 138.71968 231.40637 0.0023674897
259.61044 949.4905 361.89963 786.44366 0.002366634
902.67084 1844.9309 181.88655 288.53787 0.0023663852
782.44446 1147.4515 419.38358 1641.1221 0.0023633342
759.9232 1973.8052 264.0932 216.62506 0.0023578182
906.7498 1679.8998 191.16351 259.01532 0.0023550293
852.73486 1155.7098 106.58149 240.07338 0.0023541376
677.48114 1486.7695 130.48978 161.95584 0.0023518654
711.6924 1522.991 168.576 239.523 0.0023516952
760.993 1113.3093 462.23874 1853.0503 0.0023450505
869.0367 1992.4398 218.94867 179.05615 0.002328427
872.00037 798.84576 242.20383 546.8233 0.0023239872
688.2227 1848.7533 322.18698 457.66708 0.0023064252
413.55228 1364.0422 309.4566 653.5004 0.0023014871
566.23584 1072.0992 595.8197 387.10724 0.0022967402
579.81915 1748.6782 367.90305 362.10217 0.0022949697
413.5687 226.9174 209.22592 170.87303 0.002294054
866.9112 1806.8165 254.32774 506.2563 0.0022918645
745.34265 907.7958 454.39862 764.3546 0.0022773729
932.9072 1810.9111 131.09494 286.22986 0.0022752741
895.2809 1921.5449 157.37276 231.78082 0.0022633937
887.1664 1991.5797 221.0237 184.61708 0.0022386794
872.47784 1691.1124 225.85675 309.47195 0.0022328557
920.30286 1641.1678 170.50732 694.8065 0.0022190602
764.99243 1967.3882 221.19637 221.2037 0.0022072794
823.5644 1839.3335 184.1368 210.76848 0.0021987339
938.5736 1985.2782 124.32046 198.87814 0.0021943278
492.2205 1103.1355 721.31885 450.26532 0.0021943133
87.81462 1593.2092 162.72656 570.4359 0.0021917536
517.6615 1825.0281 149.76416 191.65489 0.0021843952
820.41205 983.9753 136.93764 170.4761 0.0021807877
692.29675 981.2565 437.2333 851.04004 0.002164052
724.55865 1303.2966 98.41778 137.28833 0.0021640202
425.2079 1348.5706 293.67432 599.00354 0.0021597822
616.40857 1763.7362 210.90294 266.6668 0.0021565002
694.7756 1940.8934 188.14883 182.96811 0.002153779
670.2919 1922.8251 216.56964 245.3563 0.0021523947
81.43241 2062.834 155.62997 49.894924 0.0021504427
776.31616 1934.5302 218.54335 285.01385 0.0021482143
398.9117 1530.9392 388.59253 557.4169 0.0021473435
946.72626 1782.6289 112.1165 326.79587 0.0021434848
739.9042 1972.7803 170.19733 208.18114 0.0021409916
930.09973 1818.8345 141.39145 213.01399 0.0021369888
805.1197 1212.6786 365.9663 1148.5975 0.0021336176
572.7418 1918.5681 182.96626 187.29625 0.0021335466
902.5331 1934.8445 165.13713 233.56491 0.0021294765
947.37463 1264.6266 124.20559 756.634 0.0021159481
824.7064 1437.5243 262.99667 965.4516 0.0021137765
451.16898 2018.0735 913.301 148.65334 0.0021132494
380.3048 2000.7041 767.0747 169.88835 0.0021104137
722.83777 1563.2848 367.52908 564.92255 0.0021097912
729.23096 1476.2374 283.79123 436.44495 0.0021048589
862.86346 975.24774 241.69583 555.6589 0.002096678
569.3168 2017.4193 167.46925 129.18463 0.00209484
525.0123 1860.1097 228.06696 330.05252 0.00209095
636.32587 1332.7458 608.3627 717.28076 0.0020889272
755.73456 1753.5374 304.6671 413.83026 0.002086557
393.66745 1847.9723 502.7596 532.21643 0.0020775206
525.7176 1897.7468 172.23528 211.48305 0.0020753685
209.28688 620.2059 188.12857 160.52173 0.0020743357
818.6509 1115.5182 340.02866 1348.2072 0.002073121
767.06683 2014.6177 241.9641 143.65492 0.0020713648
690.62537 1827.8812 229.23647 271.7634 0.002063249
796.344 1867.6395 402.6492 430.45285 0.0020614169
337.37042 1934.2715 714.1357 347.15173 0.0020592727
451.6304 1919.6738 259.1726 321.7767 0.002055434
666.7683 2031.5125 225.69865 106.95442 0.0020457746
453.69995 1543.2449 291.77997 700.4782 0.0020427774
651.8777 1872.5153 194.81519 173.4054 0.0020424633
333.38626 990.4383 463.4126 771.45996 0.0020371927
711.34186 1207.393 521.527 1277.936 0.00203696
814.10455 1795.2592 247.10483 248.22421 0.0020367012
619.4359 1971.7267 255.15155 213.7185 0.0020356239
712.3854 1810.8794 174.25851 191.77055 0.002022136
756.45526 1929.5576 175.30093 172.42477 0.0020219714
884.64496 1149.0546 213.39563 513.9582 0.0020207632
543.05835 2023.5804 316.78326 122.94051 0.002011482
336.91504 1891.1868 548.7484 502.9947 0.0020111524
634.402 2000.9445 180.81999 160.22145 0.002002727
817.7969 1943.9728 158.06995 189.50899 0.002001178
525.9916 1909.1488 233.30826 245.9453 0.00199661
541.5146 1867.0846 173.02667 203.32306 0.0019911893
152.92253 2058.913 290.9671 53.56739 0.0019902154
507.42038 122.97864 997.68195 238.84944 0.0019879153
103.95521 2067.7703 191.81213 38.247917 0.0019855185
646.94653 1605.9208 503.7053 546.6557 0.0019811068
820.05164 2015.6252 265.2706 141.21397 0.0019803944
791.4161 1294.1414 235.86905 381.56036 0.0019734916
737.2345 1690.0687 268.62695 483.72977 0.0019694918
883.1734 1205.7173 193.67299 473.69864 0.0019670865
673.2567 977.22064 312.19714 464.53918 0.0019527652
840.753 1721.2079 208.06787 211.08229 0.0019473474
827.4195 2022.6475 283.28262 118.0107 0.001930147
747.34924 1495.6962 223.3469 336.30783 0.0019298089
652.5283 2033.5941 174.50433 182.28198 0.0019285677
603.2989 1811.6061 164.04332 234.02766 0.001928396
625.89246 1980.8738 523.71686 209.97543 0.001927795
760.98645 1350.5394 329.32996 560.48596 0.0019239638
787.1707 1796.7787 149.26999 209.44765 0.0019225394
528.48236 1186.2375 441.73126 1103.5453 0.0019161435
363.90106 1934.8049 763.7277 411.61444 0.0019118913
253.73488 1157.0197 437.36127 1524.8174 0.0019073399
653.5534 2003.7307 297.59445 163.5771 0.0019048414
335.20468 1975.1106 709.2897 243.60194 0.0018994334
729.196 1740.5142 178.54582 206.35501 0.0018956574
919.788 830.08325 171.96646 487.3179 0.0018943046
467.06232 1287.366 399.76227 289.94104 0.0018906875
685.70215 1789.5088 195.74617 246.0073 0.0018897554
792.1009 2033.0612 171.46854 94.53313 0.0018869252
477.73944 382.20316 256.66403 302.88483 0.0018801214
411.4334 1609.7568 566.6216 898.9348 0.0018706128
577.784 1814.058 153.93117 215.51361 0.0018689192
400.65067 2014.7675 784.3337 142.07318 0.001867998
546.3975 865.83215 712.123 751.894 0.0018676976
801.83563 2007.9882 169.81734 154.88428 0.0018598966
678.2759 1784.2343 186.45602 227.40298 0.0018535454
881.06323 1515.0984 237.80562 452.9993 0.0018528028
591.19696 1520.8228 319.7591 803.2662 0.0018484041
688.9174 1529.0831 223.1201 224.74467 0.0018449271
598.7613 416.30643 342.77295 478.0282 0.0018397254
807.31445 597.1231 226.54216 272.45032 0.0018347673
949.1038 1737.3369 133.89458 229.70741 0.0018333364
253.76471 400.78653 495.42273 834.8314 0.0018330887
428.87927 2002.2423 460.85956 158.91792 0.0018296229
593.5516 1719.2651 143.34515 219.89613 0.0018277367
706.2375 1930.7623 187.1503 178.06595 0.0018270366
411.3868 2039.0402 788.8558 95.7769 0.001821458
930.72595 1682.1626 205.9494 285.58707 0.0018189559
479.65424 1011.5311 285.09076 659.4229 0.0018164321
917.4007 1995.6674 172.0102 178.36433 0.0018138619
752.3859 1537.3195 147.4151 201.39592 0.0018131834
741.1139 1992.8457 384.04056 176.24727 0.0018071772
920.07294 1533.7233 189.5292 268.07 0.0018044148
778.8333 1823.8374 191.1146 172.32205 0.0018019292
313.2035 1729.0037 522.94226 681.64044 0.0017998394
645.1921 2023.7906 186.05305 124.22062 0.0017984163
142.58836 2072.6401 229.6319 28.777115 0.0017955697
735.8834 1462.0265 140.95906 194.89777 0.0017934907
238.65259 1139.0239 391.24573 1299.2455 0.0017911572
708.6926 1914.055 171.07092 178.16653 0.0017891702
912.9186 1264.1945 178.06143 790.5952 0.0017888398
272.91608 668.68774 443.89725 423.50903 0.0017842368
342.4826 2036.0933 571.93884 105.884995 0.001783876
894.4876 1651.4176 189.33774 288.7876 0.0017825678
898.94275 1616.8892 213.56932 699.9296 0.0017822159
352.87878 1975.4891 588.2093 216.15256 0.0017822057
354.1812 860.321 466.6358 759.53235 0.0017817484
850.7362 1397.7898 180.37776 292.33728 0.0017811531
799.84625 1667.2544 226.83835 278.61816 0.0017756975
681.62305 1923.7996 131.75577 154.79211 0.0017716577
914.5178 439.71158 207.9551 851.2773 0.0017699499
795.7083 1619.9938 185.62067 273.6994 0.0017699247
621.5148 1952.5442 147.05438 152.32507 0.001767659
914.5014 1433.5312 183.88542 317.88434 0.001763076
755.15704 706.9977 258.4836 384.4664 0.0017538286
485.35052 1991.4396 322.46744 174.64723 0.0017535675
839.98193 1241.3896 318.39276 1655.4811 0.0017516436
642.8861 1921.8992 214.8227 268.3495 0.0017482517
915.1089 1457.4729 186.33235 292.79156 0.0017436292
600.02405 1252.5914 441.77368 1086.294 0.0017431845
946.9065 1496.3326 143.83145 397.13348 0.0017348395
968.30725 1735.3787 68.4776 253.52661 0.0017346637
953.32 1915.7994 96.355034 253.18372 0.0017342657
596.0383 1154.2491 436.11948 1101.2305 0.0017320522
792.4664 1573.7178 249.43924 352.0772 0.0017283306
778.7568 1418.1211 436.34375 724.7565 0.0017279348
902.5698 854.9758 184.90929 430.77393 0.0017267943
814.4031 2033.308 170.59203 104.06352 0.0017240363
746.9503 1476.0769 216.47972 323.9084 0.0017234809
852.3602 1248.628 320.98798 426.68582 0.001718765
349.85443 2022.7375 746.8125 142.14438 0.0017168099
770.3272 1619.7019 289.00497 663.2962 0.0017162028
741.16846 1833.9836 151.07161 162.28001 0.0017148603
496.99622 2026.8097 983.1531 120.114296 0.0017109807
767.1112 1518.6727 287.2029 456.10657 0.0017093029
768.16815 2030.3241 215.05713 109.18122 0.0017074066
867.5111 463.837 250.11333 340.9444 0.0017028756
783.3257 2032.4271 202.70793 107.42899 0.0016987935
486.6659 1047.7438 949.6174 2036.5599 0.0016969548
893.3931 1999.8448 181.8491 168.86398 0.0016968627
698.3275 1965.3004 285.74728 422.729 0.0016889136
587.25543 1675.3545 409.501 821.9749 0.0016852979
954.9926 1352.1063 127.55006 260.1493 0.001678022
854.3857 2002.3582 264.51553 166.34363 0.00167626
172.69185 115.66365 311.68182 184.73413 0.001669607
875.20184 1341.1104 257.22754 1495.9297 0.0016666069
461.62534 2037.4622 918.12054 156.9051 0.0016650106
932.0158 1492.9424 168.68811 267.99454 0.0016645247
795.3479 2042.1217 226.0421 84.14368 0.001664169
913.40894 1998.3312 169.74902 176.7359 0.0016592448
746.2014 1163.9125 453.89224 1095.0004 0.0016505952
551.80566 2055.2996 299.68802 66.32357 0.0016488408
438.33014 1824.7572 611.6501 500.39316 0.0016477188
936.39105 1419.1244 148.54416 258.216 0.0016457565
860.75354 1152.064 277.38226 1391.9974 0.001643652
844.6265 1654.4941 274.82565 785.87976 0.0016412961
699.2234 1175.9227 318.23944 794.7204 0.0016412617
798.6129 2042.1075 323.47134 84.52795 0.0016393571
939.71967 2005.619 129.60167 158.6432 0.0016333518
147.22699 2076.4434 130.80524 21.263237 0.0016322978
863.88806 544.87665 273.2191 1055.4801 0.0016235274
905.3 664.644 207.87639 498.35718 0.0016221327
492.97263 1047.401 972.6015 2048.0496 0.0016166131
638.97266 871.49963 316.01385 474.71216 0.0016137218
891.46497 1561.3986 196.39331 450.89258 0.0016110744
784.36035 2027.3346 384.10233 112.00564 0.0016108572
915.9936 478.36328 160.76648 299.00015 0.0016037547
697.2176 1225.5479 215.68497 248.65579 0.0015984336
945.88 2020.3242 104.30083 129.4985 0.0015893831
412.93213 450.18015 882.4795 848.624 0.0015860263
857.38715 1158.871 279.14734 861.2123 0.0015813917
916.17065 2015.2079 153.45189 135.40717 0.0015809489
778.124 2031.0421 179.95552 123.918564 0.001580517
787.3462 1727.7673 146.73831 151.81468 0.0015797301
580.56067 1333.9175 374.99445 1003.78973 0.0015765377
760.34827 1698.3143 179.06824 215.41832 0.0015765257
394.61853 2054.559 830.39734 73.526596 0.0015707697
830.13446 1559.1838 183.84358 246.55804 0.0015693749
566.71716 1120.0397 632.6133 985.0571 0.0015682598
327.1186 1000.433 395.16974 867.3887 0.0015611999
856.0959 2021.8367 245.32416 122.94501 0.00156
504.06418 2060.887 548.7242 55.45119 0.0015590116
920.8718 1806.7948 207.75017 260.2023 0.0015546571
760.7723 1514.5254 170.84764 264.24756 0.001511017
972.4013 1839.756 63.021313 274.70352 0.0015080896
893.1074 1546.5376 192.12569 415.63477 0.0014991324
704.5681 302.08908 526.99695 622.24634 0.0014946117
961.3055 1256.9479 105.608604 262.67633 0.0014639448
967.53986 1440.0187 81.0372 396.80838 0.001457444
895.77637 2039.501 187.17213 85.15364 0.0014565338
968.1559 1310.4873 83.62656 425.14273 0.0014376671
976.86743 1588.6245 59.008118 250.99219 0.0014375267
863.2729 1250.8081 166.42026 212.39848 0.0014303608
918.0221 2018.326 148.50267 132.3123 0.0014243942
945.34735 2021.3046 112.64082 130.5112 0.0014228513
883.29 2024.5609 207.99208 114.30432 0.0014077747
973.9942 1574.9039 70.504555 309.12903 0.0014007738
422.55463 1294.096 348.73822 784.29083 0.0013921632
485.50235 1336.1085 317.8659 389.53488 0.0013844979
965.26086 1973.3557 99.39494 211.87729 0.0013806064
831.19214 913.24243 141.47711 173.65619 0.0013747514
442.53577 1758.7576 641.48193 634.4633 0.0013604803
236.14893 931.1344 423.73834 986.54626 0.0013494234
907.58875 846.6181 130.12549 123.2319 0.0013442892
680.03253 364.4115 480.8613 570.7943 0.0013405725
632.83185 1176.7866 511.02893 1254.8446 0.0013382826
955.8831 666.8747 105.5989 361.82092 0.0013357246
919.27216 568.60535 169.01167 1061.7523 0.0013287732
952.0369 1937.7787 120.251656 265.63794 0.0013272421
800.3935 1391.6844 178.91135 228.6713 0.0013229323
753.7972 2058.1514 132.81924 73.39243 0.0013184688
948.78467 2026.6957 98.76039 121.524 0.0013182303
427.64978 873.9078 268.043 515.462 0.001298136
676.6247 2078.2373 483.94452 57.27282 0.001294826
230.24667 1190.1882 223.96008 707.17316 0.0012714057
926.4936 2022.5925 177.28767 126.386566 0.0012668286
406.16895 1066.3259 410.0201 841.2335 0.0012432116
487.66248 1051.9061 916.3403 2000.415 0.0012429251
413.8175 912.9159 297.68237 531.2477 0.0012298983
967.1227 2028.1226 79.75587 117.861824 0.0012220797
444.21588 1301.1166 281.17877 408.1945 0.0012192711
970.2771 454.06082 63.130894 736.14166 0.0012031232
762.06506 1149.3306 464.2443 999.16693 0.0011977963
256.59042 1120.6881 397.2354 840.1015 0.0011929418
485.12732 1154.2565 879.90497 1839.4264 0.0011925277
586.5506 1260.1218 624.18665 1293.2449 0.001180787
373.0799 1178.033 460.5739 952.4346 0.001179625
988.9532 2018.1365 53.280254 140.37596 0.001177136
459.24973 1467.0801 594.3915 1329.8381 0.0011691967
967.9737 2036.3992 97.63642 106.05363 0.0011587964
927.0687 2058.3965 125.90271 131.3222 0.001126428
935.6792 2045.9045 114.11484 116.193954 0.0011179232
553.316 1390.9468 348.75867 855.7878 0.0011161279
378.48236 300.15555 671.85376 625.1126 0.0011078846
546.6924 1268.2344 415.21283 1074.1705 0.0010854035
934.12805 2047.0891 118.68219 102.47366 0.0010793734
171.7845 1029.3816 211.0073 786.7843 0.0010718401
963.6114 2046.9493 90.97362 120.22009 0.0010606358
974.11096 2055.689 57.09243 65.30786 0.001044785
549.5382 1474.9457 327.53214 908.7057 0.0010424431
443.5883 1062.2573 370.34174 836.4135 0.0010345392
980.36127 1211.0914 60.01728 1221.4945 0.0010302902
445.6213 1525.2373 612.91156 706.9146 0.0010290282
193.95596 1344.3008 162.24402 678.9845 0.0010240107
347.15967 1160.4966 294.77383 501.81412 0.001006881
418.13916 1405.4587 476.95044 519.28253 0.0009933842
750.6367 1009.9736 196.48325 203.38034 0.00098984
751.9246 694.1628 421.0136 576.7874 0.0009846574
267.1411 1619.5364 385.64673 923.8758 0.000978255
970.8512 2028.6464 87.713974 114.219734 0.00097653456
569.72925 1348.198 170.30418 187.6655 0.0009659123
383.44217 741.91003 741.9436 680.0044 0.0009624272
452.77484 1300.3888 330.98 352.16534 0.0009623868
998.66174 2003.6608 16.161945 165.20964 0.0009589919
480.35452 1478.0396 361.66986 534.1761 0.0009540879
316.45206 1362.3047 420.7987 922.56165 0.0009325747
149.21057 980.97943 238.31139 1402.1302 0.0009219768
288.03748 1272.5808 283.62125 1267.1147 0.00091712165
225.00189 826.1695 207.64929 714.16077 0.0009111085
292.12384 1290.6184 207.00302 373.9484 0.0009077223
578.69244 1249.659 390.71127 990.8965 0.0009004535
210.36014 986.4411 203.73273 758.39844 0.0008993992
479.0363 1509.328 584.9084 453.3871 0.000895207
315.60135 1365.1233 349.3871 685.5308 0.0008947431
379.04523 1032.526 248.16739 471.0082 0.000887322
292.77185 1384.5583 232.09834 525.2543 0.0008872485
368.7495 280.62677 741.26013 692.8713 0.00088232174
562.29755 914.68304 215.23215 547.1861 0.00087945827
978.34937 1886.9625 119.65132 197.27113 0.0008586232
359.2377 919.06903 312.68213 673.9165 0.00085568085
514.43964 847.51697 726.17584 547.1066 0.0008545886
203.48419 1163.2063 223.23953 471.43774 0.0008473982
783.3286 535.251 521.7402 757.0871 0.0008260529
449.97208 1466.8933 636.18365 675.7101 0.000767567
502.49908 1139.5795 796.1316 579.089 0.00076726027
289.169 849.3997 316.27527 584.3577 0.00075710384
979.5046 2065.81 66.621 94.771286 0.00074956357
464.6023 1472.1389 658.8337 702.4532 0.00074662425
484.59198 1544.0099 409.75092 1000.3171 0.0007311712
369.6697 897.4366 337.6934 1071.2753 0.0007296719
422.57812 1071.5951 128.61313 374.9825 0.0007265502
312.69147 735.9685 658.5933 716.63727 0.00071679027
481.3384 1515.002 381.7845 827.2297 0.0007125998
534.01373 1366.7521 449.5677 981.02203 0.00071240356
846.8048 969.32324 237.7011 234.1155 0.0007087124
1000.2964 1881.9601 55.375492 233.31032 0.00070189877
520.08405 1326.2598 412.3674 986.00366 0.0006999756
542.8854 1296.1503 406.41504 1175.152 0.00068853487
634.5049 1248.7054 431.82245 1145.3145 0.0006842604
470.4416 906.2344 339.18576 715.99194 0.00063161657
606.02423 1274.6622 453.77917 1066.9514 0.00061176927
536.78485 785.7194 435.9306 632.2556 0.0005714244
537.5004 1460.0023 389.6796 990.1927 0.00056481845
547.0826 1169.848 418.55005 948.1474 0.0005584019
680.30304 631.1813 469.2876 733.5695 0.000556789
535.5939 1266.4779 783.4516 724.358 0.0005408134
800.3153 975.4779 483.53372 625.4245 0.0005089139
851.73346 1475.6844 393.17673 525.96454 0.00046931973
417.19342 633.4173 836.6457 671.4452 0.0004472549
