475.51398 1105.3279 941.88025 2141.6016 0.8998142
448.6884 1092.4774 813.0342 1448.069 0.05492042
452.07272 1210.7993 810.06146 1266.2897 0.04462245
457.8427 1250.5309 755.6106 1109.545 0.033490583
444.71536 1042.7788 776.77264 1281.9482 0.03294343
438.6694 1703.6504 185.06451 172.85213 0.031986494
420.71695 1032.1901 728.16675 1245.6855 0.030960182
442.50705 1104.0272 707.3092 1291.1473 0.027918894
433.62924 944.96655 788.57416 1188.9951 0.026363326
475.68765 1105.9208 938.89844 2134.7188 0.023797791
386.88693 1058.6084 696.5579 1343.7554 0.02163592
425.48935 1723.0597 143.45439 129.93738 0.020086082
408.64648 1684.2863 272.1648 221.34929 0.018734
399.0788 1111.6152 656.80676 1244.4009 0.01840189
454.56204 1074.4918 654.0263 1104.7765 0.017975802
446.1919 889.6538 838.4747 1124.4302 0.017121872
466.03082 1232.6923 919.34717 1858.3763 0.016174324
458.67923 1402.0485 775.65015 1261.547 0.0154349115
453.48453 1686.4238 351.312 234.81898 0.015032693
484.30725 1280.2842 722.6416 1276.3057 0.013312979
506.7975 1216.896 647.543 1116.2653 0.013003569
455.403 1115.5015 635.6037 780.4769 0.012864754
475.56827 1321.807 733.1331 1261.5305 0.012455805
447.52414 1376.1033 837.636 1355.1118 0.012143709
477.4268 1353.9147 742.44147 943.67084 0.012045429
243.2653 1503.4338 162.5357 220.29684 0.011794816
455.7935 1666.1525 891.34094 971.94696 0.01174288
339.40826 1189.8728 646.47 1665.5126 0.011306918
457.36548 1521.7894 891.94543 1249.0204 0.010984336
409.13394 850.67615 678.2338 929.2009 0.010919963
470.25583 1194.1708 639.77673 875.7798 0.010791112
469.50052 1015.5144 752.4454 1035.7306 0.010746684
389.28668 1074.813 597.0121 1035.8412 0.010493923
417.59888 1265.9467 658.8443 1056.5803 0.010367169
475.0004 633.9435 931.3579 1195.9048 0.010180122
456.70132 1067.2354 636.77374 956.93134 0.010005476
460.31796 1053.9194 738.7447 996.97577 0.009922505
500.33862 1069.0059 665.4264 1111.8873 0.009898863
407.83383 1287.1483 518.5154 660.58527 0.009662279
528.62006 1251.3108 589.4851 1000.9206 0.009610024
364.1887 1186.2877 644.0257 987.2524 0.0094976695
535.0825 1238.1825 586.63275 1039.6593 0.009458659
519.24554 1083.4598 562.6761 979.22284 0.009453621
308.02585 1210.9768 591.0309 1717.0693 0.009414235
430.49554 1163.4059 571.3385 1233.0851 0.009414199
187.40182 710.6692 324.92188 446.80496 0.009227784
449.46252 1741.5609 880.66705 844.9934 0.00917171
402.88153 1224.0745 591.77985 897.1116 0.00903945
373.67517 866.0982 700.17957 1056.3883 0.009032931
300.08292 1067.327 569.7508 1406.0328 0.008956868
505.72742 1026.99 592.6284 939.2825 0.008931681
388.88046 1509.7593 703.509 1084.1482 0.008888083
400.52213 842.745 649.56604 875.2363 0.008839928
418.1847 805.3096 790.9336 964.3502 0.008694173
448.83817 1170.6503 598.74713 652.92145 0.0085719805
465.57785 1065.1597 566.3946 887.5823 0.008379003
515.6488 1070.2838 568.8936 836.4525 0.008275843
251.86801 1241.391 485.35498 1793.2909 0.008229985
334.28366 679.95245 623.02264 680.3918 0.00819474
319.05865 984.3775 577.54614 1135.0242 0.008175137
183.84972 649.2231 334.61148 570.8535 0.008072924
410.08093 1126.2034 280.25662 304.6081 0.008035536
414.30292 1092.2433 512.6569 515.451 0.007995412
263.36755 1515.1758 235.68765 269.60342 0.007867445
539.9457 1057.115 647.83203 1159.199 0.007839649
438.1375 1560.48 805.0237 813.4855 0.007722695
252.60544 1914.1777 249.30774 271.18326 0.0076507675
406.14578 1666.4817 772.1102 752.0893 0.0076413527
454.2517 1323.6874 551.6969 676.2597 0.0075902436
502.9441 1036.3812 757.5664 993.5833 0.0075825322
496.09946 981.1603 619.10046 836.60455 0.0075769294
181.20135 590.6056 282.6578 345.5923 0.0075640217
407.44476 1139.1625 532.12067 683.4642 0.0075637675
472.01346 776.21655 916.6928 1444.4789 0.007553194
556.84174 1242.6904 590.61176 1114.1951 0.007543174
468.14682 517.30945 921.70667 971.8267 0.0075427885
516.859 1448.2988 673.3587 1227.5022 0.0075172274
326.85403 1859.9387 634.8524 545.5865 0.0075089177
331.31744 665.7005 622.2727 660.51495 0.007470823
250.40161 1236.0687 480.99908 1740.1936 0.007429709
295.83704 1857.1056 568.3682 507.29877 0.0074195815
348.72043 1270.1818 601.5421 808.99524 0.0073941266
249.48802 1160.3813 202.22672 248.66978 0.007348505
470.8066 763.1577 911.95123 1389.8003 0.0073202103
493.68378 1009.6923 574.6821 758.3047 0.007319684
427.48193 1630.0723 813.87335 1029.6072 0.007289999
920.0725 1164.1488 61.096607 217.39813 0.0072817253
541.05273 1010.13275 629.0727 1027.4907 0.0072693955
321.31366 1597.5841 81.99529 99.68143 0.0072358805
184.87082 570.8806 252.9553 254.97144 0.007212659
455.33292 1060.1453 690.9345 872.9238 0.0072097406
409.24506 1583.3374 516.89575 439.99112 0.00719498
315.89328 1878.2338 612.7913 515.0321 0.007171784
501.7577 1112.0641 483.74063 681.79254 0.007080467
410.0925 1631.4933 775.71954 960.16046 0.007076254
247.05658 693.09467 444.84448 575.44885 0.0070504993
365.25397 1078.8391 678.87256 1424.008 0.007031411
416.72192 1580.1671 782.38947 739.02527 0.006979486
419.25995 1194.4788 527.47473 536.8546 0.0069579612
221.45773 1523.6191 284.79483 308.99524 0.006900834
407.63852 1542.7296 661.65356 533.843 0.006880769
458.44766 457.62448 901.6745 855.3129 0.006815274
338.25003 851.6259 637.5403 1016.02356 0.006807474
507.26224 1059.2037 565.21936 867.541 0.0067976606
223.40576 828.64294 219.45251 194.49036 0.006757924
469.63742 1016.9533 719.68695 922.0658 0.00674451
502.7826 1036.7214 365.6876 499.17905 0.0067048
522.55316 961.08435 610.274 845.6548 0.006657478
194.93292 1968.792 373.73627 362.81274 0.0066490066
404.0752 1576.1028 712.4677 533.4521 0.00663821
911.2596 1127.7925 81.10634 293.83203 0.006536765
413.23593 1160.6665 169.05229 191.39851 0.006522944
415.85114 1758.1338 419.031 385.72678 0.006500243
199.35648 1892.9087 379.02582 476.40765 0.0064874
440.4209 913.49225 587.417 806.0255 0.0064252834
548.1794 1364.373 637.2091 1023.6142 0.006377425
517.21606 1129.9777 407.8622 711.32697 0.006363676
506.66843 1170.9701 661.75336 1196.3105 0.006317695
590.88745 1298.9462 523.05475 987.5145 0.006291622
266.7032 549.7384 87.14889 113.85621 0.0062708887
357.00137 1589.1327 381.7629 402.18213 0.006265079
245.87772 640.4184 444.91702 552.1651 0.0062451465
428.25955 902.7171 486.7945 696.7049 0.006228387
474.1044 1634.2754 441.64215 355.40778 0.006222168
446.7694 1073.1493 638.59015 777.28467 0.0061986772
542.83215 1462.9882 618.9325 1244.4103 0.00619821
448.10345 1594.5748 753.4914 646.36316 0.006169109
336.13586 1738.9862 646.91675 742.4913 0.006098504
604.1647 1248.6176 481.35916 1046.8652 0.0060672224
328.24063 861.63617 539.16766 800.8814 0.006058415
444.0682 1167.8326 452.51016 798.12964 0.0060337684
481.45667 1461.6039 610.10376 664.16205 0.006025292
564.29443 1402.3237 559.219 785.2709 0.005977388
540.32355 996.20795 494.564 784.462 0.005972953
254.08105 987.3108 487.67715 1269.8228 0.0059547313
565.6811 1077.8245 452.86728 686.8579 0.0059410245
434.86438 1616.7465 425.93607 370.917 0.0059203617
383.61172 1555.1168 484.33173 481.2211 0.005884027
460.48758 821.3012 901.2644 1012.8031 0.0058147036
387.12436 1088.9535 472.86597 446.2646 0.005767942
179.17477 1244.7635 347.25317 1824.9257 0.0057406146
511.98355 823.9307 756.0263 951.73694 0.0057255705
527.8781 1030.392 355.886 486.34195 0.0057204477
395.18622 721.5321 733.6914 767.3318 0.0057158386
407.76846 1201.8375 685.6217 1111.5897 0.005708218
614.78357 1275.9802 456.69986 905.06494 0.00566194
231.9662 549.5456 163.05952 182.47324 0.0056435405
516.2285 1096.9597 422.05353 509.9848 0.005614984
550.8305 1599.2651 435.92755 411.95703 0.0056036934
522.3912 1535.6554 488.75266 539.5119 0.0056020324
605.72076 1267.1569 464.7442 893.0251 0.0055890903
546.2475 1153.4939 466.00757 796.6044 0.0055884887
573.08344 1412.281 572.94385 784.5107 0.0055687707
393.74368 1809.6145 592.2192 514.5995 0.005565294
546.1377 993.2473 241.44498 313.09 0.0055581
515.8321 1680.0886 321.31522 236.42456 0.0055462862
101.62759 602.2939 127.40518 157.20349 0.0055371732
541.44946 1558.9277 292.52795 367.45685 0.0055327346
492.0841 1297.1718 359.31662 965.4778 0.005499081
477.0798 1326.267 376.4438 528.9446 0.0054922528
633.0708 1191.2847 444.55777 860.3952 0.0054751886
616.192 1239.1937 449.93152 936.66003 0.0054364796
571.09656 1514.0972 497.62732 566.4946 0.005424345
301.7778 1596.5785 491.57663 409.65137 0.005413286
140.47903 946.75146 266.90622 424.9745 0.0054113097
67.212074 1692.4138 95.64189 130.63547 0.0054102675
458.6974 1648.4446 549.62067 824.0608 0.0053259823
192.06255 2034.5265 51.435246 55.980152 0.0053207935
575.2185 914.53076 172.61629 245.76404 0.005280986
537.16266 1728.4453 132.37283 141.7054 0.0052575395
561.2313 1481.694 615.67694 1069.7137 0.005257066
426.92014 1641.5933 376.60748 675.8744 0.0052184495
406.27548 1897.9647 178.19087 191.4041 0.0051704994
624.198 1301.4766 470.69888 996.1798 0.0051453826
269.00333 1234.0171 460.19412 1119.6696 0.0051331804
302.02814 645.724 546.6612 566.6448 0.0051139593
556.4728 1765.6602 179.07582 185.76921 0.0051039984
774.6952 1310.9161 167.05124 204.75304 0.005103993
481.8094 1378.6874 427.91397 537.9368 0.0051031923
552.138 1141.5154 442.79938 593.7837 0.0050847796
392.45038 1580.228 717.545 574.5692 0.005069165
708.61255 1028.9497 238.38232 411.33005 0.0050614653
194.24754 799.2395 315.64105 293.8365 0.005033321
596.4464 991.8795 582.0715 1024.4733 0.0050330875
204.61998 1785.9584 397.711 719.4996 0.0050308
325.13272 1829.2792 250.8737 216.64497 0.005028383
630.5095 1211.8153 533.3335 1224.0051 0.005017304
200.23756 1547.9589 343.043 399.14813 0.0050150575
199.14558 1361.3481 358.9541 569.2134 0.005001803
477.6051 1213.209 340.12994 788.2903 0.0049992045
213.18494 1754.2128 219.97765 244.30322 0.0049595456
432.7009 676.3374 836.8289 713.8002 0.004958637
601.03906 1187.3665 538.35333 1245.6885 0.0049470635
502.9883 1744.0066 570.60315 634.08777 0.0049464176
571.0584 1530.9725 457.52554 532.3745 0.004935603
427.8468 1128.7888 453.2456 389.6436 0.004928269
493.86917 1481.5039 674.13837 755.8738 0.0048804632
445.9862 1376.5812 864.71625 780.10034 0.0048675765
537.2983 865.7163 311.79938 469.9007 0.0048587797
714.18604 1007.9086 178.8515 247.83116 0.0048578717
719.34985 1260.9564 361.31268 917.89856 0.004839302
311.49274 728.84174 325.0274 372.92252 0.0047896677
323.67853 1233.4619 577.6472 836.06415 0.004786807
222.10931 539.8464 167.08374 165.80453 0.004768594
259.80005 1237.6295 237.70479 367.8292 0.0047459095
506.62964 1805.4015 406.87338 405.48184 0.00474032
171.09894 707.9674 329.91812 766.0414 0.004734034
555.96 1335.33 529.9288 1436.4985 0.004725863
869.953 1088.8645 157.61507 388.4836 0.0046929056
388.09702 1475.6719 448.98096 1147.5099 0.004689938
550.0847 1523.9517 323.9991 534.34265 0.004679825
765.572 1379.3158 216.51476 376.95184 0.0046481644
410.2078 1264.0942 465.72348 1053.0933 0.004642357
464.6958 701.66766 444.5135 626.64264 0.004624557
433.49335 1562.4131 364.30115 717.0719 0.004621428
224.24695 555.58887 417.7706 456.69595 0.004607
648.6304 1196.252 439.4492 908.596 0.004603426
408.13275 901.89703 331.6231 391.46146 0.0045987656
646.43384 1127.3403 406.48682 702.69904 0.0045978795
172.95818 1881.2705 330.80045 540.9095 0.004579925
473.8411 1164.7683 373.98785 398.5025 0.004570498
414.91 1563.1354 665.96326 488.4976 0.004529038
234.96416 1920.9873 214.62238 209.33978 0.0045189196
471.17596 1576.7976 352.02377 424.94498 0.0045117796
418.26102 1884.5863 822.24774 580.6571 0.0044870297
139.78148 923.5855 254.52133 339.56912 0.004480772
605.1175 1001.64655 614.65936 1232.9462 0.0044724927
488.5709 1344.6088 565.41846 544.5859 0.0044612456
589.43823 1236.3622 511.06943 1117.401 0.0044545033
777.71985 1400.1062 183.2186 325.33154 0.0044289813
195.31224 1082.0663 374.99646 1115.096 0.004426482
440.26395 1808.3939 334.79135 478.23343 0.00439934
574.1333 910.0655 658.4426 1097.499 0.0043927557
543.1697 1154.9507 289.4484 382.27078 0.0043501775
793.8894 1306.0342 253.31056 626.68475 0.004325947
624.0027 1339.4172 576.53033 1442.5258 0.0043255035
694.22534 1148.456 411.43637 1109.3337 0.0043231403
760.33234 1345.1005 283.52933 646.17114 0.0043187193
400.14078 1749.0862 245.17651 348.12207 0.004316577
151.5346 1033.4606 235.21246 259.58188 0.004255791
422.58392 1601.4503 488.58597 396.7057 0.004228398
676.2967 1550.5864 249.28618 331.93668 0.0042019626
635.1916 1085.7173 399.793 672.39453 0.0041776593
490.76117 919.9274 339.27136 593.15906 0.004147756
702.42 1227.2809 164.15259 269.95908 0.0041418
795.0245 1240.7567 196.05971 315.65228 0.0041374303
526.692 1352.9843 324.06067 594.56573 0.004132959
616.95056 1533.1606 416.27045 619.7272 0.00411798
624.0587 1542.4098 438.50696 614.8059 0.00409438
210.80054 541.1915 166.29605 151.06389 0.0040940125
560.2341 1468.3086 476.48334 635.0104 0.0040698303
408.43118 1315.5172 385.1083 583.84985 0.0040669944
578.99915 1061.0621 608.7 1175.2495 0.0040669013
302.1647 258.91946 584.1852 447.04474 0.0040668957
291.0859 1105.536 423.66986 1009.4973 0.0040541645
285.31796 1204.5133 473.97424 804.97736 0.00405077
742.6449 1173.22 315.3074 740.9602 0.0040456215
458.9277 1443.3129 220.66776 320.04626 0.004024949
425.7167 933.712 737.9281 794.0663 0.0040220944
484.0984 1512.8762 264.4369 463.72305 0.0040079188
355.12512 344.524 686.2121 624.9311 0.004005552
741.8536 1227.702 228.33849 326.2686 0.003994795
867.5928 1160.927 112.837105 244.46692 0.003971983
447.08472 1600.2867 372.68884 650.072 0.0039672544
736.2714 1015.2965 162.71053 223.94406 0.0039651617
841.26807 1176.3478 150.40614 281.47278 0.0039470186
238.4374 769.1349 345.78894 342.22748 0.0039130333
407.26593 885.079 227.63469 258.75256 0.003883318
839.1017 1262.0696 212.44669 646.5335 0.0038749876
581.6805 888.86615 129.03117 166.60925 0.003867291
782.64624 1157.1058 278.01093 628.1457 0.0038529765
389.86545 520.3812 239.09673 244.3942 0.0038495318
327.23886 1786.2068 633.29517 694.6509 0.0038341733
264.73447 1183.5786 542.0602 1826.5466 0.00383242
495.60873 1907.934 232.59404 243.25932 0.0038303633
172.98137 1508.9874 332.81567 1307.2445 0.0038297956
892.86664 1156.3623 115.796814 247.4984 0.003826926
458.72476 1465.4088 416.13397 1068.9109 0.0038055063
338.99243 826.09906 641.3166 946.49286 0.0037947206
666.58545 1508.5885 383.41788 555.3061 0.003777473
808.0061 1318.3436 117.43855 193.55042 0.0037708895
353.37317 704.0514 677.5033 754.1825 0.0037612822
482.46384 1165.4791 184.946 229.72586 0.003760014
504.0331 1632.2238 487.39597 369.52484 0.003759253
376.11908 1725.0671 172.81177 173.42278 0.0037534912
565.9753 1219.3416 396.72876 943.62714 0.003751181
325.59543 1006.62555 370.22095 590.8845 0.0037329828
160.33325 1600.5803 308.12085 1137.6327 0.003728412
864.3093 1205.1145 166.1017 402.6725 0.003727266
534.43976 1183.7129 352.31442 466.0303 0.00372519
594.3607 1376.8064 353.56833 647.4312 0.0037117696
639.6152 1056.3661 521.79205 993.95746 0.0037047917
513.2948 831.4339 472.87137 659.7371 0.0037017954
687.10693 962.73206 373.5804 635.3749 0.0036863482
798.00616 1283.5485 129.82971 188.50499 0.003679054
767.09546 1090.048 228.89848 359.56808 0.0036744026
558.0477 1224.0469 370.94427 700.7195 0.0036496855
370.70914 1788.6643 575.8694 397.15195 0.0036422992
480.8165 1912.0052 681.6379 501.85156 0.0036404238
151.00179 398.45682 275.55554 165.15045 0.0036283904
592.96545 1139.7001 526.6119 1182.46 0.0036164087
621.5841 1644.32 210.99016 266.29245 0.0036130648
776.3166 1246.5533 314.74832 983.0877 0.003605756
250.71881 1463.9526 107.26322 139.2587 0.0035914434
726.8629 1270.2777 381.43118 1069.7848 0.0035878415
612.2077 939.46027 398.46286 755.75055 0.0035795677
496.01306 1378.5968 362.61328 420.67987 0.003569237
331.1422 851.0197 615.11523 822.6333 0.0035570727
560.1791 1365.0957 388.89798 582.5832 0.0035481567
601.8304 1439.0419 399.528 670.7345 0.0035418267
623.7626 1222.0146 317.19183 484.77603 0.003541625
286.9723 1136.9983 279.71744 311.65445 0.0035415338
687.6084 1088.1232 486.39908 1327.6674 0.0035406102
628.93164 1195.2092 208.61154 268.08368 0.0035403008
306.28888 682.87836 415.85016 395.72745 0.0035383217
360.38925 556.5855 117.30274 149.04143 0.003530123
653.45953 1530.4688 131.92593 204.45929 0.0035270783
733.5014 1023.49493 353.61102 657.209 0.0035222517
152.88292 1010.7778 292.2139 649.8879 0.0035209432
416.69293 772.2425 793.6221 900.8687 0.0035034902
203.55983 1861.6803 399.66266 589.061 0.0034992076
414.28082 1931.6074 509.11133 332.21298 0.0034981354
407.77866 933.3336 183.90823 214.0081 0.00349757
432.7806 1989.6454 863.58215 422.91168 0.0034727543
699.68524 1147.7909 428.2867 1257.1561 0.0034677775
492.30914 558.06323 285.67365 354.5629 0.0034649312
502.23007 1084.9724 141.01852 182.6062 0.0034582086
114.35902 2030.7406 216.35709 260.65927 0.003451561
595.09186 1230.3344 266.29852 340.87955 0.0034419994
633.2518 1540.1791 305.63074 563.0191 0.0034335945
394.10074 1397.7938 303.18182 522.66406 0.0034226908
395.78418 1299.5203 332.92776 604.79364 0.0034205497
584.85956 1549.9181 390.63516 802.9402 0.0034069454
361.34302 912.20795 617.2023 655.13043 0.0033958377
377.69116 1962.7317 771.2485 433.3206 0.0033949388
222.77911 197.3089 265.5624 196.50206 0.0033904293
170.35664 622.3041 307.91626 594.2416 0.00338698
574.41187 1253.289 543.8643 1146.3369 0.0033868495
773.9758 1256.4819 297.78317 754.92346 0.003385535
659.85876 841.5646 268.77554 421.1065 0.0033724925
594.4191 1113.0902 394.6816 762.4602 0.0033600624
479.0668 2039.8115 943.64996 335.9695 0.0033506271
388.52094 1112.5759 561.5604 1223.7911 0.0033469207
506.0888 1745.0261 119.66596 155.64786 0.0033428401
578.6159 1202.4694 343.1289 735.5265 0.0033321243
529.8894 1040.2462 146.42343 200.53416 0.0033311995
552.3328 1314.9371 388.3752 541.31525 0.0033180285
356.65247 1073.7388 652.1124 1313.0592 0.003316236
258.24286 2070.044 181.15576 138.67206 0.003305021
537.5211 1334.337 177.09567 253.18427 0.003299909
514.56213 1744.6477 546.0826 415.49866 0.003272533
401.85785 856.94586 158.4543 203.43387 0.0032620418
330.83298 538.99445 625.94104 439.00357 0.0032508224
702.4875 1298.3892 458.05237 1285.7302 0.0032489365
460.7094 1940.3395 361.5034 302.99838 0.003223267
702.5526 968.95197 412.77725 779.3249 0.003211112
545.271 1078.9738 592.88617 964.05164 0.0032083797
601.5014 1741.0762 534.8701 732.2677 0.0031977438
711.64825 1566.5768 135.32663 213.43277 0.0031957563
770.361 1236.2095 321.05106 976.20294 0.0031875765
140.87512 877.94745 244.29898 242.96077 0.0031813749
595.55133 1217.4048 233.21321 296.4247 0.0031801562
412.3383 1147.3185 402.748 1001.6819 0.0031587954
163.49133 1644.744 311.80524 1033.4775 0.0031503472
562.9965 1607.2012 318.01984 368.3912 0.0031429643
571.83435 1894.9642 341.95657 298.00104 0.0031413648
559.1922 1599.2706 445.6642 392.0509 0.003139496
475.035 1235.4082 333.46164 448.1518 0.0031297705
260.97632 1184.9287 260.0861 325.5355 0.0031294478
611.1824 1722.8754 252.45624 292.9708 0.0031095892
884.27563 1029.7036 139.30989 492.67264 0.0031095687
556.359 1114.2533 197.3029 250.49069 0.003106605
841.702 1408.3519 129.25443 248.90953 0.0031052628
366.62524 939.86383 217.74771 226.36807 0.0030969398
438.81543 886.4368 863.4346 979.0336 0.0030826442
310.41733 2006.2839 607.81287 344.5625 0.0030695363
170.12103 1244.5842 322.98666 793.9297 0.003064126
515.6065 1345.8339 141.28766 185.58765 0.0030626333
264.92038 695.127 482.08026 689.4447 0.003058916
667.13654 1424.1287 335.1597 425.24893 0.0030506894
267.3657 441.1955 518.5517 838.12067 0.0030462982
501.58084 2100.5671 983.98285 217.09552 0.003042816
250.68533 1932.6174 121.98253 114.84966 0.0030380606
701.9479 1665.6919 179.5397 248.10448 0.0030303781
847.22015 1059.1244 193.7992 450.3061 0.0030115556
669.7414 1078.9326 473.87885 1166.7513 0.0029997958
630.6161 954.7919 620.2014 1318.8933 0.002997555
258.5435 452.49197 73.67908 86.92098 0.0029876812
745.7558 1215.0505 307.6385 845.439 0.0029852802
316.46167 2060.4294 184.7016 127.8717 0.0029804064
511.53085 1168.0413 320.53287 351.50992 0.0029794767
856.61285 1087.1586 175.63036 383.14963 0.002978256
534.8593 1214.0402 380.1035 1010.1061 0.0029690613
827.82056 1264.2346 113.49819 179.39857 0.0029582768
360.0988 1984.7997 624.1518 377.14212 0.0029550043
826.13354 1416.0503 143.50893 311.70007 0.0029384044
641.0433 1270.5746 395.73438 1024.6637 0.002937727
689.6553 1181.2946 285.83176 393.18143 0.0029218283
172.02429 665.85815 198.96925 201.87827 0.0029002053
517.95496 1341.4657 222.3107 465.8289 0.0028956942
616.31793 949.67896 108.775696 167.2551 0.002876099
264.5981 1451.3855 271.48105 306.24368 0.002873834
316.0167 2021.6233 630.73474 334.33563 0.0028620483
502.08035 1132.5568 268.47766 402.70795 0.002860995
699.239 1059.7369 453.14786 1119.5734 0.0028585354
207.49326 654.0558 308.54358 485.98392 0.0028549454
842.6817 2075.122 285.2591 255.54985 0.002854154
197.71729 2063.2488 383.9868 246.83624 0.0028447704
714.08453 1579.3927 151.65529 291.7217 0.0028432612
577.449 954.7098 614.419 1032.5159 0.0028396281
578.7357 1247.1609 468.2599 1195.7191 0.0028197607
535.2549 1581.2234 464.0491 1072.8589 0.002819742
657.8176 965.076 550.64014 1206.054 0.0028195276
643.28345 1668.1254 345.80887 421.09204 0.0028162824
450.29413 1608.9808 633.2122 439.5696 0.0028162168
835.2521 1129.4843 168.04999 298.19852 0.002806868
494.76917 1340.8514 217.58368 366.8076 0.0027944045
437.46222 1740.3229 76.892715 94.52537 0.0027926883
124.57437 158.97295 225.50937 232.81789 0.002788063
751.4035 1067.0398 342.95856 677.5797 0.002785627
643.855 1317.828 351.69235 881.366 0.002776558
543.0142 1737.5183 123.4753 184.74481 0.0027745622
501.81143 1194.472 273.06525 476.99033 0.002764255
150.82993 968.3766 198.72974 166.94284 0.0027640618
569.83856 1254.9775 332.49246 631.222 0.0027535812
142.80698 1748.3787 260.18915 317.24927 0.0027394095
378.38342 859.1259 299.93674 294.9163 0.0027382255
332.46072 715.5958 528.8929 413.18713 0.0027381268
439.93762 849.01483 271.76617 283.95102 0.0027230964
135.33238 1876.6061 261.73718 572.7835 0.002709411
639.5926 1109.2512 205.7636 415.8706 0.0027027233
403.13205 1726.6146 74.43859 114.622246 0.0027013805
277.08105 206.22769 230.12329 155.06721 0.0027010723
354.6601 1334.8823 198.34752 218.34273 0.0027007754
284.1099 1444.6194 240.63004 272.51556 0.0026944843
669.99133 1086.9995 348.3669 529.2584 0.0026885325
259.87915 2025.458 413.75772 304.43256 0.0026821194
439.53006 1370.1857 144.58134 191.27676 0.0026686264
196.75845 1497.2279 288.0423 286.25287 0.0026673132
758.2762 979.8775 144.64594 207.91768 0.0026570773
643.07367 1331.582 414.95963 1316.6306 0.0026565504
533.0017 1227.775 304.40842 1122.913 0.0026556926
385.66937 2025.1031 339.5658 309.64117 0.0026555578
448.92087 1945.3275 695.63226 502.59732 0.002649931
737.8104 1339.7133 418.02576 1367.2412 0.0026481007
669.8204 1083.0428 488.67468 1289.2894 0.0026475503
513.2729 1195.0159 379.88342 380.2774 0.0026453766
652.5708 1831.58 386.8233 500.88544 0.0026423892
477.17664 1112.6539 941.74255 2114.757 0.0026201683
521.45734 1505.4235 389.6578 1058.4603 0.002619685
565.5227 1319.1475 426.2542 1259.8184 0.0026162597
603.36957 1384.6396 139.82861 226.67122 0.0026155766
419.37173 1567.1846 399.4962 672.3058 0.0026066406
563.2835 562.66345 236.16954 308.50427 0.0025902623
842.71124 1026.4862 223.62534 620.41956 0.0025883398
134.49246 2123.877 263.46036 133.0503 0.0025881762
444.50604 847.65125 837.6813 851.9313 0.0025860586
440.4075 256.3634 888.70294 466.8598 0.0025755665
91.63953 2195.9673 168.57542 31.396606 0.0025692913
832.3864 1100.4551 193.27414 351.32428 0.0025690286
556.3356 1653.901 113.51468 141.73128 0.002568933
708.58057 924.1945 134.36581 168.6574 0.0025573205
834.53656 2068.208 203.8795 247.93483 0.002553073
539.07587 1500.0842 442.71814 981.55743 0.0025464976
799.75085 1131.1519 126.89149 185.3176 0.00254016
770.7484 894.6716 258.82907 494.99075 0.0025379404
694.4763 1154.3793 435.33548 1248.5787 0.002537134
869.1363 1289.6685 170.87964 469.56104 0.0025354624
887.3796 1905.0645 253.86063 599.9323 0.0025347
575.4057 1421.2516 127.59846 232.53864 0.0025227438
621.9269 717.5317 542.9655 738.9302 0.002522133
551.6236 9.027038 967.3664 17.856535 0.0025136205
479.78836 1009.82324 262.52185 502.97754 0.0025090647
440.58002 942.12714 339.73795 317.80853 0.0025049995
581.29333 1026.7855 163.74857 262.392 0.0025038966
620.5808 1105.4417 205.75586 509.77457 0.0024953103
919.62775 1963.5216 172.96811 495.9768 0.0024846748
755.9242 1602.4736 188.66055 339.25812 0.002484592
391.70407 1016.9766 545.8077 660.0346 0.0024839786
429.26855 1434.4817 731.1959 1240.6504 0.002480492
833.4628 2054.1033 338.30832 306.36063 0.0024715837
789.8724 1509.952 219.91905 466.04474 0.002460692
203.52994 771.92316 319.0378 362.4837 0.0024595754
699.24066 1763.2821 159.78423 193.8879 0.00245305
733.88684 1398.4136 283.75055 731.5111 0.0024488636
507.2442 1512.0907 406.31033 759.0411 0.002445587
951.8517 1002.5387 120.44849 530.9259 0.0024446459
444.88297 1289.8037 217.26448 317.13864 0.002438885
742.22345 1353.3181 352.32913 1131.4883 0.002430965
183.76439 677.6173 158.10156 171.9752 0.0023997359
789.63513 1540.8695 269.51047 627.55194 0.0023957037
485.51453 471.28046 941.59784 897.60034 0.0023927086
163.2158 2181.4937 323.26923 53.53201 0.0023786284
87.67824 1890.3229 163.59727 466.7724 0.0023780523
752.12067 893.42847 375.83786 769.8176 0.002365909
539.1639 1560.3275 119.86076 178.2516 0.0023646634
638.0902 867.75006 580.06635 1007.6741 0.0023528724
598.8621 842.06586 653.88855 1057.7284 0.0023513585
278.26587 1271.6333 333.87155 540.5062 0.0023499809
488.76648 1305.7235 283.6821 419.19684 0.0023480533
905.3952 2056.9695 209.63042 270.16418 0.0023450304
344.80383 1357.7588 201.0544 246.99356 0.0023316282
80.559265 2173.6262 158.02362 71.32425 0.002321599
712.0813 1034.9415 121.56459 144.51086 0.0023197387
642.03076 1042.326 521.2646 1129.6344 0.0023179331
416.52432 2095.8894 168.82916 147.28189 0.002317514
582.46216 1148.59 131.61673 189.69376 0.0023128672
396.82886 630.33356 762.0757 601.402 0.0023026394
165.3921 1506.401 205.78896 197.71558 0.0022971828
493.5352 2145.4175 951.87665 134.02069 0.0022966736
517.1919 1161.827 239.15201 359.5957 0.0022961514
766.92175 1296.3125 279.6876 958.39685 0.002295959
804.9903 1426.6061 290.99725 981.79706 0.0022898111
957.3321 1070.4551 110.68192 385.96786 0.0022897
504.41205 177.15262 1003.79083 336.78027 0.0022873245
594.11053 1849.935 162.05415 166.91321 0.0022858395
186.44336 606.32184 216.87962 242.03052 0.0022731416
159.56052 1177.9144 257.72418 370.56522 0.0022681563
912.71027 1847.5243 181.75467 307.88702 0.00226471
586.34753 1363.972 192.21527 271.18655 0.0022605613
574.2284 1093.8113 247.97821 833.9484 0.0022341646
571.4926 1205.7435 240.69753 882.1787 0.0022307616
723.65875 1141.2844 158.38664 243.41501 0.0022160427
855.4238 2128.446 241.81003 157.32013 0.0022123484
155.88403 1105.7026 325.2293 2026.5042 0.0022055516
907.6087 2051.253 193.28241 312.60437 0.0022033344
721.23285 968.2082 378.88553 750.0219 0.002202195
878.6948 1830.1913 248.90842 424.94443 0.0021978396
903.9362 1979.5037 196.84007 458.28006 0.0021945846
908.45526 2007.742 157.35657 239.66443 0.002188389
209.7341 2082.4766 209.60402 180.91553 0.002187629
802.1534 1356.3486 309.60278 1387.5338 0.0021861077
617.3189 1802.3955 175.56468 215.9837 0.0021851854
106.2004 1919.5928 183.97836 269.53577 0.0021790534
332.4739 2096.9226 250.10764 174.4394 0.0021783474
770.8901 1591.2148 169.5995 314.6016 0.0021721697
537.90283 307.50116 176.07964 182.66891 0.0021715271
630.4001 1480.4257 133.9597 227.76387 0.0021714526
621.0343 616.53076 210.90407 259.60376 0.0021634807
680.149 1044.2632 525.0615 1430.3271 0.0021567044
745.3653 1301.2013 296.5963 806.84467 0.0021554448
888.5603 1842.529 222.8888 278.371 0.0021536783
574.9421 1377.6814 272.4971 444.57697 0.0021501367
760.76044 763.25885 252.35564 442.49072 0.0021457258
688.14484 1164.5552 536.17365 1683.3389 0.0021447428
557.76025 1423.3723 129.30478 203.00972 0.002141595
414.8422 1127.9366 125.49842 131.29626 0.0021281415
515.3125 1122.266 338.9796 773.8525 0.0021249177
788.6709 2119.898 221.88383 173.7153 0.002123823
101.393234 1800.5315 172.8339 227.29024 0.0021233219
673.4465 2113.1587 198.31189 176.9377 0.0021171113
951.4444 2006.4542 116.92853 392.64566 0.0021169612
548.9672 1128.0763 346.42307 739.1062 0.0021010872
294.31015 885.57025 499.74426 421.08716 0.002096163
932.123 1984.9932 153.00494 241.94882 0.0020910038
924.93536 1932.2502 162.24327 234.36693 0.002090947
424.83176 618.85333 833.987 596.10345 0.002089119
690.5516 1200.8857 418.9239 1166.7252 0.0020857947
189.81253 1295.8694 263.6785 987.1019 0.0020804023
721.5204 1365.7697 342.04523 1333.1768 0.0020767013
480.30518 1139.708 928.189 2121.1833 0.0020753192
604.82404 1309.4236 246.16516 847.8658 0.0020736153
690.18207 2131.1377 263.7014 155.83267 0.0020676581
513.00464 1091.5511 340.57422 632.0637 0.0020583498
641.7135 2012.2958 335.6809 337.04025 0.0020567195
396.96945 785.29865 763.5943 878.83685 0.0020565738
548.7276 2002.2755 471.33878 316.1291 0.002055878
513.84265 1221.2698 320.5286 1044.6835 0.00205463
585.25555 1389.5072 157.18668 278.56036 0.002052581
824.56915 954.5669 251.69133 653.9657 0.0020520976
920.0672 1969.166 175.9801 294.16858 0.0020517411
413.09055 278.00522 214.55547 189.79272 0.0020502526
814.05145 1896.5547 379.7125 613.50665 0.002046344
742.98615 896.19977 392.7435 754.4595 0.0020424412
202.13953 1121.0477 322.7973 326.58783 0.0020401184
201.78679 2172.5066 400.60263 72.00254 0.0020337356
700.31616 1922.6537 316.09402 397.55453 0.0020329354
738.8961 1801.2421 244.77937 293.93228 0.0020276592
241.14392 1559.7076 101.30598 128.93976 0.002023471
725.58966 1361.4033 133.02216 255.41353 0.0020216617
263.48474 412.24725 150.03444 133.95227 0.0020108817
195.55885 2043.2474 45.541878 65.07976 0.0020107161
660.7879 1580.2574 119.426796 196.54193 0.0020091417
293.20123 2138.5723 230.15828 125.9564 0.002007774
598.8882 485.34152 654.9223 848.7676 0.0020067005
339.65628 2154.496 177.70291 99.09731 0.0020052667
961.8039 1284.8013 105.505516 484.59912 0.00200295
571.71216 2071.6643 492.30695 268.82413 0.0019983535
380.30664 2137.9675 511.28583 137.65889 0.0019925258
591.4816 1194.136 422.90924 629.12006 0.0019900932
466.8264 1719.4387 374.35733 547.5567 0.0019840554
800.7358 2121.6426 371.79697 172.52155 0.001980561
892.05383 2137.1128 235.18143 142.70587 0.0019789294
825.32886 1248.5269 261.199 747.69354 0.0019752656
948.2331 1712.6947 131.5691 645.9938 0.0019700131
912.6708 1716.2788 192.52257 496.233 0.0019662834
441.31818 677.3058 869.8744 716.4868 0.001954796
757.2227 1886.8489 253.34962 293.9353 0.001950328
384.4711 2150.4944 295.8893 100.24466 0.0019478749
93.81895 2144.737 183.90793 105.564995 0.0019463226
657.2942 2059.6755 218.4928 187.83812 0.0019454594
598.4402 2061.5212 351.36044 272.77075 0.0019440093
670.8899 1033.175 511.12164 1312.1484 0.0019375612
759.70984 1610.1962 181.01215 286.19354 0.0019343118
939.19244 1795.2333 139.0594 267.50024 0.0019321947
704.08594 1020.65936 362.8934 863.08984 0.0019313901
962.5846 2037.7389 95.049835 335.49075 0.0019308728
632.2124 1101.9944 511.33188 1063.3057 0.0019306339
915.5216 1978.526 168.2461 446.2071 0.0019286714
854.01196 294.568 292.36945 511.1017 0.0019281078
885.8388 1953.5442 204.00346 249.66621 0.0019267447
248.71153 2130.2185 491.51453 153.59367 0.001915322
851.91254 1121.7507 214.27666 768.9994 0.0019145063
903.96014 1852.6307 166.043 223.8461 0.001911147
780.6689 1226.5242 153.69514 339.98355 0.0019093506
940.3841 1678.526 145.8843 354.16672 0.0019088819
801.35815 1375.1008 313.98477 1062.0432 0.0019053664
654.8363 882.47736 560.0454 1145.2865 0.0019036706
901.8615 1969.742 191.51466 476.8664 0.0019033607
253.05602 1514.7753 158.77528 193.65111 0.0018999868
953.8017 1525.1464 120.92914 443.02332 0.0018995301
46.790077 2142.5479 93.545265 119.27708 0.00189151
370.2192 2092.163 372.35223 224.14236 0.0018901764
795.08606 1377.4884 326.53336 1568.9541 0.0018870771
649.5674 1339.9692 186.95609 544.97046 0.0018869181
389.68848 2185.979 329.2992 46.352367 0.0018845809
663.1489 1986.6039 402.52634 319.99908 0.0018839533
656.9351 1533.8314 122.79484 196.09293 0.00187629
602.1814 1311.3058 211.87123 726.85 0.001871416
753.1941 1431.8131 191.36075 442.67062 0.0018702976
296.06772 2174.106 581.942 71.38648 0.0018645659
441.67624 716.3048 877.38446 814.2924 0.0018558865
911.2873 1907.2406 181.20345 569.2432 0.0018552912
876.2099 1781.4722 248.73991 446.6714 0.0018544103
762.72784 1180.7312 377.71942 1494.6166 0.0018533232
878.3222 2170.681 255.6702 67.611374 0.0018498994
775.1412 1976.4235 173.48862 181.57962 0.0018457534
818.17 1912.8094 170.78452 326.7771 0.0018453029
508.21768 48.492153 1008.84076 92.76309 0.001845006
947.5242 1863.2036 122.30063 524.50854 0.0018417422
780.5961 1272.6011 316.78604 943.89276 0.001834907
497.89154 2197.1406 932.1471 29.192038 0.0018336034
965.7719 1971.2415 81.70497 477.71 0.0018332981
830.81036 258.9095 318.32224 426.30365 0.0018289691
700.1922 2137.3699 187.94547 149.86482 0.0018271784
958.378 1904.1592 106.565094 628.7307 0.0018271689
60.551865 1252.4427 118.04954 262.39218 0.0018248222
796.0234 449.34015 435.2574 646.61743 0.0018191861
964.1245 2099.1753 85.06228 215.52518 0.0018142367
951.29 1993.8315 132.0272 253.27713 0.0018111789
955.338 1752.4246 116.231155 323.96182 0.0018109143
960.5003 1631.4078 132.33957 257.31064 0.0018050951
915.2892 2006.6211 181.76407 259.5676 0.0018019362
243.89714 845.3194 111.55501 128.6471 0.0018004528
409.3386 273.6766 256.6713 243.3362 0.0017953406
297.17667 2184.4927 601.3672 53.04469 0.0017919871
937.646 1646.6003 148.78432 957.5119 0.0017896234
958.2093 1789.8126 125.50337 499.04007 0.0017702929
980.72363 1800.1112 75.41648 454.98132 0.0017689258
961.23004 1860.0883 104.7469 694.211 0.0017595466
959.6444 1842.8876 91.974365 346.47205 0.0017570766
537.6985 2186.3186 183.23152 72.27965 0.0017497885
821.1073 1856.3518 144.99501 188.71527 0.0017488552
950.3822 915.54926 125.9336 737.15985 0.001747557
349.38425 326.17773 658.84314 592.18365 0.0017418093
918.2475 1664.9933 189.25626 1035.8383 0.0017314793
658.9522 1020.93713 502.85464 734.02466 0.0017269242
321.52832 2195.319 286.7958 30.445621 0.0017248687
909.9301 1959.277 202.1712 453.57684 0.001718149
727.4173 1918.5271 292.14664 354.4304 0.0017151231
939.9772 1530.7543 149.9909 707.00336 0.0017113733
948.001 1201.3123 143.09294 692.65753 0.0017099116
965.57336 1755.2538 95.323074 417.90826 0.001701857
951.39746 2093.9463 104.41919 228.71866 0.0017001388
596.78705 1379.1793 264.60382 681.2966 0.0016998668
941.5012 1684.1516 146.63213 315.3823 0.0016912186
835.0544 1278.8865 260.42157 1192.4043 0.0016900066
961.2026 1897.6676 98.27116 289.8605 0.0016877853
924.11304 50.396122 176.7825 98.268234 0.0016820222
551.6392 1002.4964 535.7586 1015.1077 0.0016798531
877.45105 934.6276 269.85342 684.2937 0.0016749494
682.1365 813.0597 380.76492 508.71677 0.0016693836
966.06757 1422.7068 100.763084 313.0465 0.0016661667
789.9589 1927.6995 227.12337 302.64905 0.0016621469
837.73096 1696.6431 238.39537 486.18652 0.0016613756
894.943 512.1025 220.47717 374.432 0.0016610095
958.19965 1616.1711 125.34208 365.7559 0.0016608292
808.8365 1628.8439 158.4246 255.20769 0.001659597
942.9743 2116.65 122.42354 182.35309 0.001656723
746.2483 2003.3055 269.45676 339.87863 0.0016565771
557.34607 1404.4385 296.62454 771.78375 0.00165635
960.92224 1422.2041 108.1446 885.3026 0.0016559535
456.3163 1775.055 380.82498 455.5909 0.0016558755
283.43137 547.68304 524.354 477.31378 0.0016557949
840.9043 1304.2085 201.5882 678.78723 0.0016548432
892.74536 1712.4564 229.73363 995.4699 0.0016544177
973.6912 1812.7548 101.75955 592.31226 0.0016441637
709.92096 1717.8419 101.85991 161.06241 0.0016417704
753.91235 2176.7883 207.32054 64.38261 0.0016373768
879.7077 1349.51 179.89374 553.5523 0.0016362899
754.9033 1876.9 524.1458 617.1152 0.0016358233
810.3528 1497.4116 328.85342 896.9482 0.0016310333
445.35416 1110.9253 326.6763 540.34595 0.0016264104
316.85254 1600.6075 537.91956 624.17706 0.0016223552
951.85 1920.402 106.19499 244.88377 0.0016172627
792.85815 1095.5468 342.65417 1265.3207 0.0016131557
957.5639 2098.459 104.57585 218.31393 0.0016120756
973.3994 1182.9714 96.07225 955.2588 0.0016082183
459.71365 994.1504 514.19855 738.0767 0.0016058504
971.585 1829.3243 76.42256 321.40756 0.0016021943
967.5808 1911.2504 76.6209 283.01132 0.0016019677
966.43506 1441.3817 96.88428 969.41113 0.0016001817
383.91855 1649.0839 428.3423 480.11255 0.0015999753
541.88995 1427.2155 468.56372 726.8849 0.001588905
965.1804 1207.1462 92.648346 274.60654 0.001587423
866.4302 1551.4432 269.1773 1008.9596 0.001582394
423.80426 2188.9102 504.6504 51.949345 0.0015811403
635.7003 1955.5944 387.8961 471.6553 0.0015805976
971.3577 1868.674 79.809135 313.9175 0.0015790729
296.76917 300.5545 470.9724 281.63507 0.0015713352
970.0303 1629.6277 86.8442 508.7801 0.0015638951
879.29913 1359.0818 120.60565 249.58849 0.0015619455
861.61505 1905.3312 371.8888 661.6894 0.0015600416
883.78937 2119.954 222.72813 172.86688 0.0015566214
506.9293 76.96777 994.52545 149.07503 0.0015552945
895.4706 1662.0619 207.78282 452.18817 0.0015472922
962.631 2036.5647 116.97019 308.07553 0.00154498
955.8667 1699.6401 141.60263 229.59087 0.0015433466
717.49005 1985.08 267.20596 345.79065 0.0015374244
838.05804 2136.644 295.214 148.55272 0.001534275
875.48584 1098.9092 241.71251 821.34705 0.001531652
611.56213 1905.0785 438.8008 527.0061 0.0015280874
562.89404 674.81854 709.9874 808.30316 0.0015246805
745.0696 72.6346 512.4067 143.84375 0.0015221868
982.16046 1735.3418 59.349594 361.20703 0.0015120015
630.68024 98.638275 747.234 194.13313 0.0015042251
962.1684 2129.6653 82.26351 157.01247 0.0014968528
959.33264 1499.118 114.38719 304.04416 0.0014955193
977.2094 2024.7672 66.943886 375.37573 0.0014934401
933.8072 2065.978 145.06856 288.42517 0.001492425
966.3877 1593.9989 93.92223 415.4018 0.0014906112
969.1213 1510.2129 95.88663 616.14453 0.0014903941
337.67133 280.9338 437.8787 299.07812 0.001487557
863.6728 1933.7628 228.65019 479.68518 0.0014837105
887.42 1635.0868 245.54138 992.95844 0.0014822241
966.70557 2001.0918 82.11849 411.5512 0.0014801028
468.93704 1421.8391 512.01636 545.94995 0.0014798159
960.60406 1537.1227 108.58846 312.17584 0.0014785215
976.5723 1769.967 72.61756 378.50217 0.001473717
798.78345 2159.0166 230.54492 105.090744 0.0014720121
853.4887 81.55793 302.24332 163.87825 0.0014596941
986.67236 1885.0913 52.50057 218.70262 0.0014483415
918.6117 1213.048 190.48322 936.5452 0.0014483228
367.59323 550.0812 730.2451 461.11313 0.0014466688
224.87079 181.04834 433.35693 294.1674 0.0014463058
774.77185 1365.0753 363.2943 857.5451 0.0014451989
977.5919 2079.7356 64.54922 257.412 0.0014449065
896.2639 1209.5148 221.89003 940.25037 0.001436066
966.98926 1395.3159 97.17954 307.93982 0.0014319678
519.9216 1230.857 265.672 549.1338 0.0014286559
730.35925 1471.9261 265.84113 734.24805 0.0014269311
936.73895 1611.6298 140.59947 302.65747 0.0014213921
460.5044 1254.1165 544.3282 1108.7881 0.0014192362
969.7889 2132.8916 68.73988 152.18417 0.0014154386
438.41946 1297.3484 558.1746 1082.5823 0.0014143869
869.23413 1222.972 250.01978 1181.831 0.001409002
967.6254 2101.6814 83.87759 217.47829 0.0014076626
848.5939 1751.9186 147.77548 260.59662 0.001406801
968.9884 1530.9801 97.22978 619.88934 0.0014059332
829.56506 1660.984 163.07727 352.90524 0.0013999349
537.1558 31.076223 986.7911 61.605003 0.0013951017
960.34094 62.59605 101.14624 123.42919 0.0013941169
492.90356 1241.795 250.30324 651.3388 0.0013901064
967.65576 1402.9003 98.59343 321.57498 0.0013866791
483.51355 1352.9199 232.54128 511.19604 0.0013830574
980.96313 2068.2856 55.35625 285.96133 0.0013820772
984.0013 1745.2175 59.026432 423.2163 0.0013783382
976.5309 2035.9324 68.63115 356.95938 0.0013766899
813.95166 1724.0305 123.46435 212.24664 0.0013754016
483.7341 2200.1387 868.75055 77.00264 0.0013723412
971.1348 1308.636 89.673935 1812.1279 0.0013680793
610.0336 2191.2163 413.82843 57.13818 0.0013679255
978.4408 1836.5833 70.65554 335.03345 0.0013657724
898.82367 1287.4043 160.09308 432.667 0.0013657244
664.26227 356.67303 672.4786 651.6699 0.0013610136
945.3971 931.0288 134.18774 676.8053 0.0013597847
949.7983 1578.8274 115.866615 213.01685 0.0013585447
978.87744 1180.68 81.7961 313.78998 0.0013496155
989.3809 2075.412 66.65346 260.83136 0.0013481824
558.9327 1091.572 311.63144 636.16187 0.0013395005
881.15497 829.64075 267.46527 1061.0503 0.0013388105
847.22736 1737.352 143.86133 227.50113 0.0013361119
617.09283 932.4601 594.4882 974.3136 0.0013326164
435.2824 964.9078 869.9594 699.13104 0.0013242838
532.98016 1196.3942 281.6057 664.00745 0.0013226691
985.4245 1861.4193 52.915573 225.52043 0.001318703
984.79877 1727.2495 53.76232 228.0103 0.0013153083
902.00433 1337.0648 136.5184 393.35126 0.0012979469
974.6067 1276.7515 86.753494 399.61176 0.0012827
827.5384 1285.8636 342.64026 1632.867 0.0012825424
958.234 912.59564 116.64914 1009.57733 0.0012785852
271.71115 559.3747 50.24328 70.89886 0.0012763013
983.61346 2124.5317 51.60179 172.42346 0.0012667809
350.1903 1293.5834 537.8449 988.20825 0.0012510773
983.4794 1430.0332 58.22804 328.54492 0.0012510594
814.609 938.4362 269.7227 702.359 0.0012437511
692.5314 438.745 437.98624 579.8239 0.0012423553
86.50105 1465.0862 134.89413 1152.1367 0.0012361035
513.5738 1476.8533 483.87708 1083.9373 0.0012354279
980.4825 1656.9803 71.390045 694.6364 0.0012308629
954.7217 2153.3005 105.91667 133.63211 0.0012308002
989.5632 1928.5886 47.424324 352.18765 0.0012307592
427.34787 1097.6882 382.4299 584.5022 0.001207854
978.4717 1311.7502 70.41903 498.80832 0.0012030636
976.31793 282.81137 72.75778 510.03458 0.0012006207
968.31506 909.4878 89.84726 293.48755 0.0011882201
973.38416 296.58176 75.15299 782.5171 0.0011855463
665.6096 1589.8723 431.5769 701.3017 0.0011832849
988.98114 2064.2493 45.92393 289.8249 0.0011812111
968.59326 2154.4807 71.81937 112.95105 0.001180146
897.5038 1381.3649 224.57768 1005.83966 0.0011728168
244.10164 45.027943 269.0121 81.56556 0.0011700725
985.2163 88.44789 52.124695 182.63568 0.0011659852
389.88956 1217.4615 383.10004 740.3201 0.0011627311
989.33746 1963.211 49.948597 343.1188 0.0011604794
942.9601 2183.1582 136.13965 68.30642 0.0011537228
484.55817 1679.3188 407.10986 231.97017 0.0011353251
349.5845 1087.7637 422.16638 715.72565 0.0011330509
178.24385 40.118343 353.70117 69.174545 0.0011316156
402.53738 1361.1339 320.5786 746.0645 0.0010984475
994.87885 1696.0302 37.38122 393.1345 0.0010972917
901.56024 1375.4454 111.90056 252.04033 0.0010884047
1002.7124 2067.8662 26.418926 256.17886 0.0010806539
1004.0889 1894.0597 25.846937 227.88759 0.0010781896
986.8945 1602.2157 53.05068 304.6685 0.0010779666
974.6617 2166.917 67.865265 90.1085 0.0010755392
531.63086 1551.7728 370.32736 771.70465 0.0010677711
254.518 956.1836 368.8262 753.55786 0.0010652113
269.95554 1671.5579 454.91336 614.6459 0.0010647867
843.1659 1473.0319 241.90845 484.31204 0.0010597011
991.00073 1635.6985 53.289474 491.8351 0.0010478686
1009.72174 2048.3074 31.11833 219.14502 0.0010368613
473.20773 1135.8625 734.8995 856.50226 0.0010358563
995.764 1424.0356 56.13179 291.4716 0.001033848
978.2942 1311.176 69.934494 275.66425 0.0010221404
147.0998 1046.3464 279.8067 718.33734 0.0010199687
575.86084 1184.5015 526.0261 707.9037 0.0010183558
387.9274 1242.645 500.67307 800.5467 0.001015942
1000.15234 1903.0376 28.564882 285.27032 0.001003772
881.34393 1758.6256 379.68475 482.2968 0.0009978014
1003.2167 1979.3944 46.385624 172.41135 0.0009915205
251.88855 1542.0353 194.12363 829.70465 0.0009907514
1001.86395 1900.1573 26.048334 393.70447 0.0009898494
1001.5168 1821.7451 26.556559 251.7964 0.0009856226
955.1017 2192.3428 104.20918 51.275883 0.0009815366
994.8719 2165.9592 50.639606 91.90213 0.00097635837
963.28174 2170.622 80.5142 97.90483 0.0009745553
957.4849 2192.184 94.399376 75.73214 0.00097266067
644.37946 1269.153 520.87756 997.57556 0.00095002557
422.8774 1202.6587 894.6281 1234.4194 0.0009418623
993.8703 2167.0898 36.297882 89.41999 0.00092959485
974.8403 2193.8938 65.82534 44.91366 0.00091400824
260.53482 90.33361 520.5358 155.17265 0.0009089845
958.34045 2189.3694 84.96377 79.84317 0.00090511225
961.9747 2192.3389 73.813835 73.42634 0.00089999725
1004.1013 1746.9293 22.386753 376.69922 0.0008978705
1006.67474 2056.4912 14.767346 299.87903 0.0008891391
560.41895 1153.6663 442.77682 989.66034 0.00087838335
570.34155 1181.6377 311.04715 633.92267 0.00085215364
1005.31683 1868.57 18.706005 273.67255 0.00081871497
414.16687 1489.4845 324.08478 707.71606 0.00081467326
338.17203 1322.2537 343.69424 1105.7 0.00081154687
968.6527 2204.7942 62.37598 56.597992 0.0008084025
650.43176 1078.264 504.21155 904.17596 0.0008062757
1007.39716 2022.2106 20.005045 251.52263 0.00080577837
1006.66095 2131.5388 14.722317 158.19157 0.00080130517
423.9712 339.85843 884.80365 641.84906 0.00074255065
504.14255 1408.9545 338.39163 725.81824 0.0007329408
205.6273 785.70184 427.06775 781.11523 0.0007284106
1007.4656 1241.5442 14.456513 948.1139 0.0007198738
1005.4612 2137.1313 23.611576 149.9719 0.0007117531
455.59262 1168.32 288.2435 507.13464 0.000703563
618.2785 1369.9656 385.61365 758.7454 0.0006660104
737.75854 1224.1416 401.81235 796.4067 0.00066503615
439.38727 899.86884 951.71313 817.4508 0.0006488551
427.65366 1051.3632 864.8795 1134.0531 0.00063321984
480.73007 1478.9603 510.58374 552.3051 0.00062669243
551.4741 1584.7064 707.21216 469.41663 0.0006258395
463.9388 1145.2332 326.40866 808.7203 0.0006173734
440.12268 301.4552 894.0461 614.156 0.0006009074
487.05106 1480.5773 622.32825 649.3156 0.0005766728
591.54596 1119.7091 535.9711 665.8435 0.00056803017
683.9661 1220.784 483.44226 805.0184 0.0005631155
417.10953 414.06155 897.5706 686.4313 0.00052991393
438.22568 486.47632 891.9609 682.3874 0.0004902369
446.73282 1106.7393 808.25354 763.5963 0.00046935576
685.05164 1194.7207 456.57056 881.7379 0.00046359794
651.32385 1249.7008 470.99515 965.0602 0.00045613432
456.5235 737.48694 962.4058 734.9647 0.00040368183
815.0827 968.4 495.6871 602.7264 0.0003697833
