497.15924 1272.2501 981.61456 2531.8562 0.51899725
489.54105 1693.0336 965.8306 1660.8237 0.34840032
480.48083 1782.2318 796.2624 1288.4204 0.06341634
409.84872 780.4872 809.9205 1556.5621 0.059149187
493.33752 1499.1661 954.03284 2038.0071 0.053316124
85.69531 163.98045 165.02995 240.22034 0.048801184
85.7041 292.2767 166.58034 506.27332 0.042488836
407.51743 687.75305 804.0085 1371.6316 0.03780799
49.647278 445.80124 93.60083 190.18547 0.03676282
406.37454 508.2151 798.9209 1012.82513 0.03444367
491.6045 1538.5653 848.1826 1269.4827 0.032433487
569.9205 162.29024 491.34546 321.48242 0.032151636
482.05908 984.5541 933.4828 1948.6909 0.031923536
407.27402 575.5451 802.4415 1146.1284 0.031610906
342.99182 739.71313 673.806 1462.7152 0.026708221
554.3942 1688.2673 673.3175 1210.6655 0.02592303
487.30963 2011.3286 939.41724 1032.2124 0.024903782
496.00702 1272.3243 974.0728 2533.4011 0.024239067
145.7387 291.85852 281.21127 521.68427 0.023906032
470.50952 2002.9504 851.2762 945.5434 0.023264421
487.59982 1509.0708 790.41986 1053.8712 0.022743316
460.33817 810.6061 899.5643 1613.7095 0.022334099
409.86304 287.86203 810.375 572.5628 0.022310006
473.1217 1139.9615 807.7963 1565.5935 0.022126222
493.26776 2167.026 960.97736 741.30975 0.021856312
467.4302 2030.5273 181.65924 159.21704 0.021503126
490.42102 1451.6385 885.5513 1168.1315 0.020456474
485.62735 1819.0759 643.1671 969.1976 0.020349538
513.9116 155.5039 341.28314 266.36224 0.019945204
411.88657 992.36395 805.7949 1974.3883 0.019218856
478.61728 1837.014 626.2327 1012.3345 0.017053196
482.49744 1289.9404 847.95123 1472.9564 0.016465187
587.35126 110.40522 436.1175 220.03975 0.016114527
523.08575 137.02974 304.0541 185.35686 0.01610864
420.5428 2147.1582 716.53986 609.5716 0.015727555
411.4046 168.24883 807.2238 334.43396 0.015679765
532.43964 120.07351 297.99692 198.96751 0.015640147
340.0254 293.33185 670.6715 575.6355 0.015502389
425.52136 384.5194 638.447 759.45166 0.015169952
341.4722 399.59296 669.09503 780.22974 0.0147613445
144.37375 192.96033 278.84262 303.03857 0.014747767
479.46887 1379.1434 869.38135 1036.8948 0.014569045
488.9426 1352.5186 866.62714 1506.3132 0.014526552
412.18616 419.5767 812.38477 836.01196 0.014367662
649.5723 828.16907 625.50586 1578.0209 0.01405218
424.57114 446.39334 609.52875 849.5001 0.013475127
490.06717 1692.7023 962.23627 1663.9052 0.013327254
657.4246 1102.537 656.2278 2092.9146 0.013288472
583.1652 916.47406 776.6766 1786.1094 0.013241369
438.57455 1998.7207 769.15906 957.80066 0.013177009
394.60217 2170.5393 459.04532 541.1862 0.013072194
669.9675 1315.6925 615.1899 1450.136 0.012982028
324.12256 498.06302 617.9776 928.3852 0.0125943385
51.650826 366.1177 99.51574 360.12427 0.012344753
400.3165 1234.8726 767.817 2399.2266 0.012308691
500.12457 2292.1418 982.02966 521.16876 0.012051236
355.63342 1673.7059 670.5835 1567.5392 0.011984795
660.70874 963.4054 632.47894 1851.3788 0.011965332
628.1736 1640.6095 647.1749 1483.4412 0.011959554
286.11368 516.9547 546.7872 943.15894 0.011736053
501.65027 1618.6575 590.0634 774.8568 0.011664746
323.77805 633.45996 630.6126 1210.0637 0.011651445
588.1688 1038.2426 760.29926 1895.4656 0.011552474
411.10855 2038.2517 738.477 920.09924 0.011545098
584.67834 527.21814 453.80838 974.7514 0.011119411
959.9362 2115.1724 123.300125 181.06483 0.010888233
161.6052 208.04147 313.41748 325.91284 0.0106664905
484.2722 605.34235 948.91656 1200.9872 0.01053263
345.66208 153.61696 680.9733 301.42664 0.010312553
289.02502 1933.5889 95.48721 135.4003 0.010156059
474.2057 240.67111 328.87527 275.33517 0.010126596
242.91382 299.04196 472.83984 551.0818 0.010114425
339.5407 543.0099 283.3325 401.7697 0.010015476
292.05438 538.4598 407.26645 602.3986 0.009927481
301.97668 562.51227 554.3266 825.46216 0.009919283
466.0451 1978.692 513.9869 775.8687 0.009895429
379.89532 2330.7656 440.31433 246.69199 0.009847596
549.3989 738.70294 294.2634 397.57007 0.009657247
266.9759 735.70404 512.6446 1199.3094 0.009550442
668.6307 1397.0317 633.3933 1649.4835 0.009477151
223.84196 278.88113 159.49928 142.58325 0.009444035
462.25546 2107.7578 239.89082 332.2001 0.0094241565
405.71024 431.00674 432.03976 585.27075 0.009421762
283.6958 797.9369 554.2215 1568.0098 0.009359961
465.4317 2096.0361 230.803 306.57407 0.009327534
519.0075 301.96625 576.9899 606.0574 0.009271499
633.8766 678.0982 518.9816 1218.0065 0.009252881
251.21297 747.6167 487.9089 1426.2408 0.009107331
433.6032 2067.6167 425.3622 442.21426 0.009073639
633.2614 623.09393 602.4258 1205.5393 0.009052851
468.99072 251.71736 296.48434 211.09271 0.009041069
582.14624 667.14526 746.5011 1318.7725 0.009039976
256.48654 339.9218 497.55045 611.7321 0.009024103
470.95993 2359.7656 917.685 372.56485 0.009020463
315.58508 1251.1129 609.28015 2442.8208 0.008969618
356.20142 513.99176 505.6898 754.58984 0.008939348
428.83575 218.75044 501.88525 383.42386 0.008808128
361.72394 505.45755 228.24257 294.9693 0.008768808
625.74695 836.3521 685.06006 1614.3154 0.008638235
252.14615 595.2447 464.86194 678.8335 0.008605929
678.49756 1391.0997 602.0926 1627.2001 0.008582422
315.42456 425.78046 599.0138 718.4131 0.00857556
576.84045 96.98622 239.01468 190.11383 0.008574124
230.38608 1225.7048 441.5018 741.60297 0.008522702
381.17337 502.62817 495.31552 758.62177 0.008497894
555.2131 724.6001 372.2857 556.58594 0.008450796
409.08148 507.73975 137.7037 237.9334 0.008425426
435.40982 2171.8752 306.65564 463.51767 0.008417792
484.7625 287.88385 643.04205 574.8144 0.00839541
364.9589 201.05571 555.00415 332.45618 0.008378263
401.4434 432.21036 391.9755 523.4042 0.008369219
672.1307 1664.6936 539.8387 1245.9792 0.008267797
333.2707 1225.871 642.6375 765.82446 0.00826182
418.82083 2344.752 640.2116 337.18127 0.0081052
811.4932 1956.2072 237.21246 384.04907 0.008101095
367.60367 1759.2898 585.45715 1366.1365 0.008064276
623.5125 1698.6218 584.13995 1116.6954 0.008041608
449.7232 1305.1088 739.04816 1189.2078 0.0080108605
375.0619 485.64548 389.57794 547.2256 0.007950425
472.97818 1959.6418 515.48376 540.0003 0.007942625
416.00684 2019.6997 341.11362 321.0558 0.007929925
818.47394 1930.1748 183.08868 260.98123 0.007902538
754.58514 1621.3958 435.80963 1237.1874 0.007879517
663.93054 1139.695 603.6702 1271.8043 0.0078338655
361.37637 468.14395 475.49625 622.9444 0.0077606533
533.21136 808.78876 250.50363 278.32983 0.0077306502
195.53644 239.58467 220.66066 229.12317 0.0077215075
636.3453 1554.7212 559.6279 998.0005 0.007697821
571.09845 586.9091 767.00714 1162.8723 0.0076955054
479.41956 1897.6654 868.5788 1138.3344 0.0076758815
213.563 446.02286 411.37253 813.0415 0.0076520853
444.5617 2165.4534 756.59393 579.2508 0.007642897
179.96332 918.61774 331.90982 418.1185 0.0076166852
501.2384 2174.7014 354.61102 489.15277 0.0076021305
488.55765 1161.1677 802.16425 1411.986 0.0075535867
166.74748 211.15305 130.21815 170.37291 0.0075194724
150.68848 225.71965 285.25552 245.35417 0.007505603
579.9377 854.70245 710.34625 1474.0199 0.007472018
552.21545 664.85004 643.113 1322.528 0.007451349
182.70105 1067.1324 344.43796 642.1612 0.007431267
430.0535 485.4042 176.1995 279.74512 0.007409163
232.62401 1116.1577 235.24504 392.8932 0.007403263
544.7225 756.962 60.665783 71.80356 0.007394193
663.95807 1245.2933 632.1397 1922.1943 0.007368825
723.2587 1682.5234 463.91702 1101.9415 0.0073506227
606.9464 1257.9636 722.1752 1788.4023 0.007348779
246.19481 719.2134 468.54297 1087.9885 0.0073265503
453.4784 1265.3204 609.9891 837.5285 0.0073259682
400.66556 1097.927 764.45447 2041.0294 0.007323444
463.45792 1971.3962 523.9079 941.162 0.007310996
746.8535 1837.7592 407.45428 902.6035 0.007304461
479.86816 2372.8435 936.7656 352.85867 0.007258241
673.81116 1191.3932 655.35474 2322.5493 0.007242367
478.71814 1695.2096 499.18173 668.1968 0.0072308327
464.95697 1259.3002 875.66095 837.0101 0.007212792
420.0011 1234.9622 795.9735 799.90247 0.007206959
657.87585 1056.3052 595.5545 1181.3392 0.0071949326
341.30237 982.1341 663.2649 1943.0482 0.0071866876
610.5497 1245.7417 723.4947 1916.2358 0.00718614
297.66486 2267.363 561.0273 523.6423 0.0071809636
592.1108 1969.609 456.3384 948.88135 0.007177062
442.81738 199.00105 335.33865 291.826 0.007165207
873.3824 601.71564 340.01788 1205.696 0.007142133
798.0292 1995.4954 278.8454 478.06406 0.0071379007
539.40796 302.20874 549.3099 604.1639 0.007127372
505.28696 2424.5571 996.8791 299.91397 0.0070748837
659.5703 1281.7506 589.10516 1032.6462 0.0070742574
92.55022 395.29874 177.7865 715.3539 0.0070551885
672.43634 1780.4708 482.01932 1116.4928 0.0070439
246.21254 616.87604 274.83517 329.38248 0.0069626877
583.959 706.3998 443.865 914.61066 0.006962048
642.2434 988.648 548.1171 940.18384 0.0069247563
477.51398 1770.8628 279.02066 326.62234 0.006912841
102.99288 2370.8025 194.86278 331.279 0.0069022984
488.68857 2169.1284 928.66504 748.01385 0.006888613
658.9424 1145.5557 616.70435 1379.7844 0.006854478
402.43216 1187.2571 652.0796 1806.9331 0.0068203136
278.009 1972.6117 141.53078 220.65747 0.006811476
198.58656 790.8092 384.24744 1527.1554 0.0068109105
504.82724 1756.4387 200.1215 210.50662 0.0068005356
488.53543 1408.0427 403.1645 529.1074 0.0067901695
567.81 802.69775 357.18393 513.8022 0.006773314
754.14056 1968.7822 390.0272 706.1221 0.0067345705
779.5994 1803.1605 356.30478 849.62054 0.0067178453
180.09232 437.9295 347.25433 789.2846 0.006688515
649.9119 882.4404 525.27295 1574.2573 0.0066458266
716.6458 1600.4572 469.58533 1061.4537 0.0066446583
515.59717 495.11685 1017.60266 986.35504 0.006637138
815.2845 1604.1562 330.86688 1198.19 0.006633058
781.9214 1995.1007 290.70074 466.77847 0.006562303
824.93896 1671.4764 307.58673 1052.7197 0.0065427013
466.11108 1529.5731 635.7878 754.96423 0.0065116687
116.96857 2278.709 221.98465 509.7952 0.006483166
540.228 757.27515 92.36588 104.358055 0.0064596296
231.66827 563.59705 446.91223 1059.41 0.006452124
666.57715 1174.9247 645.0986 2143.9285 0.006416634
631.21326 924.21985 487.86774 725.6262 0.0064042555
629.73944 1074.4653 726.48663 2085.1667 0.0063510616
234.43802 660.6452 451.1771 1257.3298 0.006328619
736.06415 1650.9386 500.98288 1489.8892 0.006296063
476.40027 1900.5844 333.19485 773.94604 0.0062899734
314.2015 456.75513 354.06372 779.3259 0.006262459
462.1774 2330.4612 160.48767 189.21014 0.006233834
304.39413 653.9899 595.4217 1261.849 0.006225539
619.5764 789.74 496.7928 1471.0955 0.0062165214
548.23883 1354.9708 110.52894 146.53415 0.00618793
807.3035 1933.958 254.52083 402.29163 0.006157
438.40335 2278.6963 493.8675 353.53027 0.0061107017
202.709 329.61697 228.31642 236.53207 0.0061028297
529.7735 1978.6677 374.74127 544.27155 0.006091069
338.63956 982.37274 654.7132 1860.1794 0.0060800198
576.3149 777.99316 392.48373 536.2142 0.0060338113
727.0041 2016.3427 402.1682 654.2064 0.0060325074
731.59125 1300.357 470.6055 1246.6414 0.006028603
303.56308 392.75134 568.4122 483.4365 0.0059959204
512.44586 1646.0618 473.48798 595.17413 0.0059938836
762.79694 1491.5082 413.63788 1064.5414 0.005980545
522.83575 735.8173 303.05048 387.012 0.005976329
646.86914 733.70526 618.0727 1406.4178 0.005941255
387.6047 1153.1008 431.4158 509.745 0.005930684
595.7978 2078.219 394.1956 649.6464 0.0059278565
240.80339 828.369 457.16763 816.19415 0.005920567
551.59735 2014.299 371.37473 575.79156 0.005907013
556.09314 1359.4662 158.21564 201.62256 0.0058829254
595.9678 2191.4446 484.88266 487.79367 0.005857886
854.43976 1910.9269 244.18272 616.9145 0.005848885
540.95984 799.67303 143.25993 194.86678 0.005846271
213.49332 766.8473 316.64035 451.20435 0.0058219135
872.02905 1234.2051 336.60507 2477.589 0.005820641
236.71841 473.62674 414.70917 566.2231 0.005805889
453.90604 1237.3884 480.95654 756.8833 0.0057843225
255.93547 598.4366 489.15375 888.3389 0.0057799728
49.18924 2379.7222 93.11973 315.02255 0.005764202
453.5423 1793.2653 643.6438 1009.04315 0.0057544243
787.46246 1509.2452 326.92722 770.00287 0.0057526594
309.4875 2282.7559 480.39075 335.08615 0.0057424195
902.4303 1820.0685 106.89026 185.4813 0.005722729
102.08614 632.765 188.91571 234.00812 0.0056943023
527.41833 813.2708 217.38014 237.96288 0.0056933714
640.3527 2300.5476 199.5039 261.47726 0.005688701
600.6988 2316.207 154.64046 219.94803 0.0056841094
189.43846 827.4415 358.24133 654.05194 0.0056727855
511.1576 1465.9581 255.73451 336.85037 0.0056691635
669.06525 1620.8436 283.73843 468.25525 0.0056638573
666.6205 178.60945 717.64484 354.17877 0.005663696
754.54517 1673.9926 472.3913 1521.0902 0.005661089
801.4256 1539.8208 319.92728 818.1656 0.0056562037
216.85248 233.91327 231.89162 242.78215 0.0056481236
721.0416 1333.9182 389.8135 720.74445 0.00563774
754.1944 1290.3695 227.40295 402.9871 0.0056365076
576.27124 811.3781 155.05527 215.33186 0.0056207934
340.83096 159.69423 263.69052 244.85817 0.005614845
694.27985 2139.3628 219.17128 286.63492 0.0055866363
314.34497 1048.9556 323.504 398.6835 0.0055643073
642.28314 2268.6106 226.67181 327.1982 0.0055564977
684.4669 1338.1108 618.06964 2232.6433 0.0055402457
594.57715 699.7993 310.15143 476.55685 0.005511336
590.1801 1346.6191 185.469 211.40762 0.0054641054
247.21376 1129.3846 461.58533 571.43567 0.0054552993
430.92026 831.14307 585.4403 974.9138 0.0054415045
873.5571 761.92065 339.77084 1540.3303 0.005415304
212.92194 1269.2495 410.9149 2439.6086 0.0053786766
511.90796 712.6657 1007.1335 1429.8501 0.00537554
283.40512 563.56757 315.38513 379.68375 0.005375509
206.22853 969.83325 390.6985 969.9272 0.005367472
706.0474 1132.5322 565.5398 2223.2737 0.00535209
419.3176 2153.934 329.6353 557.42206 0.0053247698
871.9457 986.3807 338.71753 1995.4171 0.0053244038
612.29083 780.9668 252.2555 355.78412 0.00531532
200.62083 547.12866 388.9679 1018.04193 0.005300152
464.16922 386.56448 287.39136 462.0671 0.0052919383
686.5897 2079.2212 325.73386 516.09314 0.0052912906
295.9349 639.7516 121.45388 186.64806 0.0052834935
227.6101 1979.323 233.22185 243.55339 0.0052708485
598.72327 1742.1282 348.73953 564.85834 0.005257799
255.35645 509.33752 498.48233 960.9312 0.005252955
829.8827 1914.223 132.2355 185.5807 0.0052348124
207.14636 814.9676 239.87073 276.0242 0.0052276435
732.2409 1353.8733 483.8211 1712.7522 0.0052256705
660.42914 99.97925 320.65427 196.20982 0.0051722047
496.1782 2365.5005 255.01147 253.45651 0.005168741
52.436867 290.5653 100.24901 506.6543 0.0051257713
511.04553 601.62897 608.5307 1182.0015 0.005105081
336.8106 554.8479 261.0566 481.8399 0.0050798515
104.69541 729.7996 199.30206 1469.366 0.0050673448
769.0154 1010.1866 435.3395 1911.0682 0.005054796
109.681244 2154.002 175.55516 281.71188 0.0050287982
682.371 1438.6505 613.28064 1987.3925 0.005017954
360.19882 2026.157 508.40424 847.2257 0.005016195
210.20578 1989.0702 272.4886 281.13504 0.005008542
637.2382 1006.10077 670.9602 1958.9609 0.004994219
399.6933 501.04388 315.43503 384.69473 0.0049867323
763.34265 1183.3439 465.89398 2301.3508 0.0049779313
174.52759 599.4899 317.63092 339.72537 0.0049534966
841.57025 1987.3387 209.2144 416.74966 0.0049270955
679.2464 1556.2095 207.63028 288.49942 0.004913063
185.00334 401.157 356.7997 758.1928 0.0049118525
239.06544 2174.746 452.07224 655.77386 0.0048971847
467.14917 2199.826 214.79904 482.32776 0.0048734196
612.9156 625.9569 264.47595 606.716 0.0048691803
307.85556 149.65875 618.19037 296.73477 0.0048581325
285.48816 2053.3892 397.716 770.2501 0.0048569334
630.206 1008.9685 463.7392 1800.5061 0.004853708
649.8655 1049.8517 539.916 794.6831 0.004841732
346.15244 204.87962 669.20337 401.40042 0.004838733
276.00977 1404.0321 249.5776 296.46777 0.004836377
174.52168 2284.935 331.02682 511.1189 0.004831702
862.24115 597.1635 332.95987 1006.3763 0.00482022
638.7208 1177.9226 614.31866 1309.7753 0.0048179696
316.07916 1114.2795 605.33813 2115.5342 0.0048104464
457.917 823.00415 99.29431 131.47847 0.004789786
389.79797 490.78934 144.70392 203.45633 0.004776974
492.33783 814.5612 177.77496 176.8213 0.004764857
677.3866 1339.9102 624.14514 2163.5088 0.004751868
215.38121 210.61108 292.91318 290.53564 0.0047378843
740.0113 1249.3374 514.87354 2469.3696 0.0047377516
873.5817 442.12396 340.08585 888.9777 0.0047352454
641.43225 1804.7959 605.97266 1233.1951 0.0047235517
432.9689 1111.0787 243.63254 348.32886 0.004698738
383.54236 315.954 213.0116 258.79608 0.004695049
486.54068 331.76263 209.80984 263.6052 0.0046730447
190.83345 624.0416 349.40964 311.97375 0.004671559
160.18655 2385.0732 303.65356 326.06552 0.004670289
460.95004 1214.525 893.6571 799.24506 0.0046638763
662.23773 2253.8948 195.78433 332.35507 0.0046518855
325.14688 2066.8306 433.11984 870.5755 0.0046184985
652.0968 239.12471 293.28223 384.2316 0.004610905
343.87973 2148.044 482.95938 708.8658 0.0046065627
591.28314 816.54724 405.2922 564.9693 0.004577737
633.03186 1825.3121 220.39659 318.47357 0.004577487
476.6847 1520.9579 205.76274 278.6774 0.004557109
175.34769 729.4672 339.1332 1422.4291 0.004545238
633.5448 743.63574 293.61475 456.44193 0.004543644
169.48016 1167.9288 306.75476 543.9188 0.004509236
713.905 2255.5398 181.56595 261.06906 0.0044917413
443.75607 2155.2522 681.83575 614.5642 0.0044904943
610.1006 820.78455 206.3086 271.14923 0.0044900957
438.91034 614.07477 445.9536 642.26733 0.0044648326
237.71933 373.7632 266.93756 338.5221 0.004462739
776.92236 1800.1439 347.65344 977.5597 0.0044624256
686.9977 1161.6829 551.6962 2270.554 0.004430645
444.78036 213.75119 202.79189 168.36662 0.0044281427
377.05157 654.1549 462.40268 780.8711 0.0044125426
621.17194 930.4186 603.5556 1719.3325 0.0043790527
683.22656 1362.2715 596.6603 1868.9604 0.004375825
432.64383 508.58444 105.42049 212.55223 0.0043724696
539.3212 1976.0037 296.9797 282.62833 0.0043448466
656.6544 1115.6058 643.4376 2193.5398 0.004328669
900.8632 1826.9585 135.8431 261.86493 0.004307851
396.79892 952.2423 482.475 478.88443 0.004307788
316.8448 458.54068 187.7117 197.11426 0.0043021343
883.89087 1768.5261 222.92831 810.5389 0.00430028
629.4337 1178.2766 576.39453 676.2807 0.0042941268
308.3017 1376.9462 202.02036 255.84528 0.0042850715
148.46451 691.91077 282.98526 1352.9175 0.0042683133
888.231 1682.7113 238.10048 1042.438 0.004257808
473.389 1278.4137 928.9996 972.35004 0.0042400626
464.5106 1305.5922 614.775 1566.1702 0.004237374
742.23584 562.4711 290.83994 966.8396 0.004235944
542.3761 1994.9203 291.32877 278.70303 0.0042350627
497.3892 285.81894 208.5729 248.38255 0.0042307214
520.5665 792.56604 342.79254 453.6449 0.0042124945
829.9075 1698.8468 371.11444 1341.9482 0.004208016
588.4035 1729.2029 482.96222 1170.1227 0.0041911067
771.4449 622.62335 464.0688 1222.7655 0.00417897
825.95715 1647.9558 331.30862 1154.325 0.004167319
164.58981 541.44244 97.02773 109.69236 0.004164943
624.9249 850.9213 606.7807 1575.8995 0.004160598
698.0041 1781.6659 464.21725 1247.5997 0.0041601122
160.48503 2190.9973 307.8543 696.251 0.0041593458
340.60522 280.91415 261.94962 244.59145 0.0041578664
668.5095 1089.6469 505.45752 870.8307 0.004128079
392.55206 380.57608 203.18079 353.47348 0.004125943
791.71893 1780.891 318.3962 886.54364 0.004109533
315.666 1036.273 565.48004 615.97003 0.0041087996
755.01654 1698.4009 454.82388 1495.0979 0.0041021765
537.8871 2097.3333 285.99866 423.46286 0.0040987865
519.9458 1114.6444 536.0367 531.994 0.0040890095
733.44165 1436.6213 510.2411 2085.3748 0.0040884153
711.5267 1250.333 571.6877 2457.1646 0.0040807943
334.1322 601.9693 319.6466 731.1127 0.0040805577
672.4302 880.88306 304.078 492.49597 0.0040743207
308.66083 101.39556 543.83 199.50713 0.004071682
565.50397 2195.8186 203.72476 402.951 0.0040691234
161.65613 1957.5878 310.3346 1175.1271 0.004050508
630.18005 1713.7316 488.5665 753.50134 0.0040374277
773.552 541.1049 514.9528 1078.2026 0.004033359
502.73462 668.66736 291.02502 475.93198 0.004028137
474.9285 1148.9589 824.0585 648.2431 0.0040026363
851.1939 1059.6705 326.4275 1968.8376 0.003998749
394.48056 1360.5024 229.67705 348.90762 0.0039821696
145.05774 392.06613 282.22116 345.37042 0.0039766664
325.2911 364.22247 364.1581 318.15393 0.0039760335
695.21893 1228.0701 594.0665 2404.3936 0.0039626295
412.03302 2260.7212 159.42116 190.22581 0.003962259
407.71823 2477.557 166.91922 122.530495 0.003950967
496.15164 2352.9014 969.8392 424.73523 0.0039392277
342.52603 1106.3319 632.3593 960.07996 0.00393723
352.46545 2347.545 134.36296 197.6075 0.0039286334
641.7356 1575.9756 167.21336 238.64215 0.0039274693
501.60678 897.6772 352.35654 321.69922 0.0039131856
644.96936 1008.2741 588.1298 886.2179 0.003911753
325.39453 2151.155 489.0418 748.7905 0.0039103115
491.20273 403.09033 627.2182 810.6672 0.0038957775
206.43144 2358.5652 392.38254 372.59155 0.0038840154
568.52094 1802.6837 501.97354 526.77985 0.0038838398
703.2669 1962.2229 205.82178 367.09546 0.003883591
404.74026 1512.946 694.00305 1832.7041 0.0038794097
571.2801 2433.8804 195.00082 193.9241 0.0038471974
452.30365 1259.6769 459.71317 816.5339 0.0038281223
336.65768 2157.8203 316.15237 725.2768 0.0038238624
635.4004 2203.8027 178.94096 415.17874 0.003818655
227.29094 1165.1058 437.0913 640.9225 0.0038093568
86.02743 162.63539 161.97594 237.27284 0.0037978692
367.9935 1327.1166 631.54913 1064.7096 0.003783381
305.7532 1515.0344 579.81177 1867.0576 0.003781173
711.46063 1883.1554 233.97223 542.1103 0.0037791599
947.4862 1763.4247 185.68312 864.4996 0.0037522933
812.9798 1541.7336 213.30273 363.2601 0.0037446553
510.35822 1859.081 312.02017 353.0811 0.0037428201
403.11087 566.2372 176.87378 293.43936 0.003740188
722.6175 1832.29 280.3769 857.87067 0.0037385693
691.0434 1159.0245 520.5037 2219.1736 0.0037256728
452.98947 1989.8413 250.43611 285.44202 0.0037224689
936.29333 2140.6082 165.92046 220.91197 0.0037088997
793.9112 1977.9424 189.0477 266.56702 0.003686686
706.8492 1267.4573 584.3887 2493.9985 0.003674092
252.84894 836.35205 480.07452 547.6936 0.003672122
159.39406 672.16925 306.2887 1285.4208 0.003667174
676.5509 1402.6366 361.73944 525.51636 0.0036422163
304.26678 1376.1019 142.81085 187.8159 0.003640526
795.7793 1503.153 346.3234 872.8687 0.0036374966
251.27036 1091.4613 478.94818 548.1854 0.003616572
493.7722 715.4162 303.2076 417.34116 0.0036138047
525.98376 2030.247 320.2447 283.93674 0.0036092883
568.8428 1018.4738 337.42297 364.1636 0.0035882453
830.15436 822.6673 264.15332 551.613 0.0035849274
527.8473 843.5231 273.08426 392.75912 0.0035754119
517.5552 2464.5857 252.76134 152.29431 0.003574184
696.04565 1782.8085 360.30066 1089.3253 0.003571544
629.8348 957.5735 548.5197 683.3815 0.0035699443
471.89267 2012.4993 104.08906 106.40106 0.0035595766
797.5289 1327.7782 340.78445 729.471 0.0035581428
492.11368 1762.1786 752.3056 1202.6542 0.003555248
699.2163 1745.5403 445.87634 1413.0392 0.0035550522
488.32245 659.7585 925.19275 1318.2421 0.0035463956
879.0357 2144.402 276.73636 397.1748 0.0035441313
234.42078 490.8209 464.58847 931.26044 0.0035426987
934.01624 1982.6035 173.68753 442.56866 0.0035386896
198.33856 2368.5327 130.1327 154.0653 0.003534784
300.97437 1686.9016 576.9697 1685.807 0.0035260965
328.76068 70.22597 595.15137 138.69836 0.0035021752
573.97784 878.719 336.5775 620.68286 0.0034953987
700.9616 2344.8997 151.79623 204.49837 0.0034924303
606.6953 2254.8047 203.25664 332.29584 0.0034910715
632.3491 1652.9758 185.17789 284.9558 0.0034809804
806.98206 1325.4778 341.54086 1274.9897 0.0034642185
264.68994 589.66864 428.57437 560.6265 0.0034539977
463.76355 110.08262 175.47528 194.91318 0.0034423054
671.691 1988.1831 273.34488 396.0101 0.0034394942
578.93146 1220.6606 194.80338 395.93494 0.0034357358
536.0777 2080.4375 257.80432 501.76294 0.0034322403
269.63013 2341.0361 214.00415 205.99911 0.0034287842
643.96906 374.50726 297.50385 578.0876 0.0034286687
618.0463 2146.6074 160.10196 270.38797 0.0034264503
421.92822 875.3119 295.07397 270.02573 0.0034174642
653.9228 994.80426 487.66678 759.49084 0.0034166197
807.0485 1784.3838 244.17386 393.8879 0.003413147
730.30524 1133.938 319.07803 541.2929 0.003402567
783.189 1932.4143 171.14722 240.81264 0.0034024282
174.29149 875.2151 293.04535 370.05 0.0034003349
370.343 958.2897 225.4748 225.57211 0.0033933823
508.53378 2381.7458 330.9021 323.61884 0.0033896705
219.98111 1787.6903 294.4335 339.13342 0.0033895962
731.585 1868.357 218.80844 346.45822 0.0033803245
343.95087 592.3658 189.69904 225.16388 0.0033720022
830.47327 1731.7931 392.77216 1596.2856 0.003370858
439.36087 65.47329 154.41159 125.15236 0.0033698524
596.0895 2232.3433 163.8122 283.91455 0.0033676464
582.202 2314.9553 135.29393 180.65747 0.0033634142
725.4385 1557.4492 310.16608 551.0951 0.0033528826
517.9716 2527.711 985.2303 104.3497 0.0033528523
969.42035 2133.1863 120.92657 207.02106 0.00334366
788.61804 1684.1423 246.21486 763.3124 0.003332967
335.09903 2491.7412 649.2291 165.06151 0.003329207
107.46387 2161.3184 205.19275 766.2515 0.0033276188
535.896 737.5477 518.6535 773.64636 0.0033213685
567.31177 1243.3174 709.5189 830.2131 0.003316534
119.94572 2153.695 228.94757 784.94354 0.0033149186
518.236 72.696304 346.50778 142.46347 0.00328921
652.8509 1155.7122 546.6142 682.56354 0.0032681387
143.29968 764.1215 289.2704 1236.2456 0.0032673297
143.19128 945.73773 245.48486 246.11801 0.0032664852
643.24365 1044.1796 628.97864 1006.3858 0.0032627273
148.75174 1040.8384 259.86633 449.26355 0.0032332023
429.73544 120.55462 835.5048 268.57892 0.0032273494
878.2999 375.653 341.3389 759.0945 0.003217778
628.4249 2295.3928 129.53374 239.74495 0.003215772
802.93915 606.3872 267.2749 1116.8599 0.0032137642
565.8856 835.9162 484.86914 1036.9277 0.0032112447
881.1762 1990.5161 212.89955 423.26614 0.0031969124
142.01347 600.75244 271.27902 539.60657 0.0031938052
740.8308 1718.4307 455.6933 1419.8088 0.0031913633
418.92612 2505.9573 848.12695 147.90723 0.0031739648
226.64357 288.2765 433.9427 502.4967 0.0031683652
674.5673 861.06213 254.00908 396.2567 0.0031580762
718.0651 304.11655 235.48273 533.7339 0.003146398
617.7363 2452.899 128.96318 134.43071 0.0031416262
495.97137 2242.2917 100.889206 126.17742 0.003122314
494.82642 1272.9355 976.3664 2521.3557 0.0031142994
191.81609 472.07687 359.90247 691.4023 0.0031121937
885.2647 932.6574 324.6104 527.424 0.0030967514
235.77899 2452.3303 286.4266 178.52975 0.0030928398
813.0262 1203.2611 358.9243 1584.2891 0.0030894307
648.1231 1997.5262 150.1936 257.4513 0.00308793
735.22345 1816.6592 366.21286 964.0879 0.0030817022
212.18927 855.8699 383.9081 990.62177 0.0030725936
522.15125 2529.182 995.8812 104.43389 0.0030663016
903.00275 1590.8694 166.87885 637.0951 0.0030649945
223.77452 1130.4619 392.95374 511.0866 0.0030531005
743.6176 1561.2809 164.57759 266.95642 0.003051098
944.82947 1595.4579 209.75874 1505.6101 0.0030498104
919.02716 414.7926 251.2875 707.89624 0.0030453005
669.644 941.46497 149.6851 187.22603 0.003038228
828.76074 874.2208 263.59323 447.67816 0.0030372953
530.7974 2351.0635 214.78056 363.1293 0.0030128863
954.7873 1752.5964 173.09956 891.19336 0.0030091044
326.11392 698.14 192.68172 245.00461 0.0030077957
971.9519 2245.1997 158.08356 427.0576 0.0030003064
631.77313 2383.9353 125.05544 225.06813 0.0029921231
593.2447 2104.4465 177.28043 255.93771 0.0029890635
146.09525 1136.2493 227.55081 423.4174 0.0029807677
206.27719 1564.3419 342.3015 382.47324 0.0029789954
960.87006 2126.7456 143.311 173.78052 0.0029767698
519.2557 1868.8134 146.80331 212.55534 0.0029767572
656.38477 1019.26514 205.05049 246.86392 0.0029691248
620.48615 642.4834 608.0723 1242.507 0.0029647166
875.24536 2072.6848 290.98627 618.5763 0.0029641741
623.7509 1078.775 436.97177 917.34015 0.0029616528
676.19147 2373.7524 415.4667 334.6663 0.0029610305
655.3081 1944.813 141.44228 237.75426 0.0029593809
720.12286 1734.212 171.7481 272.72113 0.0029555215
644.79834 2447.0046 204.2494 179.7396 0.002939103
918.1935 196.43466 245.35713 366.20694 0.002938075
482.19656 526.75726 194.98366 282.89185 0.002937146
478.49716 2437.6433 168.53651 243.75655 0.0029361702
590.2074 1223.0422 677.78955 918.5552 0.0029348624
915.8608 267.70334 247.33235 455.16833 0.0029209058
249.6317 2523.1643 473.72894 92.106834 0.0029178357
586.22064 736.76434 126.45228 188.92923 0.0028994745
808.1904 2308.9407 184.87329 214.54987 0.002895273
278.8662 801.2281 251.3482 324.44284 0.002894728
360.72775 470.58688 168.8904 164.16963 0.002894267
785.92804 717.93646 175.75491 264.53513 0.002865936
716.156 2003.1215 288.55203 583.85443 0.0028543007
635.3724 1813.7792 277.96274 665.0064 0.0028511346
800.0997 1132.5763 165.44789 232.57211 0.0028368197
540.34454 2400.1116 302.0922 294.7537 0.002826939
641.09 942.81396 424.3578 487.99652 0.002811618
940.2395 2487.2532 213.20195 185.51112 0.0028032134
919.86743 2293.5085 250.12044 507.63605 0.0027919128
977.029 2192.8213 143.94069 340.82736 0.00279154
756.17773 2196.9883 187.63821 535.4372 0.0027909623
516.2641 1983.8832 249.2411 263.8633 0.0027818773
687.1321 2384.3716 121.48079 170.50812 0.00277737
580.98456 1538.4702 334.4483 560.0537 0.0027737946
743.36224 1436.2369 501.3039 1445.1044 0.0027660313
946.91833 2055.2864 202.3353 492.41357 0.0027612336
370.9977 2529.3523 733.5177 100.09977 0.0027609812
974.0762 1792.6738 156.57436 1282.8069 0.0027594797
877.52655 733.77167 326.60403 819.26154 0.0027452204
523.90576 453.00128 198.39406 334.59683 0.0027435774
686.1785 1809.9165 294.6216 746.2432 0.0027390316
355.2576 1576.6697 171.38109 232.77791 0.002738279
766.18726 1746.2969 186.47336 281.76205 0.0027243258
679.5607 1242.6348 152.08446 230.79259 0.0027225914
476.31097 2038.4951 155.86919 143.87804 0.0027150435
918.11835 34.701378 233.75313 66.66618 0.0027062946
956.74084 1786.9987 181.7821 996.873 0.0027009873
938.78796 2372.7197 215.66933 392.67874 0.0026970764
983.6862 2459.0337 115.24768 237.28189 0.0026959775
637.93317 1312.4749 651.89166 1814.2827 0.0026933097
648.89197 765.10254 234.34352 439.7684 0.0026931725
451.80246 2492.3694 183.61516 114.56857 0.0026861364
164.51765 1083.2937 239.36609 447.5975 0.0026842668
855.23004 1108.8875 336.17688 747.0497 0.00268375
794.8544 2457.361 446.7114 241.68733 0.002683192
907.78955 857.41376 279.58597 702.1771 0.0026730949
257.90155 282.19928 153.89651 142.52419 0.0026718634
149.1981 808.62213 294.60208 1569.2477 0.0026705626
232.62334 321.73956 376.4332 468.84622 0.002652145
934.5422 1855.9044 214.70631 877.77686 0.0026502397
765.2357 2166.0603 389.58157 709.3956 0.0026464625
454.88437 1937.5693 253.93867 198.22557 0.002634752
83.35449 240.33469 160.99728 143.58147 0.002628817
289.64972 1409.5167 264.42264 310.36246 0.002627247
586.7571 1076.0695 622.89105 650.73065 0.002612097
680.4539 1676.0295 134.73691 179.99811 0.002611717
869.48895 1561.1088 176.13048 383.8319 0.0026051905
897.7774 2060.6138 288.59064 912.01685 0.0026031926
480.8016 975.4736 219.237 248.69328 0.0025938794
825.15643 1717.5208 346.90698 1351.0868 0.002575972
434.47562 370.89395 394.04367 490.038 0.002575869
432.2179 2540.1387 894.2181 75.53113 0.0025691944
707.9263 1447.3381 611.8821 1467.3792 0.0025673686
127.97162 1225.752 197.67165 340.91144 0.0025641737
870.6908 2510.7512 340.5089 140.47858 0.0025631178
442.87485 2541.7422 699.77576 71.46481 0.002562857
353.33353 2545.2925 693.438 67.08674 0.002561799
447.06134 1921.1927 291.19144 712.2873 0.0025616311
678.5518 641.3112 321.56476 764.46344 0.0025526017
79.80585 2281.1147 109.7356 319.17618 0.0025503484
539.2808 1881.3274 104.64446 151.19518 0.0025493344
74.32397 2457.296 98.47074 185.7232 0.0025487368
981.23773 1973.6835 119.94438 441.79257 0.0025475514
171.94302 1067.141 322.6923 991.1674 0.002542378
928.25903 1858.8953 239.49458 1388.3724 0.002539887
157.79523 2303.1255 280.9194 476.53586 0.0025361401
875.3199 1456.8145 316.37943 1543.145 0.002531423
193.11081 1355.828 346.94803 447.53235 0.0025262078
819.6972 1614.3802 386.7013 1438.1187 0.0025255675
457.34683 1344.2156 749.76697 1345.185 0.002519536
562.5886 1660.6202 326.69626 499.37625 0.0025179246
689.58685 57.436684 294.85385 111.88167 0.0025176492
196.29169 869.952 375.50623 469.08652 0.0025133002
807.72833 1630.3002 353.3663 966.8568 0.002500029
877.5361 2276.811 167.13995 219.26788 0.0024933883
83.76184 1336.0538 150.37386 335.82632 0.0024876525
551.6206 1314.7363 783.4066 929.0743 0.0024868324
160.92168 1624.54 274.56165 429.25055 0.0024801027
150.50272 1767.9086 235.72581 305.02213 0.0024769127
985.40045 2340.6455 121.53577 477.53088 0.0024757218
822.72797 943.4269 217.3599 331.8597 0.0024682283
999.9158 2350.4692 85.359825 464.80145 0.0024623405
238.7048 1421.0532 436.89874 1459.6273 0.0024612877
879.2231 1118.7881 323.31885 842.3027 0.0024581254
906.12134 1854.3967 259.40115 846.4457 0.0024560718
839.87646 2152.8406 114.14965 186.45403 0.00245466
925.9571 440.34573 214.29068 386.36035 0.002449374
336.88824 118.34936 311.3135 224.09973 0.0024482755
542.8366 1918.0073 115.70965 184.47375 0.002440902
1003.57806 2462.1965 117.97927 233.85352 0.00243893
967.259 2321.4246 162.96504 499.6491 0.0024386414
240.25856 1057.2118 175.93893 265.23978 0.002434528
65.632065 1328.3596 117.11228 289.94672 0.0024298667
665.26685 2439.7095 385.59445 243.03827 0.0024298169
919.1978 1001.7736 264.92783 505.58292 0.002424342
915.87573 854.56586 246.66942 429.39178 0.0024173202
142.43802 2466.6328 238.58327 170.6019 0.0024090721
133.79092 163.06866 259.91492 239.09033 0.0024089061
76.25265 2470.5818 137.23827 178.69655 0.0024072954
547.911 697.9862 272.37192 428.64792 0.0024056393
489.30264 2564.362 980.66473 65.199036 0.0024054572
509.0835 751.3771 124.33704 118.61711 0.0024045534
768.9215 80.62852 247.33612 157.29285 0.0024043063
68.48806 2528.0906 131.91719 89.4188 0.0023965633
839.4582 1275.2548 146.19672 265.28564 0.0023949402
1002.9091 1848.355 97.48997 733.90234 0.002380409
307.019 218.81001 553.1632 418.3339 0.0023800023
412.95157 917.5268 820.66595 814.82074 0.002379458
860.8407 1610.2965 241.17412 586.4385 0.0023728036
729.44696 83.82174 254.5239 162.56033 0.0023671687
582.3753 718.35474 261.6588 413.17325 0.0023566587
354.9028 1149.259 175.60507 250.19113 0.0023475327
136.65579 2120.4214 143.28358 179.58324 0.0023470684
740.6819 75.20136 213.16911 145.1454 0.0023443678
919.0327 1820.367 243.38176 898.7717 0.002343557
501.1167 1274.7379 988.0694 2514.309 0.0023393577
1009.3848 2374.7844 82.52265 412.9094 0.0023389494
79.948364 846.89276 147.50363 279.5566 0.0023367016
407.78796 18.087812 796.11926 34.291046 0.0023315917
374.14273 876.273 145.33005 154.4333 0.002329965
280.24805 2532.5989 346.12857 77.25018 0.0023231371
247.94617 2557.786 491.12363 46.688065 0.0023168735
946.66174 1176.1796 212.62848 416.39008 0.0023059961
976.9108 1620.2726 152.52281 629.50323 0.0023037472
137.52458 2270.4077 262.4077 542.6691 0.0023027938
600.20306 17.086563 566.6469 32.838287 0.0023008315
24.603785 2387.7454 53.118248 284.74503 0.0022959863
877.73834 2526.9087 279.36856 106.54659 0.002295188
1005.5369 1752.4319 96.77679 703.8785 0.0022733926
819.0317 1852.7264 392.31625 715.17816 0.0022720378
979.4074 1687.1902 142.65451 495.3082 0.0022579923
901.156 1711.5507 138.65076 366.6718 0.0022543503
882.57214 843.8902 334.653 1736.4479 0.0022379372
454.5658 572.8759 110.98408 156.33008 0.0022371737
978.5803 2211.915 137.80202 250.42854 0.0022289124
923.1757 2325.718 248.06555 573.8577 0.0022271527
994.4009 2214.7935 119.81024 307.33926 0.0022260542
982.4247 1922.1367 137.4099 1347.2979 0.0022217266
398.795 646.21924 154.48175 202.72523 0.0022206563
746.43036 2424.7812 149.33968 190.6501 0.0022128809
640.7963 2447.889 121.51223 188.41928 0.002202633
853.4077 1077.0713 323.10345 699.8867 0.002198717
117.19571 2536.9995 225.08543 84.85832 0.0021965986
713.44965 1100.9045 589.9319 2060.3882 0.0021900942
131.27663 1463.6017 234.02103 311.32605 0.002176754
990.71484 2271.9233 117.92018 456.95325 0.0021710147
852.7507 2153.3564 180.0966 249.48608 0.0021689413
909.7544 2290.3813 161.15263 210.14911 0.0021661795
476.45053 90.26155 812.2822 173.48445 0.0021521184
1013.25916 2408.5698 67.09825 347.36368 0.0021518224
19.26641 308.63046 36.28677 461.60855 0.0021514487
456.26752 468.31165 239.87193 336.10046 0.0021457227
328.97433 1398.1936 173.5893 186.20439 0.0021403215
418.35602 38.695763 832.24414 75.30438 0.0021397073
141.20009 1360.3282 256.30396 471.49646 0.002135462
897.4008 1600.7264 332.18234 813.88367 0.0021318286
89.29763 2541.4414 155.70842 75.48522 0.0021265412
970.3737 2160.9219 160.09044 573.16406 0.0021260686
998.4008 1553.1754 106.95797 655.1008 0.0021238502
801.3949 1161.0925 244.55997 444.07733 0.0021136075
942.47797 2018.1062 194.30927 457.99847 0.0021111479
477.4734 1309.9172 940.45154 1005.65 0.0021087364
904.7034 194.61339 294.8719 393.28976 0.002108326
268.15628 541.8219 336.30798 436.1846 0.0021079457
879.0967 1176.8243 331.3448 977.09247 0.0021064428
1009.33844 1839.0853 89.40592 706.73035 0.0021036551
988.6673 1820.1631 112.71977 766.3327 0.0021030998
836.15125 59.939983 332.85974 115.075226 0.0021019042
355.04846 2555.0317 712.05927 55.76445 0.0021007864
902.80176 1578.595 165.19398 651.05554 0.002099637
586.08 812.7239 89.974594 117.18884 0.002098693
424.74576 804.86444 835.08 1599.4272 0.0020864627
891.5674 2056.551 254.91231 941.32025 0.0020820522
83.227394 290.78647 162.22382 498.35498 0.0020669636
967.6728 2483.3638 158.60587 195.81358 0.0020611961
841.3689 32.533894 386.99066 61.870384 0.0020580862
419.58246 24.257483 838.5568 46.977932 0.002056383
802.52496 40.65479 329.1919 78.47006 0.002051788
855.7294 1625.2754 234.89786 543.22595 0.0020512189
976.1653 2506.1829 128.2398 140.43965 0.002049371
233.37321 31.130991 167.496 59.560837 0.0020428689
949.4574 2483.3079 173.23502 186.3157 0.00203001
585.2776 803.97656 341.62317 415.73288 0.002029763
932.94696 2531.6584 222.98859 100.2992 0.002011948
976.88556 1260.9762 152.32793 491.37515 0.0020057745
832.1787 1865.1504 339.38663 926.8647 0.0019962853
209.61887 2566.9712 421.37424 34.221348 0.0019927856
864.4752 861.4962 313.67828 1078.3906 0.0019869837
415.89804 50.983467 805.9347 100.4182 0.0019686692
1018.2096 2364.8066 83.62637 260.22842 0.0019622385
790.2437 2035.9432 378.87326 516.24414 0.0019572433
970.3315 1691.2769 142.97424 1777.8094 0.0019560596
1008.0803 2237.5317 78.33486 349.05334 0.0019510215
511.59915 1765.8264 491.1341 802.2373 0.0019506345
122.515465 60.118065 232.47134 113.38673 0.0019465793
674.5741 2462.495 133.47972 157.96062 0.0019399788
157.4532 74.660225 294.1676 139.72424 0.0019388952
449.73627 2358.9019 302.56635 388.8325 0.0019364764
822.4416 179.59009 209.79266 353.80103 0.0019201192
189.37071 516.96466 337.8597 811.7142 0.0019197043
497.31906 2575.2922 963.6028 31.570662 0.0019196157
309.9217 2549.5884 285.5546 58.44099 0.0019097343
327.64868 55.239983 251.65536 109.83541 0.0019085592
974.3263 220.02405 160.27849 446.0882 0.0019075142
216.83319 2568.5288 451.48553 30.393518 0.0019056929
804.38025 2498.5686 199.5473 141.10632 0.0019033842
180.84332 771.3605 373.171 1524.6339 0.0019008396
848.2126 2452.146 158.12256 195.18045 0.0018992597
734.1111 2546.0837 186.90288 63.180386 0.0018982757
87.99034 446.09967 163.7616 218.02419 0.0018797624
977.53094 1307.2013 151.79517 339.96786 0.0018553212
964.12933 1308.0566 167.4197 411.70673 0.0018507545
426.96295 2541.8794 261.93243 70.24733 0.0018493499
1010.36365 1958.5945 92.613144 480.18143 0.0018483644
911.22766 2532.4004 155.63028 109.61281 0.0018466646
901.9062 1263.4796 289.7646 2542.823 0.0018373977
857.54834 1034.6718 298.59106 663.8391 0.0018248891
852.368 1623.543 214.38454 438.0524 0.0018246686
496.9898 2353.2388 342.53436 394.80862 0.0018202541
53.80503 2293.2493 93.56989 485.45758 0.001814203
861.4124 2165.629 351.42032 860.1916 0.0018138748
282.50623 2058.3982 385.05316 641.6311 0.0018060156
255.93147 546.45496 317.3064 674.9003 0.0018015278
394.96613 1197.7593 654.579 755.9934 0.0018003476
823.8704 2507.5447 364.7374 135.31454 0.0018001539
665.3411 2503.9543 317.34012 143.73955 0.0017866835
994.9395 2106.0642 81.47547 160.09462 0.0017843667
322.06952 761.2314 650.40094 1473.7238 0.0017807081
944.96375 1821.9884 88.16333 280.9881 0.0017672871
387.00314 2264.4153 347.2667 539.80383 0.0017641312
548.9524 2556.109 420.6976 46.261917 0.001752627
504.08374 1702.9955 928.5935 1653.5127 0.0017523082
478.67828 820.72943 949.9359 1636.9039 0.0017471212
1030.3907 2386.2104 54.64156 379.41232 0.0017404343
933.82324 2539.1787 202.52728 80.61135 0.0017396641
480.13193 2576.403 868.9295 17.321032 0.0017381791
469.44836 1826.9304 328.12555 589.3824 0.0017304164
279.31897 2554.4333 166.2023 50.511196 0.0017229469
1016.0164 2210.2358 89.41323 411.95273 0.001716408
481.18967 1980.5371 251.32483 876.37866 0.0017139299
1024.3928 2242.7664 57.26495 657.1519 0.0017121288
948.9798 140.03851 217.05943 203.8549 0.0017080861
472.06296 1211.7249 932.18475 1011.2727 0.0017045513
628.21375 2547.5923 267.47202 64.957 0.0016986899
326.01233 148.4792 146.99115 237.58229 0.0016941854
980.03864 2023.1133 116.32992 357.60764 0.0016924307
55.414734 74.21238 108.43654 113.97058 0.0016918627
99.83005 13.6914 191.75566 32.894577 0.0016799929
450.59903 2556.4805 634.7925 59.70971 0.00166939
127.42872 291.55142 249.36826 467.9275 0.001668918
1011.6146 1168.7174 80.403534 696.75446 0.0016657987
965.8775 2521.277 134.70837 114.52036 0.0016597575
577.5662 2545.2222 245.90195 68.781395 0.0016575971
1026.9896 2407.4438 48.740814 347.04727 0.0016489006
140.36485 36.01961 269.2141 66.50855 0.0016352254
457.20944 20.148752 845.8658 39.994263 0.0016347934
648.15643 475.38943 705.49225 972.6206 0.0016336264
491.41675 1279.3134 962.4147 2491.1797 0.0016274026
54.709846 1225.6116 99.92879 362.02954 0.0016163714
504.46518 2334.8704 764.9762 486.3627 0.0016041183
1005.1979 1211.2906 94.58652 422.38068 0.0016037808
507.85074 1273.6903 993.7635 2510.3855 0.0015963925
1016.4456 2512.5767 62.012722 140.45885 0.0015926432
27.541374 2497.9373 55.552998 135.264 0.0015921687
530.7166 533.186 557.91614 871.5148 0.0015732897
156.83575 2175.7573 214.88153 523.80194 0.0015531109
316.4853 2544.2532 199.47154 67.05776 0.0015372649
771.02985 1954.6514 374.25864 610.4006 0.0015232293
1025.6066 2450.9226 56.100586 266.54825 0.0015193456
996.75323 2529.9768 82.80519 191.60793 0.0015136048
962.23096 2563.1982 179.63916 37.752117 0.0015065094
1035.0719 2471.3083 68.77617 208.20442 0.0015044665
874.2656 2554.679 227.49304 58.421036 0.0015011223
769.5016 2572.3667 358.01895 63.887333 0.0014784477
1013.7946 1748.2457 72.88948 369.3319 0.001475466
466.1817 2577.2703 697.7142 20.078484 0.0014732918
468.42914 1217.6002 936.37744 772.41473 0.0014637482
598.1143 2566.6348 431.19543 38.59493 0.001460657
1007.1743 2526.1187 74.71737 133.6956 0.0014586909
1023.5542 2488.643 65.00355 182.058 0.00145642
1025.8673 271.44653 57.41842 564.2789 0.0014555285
685.68097 2560.2214 409.88235 50.0282 0.0014425253
893.274 2552.2058 255.42242 59.20279 0.0014326429
489.24768 2561.3928 156.90305 55.80677 0.0014284531
461.43402 707.15924 908.4227 1352.4634 0.0014276386
148.58025 283.5458 303.73895 532.9043 0.001416162
434.95306 2492.8855 543.37006 197.84467 0.0014153827
975.82697 2531.9297 129.17053 113.81255 0.0013992011
503.9789 1274.0585 993.00653 2492.3213 0.001397108
805.26385 1497.6652 293.31104 512.4606 0.0013859095
453.10806 29.688606 905.23096 61.08309 0.0013817705
880.5422 926.3735 377.8322 724.07715 0.0013764474
887.90594 1487.5559 410.9584 1368.7859 0.0013714266
464.7346 12.453291 870.8142 24.88934 0.0013635221
588.0123 2576.7588 399.04227 21.245718 0.0013414761
370.10132 1838.5934 394.7664 860.6218 0.0013410259
977.49176 2558.1775 129.49007 64.69815 0.0013394143
268.69116 952.6349 540.36316 1785.6283 0.0013353652
806.6333 2578.869 417.9285 22.355616 0.0013299208
907.62115 2558.5598 230.02667 46.575592 0.0013270564
936.3451 2546.8767 180.4855 79.96634 0.0013205217
992.8041 2543.058 95.2692 85.070854 0.0013034348
989.0362 2552.0452 100.701324 99.57984 0.0013023484
940.7756 2570.563 221.01616 25.901012 0.0012983382
1013.4013 2534.8071 61.818573 101.7612 0.0012811396
1034.7561 2500.4612 37.902187 174.59479 0.0012737602
493.79416 1289.4528 966.53723 2472.452 0.0012716812
534.24396 89.25668 976.3364 189.36197 0.0012561171
194.0701 149.71635 378.15796 239.6374 0.0012132695
1000.1368 2558.366 84.231926 70.98254 0.0012091796
16.7901 803.729 57.341427 392.812 0.001206661
947.36456 2565.722 156.65689 50.155083 0.0012000924
889.3305 1664.2512 268.77856 1060.0549 0.0011956823
480.07297 1203.2522 468.28174 1054.0837 0.0011845197
1033.4845 2545.322 64.31758 83.477036 0.0011721993
698.67334 2564.1123 396.27667 116.711235 0.001164899
1009.10657 2553.434 68.850624 64.02081 0.0011630629
547.55035 2578.9312 179.61453 13.191935 0.0011510809
1044.2224 1782.6614 18.674793 523.119 0.0011098805
191.56381 157.82565 386.04556 263.68408 0.0010895546
984.78015 2573.3835 94.13142 88.043144 0.0010892743
1038.1653 619.3068 28.556053 390.52237 0.001088735
459.276 2579.957 188.42004 10.849056 0.0010718809
55.563263 382.0981 96.7308 324.5714 0.0010224344
1036.208 2552.3645 26.992924 104.660194 0.0010188726
1028.5763 2566.874 61.533146 71.2822 0.0010130381
553.74115 2585.1587 783.5282 3.6484687 0.0009980738
1033.4343 2549.8125 29.645496 92.051895 0.00097350386
488.02655 167.09546 953.5757 323.91748 0.0009694476
1020.05865 2568.8347 48.537926 37.268234 0.00094971375
742.5201 1342.2388 366.04333 692.4065 0.0009339182
556.2639 198.20868 1011.0192 397.3607 0.00092654064
1039.3141 2563.3394 34.782307 58.330166 0.0009236799
949.66907 1711.7872 297.34183 771.7184 0.00091537304
419.2025 584.0359 837.01154 992.7175 0.00090206537
1035.8036 2555.5774 26.885942 84.544365 0.00089867547
1041.88 2549.6445 19.2116 125.958626 0.00087638246
835.7559 1401.5833 380.29526 888.521 0.0008753305
535.81793 359.71585 1021.11084 744.8878 0.0008578484
559.6944 2585.1096 800.6691 4.0282197 0.0008564836
773.39435 1844.2815 307.11496 482.30118 0.00085252034
945.267 1821.9408 296.74487 643.29816 0.00077216397
693.0867 541.0674 643.5079 786.3259 0.00077199476
647.88684 1023.50995 565.6573 702.9399 0.0007104161
1043.5537 2569.9966 19.769445 100.1724 0.0006935307
1037.7545 2577.6196 26.312363 80.20709 0.00062370836
746.15204 2581.1208 587.63446 14.820016 0.0006232095
562.68146 83.1005 1042.1198 183.94228 0.00057797245
