411.35992 1066.1962 814.00336 2090.5464 0.89583606
364.2426 1143.6396 694.6473 1384.7028 0.055702593
328.6276 1112.6525 630.3623 1320.4174 0.05438154
316.725 1053.9459 603.29816 1191.1997 0.046498735
291.74362 1068.5194 557.5693 1217.5088 0.03966949
821.18713 1214.8865 102.154625 180.06767 0.03870504
790.5035 1216.6901 162.55017 192.27016 0.037517488
393.1407 1047.4587 752.70154 1197.1925 0.03097728
288.1086 1172.7542 558.2938 1436.012 0.030532204
338.80502 1102.6407 595.23944 1087.9197 0.029875774
413.9517 1065.7694 815.55756 2082.0208 0.026845632
313.1193 991.73303 592.7224 1065.6375 0.02590142
250.1979 1041.6268 478.6712 1155.1882 0.024289407
755.92126 1216.4493 100.619934 192.14459 0.024270268
300.2871 1148.6674 581.5517 1383.4271 0.023821536
306.96744 1228.5454 597.06165 1560.6593 0.021134695
293.57703 1210.2716 571.235 1512.789 0.019819299
325.62018 1159.3959 577.85986 991.8984 0.01754581
395.99692 1233.2031 775.0113 1594.0728 0.016487958
240.64288 1166.5193 465.1039 1413.9426 0.015765373
360.05695 982.9212 685.95996 1067.325 0.015206341
307.03555 880.187 578.7056 837.21436 0.014959883
345.5333 901.5428 640.9729 1275.4197 0.014606182
240.88986 776.87134 446.79532 617.2676 0.014597908
323.26434 995.55457 608.56085 1455.1603 0.014549144
384.8739 979.4509 698.8366 1289.673 0.014319865
725.47723 1218.854 161.6231 199.21037 0.014288205
400.73044 1602.7626 790.06635 983.9129 0.01405867
194.49359 759.40155 363.6443 581.05664 0.013265078
379.65253 1141.9349 612.20483 998.6727 0.012446037
362.95404 1335.5308 684.0555 1175.9073 0.012301875
368.15295 1370.4263 705.42365 1168.3098 0.012293738
258.23755 928.7522 487.0317 920.1389 0.012206499
389.82513 899.01636 742.82465 892.11163 0.012161684
347.48688 1131.2738 488.4246 806.74976 0.0120875165
308.75983 919.5858 582.7293 907.43066 0.011456121
175.7891 687.4911 317.9841 437.44742 0.010954296
337.2887 1316.905 635.8432 1182.8811 0.010681108
382.13458 1420.5435 739.5606 944.5137 0.010657659
192.26373 1035.6284 366.37057 1133.0739 0.010640518
318.3398 1298.3982 594.6421 843.6018 0.010599678
335.6329 865.5884 634.3301 812.0097 0.010502547
403.66397 899.8501 785.5123 905.3482 0.01046201
331.4737 1327.8657 612.5928 1156.4105 0.0104224635
404.6909 881.68616 553.872 901.2008 0.010416716
407.0573 765.31213 779.9752 1306.2273 0.010359315
281.5208 1418.2329 410.78503 380.76752 0.010308553
336.34872 815.14954 622.1917 1186.9103 0.010081965
318.1313 1294.0045 567.943 698.4141 0.0100079235
216.81406 1491.9928 211.32632 204.78145 0.009969973
399.609 1443.6006 168.56462 85.19641 0.009900241
311.253 1307.226 540.2718 644.1626 0.009806946
376.95523 1402.4982 663.7018 913.56555 0.009660239
365.4621 775.6321 684.4246 1105.5835 0.009548345
281.17618 1247.0514 524.3802 966.56165 0.009543723
272.34903 1120.5758 526.0717 1703.3223 0.009359068
349.3428 859.17456 657.42474 804.71326 0.009343568
395.18573 869.80554 631.2278 819.15155 0.009337805
217.65562 805.7052 300.78723 431.99182 0.009195636
371.8534 1454.5505 702.65045 1203.8881 0.009161243
368.81418 1242.9908 682.60443 860.373 0.0091096675
274.3108 1373.0073 501.2436 594.9938 0.008971177
362.94885 907.6909 685.0968 913.3009 0.008873545
342.87268 797.20886 640.98 1183.6517 0.008839259
323.8504 818.62024 605.8165 1283.8445 0.008800343
448.10876 1448.4183 70.98863 68.35465 0.00876577
352.905 1227.9148 491.86777 792.79315 0.008763028
399.4482 1154.2526 503.7601 858.69574 0.008717242
406.10007 676.0366 788.8178 1265.4619 0.008701425
752.571 1263.8375 237.6834 299.9098 0.008572098
304.13245 1418.958 362.34866 344.4663 0.00847413
326.6168 1021.60187 429.81015 620.78577 0.008400715
290.034 867.0769 355.9494 493.8212 0.008230585
345.14117 824.2264 411.3096 629.2831 0.008072913
399.34662 585.2255 775.67816 1100.1891 0.007973072
286.85718 952.6714 414.67502 699.88135 0.007958794
379.24704 1246.2488 611.1685 940.6524 0.007926208
372.81134 685.5582 712.04193 1199.813 0.007875432
460.70822 889.05414 635.1354 887.9648 0.0076069497
371.74304 1312.9902 706.74835 1089.1008 0.0075566117
512.8837 900.51843 498.65176 789.632 0.007519458
237.97046 809.8785 200.64789 285.5948 0.00749555
433.66666 969.90894 619.1669 976.4571 0.0074865026
737.42365 1220.744 269.56586 213.70999 0.0074752583
267.641 1567.1895 512.1024 657.835 0.007270428
362.87082 1388.033 249.55193 203.8962 0.0072408966
200.18591 735.84076 262.26587 340.03342 0.007217273
520.4475 1747.7546 26.475172 41.22091 0.0071814125
281.2417 1031.918 74.94066 60.737675 0.0071051694
404.90695 1477.701 635.748 889.2194 0.006998743
309.62936 630.9051 572.9332 845.9596 0.006972912
423.9689 1169.1914 103.37325 80.33739 0.0069538835
501.23062 895.2543 546.19867 848.7279 0.006937331
453.02228 869.2329 667.53265 925.356 0.0068641123
234.8941 841.42584 249.85333 317.3439 0.006856329
360.21304 737.955 467.9715 558.5519 0.006832343
375.91962 1428.84 727.2519 620.6624 0.006809144
403.7433 1288.272 606.8179 732.6124 0.0067666676
463.33978 1024.963 676.54236 839.0277 0.0067650615
481.95206 873.778 621.7587 927.02185 0.006692055
451.3796 732.0025 274.16565 365.26343 0.006671866
462.37222 810.822 457.1127 698.0665 0.006600456
418.18573 707.4572 328.5818 431.86923 0.006541991
335.78918 675.7478 635.58105 1033.952 0.006541663
366.9051 1281.7904 326.517 397.9699 0.006526208
484.4294 1010.65656 590.4934 994.70685 0.006496546
369.45038 1317.6523 668.1727 881.2419 0.006494943
641.81305 1018.3325 301.2731 577.4352 0.006471168
708.8546 1081.7657 195.78271 461.3625 0.0064645093
710.72754 1033.0793 301.53677 573.1398 0.0064613284
447.1017 1350.2339 615.5677 839.44055 0.0064164125
201.64992 865.9204 355.24698 608.9433 0.006398274
237.18056 1439.4526 435.4231 502.68634 0.006320312
248.0657 1342.4141 190.72415 224.03844 0.0062936293
505.73114 1108.3601 546.7315 1186.0024 0.0061332826
389.44232 1204.8876 761.19604 709.98 0.0060968916
243.41109 1307.9766 112.14126 120.36212 0.006093428
518.73206 875.66675 554.27966 1064.5282 0.005997302
371.3228 1529.2079 219.7692 237.32759 0.005934728
308.09116 1458.834 354.03442 241.4961 0.0059183473
370.1769 1258.8527 451.84116 497.20862 0.0058990414
530.87146 872.20013 527.42004 896.0719 0.005860558
552.05475 931.53143 460.66028 762.18695 0.0058200117
475.7528 1605.5138 115.61253 123.990616 0.0058091157
263.52588 1288.9769 435.05563 857.7294 0.005808835
374.45892 1436.618 383.81787 638.91846 0.005806649
477.67023 1198.6097 523.61316 1340.8962 0.005792256
311.20203 1393.6318 344.9791 234.15428 0.005781992
162.50256 1183.2925 309.9127 1310.7068 0.0057663014
714.46094 1289.925 219.60527 346.91226 0.005753167
179.5609 709.98846 297.39978 446.34183 0.005669744
256.7646 1255.0098 376.28888 384.03503 0.0056663523
336.90692 497.42825 245.24742 246.0507 0.005582093
349.05035 1554.6624 633.8571 710.9458 0.0055818493
817.4759 1236.9844 130.11852 262.52377 0.0055689663
511.65475 1012.6997 577.77405 1152.8649 0.0055644154
249.80405 1499.503 441.68478 781.17017 0.0055637243
319.23248 1340.5642 568.99506 734.2057 0.0055628004
681.493 1322.0114 251.89363 406.3584 0.005560393
384.5322 1337.8385 231.30621 280.30338 0.005521048
491.227 1101.3113 620.9697 1172.0035 0.0054931752
471.244 1016.55316 612.26215 1318.7402 0.005481195
366.8542 1579.9436 565.95825 625.31024 0.005452679
396.76624 1467.6946 789.93176 703.82947 0.00544943
508.37738 936.9885 579.17474 1167.3066 0.005444158
619.97235 1010.56915 371.99103 698.0893 0.0054254252
513.0495 784.92377 552.65936 1025.0454 0.005425163
399.69965 932.7106 396.31668 702.1761 0.005406772
217.79128 1495.985 140.13774 157.97878 0.0054049203
376.8604 1354.0735 353.44138 782.6731 0.0054037725
432.46643 1080.668 456.3417 749.79926 0.005390092
293.39734 1379.4565 535.5709 543.3071 0.005375983
333.53857 1310.4984 377.93875 594.985 0.005350981
394.14755 1070.893 309.49835 317.71124 0.005303301
367.08328 1437.8771 708.6885 474.93912 0.0052991873
518.0024 767.1187 570.00385 1107.08 0.0052755056
404.4345 1006.86847 380.83295 631.87195 0.0052696355
319.98212 1136.0571 395.20154 782.53467 0.005260343
471.93954 1007.8216 608.2565 1085.571 0.005246374
668.92737 1118.0005 260.9685 393.22922 0.005243881
286.84775 1024.7754 100.375626 93.248436 0.005223935
712.95215 1013.514 226.78128 601.35394 0.0052127596
467.50784 869.181 626.8886 847.0106 0.0052101687
419.24722 1142.0228 361.75763 482.2013 0.0052055493
495.56686 861.4035 601.0373 922.3187 0.00519006
320.81607 667.436 606.33405 1104.656 0.005184452
311.283 723.4654 591.94916 1048.0896 0.0051647876
304.76093 1651.3059 588.51544 506.39554 0.005161802
762.0425 1077.7561 216.87259 475.40915 0.0051543536
336.99722 1236.9894 306.9534 490.39944 0.0051276973
422.54047 1166.0554 77.35028 57.97097 0.005114913
790.22784 1233.9271 172.6266 273.1967 0.0050712046
470.53467 1205.1775 292.9406 479.291 0.0050654793
354.96054 1691.4655 497.6362 594.69965 0.005065078
353.38397 1262.58 358.76105 614.9189 0.0050644777
191.85121 1354.9105 350.17203 483.7505 0.0050543984
739.99347 1098.2999 149.09584 428.78513 0.0050458186
553.63654 961.67847 433.58228 683.2225 0.0050400863
296.94952 1193.6606 312.8932 557.6678 0.0050393064
339.56012 592.6564 507.28818 663.96094 0.005037502
344.60492 978.62103 198.99861 209.34785 0.0050214357
728.8897 1297.7667 270.1506 444.54523 0.0050203735
565.5505 1358.5416 225.77219 285.24133 0.0050148363
324.2987 1414.5375 376.6272 712.5115 0.005014001
359.9154 1502.9249 698.65686 628.2557 0.004971667
247.85902 996.02673 401.40683 966.82294 0.004961833
406.1405 1363.8516 407.06088 752.51886 0.0049551
499.9882 1418.6432 409.51175 443.8137 0.004913916
493.86282 1340.7084 209.24797 270.44138 0.0048866277
236.8835 1509.8997 453.02005 783.442 0.0048419386
443.80566 1361.1757 184.43555 229.09865 0.0048146327
529.49365 1029.3743 536.0665 1136.9071 0.0048144544
784.8772 1106.9531 173.01138 412.74414 0.0048042666
631.7972 1364.0684 343.03995 494.5676 0.0048040156
255.71638 854.7274 424.86374 724.7491 0.004802354
404.27316 1530.7863 777.4179 1156.3313 0.0047994037
338.4917 1139.7555 247.39554 204.65831 0.0047360994
368.02213 1008.09827 445.22043 849.5554 0.004699367
469.91486 924.88934 327.28494 706.1659 0.004698232
133.72844 358.71774 241.95433 208.16173 0.0046900846
479.59338 1101.7274 240.95108 266.15814 0.0046759755
655.02606 1350.7659 174.81332 254.00337 0.004658187
589.4919 1170.6217 415.22357 962.6984 0.0046417294
485.8789 1616.549 145.05537 174.26697 0.0046380977
303.5861 1439.7462 328.31412 585.56177 0.004600377
566.04565 1095.6862 439.91058 775.22 0.0045924555
376.2824 1613.8271 290.22058 386.9155 0.0045440015
162.65694 1738.2798 280.8653 297.55237 0.00453869
313.0185 1213.073 285.21765 426.94727 0.0045233746
691.87695 1090.1705 335.94913 482.30588 0.0045221574
314.90335 1551.9027 479.7761 603.1357 0.0045198523
375.4819 953.51843 541.1586 1148.1296 0.004514466
321.55655 1528.2324 355.46027 541.9423 0.004505312
540.3904 1066.4448 489.75415 1104.2921 0.004485586
578.5298 960.79565 388.9664 664.8527 0.004482625
595.7114 1315.2482 395.99796 392.1231 0.004480489
258.86353 1629.2081 501.99304 789.3325 0.004471395
368.1097 1551.1273 265.7302 285.83737 0.0044680154
673.58734 1124.1199 150.45772 212.4838 0.0044591837
674.5803 1252.8734 221.80684 264.3011 0.0044577527
498.35223 861.21277 563.9199 824.0048 0.00445613
380.8802 1157.2654 206.02382 173.95892 0.0044536726
430.71884 1327.2565 375.61206 613.3844 0.0044508087
251.11261 857.258 157.78143 182.12875 0.0044371975
436.35428 1114.1614 302.55112 302.39194 0.0044349968
637.1648 997.68207 191.15424 307.4245 0.0044294987
625.2056 1005.17926 328.43637 580.1907 0.0044258162
452.96136 1516.0233 386.4969 744.98944 0.00437466
548.04175 1422.8922 476.5108 593.62665 0.0043711807
480.61612 868.9973 627.52094 1036.0167 0.00436949
213.15405 1715.1313 412.52405 677.0183 0.004351946
339.69772 1035.2864 281.82452 305.69836 0.0043496056
383.95377 1345.8777 451.44366 637.431 0.0043453416
545.6283 1385.8816 490.22385 545.3019 0.0043118596
394.43964 1321.8854 775.56274 434.7752 0.0042978837
553.78503 1414.1951 370.79272 444.14496 0.0042928304
539.7846 1225.3159 464.9259 809.30286 0.0042832205
283.39243 1538.7119 391.95596 264.25656 0.004277248
593.3212 942.12317 216.29605 363.33643 0.0042760014
634.45544 1352.2992 320.96283 450.78806 0.0042699696
282.16138 442.28296 506.62497 482.08163 0.004263503
538.393 1080.0573 470.1608 748.2921 0.004254498
297.98315 1768.0825 403.5201 319.79886 0.004251227
191.817 1833.9338 209.90247 179.03473 0.0042428803
398.33652 1389.8922 363.08325 506.53967 0.004234178
370.6184 1584.1682 410.34515 575.63446 0.004212889
416.66745 1418.9136 282.28525 387.13388 0.0042081703
465.20706 1334.2355 429.971 1042.7355 0.004204156
313.37854 1532.0715 371.9544 698.4132 0.004190432
344.9265 1497.4589 147.86252 165.51543 0.00418313
736.3548 1408.5471 277.7549 586.87213 0.0041738716
714.2676 1339.8368 276.92334 446.11746 0.0041654627
516.4576 1024.3572 565.91785 1171.384 0.0041608964
207.42128 1127.9855 359.90573 722.28015 0.0041490737
597.6172 1410.431 403.7233 590.0754 0.004145472
624.71136 1471.0898 467.15884 717.4742 0.0041376427
220.28557 1889.2327 416.3095 316.82257 0.004136837
809.0443 1158.3713 123.43306 305.88373 0.004131003
520.3805 1392.2595 549.48627 1276.1703 0.0041301455
452.93994 1572.9181 573.32184 852.3854 0.0041253413
590.46985 1478.09 405.81372 704.5945 0.004083217
797.40356 1221.6301 122.80214 167.60632 0.004081763
160.55075 1271.0703 315.11374 1633.1663 0.0040809973
464.4695 1351.8367 525.0513 476.62708 0.004074938
582.4447 952.71466 162.14862 208.7787 0.004049387
459.4422 1692.0972 318.91104 442.97858 0.004036082
375.95337 980.8859 196.0116 222.21681 0.0040236665
398.42398 1388.7455 355.4393 496.69095 0.004009263
407.82864 1459.3251 255.39122 412.97406 0.004003553
714.73 1388.8898 310.30698 568.089 0.0040004454
211.82442 860.0354 93.43143 120.182304 0.003998717
516.9164 1534.0243 521.95703 852.4482 0.0039898655
529.9589 822.20404 533.5824 967.3256 0.0039883438
421.17197 987.59546 828.92444 1081.7692 0.0039734603
608.2592 1178.5109 379.14816 902.49133 0.003952701
391.89465 1329.6632 749.1079 492.77252 0.0039514042
455.0814 1482.3328 399.50797 731.8896 0.0039488114
780.0358 1065.1573 192.50536 498.62372 0.003943294
523.37054 804.6604 571.7174 1135.7297 0.0039396957
168.96223 1260.6112 310.7852 682.6406 0.003929548
665.52264 1269.2917 288.73248 306.6958 0.003927695
268.82733 565.49963 511.57352 779.583 0.003915839
437.5084 860.00543 671.27966 828.1533 0.0039148144
652.3156 1327.7122 424.725 426.26804 0.0039141304
221.149 1167.6721 435.71216 1403.4769 0.003911149
568.3572 1627.3284 182.15363 276.18298 0.003890487
357.27234 1820.9911 710.7517 588.82 0.0038739867
201.7191 1255.3767 316.591 536.7824 0.0038618776
255.62798 876.7095 146.70555 173.30254 0.0038431734
390.8056 1116.4647 766.11755 704.5973 0.0038417866
306.7677 1613.343 404.34567 408.15695 0.0038378413
370.62625 599.8885 397.39636 578.71765 0.0038353137
674.195 1232.8604 383.87268 255.79106 0.003830374
512.901 950.37524 480.29474 867.82806 0.003825712
484.53946 1631.5227 257.7864 300.80414 0.0038159657
216.35191 1696.1042 253.10518 289.5588 0.0038056765
398.1809 806.8153 395.12616 837.12445 0.0038011938
462.1798 1366.3392 443.59387 827.88806 0.0037977428
452.08163 1022.9025 290.19858 434.48984 0.0037790218
751.9956 1042.0242 241.21657 546.96173 0.0037759983
460.2387 1344.1584 389.7735 940.5981 0.0037725305
450.7134 1537.4554 273.8383 431.11282 0.003770472
461.70416 1434.864 430.08395 883.713 0.0037573017
525.5563 1324.1995 208.8124 281.6996 0.0037468283
515.95026 1367.5729 518.337 587.05475 0.0037354222
515.38544 1215.8678 528.45276 992.13794 0.0037311036
436.5217 1675.9735 249.86366 423.50076 0.003715891
399.1063 856.4956 784.3477 828.2658 0.0037140574
741.72125 959.4638 259.93225 713.4076 0.0037105866
515.00226 1118.8921 476.11984 859.6026 0.0037071912
556.21344 1146.3047 473.06833 1224.0482 0.0037002764
573.85065 973.99506 448.4495 868.7182 0.0036917126
529.8152 1285.3391 404.97498 1019.53125 0.0036841403
556.19305 1462.5173 480.05896 694.51447 0.0036769104
735.59265 992.8087 261.0456 664.8352 0.0036735681
568.9134 1566.5698 475.44324 904.0372 0.0036613543
430.48755 1524.8342 444.8436 457.29623 0.0036542416
548.9458 1274.4176 448.64255 714.19446 0.0036432457
481.4214 1244.0006 384.5958 601.783 0.003632121
520.3123 1463.0247 424.35184 568.06964 0.0036319362
393.91718 1735.5109 317.41406 412.18884 0.0036267394
606.0144 1562.6826 414.99387 897.55853 0.003623625
538.6343 1225.3894 452.56122 538.04614 0.0036180222
366.1598 1070.3932 275.97687 343.66992 0.0036171165
138.85397 1023.7161 268.4217 1106.9043 0.0035961492
251.9797 1416.7268 344.99243 635.2242 0.0035939356
706.79987 982.0106 149.9502 291.757 0.003581853
404.24542 839.7247 770.94556 1484.8955 0.0035786205
176.0636 1931.0038 341.78015 359.42834 0.0035783637
576.4036 1099.4567 182.06125 271.3478 0.003571819
576.8428 1513.4054 442.588 796.2943 0.003571476
504.59744 1577.5803 530.106 895.2477 0.0035668397
412.188 1831.6458 43.903667 77.236145 0.0035598981
477.70148 1426.2124 384.64075 914.1693 0.0035542226
544.326 1336.6864 423.68604 303.4028 0.003552958
522.7289 1375.3751 394.9595 564.4644 0.0035486743
453.31357 1686.3936 247.14188 387.26242 0.0035337077
153.03943 1563.4025 286.1143 649.7608 0.0035209784
514.8746 867.2848 558.5223 856.78015 0.0035010653
627.57214 1032.7948 162.48227 215.51485 0.0034841842
598.4682 1571.5151 123.11947 166.95103 0.0034796128
450.98898 1606.0228 354.3306 687.95123 0.003468999
766.45087 1303.0292 220.08884 392.62592 0.003450151
168.2097 367.33417 313.1271 288.62427 0.0034478467
669.1833 1443.2457 311.82114 648.6942 0.0034477548
531.119 1023.64276 508.6356 1220.9231 0.0034364543
547.1221 1256.104 483.16306 1208.1992 0.0034348166
736.2697 1061.5876 168.37596 498.92667 0.0034320625
418.18277 1143.3701 114.159966 118.61174 0.0034276033
522.9187 853.60846 547.2288 1055.4336 0.0034040113
709.5047 1233.3481 160.85532 238.9702 0.0034034112
416.3022 837.74744 713.44556 891.1863 0.003394018
246.75069 1874.0255 370.87286 341.36 0.0033826705
598.06506 1390.2477 130.49416 173.46613 0.0033805026
324.9997 357.25485 642.2729 676.94305 0.0033712348
369.19962 1656.4846 390.1865 620.60034 0.0033515317
325.3786 1745.4263 464.81537 367.48935 0.003350586
571.98486 1077.525 452.6227 1056.5134 0.003347926
507.09778 1284.9824 567.5186 361.84537 0.0033462625
533.42267 1327.4932 603.3654 446.00488 0.0033440604
639.2102 1017.2446 307.8324 598.05707 0.0033414755
405.7034 1697.5511 286.89044 300.15 0.0033176548
284.57938 954.90576 162.30315 194.04854 0.003313841
562.0938 1486.0089 199.26237 272.511 0.003293939
523.7973 1138.4496 127.92174 158.18398 0.003276385
520.549 1185.5494 536.19775 1441.6469 0.003262132
638.4216 850.0854 393.38535 916.2219 0.0032484932
419.9218 1632.101 339.65842 471.19348 0.0032314416
166.00035 1815.813 320.06638 517.25397 0.0032231447
205.53429 1986.1041 399.06952 258.38986 0.0032168298
625.1891 1377.2529 352.43918 510.43817 0.0032165346
650.24426 1395.0714 317.3485 547.4578 0.0032161586
570.65784 949.8737 447.99115 764.3269 0.003215931
198.71991 1842.312 368.2743 538.6093 0.0032145754
448.53235 1819.925 207.6853 262.65762 0.0032112189
411.1718 546.97314 334.45117 564.0932 0.0032043515
420.41165 752.6904 557.3764 626.2047 0.003196879
659.071 1050.3125 293.50754 531.98584 0.0031939615
746.1187 1622.5432 280.88895 1023.99146 0.0031939615
453.05188 1814.9364 189.50046 220.13348 0.0031896057
326.5792 1382.6505 132.42789 184.82994 0.0031738263
626.0524 1303.7787 348.0082 368.15808 0.0031731129
870.70306 1624.0856 120.35699 996.0105 0.0031731022
387.3402 844.0913 159.05893 165.42018 0.0031725364
433.1271 1958.8959 861.0798 346.7459 0.0031713785
450.6963 1639.8605 308.06152 430.19806 0.003158513
398.70248 1920.0817 793.90955 424.3408 0.0031537048
600.7243 1191.6239 502.94476 1372.0426 0.0031402614
348.10764 1836.5288 658.2156 565.38513 0.003121965
749.57025 1304.7115 246.83553 393.74796 0.0031155534
533.2792 1224.9865 512.73883 1394.5808 0.0031115972
766.87103 1320.8198 221.30441 408.59848 0.003108206
567.88196 1609.8977 265.19257 458.5859 0.0031025878
805.3607 1234.8971 151.61348 373.71997 0.0031009056
324.3862 1292.7677 195.03294 172.9653 0.0030897036
320.64133 1113.6892 376.56424 446.2917 0.0030810956
532.92377 1373.4039 499.8686 1038.1375 0.0030707826
649.2196 1323.599 107.547424 145.64369 0.0030643244
346.7864 1316.261 551.0028 668.7164 0.0030523823
775.7683 1304.4348 202.07303 477.14218 0.0030505615
769.6721 1296.446 211.49364 416.345 0.00304899
553.3506 839.1148 488.37152 938.5118 0.0030442034
794.0254 1112.6062 162.35532 397.75232 0.0030402523
645.87244 1494.7084 444.0685 753.9833 0.003034445
393.45264 1185.5786 254.16711 374.27472 0.0030300627
587.9216 1455.0717 208.83868 323.47177 0.0030184803
494.75702 1382.2499 369.2883 1090.9155 0.0030145152
554.2515 873.47723 483.24426 873.9082 0.0030083635
237.4669 1797.0657 429.8782 612.74713 0.0030049528
276.88153 1354.1508 107.960075 149.42517 0.0030017619
534.30865 1182.0223 504.29437 1327.1908 0.0029851852
762.7959 1400.8346 243.91457 568.4491 0.002984436
139.90102 1714.4945 270.00394 740.1778 0.0029787815
519.5519 1234.2136 470.1098 791.11487 0.0029737372
591.87726 1179.7688 390.98132 1068.4019 0.0029709775
160.62654 979.38806 316.33594 1034.2405 0.0029692377
453.90866 1320.1179 403.3702 858.92035 0.002968405
343.9018 715.6594 373.25223 668.72974 0.0029667304
729.87256 1114.8903 144.8511 361.2701 0.0029634177
273.8143 675.30237 513.18646 887.1837 0.002963295
328.86594 1840.6163 677.57635 544.37756 0.002962002
82.766716 1894.011 157.43237 439.6726 0.0029544889
436.37827 1838.3766 204.3377 227.00975 0.0029513398
458.09262 1783.3304 229.70259 300.1832 0.0029473156
510.2647 1224.5083 409.53635 572.09326 0.002946786
812.52026 1399.1182 160.11266 509.02856 0.0029292905
519.6034 1626.0631 273.22577 366.36804 0.0029243184
87.966805 1672.7288 156.25888 270.60086 0.0029228106
761.0424 1143.5004 204.79408 447.63327 0.0029192732
180.68518 737.6972 291.57043 536.73444 0.0029170117
380.25613 1807.87 762.8544 604.4505 0.0029101477
203.63138 1946.3779 194.67023 168.02155 0.0029082708
548.42487 1042.5046 152.29018 207.6165 0.0029053672
432.62845 1389.4366 383.49985 1005.80426 0.0029042137
481.9756 982.533 597.44116 1000.9511 0.0028998868
88.1064 1783.8218 159.70308 230.57101 0.0028860634
633.94977 916.4986 340.5696 982.927 0.0028784957
665.5194 1168.8971 125.21806 158.05464 0.0028716007
770.4252 1077.726 178.43214 459.5265 0.0028631997
593.5296 1155.7719 428.9017 1379.5361 0.002861263
407.59378 1582.1051 132.36908 196.96338 0.0028595957
334.61108 1901.9808 315.13025 275.1812 0.0028593263
406.65005 1464.7853 162.67299 230.24413 0.0028571438
379.3322 1947.3523 768.8191 371.22552 0.0028553186
368.8711 1743.0764 168.1476 209.04109 0.0028484045
324.44864 1579.1082 187.26552 149.67332 0.0028465171
570.3603 979.772 478.8861 1080.2712 0.0028402102
532.03986 940.346 225.92006 370.38834 0.002838736
613.79205 1134.1833 348.84653 676.3221 0.0028371678
421.3962 875.5535 328.4772 878.96045 0.0028370046
375.0906 1065.778 126.5293 139.54465 0.0028172627
234.02065 1180.6456 349.0472 439.16162 0.002809509
478.55106 1226.4546 433.205 1055.465 0.0028043971
423.78406 1877.8893 144.065 175.69572 0.0027945985
619.91724 1483.775 303.41562 590.87024 0.0027767757
453.5044 1341.6562 288.35092 304.31516 0.0027690018
546.80457 1604.1243 157.67763 219.87746 0.0027620671
370.1069 446.24036 158.12651 143.08957 0.0027575477
688.7036 1176.8842 346.61752 941.8421 0.00273591
747.68024 1365.5607 263.39557 507.98294 0.0027347847
792.744 1127.3422 182.67928 516.9551 0.0027329663
640.4889 1312.7983 352.06134 1043.6362 0.002724218
552.7334 1392.725 152.4575 183.04042 0.0027240834
433.2376 670.4588 426.7617 828.2826 0.0027114386
436.76624 819.61914 479.27017 555.3468 0.0027066667
765.9752 1393.6914 230.0539 622.0604 0.0027063
708.0758 1162.9332 304.64926 435.54935 0.0026940731
444.48813 1960.2258 869.6952 344.2606 0.0026924745
411.7625 1069.2596 814.4639 2075.443 0.002690176
387.64972 800.5037 758.77795 708.9754 0.0026848668
730.3724 1444.0135 290.29855 668.69086 0.002678103
126.62309 175.78719 237.2947 254.5592 0.0026769114
661.14264 929.6369 345.45734 930.9866 0.002672846
149.69371 1790.5889 277.0014 523.84406 0.0026575474
441.5507 2018.557 869.1945 230.64825 0.0026546826
308.77032 1682.0248 421.21393 493.81827 0.0026541739
666.3233 1225.4271 328.85486 1179.2306 0.0026485678
460.1324 1055.1038 263.64905 521.30066 0.002645963
354.0441 1471.048 130.76242 164.82697 0.0026371917
738.40173 984.1294 259.7183 670.04376 0.0026307993
246.90302 757.05334 126.3523 123.01862 0.002603407
435.84283 382.35226 874.46295 750.6691 0.0025743404
142.26459 1785.3616 260.0767 453.91055 0.0025668032
810.81 1952.9844 172.6899 363.185 0.0025617904
657.135 1191.4916 410.687 960.21405 0.0025559282
414.31265 1283.3112 335.00864 498.54337 0.0025458992
265.67642 1965.2227 372.30255 261.39203 0.0025415004
440.91623 1884.8898 108.94805 137.15207 0.0025342084
427.84454 1532.6454 105.231834 127.63319 0.0025312856
669.40924 1373.7296 381.52225 510.82425 0.0025236702
293.27057 1394.4744 288.49658 378.61774 0.0025197987
649.19147 1147.4325 417.98846 830.19714 0.0025172601
322.41986 1364.4576 182.33237 140.43704 0.0024958183
450.9275 1270.2876 367.85016 745.57043 0.0024924965
489.19403 1256.5475 412.13138 1022.3864 0.0024906062
243.39944 1989.6699 449.69608 251.51598 0.0024815376
667.7427 1254.863 150.38449 181.99956 0.00247577
123.91501 1867.106 196.74843 202.96239 0.0024716635
335.59518 1948.4384 180.75325 173.10162 0.0024700146
401.11246 1432.922 110.01546 106.268875 0.002466901
633.5041 991.98676 356.81326 633.04095 0.0024615221
540.69196 1355.2568 438.20544 1050.7957 0.002451788
175.335 190.38281 229.01195 194.3033 0.002451149
479.76315 1055.4862 280.21448 441.6396 0.0024474757
160.45088 2035.8694 263.94244 160.4637 0.0024288914
722.1175 1054.8914 182.7211 493.3729 0.0024263877
317.84305 649.7552 601.72125 616.2492 0.0024222822
434.5603 1560.3397 349.9815 609.7888 0.002419605
738.15717 1982.0857 257.49435 291.62463 0.002413564
757.98474 1486.2775 253.90639 737.6502 0.0024077592
694.56885 1137.4624 328.2763 740.3919 0.002402502
539.1306 1595.3528 138.61678 176.94424 0.0023963696
585.5682 1591.9497 490.0244 943.0355 0.0023895386
420.59293 1680.6259 120.30378 186.75189 0.002386142
670.26447 1050.3071 389.07962 730.3996 0.002375434
505.94394 846.3976 592.99207 889.1339 0.0023693328
594.011 835.92236 208.9441 354.18143 0.0023662557
362.34937 1721.1082 394.0252 759.49817 0.0023532307
318.87558 1964.5883 349.70328 265.60574 0.002352501
623.05896 1209.0503 382.95007 840.3513 0.0023460614
730.15607 1910.234 327.06406 441.20358 0.002340816
661.8527 2027.0713 228.52669 199.0517 0.0023369363
764.06116 1113.9113 203.28012 500.7395 0.002336406
614.7931 1399.0942 420.91425 833.81256 0.0023335568
314.5591 1688.9598 469.67276 646.6458 0.0023200975
175.29611 1038.613 296.9112 359.12976 0.0023198514
671.4017 1230.4796 345.1759 999.217 0.0023136595
191.59892 406.87497 359.74194 592.603 0.0023124393
657.0947 966.27344 404.8872 835.2973 0.002311312
727.20404 1997.2662 333.76553 269.93835 0.0023042744
331.29727 852.77386 680.83765 789.2993 0.002292784
751.6821 1112.1373 248.53275 821.6471 0.0022721372
613.61066 1425.8887 500.80115 1217.0886 0.0022686536
516.8753 1752.6512 269.23096 456.18344 0.0022623783
406.85153 1539.7728 224.35574 523.58154 0.0022598892
354.04202 1870.0659 660.83136 650.0371 0.0022535257
324.3873 1950.2822 694.8113 452.9794 0.0022472376
715.0404 234.83286 342.5116 430.6668 0.002243693
569.3236 1088.8075 544.6376 1549.8116 0.002241464
833.92487 1590.5277 139.14418 928.5182 0.0022406955
551.50525 1112.6039 473.49567 1035.1309 0.0022298375
747.01514 2053.078 300.866 158.88516 0.0022289485
417.2006 632.9052 508.56165 811.48956 0.0022218197
432.21982 396.91745 847.30273 784.8745 0.0022155147
631.7285 1276.2653 398.7515 1094.4221 0.0022038585
790.5035 923.1211 214.53267 788.55994 0.0021955026
446.29584 1958.5707 134.67587 162.22716 0.0021881505
636.33575 1160.5496 456.58115 1404.006 0.0021855752
333.91895 2011.3334 693.3389 304.7987 0.002181561
767.4875 1744.3639 255.34859 780.4494 0.0021813076
812.6443 1778.854 174.8313 472.1621 0.0021799568
451.95068 673.3853 436.2841 511.5686 0.002178021
253.50165 1805.639 417.25375 634.78265 0.0021742533
470.0067 674.9232 399.0143 687.82025 0.0021713772
734.68933 2050.312 229.49277 165.25325 0.0021705437
844.1236 1937.0786 138.55617 241.7945 0.0021702957
822.5934 1054.7596 155.87035 508.3475 0.0021694407
457.3557 1859.2043 124.22477 156.20943 0.002167891
812.6286 1117.6348 169.23322 531.70215 0.0021643331
380.436 1526.7122 146.82217 171.94664 0.0021606374
163.59695 1129.3236 266.83646 1282.5653 0.0021604288
780.6566 1915.223 135.47589 164.64165 0.0021601748
499.18332 1375.7338 283.81488 994.7214 0.0021503845
677.90125 2058.127 180.78409 143.23425 0.0021498227
676.34875 1783.4447 386.1658 695.70703 0.0021473845
787.947 733.4307 216.03178 1173.3242 0.0021373183
831.0011 1966.8381 131.62486 334.13107 0.0021323042
314.6405 1072.7723 618.09534 1214.4849 0.0021300938
718.4375 1986.8485 356.80972 294.36368 0.002122558
100.81386 92.14676 193.62842 145.94655 0.00212042
379.1069 1906.7644 734.5389 452.08414 0.0021138065
802.0433 1699.9823 194.55965 340.98978 0.0021091418
570.9549 1121.0542 584.47 1312.7787 0.0021030856
778.5245 2034.4525 225.5683 192.69592 0.0021017073
364.12906 1891.6667 596.7193 453.80753 0.0020999478
638.5011 1145.4513 462.1275 1641.261 0.0020883768
283.23602 1651.4791 388.25876 502.19348 0.0020743744
771.6265 2013.9241 232.89954 237.27664 0.0020678628
319.11566 1465.7695 298.76825 166.11983 0.0020487488
117.00709 1181.8746 189.72931 264.6839 0.0020476582
618.08765 1797.8978 365.06143 602.5234 0.0020440484
676.4858 2031.7478 334.3472 196.86758 0.0020425315
396.73352 479.6361 798.18066 922.27515 0.0020385466
397.4865 1998.8735 810.682 258.783 0.0020351328
810.18896 1810.5784 163.90953 281.3416 0.0020317924
772.0759 1082.7441 237.78403 901.18176 0.0020277451
253.05043 2028.5126 185.59409 148.48358 0.0020257332
570.37976 2053.196 295.01794 159.08838 0.002024415
607.54767 1128.5929 412.74817 778.26263 0.0020222063
593.0807 2057.9846 212.2869 147.99136 0.0020199835
601.34735 1091.7051 483.95343 1238.0594 0.0020195483
797.94727 1393.5253 192.38226 759.71063 0.0020072276
544.3668 2071.4812 204.92012 118.191925 0.00200528
258.62067 980.01886 582.27783 665.5079 0.0020002953
491.10443 1975.8853 521.396 493.6043 0.001995906
778.85095 955.10657 192.90617 660.41455 0.001991212
339.83374 1021.53845 671.06946 662.1522 0.001987376
149.22476 1262.1895 237.47311 1254.3274 0.0019870573
235.29787 1813.9539 378.22028 574.9158 0.001983824
818.71295 1834.7538 184.87575 600.55426 0.00197816
370.52286 1190.3323 759.83185 525.014 0.0019730981
794.9839 1171.0363 122.10077 233.42542 0.001965504
184.77675 1817.197 262.92062 576.73096 0.0019605304
536.7285 1263.2804 406.76508 1189.4482 0.0019574203
287.61984 1447.3704 324.40942 554.11865 0.0019571036
466.5523 659.7895 177.02385 176.0305 0.0019528125
329.27362 1884.729 592.70715 563.4837 0.0019520434
449.327 1113.528 529.26984 1136.8763 0.0019510261
398.71378 2022.1487 803.86224 235.96992 0.0019447745
456.41803 1584.1069 389.7395 587.75885 0.0019439677
152.765 1282.4827 253.44328 1609.7397 0.0019394811
593.6092 1410.0098 560.09406 577.1591 0.0019377347
266.75958 761.32544 409.4225 550.94836 0.0019332801
516.3634 1842.507 138.17511 156.83954 0.0019298209
674.57983 1357.5543 380.63782 389.68243 0.0019220272
748.1993 1418.813 268.3448 751.9741 0.0019206958
798.9938 1628.9281 170.74431 236.7101 0.0019192466
685.0803 1005.513 180.79921 244.39377 0.0019040031
577.39276 2028.397 539.3834 279.19022 0.0019016466
669.2602 1966.7812 144.00595 161.47054 0.0018988069
487.26263 1517.6288 330.34482 776.8383 0.0018986289
666.2127 879.766 329.13895 859.7108 0.0018935141
646.5348 1206.8542 406.2495 796.1382 0.0018913643
758.41376 1891.3984 264.00052 465.5374 0.0018858317
438.7061 1941.8622 349.9497 295.7875 0.001877537
415.13284 2019.1145 812.5535 218.1641 0.0018735701
867.1097 988.83105 120.67614 745.48944 0.0018671111
769.6275 1710.4677 232.16495 286.5618 0.0018610178
771.1023 1839.4457 149.94588 173.90817 0.001856405
846.8539 2014.5524 89.184654 244.17996 0.0018553477
746.6513 1051.1299 109.820564 173.19691 0.001854065
757.10895 1602.4481 216.14224 362.3641 0.0018497364
686.10016 1023.91077 369.5195 1214.9087 0.0018432514
830.6964 1657.9458 155.86966 489.66385 0.0018427033
406.49075 1903.052 533.64496 452.65726 0.0018409508
492.36404 1464.7048 416.78653 554.56866 0.0018399812
753.4476 891.3817 250.39806 430.67908 0.0018386382
826.52155 1214.6852 114.07553 194.15164 0.0018342468
235.8578 1024.2094 545.297 1023.6433 0.0018303754
654.84656 1982.6777 239.2758 278.01736 0.0018293146
786.7487 1579.0592 225.26598 391.0023 0.0018272662
698.8212 1802.4117 315.95154 477.8918 0.0018253225
464.95978 2057.3516 191.16093 148.46489 0.0018198928
705.9279 1751.9208 274.7182 416.81757 0.0018115143
785.6962 2053.733 185.43309 160.39337 0.0018098517
775.7166 1501.1808 200.07892 458.18216 0.0018088709
415.95493 1983.6125 626.14484 506.54852 0.0018070964
832.7634 1770.195 149.15962 226.62389 0.0018064256
653.2526 1464.8896 402.03946 614.09564 0.0018025297
524.54236 2025.9274 168.51805 157.41422 0.0018020468
793.2151 1022.8375 118.72222 180.41924 0.001797984
526.2626 2059.6025 231.50548 138.81435 0.0017978633
873.4502 1187.4008 79.952095 974.71326 0.0017968683
481.61438 1873.3478 508.72012 494.94995 0.0017913458
132.04158 2098.3953 248.58208 64.139534 0.0017912785
811.8223 1716.6018 142.61545 212.7604 0.0017909246
352.498 1373.1163 319.95142 498.90027 0.0017850192
811.6316 1675.6183 176.97919 241.84053 0.0017824917
822.78485 2022.8635 152.90857 222.60324 0.0017786217
788.6522 1541.3895 188.29622 433.2117 0.0017780581
425.57672 680.3066 844.3486 1313.2953 0.0017766155
788.2147 2044.7125 197.26712 172.3006 0.0017687483
586.88214 1923.7223 165.00322 183.15364 0.0017588682
330.12018 623.6752 657.96545 682.8081 0.0017511792
773.02997 2056.5457 147.36534 148.66017 0.0017501002
848.93604 1991.8075 89.2655 287.64914 0.0017492964
758.6675 363.79086 245.83075 399.89197 0.0017459939
718.66284 1929.8668 205.60448 233.25238 0.0017435852
551.1529 2060.252 144.77916 145.68935 0.0017378828
617.88196 1912.2703 207.93788 281.13754 0.0017372221
651.8409 2085.5828 204.44356 95.41421 0.0017298992
421.523 1945.8215 359.24738 299.65082 0.0017289715
600.3145 1964.1768 151.10791 141.44286 0.0017279941
747.1341 1055.823 131.0161 253.41995 0.0017278007
849.64923 1210.2224 105.896675 1258.8743 0.0017227533
762.5106 466.6682 256.58694 470.389 0.001718001
608.7404 1988.3657 319.0805 276.9681 0.0017142955
805.5342 1000.50183 200.99524 1041.9847 0.001714201
644.28143 1986.7291 250.01385 278.44974 0.0017140653
674.4819 741.5283 235.77066 457.8386 0.0017101689
830.705 745.31793 143.95648 485.63162 0.0017101233
301.04044 2042.8398 223.55948 162.34172 0.0016995699
727.8617 1712.9678 234.31439 361.53427 0.0016995061
813.61304 1911.2734 153.26585 448.7093 0.0016992553
730.2091 1831.7642 155.85948 180.68074 0.001687737
780.2452 1719.948 165.28185 211.79109 0.0016757684
621.44696 1617.6976 422.89227 564.60126 0.0016705571
357.48593 1352.6902 560.32855 623.18787 0.0016638102
853.75183 1728.3235 93.59248 266.53522 0.0016633668
682.4403 1837.8712 137.93864 178.43915 0.001663275
157.2531 1737.8119 305.68893 854.30133 0.0016610174
513.70575 2015.6539 137.57692 138.8081 0.0016590955
455.78595 1928.1282 356.481 412.22147 0.0016577337
617.00287 1978.0056 119.296486 139.10477 0.0016576619
376.81107 2050.673 771.2148 204.56445 0.0016568413
699.90247 2083.5906 144.18718 76.20708 0.001655765
571.8239 806.9588 572.6742 1036.3347 0.0016543493
415.23093 1069.7885 817.0302 2078.72 0.001653469
312.88235 1795.3623 405.90002 609.9125 0.0016518161
446.31473 2041.8792 598.55786 375.1401 0.0016457041
826.68567 936.99243 145.11748 779.47186 0.0016448057
677.2059 1804.014 216.20181 243.78876 0.0016337982
711.747 1670.2388 254.97884 407.02274 0.0016334793
441.69165 1357.4475 300.91608 593.36237 0.0016288225
492.17017 1977.8921 291.1077 278.30603 0.0016275389
461.56686 1583.4463 231.37828 723.1183 0.0016266211
704.23865 1963.6837 345.6407 337.07135 0.0016227152
533.7375 1918.8094 114.97828 153.83545 0.0016226581
808.32117 2048.6648 161.6313 165.44983 0.0016219884
502.18655 2000.2977 383.83487 256.26617 0.0016174159
833.32904 1952.8131 152.176 183.88751 0.0016156388
815.0358 788.77844 175.66835 1019.9099 0.0016093742
737.0477 1534.1229 185.28426 336.7915 0.0016056792
813.90186 2055.1697 161.63725 166.76822 0.0016053353
640.0337 1894.1133 466.394 472.89288 0.0016045321
586.83484 2001.8407 128.88925 115.65242 0.0016044825
391.64883 1727.231 561.2824 724.7815 0.0016035838
808.86566 1293.1561 136.91379 199.08597 0.0015911093
668.2079 1062.4117 363.90875 750.4438 0.0015908699
869.74164 1495.5287 93.29878 439.3159 0.0015901286
626.8731 1915.5465 271.8603 305.52432 0.00158991
796.8065 1711.9493 172.10512 186.34546 0.001588483
866.99194 767.9194 102.169685 399.54523 0.0015876672
506.0585 1660.6489 468.4915 929.02924 0.0015860014
692.7758 1757.3079 135.5851 174.8564 0.00158463
333.5543 2071.2273 714.54974 140.63708 0.0015839151
420.52664 2017.5641 390.45422 215.82533 0.0015834913
821.928 2031.3639 129.20341 207.63533 0.0015801485
829.3614 2041.1179 145.86253 188.39197 0.0015776707
584.1035 1774.3772 135.97128 178.79604 0.001576956
763.7926 2079.6934 142.08397 116.03304 0.0015758565
402.63913 2055.0679 454.12836 150.82239 0.0015740725
572.03217 1671.9811 364.46204 797.4336 0.0015695259
826.2161 2035.1865 182.74956 196.89847 0.0015647582
665.2515 1612.3921 182.98827 384.88358 0.0015640783
882.36664 2009.7205 68.374374 252.77623 0.0015583966
618.75116 1836.796 120.87618 144.70287 0.0015539349
714.24286 921.3699 137.60007 243.3504 0.0015508219
752.1105 1387.5739 207.03716 277.4929 0.0015498026
865.64813 1276.8419 103.836624 397.16824 0.0015420105
703.46954 716.6787 350.3691 657.8476 0.0015415172
767.63617 1666.827 148.57732 186.83723 0.0015379348
876.97955 1683.4631 62.471188 506.57465 0.00153739
116.47598 1013.9567 221.2808 1047.6147 0.0015366516
335.3987 2053.1953 677.6874 243.87802 0.0015322348
678.0246 742.9995 200.06645 319.58368 0.0015251901
822.4823 2038.381 148.35526 189.56049 0.0015250674
817.60297 803.18134 164.31752 495.59808 0.0014942609
731.7721 734.0063 327.7155 816.9234 0.00149345
812.8207 1462.0919 149.09407 256.2874 0.0014876951
684.1557 1210.7987 159.32968 199.90453 0.0014869593
368.17596 2066.2998 746.331 188.19197 0.0014860625
596.8955 554.93304 324.83786 523.41034 0.0014755769
833.4994 493.44223 135.01752 777.56213 0.0014750137
115.053665 426.48294 179.42004 140.34055 0.0014707323
854.4172 787.7059 153.51106 815.1295 0.0014683965
751.74854 1606.285 147.51385 212.70827 0.0014665946
720.7288 1837.5326 308.48364 290.12787 0.0014515207
778.5848 736.6367 242.11842 490.8078 0.0014361836
829.74 1548.5035 159.00005 331.34232 0.0014343084
349.0012 1962.4966 460.1469 406.21506 0.0014298148
862.46185 2058.7798 79.94204 151.40652 0.0014242559
335.8925 1377.7428 240.90529 200.03314 0.0014229455
820.8888 237.65831 148.46307 430.43866 0.0014169619
849.9987 1486.2499 100.56707 313.2557 0.0014145633
700.21844 1465.5393 269.0698 362.08417 0.0014095777
675.097 1187.4225 391.5673 1179.198 0.0014089113
807.39325 1859.1224 153.437 216.64929 0.001407146
854.70447 1685.3458 88.66182 237.18057 0.0014051922
722.59155 1380.6226 142.53648 227.17282 0.0014032098
863.2581 1711.2327 79.703674 238.9272 0.001402676
439.93405 1068.1791 862.46625 2089.4526 0.0013988208
732.8951 1576.683 221.3281 272.2721 0.0013955196
807.02136 2069.8286 163.34514 125.621925 0.0013945384
857.2032 2046.5139 85.75492 180.9255 0.0013924304
862.38916 1553.7838 81.933525 301.10986 0.0013860659
399.95215 627.17566 803.3283 1207.912 0.0013849278
700.5963 1558.2494 133.8897 185.90453 0.0013810345
866.5035 855.53595 102.13316 502.6322 0.0013793756
487.32962 2106.4966 263.59778 59.777092 0.0013785193
361.37146 2057.0374 767.40765 204.03307 0.001378104
162.8264 1108.0112 277.72104 1747.9559 0.0013658974
373.63632 42.545097 210.2211 80.7072 0.0013537522
838.50714 1552.524 134.14682 253.71336 0.00135247
646.5073 1756.6497 114.55202 156.58855 0.0013500403
409.12335 1074.315 784.0886 2050.692 0.0013461506
874.42505 1871.9583 71.91571 314.95905 0.0013450441
873.37354 1751.8289 59.905865 259.93024 0.0013439998
285.96365 27.151154 197.41652 49.643246 0.0013231692
279.49774 1190.4772 566.3387 1451.8667 0.0013187747
872.1847 1860.795 60.116394 246.20453 0.0013158482
851.57416 433.27585 90.8915 417.54984 0.0013153407
247.53888 1578.3766 350.25195 601.5058 0.00131255
823.18695 539.6316 125.5089 380.20837 0.001308807
641.7851 1811.5992 110.02188 140.27654 0.0013054009
853.2125 2006.5306 97.13183 256.22104 0.0013030866
844.86035 602.13654 132.19905 1208.6501 0.0013004675
702.11383 1212.5242 347.4878 1098.0693 0.0012971571
207.34665 1032.835 309.26593 1077.8506 0.0012944697
575.0816 1420.0065 306.9952 827.8241 0.0012875416
784.7564 1752.2227 321.88834 799.28345 0.0012842531
777.7517 1504.3899 223.52773 799.41296 0.0012802527
419.80917 1821.2092 600.34204 606.5032 0.0012646128
423.0243 614.9213 470.70538 827.2223 0.0012516088
827.4946 2051.5288 195.80467 200.64168 0.0012500642
885.1094 2020.1558 59.705956 134.95738 0.0012492583
313.90024 1369.2192 221.28383 210.04709 0.0012435942
388.6113 1721.143 562.44574 673.0467 0.0012368261
756.63293 1575.4344 162.44012 241.38599 0.0012365563
217.41652 1251.4698 477.53333 1633.6017 0.001200778
247.36765 1249.6036 410.55704 1347.8458 0.0011969216
295.74646 1500.787 464.64233 649.7612 0.0011920377
506.21878 1505.597 264.45892 662.76855 0.0011847673
818.5947 2093.796 151.3547 95.812035 0.0011817997
831.14886 1294.5679 103.036865 174.4624 0.0011804366
286.50018 981.0963 433.604 460.07666 0.001178123
699.69495 1373.0408 277.06247 520.8619 0.0011688141
310.08774 1080.7732 696.6398 632.3386 0.0011606285
702.309 1014.42145 348.11575 754.8658 0.0011533876
265.0392 1396.8186 391.05682 1031.9031 0.001126355
429.1277 1131.6316 779.3822 1962.3219 0.00112069
841.18823 1006.6961 147.80466 231.49463 0.0011124939
451.2863 1298.1686 409.24185 1058.2866 0.0011095327
242.5858 1025.4995 355.0128 531.16003 0.001102191
884.59393 1984.124 69.653915 186.64351 0.0010963117
394.04453 1635.0957 589.92523 663.0733 0.0010825163
862.21954 563.421 78.12333 979.9515 0.0010810101
514.7562 1404.9963 252.59877 586.6722 0.0010722077
324.8865 1172.46 672.8278 1167.9102 0.0010684436
874.29767 2083.2983 52.220753 109.846535 0.0010671823
820.3305 2105.0447 139.74857 63.662422 0.0010600504
870.8715 1166.4629 60.765244 319.3289 0.0010595259
858.54 2059.7463 107.57384 138.38438 0.0010252061
678.48517 1209.6772 99.08171 219.36293 0.0010141038
210.33635 1586.8632 254.43729 620.698 0.0010136232
438.72812 959.1295 734.1461 738.1412 0.0010125142
504.4232 1869.6633 606.38934 502.5937 0.0009947768
584.1799 744.3494 386.92548 480.5684 0.0009918072
225.54004 1493.8324 439.13278 846.57886 0.0009569369
890.1646 1991.3561 61.52501 129.08319 0.0009426591
425.83813 1655.8217 383.06393 513.93744 0.0009357919
449.07428 1761.9415 653.76324 576.0298 0.0009220532
891.9191 2099.7031 30.21435 82.28854 0.00091146707
896.7174 2037.6416 14.249981 192.10243 0.0009084517
891.3482 2107.018 35.447533 89.51698 0.00090843736
141.52312 1017.5261 264.28168 1184.5402 0.00089375896
329.51462 1225.8619 511.43066 725.0715 0.00088852976
891.8994 2077.1592 26.573515 117.445206 0.0008881066
889.8639 119.89085 47.457203 526.5969 0.0008770633
848.7377 2033.1316 150.28708 206.33305 0.0008722878
898.3469 1888.0691 16.166233 254.88336 0.00086866517
462.69476 1822.7751 740.25745 627.3962 0.00086196436
894.764 1772.755 20.746035 278.0621 0.00086129655
370.74774 295.11868 759.898 589.16986 0.00083398534
674.7995 699.8619 341.36017 562.789 0.0008316308
666.3887 1566.6681 423.7048 793.6699 0.0008316272
852.39417 1246.9354 230.59178 249.98236 0.0007902782
421.46484 1797.7133 551.41583 536.4703 0.00077992294
177.96906 957.8419 330.747 774.3135 0.0007775827
693.42285 1492.7848 377.09 574.7096 0.0007768724
852.1504 2129.221 90.43036 20.200565 0.0007685434
158.22179 1371.5172 241.09781 935.99994 0.00076783367
212.30263 393.3503 403.5911 751.9828 0.00075832783
330.33432 1418.9731 502.8915 541.9781 0.00075782463
360.5948 884.81885 312.9234 832.1331 0.00072868064
159.42438 830.1323 362.18903 797.68317 0.0007239352
438.28165 1330.5604 787.36523 569.4006 0.0007059618
519.53546 1473.1287 857.1577 614.9027 0.0006817949
375.7075 623.5764 756.15985 800.0266 0.00068095134
707.05615 1568.4209 83.437004 97.544136 0.0006807363
415.9098 1277.2775 790.01483 529.8458 0.0006771019
670.22656 830.3733 362.82007 958.89844 0.00067153026
398.5201 1065.6984 772.6971 760.17804 0.00066786923
738.52106 1389.6072 372.86005 574.2359 0.0006317656
519.18506 1486.253 597.9645 727.7828 0.00063131057
509.18112 1113.8623 415.9463 948.96045 0.00061858934
429.02182 1686.7787 699.8154 421.8284 0.00058734784
235.54668 526.72345 540.5698 705.1506 0.0005837504
349.1863 517.342 754.1499 876.13794 0.0005732594
401.5423 964.7195 836.12994 765.5236 0.0005731155
293.26468 623.26874 605.00195 922.0669 0.000569651
376.79434 592.8329 760.8618 625.28723 0.00056807813
526.4412 1429.6792 381.25748 832.2879 0.0005517598
683.45685 1386.336 444.79324 543.579 0.0005511183
408.22015 1366.8596 793.1519 522.35376 0.00054966647
166.31439 213.57648 356.52405 637.00085 0.00054513634
456.75992 1483.6395 611.3243 708.7054 0.00053280947
589.9515 1034.4657 444.09042 691.62946 0.0005325378
276.01578 563.28284 576.64905 785.44135 0.00052945246
187.98491 108.22272 414.3106 576.71375 0.0005220345
393.1629 1423.0907 640.5579 578.8056 0.00051998865
605.6722 859.1428 471.2609 876.05634 0.00051340496
453.9994 1644.5298 683.67664 591.8682 0.0005006362
273.9558 877.5398 647.0808 770.03876 0.0004485302
416.12268 533.79004 863.7225 1000.6871 0.00044618626
394.05078 1252.7811 807.4498 625.21783 0.00042476208
621.7429 1111.3333 409.09222 686.69354 0.00042163598
311.89227 234.10666 571.1489 716.3516 0.00041154766
340.74698 877.70935 757.20465 813.2421 0.00036446893
391.01932 735.44604 766.88715 899.9189 0.00033882275
